EFam-001255_0000_00	b3261	1	98	7
EFam-001255_0001_00	BN373_43111	1	98	1.65607603037085
EFam-001255_0002_00	STMMW_33831	1	98	0.793531168735833
EFam-001255_0003_00	ERS227112_00936	1	98	0.322154615326646
EFam-001255_0004_00	ROD_45531	1	98	1.41415604758992
EFam-001255_0005_00	ETEC_3520	1	98	0.605098921835563
EFam-001255_0006_00	NCTC13441_00432	1	98	0.701462836618889
EFam-001255_0007_00	SEN3219	1	98	1.07811347461099
EFam-001255_0008_00	ENC_35110	1	98	1.17705381494113
EFam-001255_0009_00	t3300	1	98	0.321817815045892
EFam-001255_0010_00	STM_MW33831	1	98	0.789978947728927
EFam-001255_0011_00	CS17_03696	1	98	1.41515505628908
EFam-001255_0012_00	SL1344_3358	1	98	1.04648130198694
