SEN1176_1-386	0.0	1.0084094690859242	1.076930280302785	1.1378376680511055	1.297719560890447	1.0160228925544643	1.099770550708405	0.9931826221488442
ETEC_4428_1-402	1.0084094690859242	0.0	0.06852081121686071	0.12942819896518132	0.28931009180452283	0.007613423468540104	0.0913610816224808	0.015226846937079985
ETEC_0672_1-402	1.076930280302785	0.06852081121686071	0.0	0.06090738774832061	0.22078928058766212	0.06090738774832061	0.02284027040562009	0.0837476581539407
ETEC_3204_1-402	1.1378376680511055	0.12942819896518132	0.06090738774832061	0.0	0.1598818928393415	0.12181477549664121	0.03806711734270052	0.1446550459022613
ETEC_4429_1-402	1.297719560890447	0.28931009180452283	0.22078928058766212	0.1598818928393415	0.0	0.2816966683359827	0.19794901018204203	0.3045369387416028
ETEC_1477_1-402	1.0160228925544643	0.007613423468540104	0.06090738774832061	0.12181477549664121	0.2816966683359827	0.0	0.0837476581539407	0.02284027040562009
ETEC_4471_1-402	1.099770550708405	0.0913610816224808	0.02284027040562009	0.03806711734270052	0.19794901018204203	0.0837476581539407	0.0	0.10658792855956079
ETEC_1325_1-402	0.9931826221488442	0.015226846937079985	0.0837476581539407	0.1446550459022613	0.3045369387416028	0.02284027040562009	0.10658792855956079	0.0
