b1651_1-135	-1	-1	-1	-1	-1	-1	-1	-1	-1	-1	-1	-1	-1
t1303_1-135	-1	0.0	0.024620090480552914	0.18965302410095464	0.9271523228561401	0.22650179632102618	0.12480711995301269	0.21978450436112706	0.24210243639761453	0.4790287046933608	0.18272125138564765	0.04458283493640991	0.33004864937991607
STM_MW14381_1-135	-1	0.024620090480552914	0.0	0.16503293362040172	0.9025322323755872	0.20188170584047327	0.10018702947245978	0.19516441388057415	0.21748234591706161	0.45440861421280787	0.15810116090509474	0.019962744455856996	0.30542855889936316
SEN1612_1-135	-1	0.18965302410095464	0.16503293362040172	0.0	0.7374992987551855	0.036848772220071546	0.06484590414794195	0.030131480260172427	0.05244941229665989	0.28937568059240615	0.006931772715306983	0.14507018916454473	0.14039562527896143
ROD_14181_1-135	-1	0.9271523228561401	0.9025322323755872	0.7374992987551855	0.0	0.700650526535114	0.8023452029031275	0.7073678184950131	0.6850498864585256	0.44812361816277935	0.7444310714704925	0.8825694879197302	0.5971036734762241
ETEC_1686_1-135	-1	0.22650179632102618	0.20188170584047327	0.036848772220071546	0.700650526535114	0.0	0.10169467636801349	0.006717291959899119	0.015600640076588346	0.2525269083723346	0.04378054493537853	0.18191896138461627	0.10354685305888989
STMMW_14381_1-135	-1	0.12480711995301269	0.10018702947245978	0.06484590414794195	0.8023452029031275	0.10169467636801349	0.0	0.09497738440811437	0.11729531644460184	0.3542215847403481	0.05791413143263496	0.08022428501660278	0.20524152942690338
BN373_25711_1-135	-1	0.21978450436112706	0.19516441388057415	0.030131480260172427	0.7073678184950131	0.006717291959899119	0.09497738440811437	0.0	0.022317932036487464	0.2592442003322337	0.03706325297547941	0.17520166942471715	0.110264145018789
ENC_13250_1-129	-1	0.24210243639761453	0.21748234591706161	0.05244941229665989	0.6850498864585256	0.015600640076588346	0.11729531644460184	0.022317932036487464	0.0	0.23692626829574626	0.059381185011966875	0.19751960146120462	0.08794621298230154
CS17_01830_1-135	-1	0.4790287046933608	0.45440861421280787	0.28937568059240615	0.44812361816277935	0.2525269083723346	0.3542215847403481	0.2592442003322337	0.23692626829574626	0.0	0.29630745330771313	0.4344458697569509	0.14898005531344471
NCTC13441_02230_1-135	-1	0.18272125138564765	0.15810116090509474	0.006931772715306983	0.7444310714704925	0.04378054493537853	0.05791413143263496	0.03706325297547941	0.059381185011966875	0.29630745330771313	0.0	0.13813841644923774	0.14732739799426842
ERS227112_04684_1-135	-1	0.04458283493640991	0.019962744455856996	0.14507018916454473	0.8825694879197302	0.18191896138461627	0.08022428501660278	0.17520166942471715	0.19751960146120462	0.4344458697569509	0.13813841644923774	0.0	0.28546581444350616
SL1344_1367_1-135	-1	0.33004864937991607	0.30542855889936316	0.14039562527896143	0.5971036734762241	0.10354685305888989	0.20524152942690338	0.110264145018789	0.08794621298230154	0.14898005531344471	0.14732739799426842	0.28546581444350616	0.0
