t0553_1-431	0.0	0.3803292625906548	0.02939911648465371	0.315240039529352	0.015463831297000352	0.15338688620505414	0.0021808678559934735	0.2972447856129796	0.09346183381605633	0.25857912031392016	0.31882700773709227	0.7870009473316154	0.24386816461614957	-1	0.035967909212860694
CS17_02514_1-432	0.3803292625906548	0.0	0.3509301461060011	0.06508922306130283	0.36486543129365445	0.22694237638560066	0.3825101304466483	0.08308447697767518	0.2868674287745985	0.12175014227673464	0.06150225485356253	0.4066716847409606	0.13646109797450523	-1	0.3443613533777941
NCTC13441_01787_75-435	0.02939911648465371	0.3509301461060011	0.0	0.28584092304469827	0.013935285187653357	0.12398776972040043	0.03157998434064718	0.2678456691283259	0.06406271733140262	0.22918000382926645	0.28942789125243856	0.7576018308469616	0.21446904813149587	-1	0.006568792728206985
STMMW_23341_1-431	0.315240039529352	0.06508922306130283	0.28584092304469827	0.0	0.2997762082323516	0.16185315332429784	0.31742090738534545	0.017995253916372356	0.22177820571329565	0.056660919215431815	0.003586968207740293	0.47176090780226343	0.0713718749132024	-1	0.2792721303164913
BN373_32741_1-428	0.015463831297000352	0.36486543129365445	0.013935285187653357	0.2997762082323516	0.0	0.1379230549080538	0.017644699152993826	0.28178095431597927	0.07799800251905598	0.2431152890169198	0.3033631764400919	0.7715371160346151	0.22840433331914922	-1	0.02050407791586034
STM_MW23341_1-431	0.15338688620505414	0.22694237638560066	0.12398776972040043	0.16185315332429784	0.1379230549080538	0.0	0.15556775406104761	0.14385789940792548	0.05992505238899781	0.10519223410886602	0.16544012153203813	0.6336140611265613	0.09048127841109543	-1	0.11741897699219345
ERS227112_03915_1-428	0.0021808678559934735	0.3825101304466483	0.03157998434064718	0.31742090738534545	0.017644699152993826	0.15556775406104761	0.0	0.2994256534689731	0.0956427016720498	0.26075998816991364	0.32100787559308575	0.7891818151876089	0.24604903247214305	-1	0.03814877706885417
ERS227112_04224_74-435	0.2972447856129796	0.08308447697767518	0.2678456691283259	0.017995253916372356	0.28178095431597927	0.14385789940792548	0.2994256534689731	0.0	0.2037829517969233	0.03866566529905946	0.02158222212411265	0.4897561617186358	0.05337662099683005	-1	0.26127687640011893
ETEC_2076_75-434	0.09346183381605633	0.2868674287745985	0.06406271733140262	0.22177820571329565	0.07799800251905598	0.05992505238899781	0.0956427016720498	0.2037829517969233	0.0	0.16511728649786384	0.22536517392103594	0.6935391135155591	0.15040633080009325	-1	0.057493924603195634
SEN2292_1-431	0.25857912031392016	0.12175014227673464	0.22918000382926645	0.056660919215431815	0.2431152890169198	0.10519223410886602	0.26075998816991364	0.03866566529905946	0.16511728649786384	0.0	0.06024788742317211	0.5284218270176952	0.014710955697770589	-1	0.22261121110105947
ROD_26721_1-432	0.31882700773709227	0.06150225485356253	0.28942789125243856	0.003586968207740293	0.3033631764400919	0.16544012153203813	0.32100787559308575	0.02158222212411265	0.22536517392103594	0.06024788742317211	0.0	0.46817393959452314	0.0749588431209427	-1	0.2828590985242316
SL1344_2279_1-431	0.7870009473316154	0.4066716847409606	0.7576018308469616	0.47176090780226343	0.7715371160346151	0.6336140611265613	0.7891818151876089	0.4897561617186358	0.6935391135155591	0.5284218270176952	0.46817393959452314	0.0	0.5431327827154658	-1	0.7510330381187547
ETEC_2400_1-431	0.24386816461614957	0.13646109797450523	0.21446904813149587	0.0713718749132024	0.22840433331914922	0.09048127841109543	0.24604903247214305	0.05337662099683005	0.15040633080009325	0.014710955697770589	0.0749588431209427	0.5431327827154658	0.0	-1	0.20790025540328888
b2265_1-431	-1	-1	-1	-1	-1	-1	-1	-1	-1	-1	-1	-1	-1	-1	-1
NCTC13441_01442_1-432	0.035967909212860694	0.3443613533777941	0.006568792728206985	0.2792721303164913	0.02050407791586034	0.11741897699219345	0.03814877706885417	0.26127687640011893	0.057493924603195634	0.22261121110105947	0.2828590985242316	0.7510330381187547	0.20790025540328888	-1	0.0
