ETEC_2384_1-180	0.0	0.13371908784725928	0.6213891786741017	0.5382086690079619	1.2111068919969554	0.5109882556455388	0.7956174723394425	-1	0.400056626352604	0.24298834037879835	0.28327202337783	0.1710184423836838	0.27518313447686427	1.2095975607706744	0.5239538539153082	0.5018657773954839	0.13182281553965214	0.1572630756940816
ERS227112_02245_1-181	0.13371908784725928	0.0	0.755108266521361	0.40448958116070266	1.3448259798442148	0.37726916779827957	0.9293365601867017	-1	0.2663375385053447	0.10926925253153907	0.1495529355305707	0.3047375302309431	0.141464046629605	1.3433166486179338	0.39023476606804897	0.3681466895482246	0.0018962723076071386	0.023543987846822323
ENC_44560_1-181	0.6213891786741017	0.755108266521361	0.0	1.1595978476820636	0.5897177133228537	1.1323774343196407	0.17422829366534076	-1	1.0214458050267057	0.8643775190529001	0.9046612020519317	0.4503707362904179	0.896572313150966	0.5882083820965727	1.1453430325894098	1.1232549560695855	0.7532119942137538	0.7786522543681833
STM_MW23181_36-215	0.5382086690079619	0.40448958116070266	1.1595978476820636	0.0	1.7493155610049174	0.02722041336242309	1.3338261413474044	-1	0.13815204265535797	0.2952203286291636	0.25493664563013196	0.7092271113916457	0.26302553453109767	1.7478062297786363	0.014254815092653694	0.03634289161247806	0.4063858534683098	0.38094559331388034
BN373_42331_1-183	1.2111068919969554	1.3448259798442148	0.5897177133228537	1.7493155610049174	0.0	1.7220951476424942	0.41548941965751296	-1	1.6111635183495594	1.4540952323757539	1.4943789153747855	1.0400884496132716	1.4862900264738197	0.001509331226281052	1.7350607459122638	1.7129726693924394	1.3429297075366076	1.368369967691037
SEN2276_36-215	0.5109882556455388	0.37726916779827957	1.1323774343196407	0.02722041336242309	1.7220951476424942	0.0	1.3066057279849814	-1	0.11093162929293487	0.2679999152667405	0.22771623226770887	0.6820066980292226	0.23580512116867458	1.720585816416213	0.012965598269769396	0.009122478250054966	0.3791654401058867	0.35372517995145725
BN373_03981_1-181	0.7956174723394425	0.9293365601867017	0.17422829366534076	1.3338261413474044	0.41548941965751296	1.3066057279849814	0.0	-1	1.1956740986920464	1.0386058127182407	1.0788894957172723	0.6245990299557587	1.0708006068163067	0.4139800884312319	1.3195713262547506	1.2974832497349262	0.9274402878790946	0.9528805480335241
b2250_1-180	-1	-1	-1	-1	-1	-1	-1	-1	-1	-1	-1	-1	-1	-1	-1	-1	-1	-1
ERS227112_03923_1-180	0.400056626352604	0.2663375385053447	1.0214458050267057	0.13815204265535797	1.6111635183495594	0.11093162929293487	1.1956740986920464	-1	0.0	0.15706828597380562	0.116784602974774	0.5710750687362878	0.1248734918757397	1.6096541871232783	0.12389722756270427	0.10180915104287991	0.26823381081295183	0.24279355065852237
ENC_39520_1-180	0.24298834037879835	0.10926925253153907	0.8643775190529001	0.2952203286291636	1.4540952323757539	0.2679999152667405	1.0386058127182407	-1	0.15706828597380562	0.0	0.04028368299903162	0.41400678276248215	0.032194794098065915	1.4525859011494728	0.2809655135365099	0.25887743701668553	0.11116552483914621	0.08572526468471675
SL1344_2263_9-188	0.28327202337783	0.1495529355305707	0.9046612020519317	0.25493664563013196	1.4943789153747855	0.22771623226770887	1.0788894957172723	-1	0.116784602974774	0.04028368299903162	0.0	0.4542904657615138	0.008088888900965707	1.4928695841485045	0.24068183053747827	0.2185937540176539	0.15144920783817784	0.12600894768374837
ROD_26631_1-180	0.1710184423836838	0.3047375302309431	0.4503707362904179	0.7092271113916457	1.0400884496132716	0.6820066980292226	0.6245990299557587	-1	0.5710750687362878	0.41400678276248215	0.4542904657615138	0.0	0.44620157686054807	1.0385791183869906	0.694972296298992	0.6728842197791677	0.30284125792333594	0.3282815180777654
NCTC13441_01458_1-180	0.27518313447686427	0.141464046629605	0.896572313150966	0.26302553453109767	1.4862900264738197	0.23580512116867458	1.0708006068163067	-1	0.1248734918757397	0.032194794098065915	0.008088888900965707	0.44620157686054807	0.0	1.4847806952475386	0.24877071943844398	0.22668264291861961	0.14336031893721213	0.11792005878278267
ERS227112_01017_1-183	1.2095975607706744	1.3433166486179338	0.5882083820965727	1.7478062297786363	0.001509331226281052	1.720585816416213	0.4139800884312319	-1	1.6096541871232783	1.4525859011494728	1.4928695841485045	1.0385791183869906	1.4847806952475386	0.0	1.7335514146859827	1.7114633381661584	1.3414203763103265	1.366860636464756
BN373_32661_1-180	0.5239538539153082	0.39023476606804897	1.1453430325894098	0.014254815092653694	1.7350607459122638	0.012965598269769396	1.3195713262547506	-1	0.12389722756270427	0.2809655135365099	0.24068183053747827	0.694972296298992	0.24877071943844398	1.7335514146859827	0.0	0.022088076519824362	0.3921310383756561	0.36669077822122664
t0569_36-215	0.5018657773954839	0.3681466895482246	1.1232549560695855	0.03634289161247806	1.7129726693924394	0.009122478250054966	1.2974832497349262	-1	0.10180915104287991	0.25887743701668553	0.2185937540176539	0.6728842197791677	0.22668264291861961	1.7114633381661584	0.022088076519824362	0.0	0.37004296185583174	0.3446027017014023
STMMW_23181_36-215	0.13182281553965214	0.0018962723076071386	0.7532119942137538	0.4063858534683098	1.3429297075366076	0.3791654401058867	0.9274402878790946	-1	0.26823381081295183	0.11116552483914621	0.15144920783817784	0.30284125792333594	0.14336031893721213	1.3414203763103265	0.3921310383756561	0.37004296185583174	0.0	0.02544026015442946
CS17_02498_1-180	0.1572630756940816	0.023543987846822323	0.7786522543681833	0.38094559331388034	1.368369967691037	0.35372517995145725	0.9528805480335241	-1	0.24279355065852237	0.08572526468471675	0.12600894768374837	0.3282815180777654	0.11792005878278267	1.366860636464756	0.36669077822122664	0.3446027017014023	0.02544026015442946	0.0
