BN373_39231_1-175	0.0	0.4047061381067304	0.09591093265951023	0.24981633666068792	0.2588593134002588	0.5352046309124148	-1	0.2527043966228564	0.41111434886569975	-1	0.31835314399457604	0.3377236542939459	0.17002031481609103
ROD_29161_1-175	0.4047061381067304	0.0	0.30879520544722017	0.15488980144604247	0.6635654515069892	0.9399107690191452	-1	0.6574105347295868	0.006408210758969357	-1	0.08635299411215436	0.06698248381278449	0.5747264529228214
NCTC13441_04076_1-176	0.09591093265951023	0.30879520544722017	0.0	0.1539054040011777	0.35477024605976903	0.631115563571925	-1	0.3486153292823666	0.3152034162061895	-1	0.2224422113350658	0.24181272163443568	0.26593124747560126
ETEC_4630_1-176	0.24981633666068792	0.15488980144604247	0.1539054040011777	0.0	0.5086756500609467	0.7850209675731027	-1	0.5025207332835443	0.16129801220501183	-1	0.06853680733388812	0.08790731763325799	0.41983665147677895
ETEC_1013_1-171	0.2588593134002588	0.6635654515069892	0.35477024605976903	0.5086756500609467	0.0	0.27634531751215596	-1	0.0061549167774024305	0.6699736622659586	-1	0.5772124573948348	0.5965829676942047	0.08883899858416777
ENC_33310_1-173	0.5352046309124148	0.9399107690191452	0.631115563571925	0.7850209675731027	0.27634531751215596	0.0	-1	0.2825002342895584	0.9463189797781145	-1	0.8535577749069908	0.8729282852063607	0.36518431609632374
b0943_1-171	-1	-1	-1	-1	-1	-1	-1	-1	-1	-1	-1	-1	-1
CS17_01006_13-187	0.2527043966228564	0.6574105347295868	0.3486153292823666	0.5025207332835443	0.0061549167774024305	0.2825002342895584	-1	0.0	0.6638187454885561	-1	0.5710575406174324	0.5904280509168023	0.08268408180676534
Ecoli9000q_39600_1-177	0.41111434886569975	0.006408210758969357	0.3152034162061895	0.16129801220501183	0.6699736622659586	0.9463189797781145	-1	0.6638187454885561	0.0	-1	0.09276120487112371	0.07339069457175385	0.5811346636817908
b4318_1-176	-1	-1	-1	-1	-1	-1	-1	-1	-1	-1	-1	-1	-1
ERS227112_01373_1-175	0.31835314399457604	0.08635299411215436	0.2224422113350658	0.06853680733388812	0.5772124573948348	0.8535577749069908	-1	0.5710575406174324	0.09276120487112371	-1	0.0	0.01937051029936987	0.48837345881066707
CS17_04782_1-176	0.3377236542939459	0.06698248381278449	0.24181272163443568	0.08790731763325799	0.5965829676942047	0.8729282852063607	-1	0.5904280509168023	0.07339069457175385	-1	0.01937051029936987	0.0	0.5077439691100369
ENC_03030_1-172	0.17002031481609103	0.5747264529228214	0.26593124747560126	0.41983665147677895	0.08883899858416777	0.36518431609632374	-1	0.08268408180676534	0.5811346636817908	-1	0.48837345881066707	0.5077439691100369	0.0
