CS17_01677_235-491	0.0	1.1115589732427107	0.2183383342521418	0.5257347434502686	0.14363362258745094	0.08391029680734458	0.21570950971754543	-1	0.1649124938736053	0.696086388006661	1.5687168564113885	0.06072041328133454	1.4629155713901132	0.8500927246520726	0.12535119971539943	1.0760864476536809	0.19579074362046178	0.6156921164099378	0.07888862138167485	0.1620072518346054	-1	0.11823271147315428	0.4807476633437304	0.07517891546652544	0.3544944912333102	0.612734282540454	0.7612165861158036	0.06102997730665505	0.20177880938417325	0.17318562119975345	0.8527884010063582	0.22411173003329854	1.2922416350913402	1.022349737867462	0.4380668191176653	0.8701321642599957	0.3095656055710394	-1	0.07018085361992632	1.56694651464879
SL1344_4023_235-487	1.1115589732427107	0.0	1.3298973074948526	0.5858242297924421	0.9679253506552598	1.027648676435366	0.8958494635251653	-1	0.9466464793691054	0.4154725852360497	0.4571578831686778	1.050838559961376	0.3513565981474025	0.26146624859063805	0.9862077735273113	0.0354725255890298	0.9157682296222489	0.4958668568327729	1.1904475946243855	0.9495517214081053	-1	0.9933262617695564	0.6308113098989803	1.0363800577761852	0.7570644820094005	0.49882469070225666	0.35034238712690713	1.0505289959360558	0.9097801638585374	0.9383733520429572	0.25877057223635247	0.8874472432094122	0.18068266184862947	0.08920923537524872	0.6734921541250454	0.24142680898271496	0.8019933676716713	-1	1.0413781196227845	0.4553875414060793
Ecoli9000q_49810_2-601	0.2183383342521418	1.3298973074948526	0.0	0.7440730777024104	0.3619719568395927	0.3022486310594864	0.4340478439696872	-1	0.38325082812574707	0.9144247222588028	1.7870551906635304	0.27905874753347637	1.681253905642255	1.0684310589042145	0.3436895339675412	1.2944247819058228	0.41412907787260356	0.8340304506620796	0.13944971287046695	0.3803455860867472	-1	0.33657104572529606	0.6990859975958722	0.2935172497186672	0.572832825485452	0.8310726167925958	0.9795549203679453	0.2793683115587968	0.420117143636315	0.3915239554518952	1.0711267352585	0.4424500642854403	1.510579969343482	1.2406880721196039	0.6564051533698071	1.0884704985121376	0.5279039398231812	-1	0.2885191878720681	1.7852848489009319
ENC_21280_240-487	0.5257347434502686	0.5858242297924421	0.7440730777024104	0.0	0.38210112086281767	0.44182444664292403	0.31002523373272317	-1	0.3608222495766633	0.1703516445563924	1.0429821129611199	0.46501433016893406	0.9371808279398446	0.32435798120180404	0.4003835437348692	0.5503517042034123	0.3299439998298068	0.08995737295966921	0.6046233648319435	0.3637274916156632	-1	0.4075020319771143	0.04498708010653818	0.45055582798374316	0.17124025221695838	0.08699953909018543	0.23548184266553496	0.46470476614361356	0.32395593406609535	0.35254912225051516	0.3270536575560896	0.30162301341697006	0.7665068916410716	0.49661499441719337	0.08766792433260329	0.34439742080972713	0.2161691378792292	-1	0.4555538898303423	1.0412117711985214
ROD_08341_1-594	0.14363362258745094	0.9679253506552598	0.3619719568395927	0.38210112086281767	0.0	0.05972332578010636	0.0720758871300945	-1	0.021278871286154355	0.5524527654192101	1.4250832338239374	0.0829132093061164	1.3192819488026624	0.7064591020646217	0.018282422872051507	0.93245282506623	0.052157121033010845	0.4720584938224869	0.2225222439691258	0.018373629247154466	-1	0.025400911114296654	0.3371140407562795	0.0684547071209255	0.2108608686458593	0.4691006599530031	0.6175829635283526	0.08260364528079589	0.058145186796722315	0.02955199861230251	0.7091547784189073	0.0804781074458476	1.1486080125038893	0.878716115280011	0.2944331965302144	0.7264985416725448	0.16593198298358847	-1	0.07345276896752462	1.4233128920613392
ERS227112_04266_245-492	0.08391029680734458	1.027648676435366	0.3022486310594864	0.44182444664292403	0.05972332578010636	0.0	0.13179921291020086	-1	0.08100219706626072	0.6121760911993164	1.4848065596040438	0.023189883526010036	1.3790052745827686	0.766182427844728	0.041440902908054855	0.9921761508463363	0.11188044681311721	0.5317818196025932	0.16279891818901943	0.07809695502726083	-1	0.03432241466580971	0.39683736653638585	0.008731381340819133	0.27058419442596565	0.5288239857331094	0.6773062893084589	0.022880319500689528	0.11786851257682868	0.08927532439240887	0.7688781041990136	0.14020143322595396	1.2083313382839955	0.9384394410601173	0.35415652231032074	0.7862218674526511	0.22565530876369483	-1	0.013729443187418255	1.4830362178414453
SEN0794_1-605	0.21570950971754543	0.8958494635251653	0.4340478439696872	0.31002523373272317	0.0720758871300945	0.13179921291020086	0.0	-1	0.05079701584394014	0.48037687828911557	1.353007346693843	0.1549890964362109	1.2472060616725678	0.6343832149345272	0.090358310002146	0.8603769379361355	0.01991876609708365	0.3999826066923924	0.2945981310992203	0.05370225788294003	-1	0.09747679824439115	0.265038153626185	0.14053059425102	0.1387849815157648	0.3970247728229086	0.5455070763982581	0.15467953241089039	0.013930700333372181	0.042523888517791986	0.6370788912888128	0.008402220315753106	1.0765321253737947	0.8066402281499165	0.22235730940011988	0.6544226545424503	0.09385609585349397	-1	0.1455286560976191	1.3512370049312445
b0829_2-601	-1	-1	-1	-1	-1	-1	-1	-1	-1	-1	-1	-1	-1	-1	-1	-1	-1	-1	-1	-1	-1	-1	-1	-1	-1	-1	-1	-1	-1	-1	-1	-1	-1	-1	-1	-1	-1	-1	-1	-1
ETEC_1930_248-490	0.1649124938736053	0.9466464793691054	0.38325082812574707	0.3608222495766633	0.021278871286154355	0.08100219706626072	0.05079701584394014	-1	0.0	0.5311738941330557	1.4038043625377832	0.10419208059227075	1.298003077516508	0.6851802307784673	0.03956129415820586	0.9111739537800756	0.03087824974685649	0.4507796225363325	0.24380111525528014	0.002905242038999889	-1	0.04667978240045101	0.31583516947012513	0.08973357840707985	0.18958199735970493	0.44782178866684874	0.5963040922421983	0.10388251656695024	0.03686631551056796	0.008273127326148155	0.6878759071327529	0.05919923615969325	1.1273291412177349	0.8574372439938567	0.27315432524406	0.7052196703863904	0.1446531116974341	-1	0.09473164025367897	1.4020340207751847
BN373_03771_234-487	0.696086388006661	0.4154725852360497	0.9144247222588028	0.1703516445563924	0.5524527654192101	0.6121760911993164	0.48037687828911557	-1	0.5311738941330557	0.0	0.8726304684047275	0.6353659747253264	0.7668291833834522	0.15400633664541163	0.5707351882912616	0.3800000596470199	0.5002956443861992	0.08039427159672319	0.7749750093883359	0.5340791361720556	-1	0.5778536765335067	0.21533872466293058	0.6209074725401356	0.3415918967733508	0.08335210546620697	0.06513019810914256	0.635056410700006	0.49430757862248775	0.5229007668069076	0.15670201299969722	0.47197465797336247	0.5961552470846792	0.32626334986080097	0.2580195688889957	0.17404577625333473	0.3865207824356216	-1	0.6259055343867347	0.870860126642129
STMMW_40391_235-487	1.5687168564113885	0.4571578831686778	1.7870551906635304	1.0429821129611199	1.4250832338239374	1.4848065596040438	1.353007346693843	-1	1.4038043625377832	0.8726304684047275	0.0	1.5079964431300539	0.10580128502127528	0.7186241317593158	1.4433656566959892	0.4926304087577076	1.3729261127909267	0.9530247400014507	1.6476054777930633	1.406709604576783	-1	1.4504841449382342	1.087969193067658	1.493537940944863	1.2142223651780784	0.9559825738709344	0.8075002702955849	1.5076868791047335	1.3669380470272152	1.3955312352116351	0.7159284554050303	1.3446051263780898	0.2764752213200483	0.5463671185439265	1.1306500372937232	0.6985846921513927	1.259151250840349	-1	1.4985360027914623	0.001770341762598493
ERS227112_03299_1-594	0.06072041328133454	1.050838559961376	0.27905874753347637	0.46501433016893406	0.0829132093061164	0.023189883526010036	0.1549890964362109	-1	0.10419208059227075	0.6353659747253264	1.5079964431300539	0.0	1.4021951581087786	0.789372311370738	0.06463078643406489	1.0153660343723463	0.13507033033912724	0.5549717031286032	0.1396090346630094	0.10128683855327086	-1	0.057512298191819744	0.4200272500623959	0.014458502185190902	0.2937740779519757	0.5520138692591194	0.700496172834469	0.00030956402532050786	0.1410583961028387	0.11246520791841891	0.7920679877250236	0.163391316751964	1.2315212218100056	0.9616293245861274	0.3773464058363308	0.8094117509786611	0.24884519228970486	-1	0.00946044033859178	1.5062261013674554
STM_MW40391_235-487	1.4629155713901132	0.3513565981474025	1.681253905642255	0.9371808279398446	1.3192819488026624	1.3790052745827686	1.2472060616725678	-1	1.298003077516508	0.7668291833834522	0.10580128502127528	1.4021951581087786	0.0	0.6128228467380405	1.3375643716747136	0.3868291237364323	1.2671248277696514	0.8472234549801754	1.541804192771788	1.3009083195555078	-1	1.344682859916959	0.9821679080463828	1.3877366559235877	1.1084210801568029	0.8501812888496592	0.7016989852743096	1.401885594083458	1.26113676200594	1.2897299501903596	0.610127170383755	1.2388038413568148	0.17067393629877303	0.4405658335226512	1.0248487522724479	0.5927834071301175	1.1533499658190738	-1	1.3927347177701868	0.10403094325867679
SL1344_2166_240-497	0.8500927246520726	0.26146624859063805	1.0684310589042145	0.32435798120180404	0.7064591020646217	0.766182427844728	0.6343832149345272	-1	0.6851802307784673	0.15400633664541163	0.7186241317593158	0.789372311370738	0.6128228467380405	0.0	0.7247415249366732	0.22599372300160825	0.6543019810316109	0.23440060824213482	0.9289813460337475	0.6880854728174672	-1	0.7318600131789184	0.3693450613083422	0.7749138091855472	0.4955982334187624	0.2373584421116186	0.08887613853626908	0.7890627473454176	0.6483139152678994	0.6769071034523192	0.002695676354285581	0.6259809946187741	0.4421489104392675	0.17225701321538933	0.4120259055344073	0.020039439607923093	0.5405271190810332	-1	0.7799118710321463	0.7168537899967173
CS17_02087_248-490	0.12535119971539943	0.9862077735273113	0.3436895339675412	0.4003835437348692	0.018282422872051507	0.041440902908054855	0.090358310002146	-1	0.03956129415820586	0.5707351882912616	1.4433656566959892	0.06463078643406489	1.3375643716747136	0.7247415249366732	0.0	0.9507352479382815	0.07043954390506235	0.4903409166945384	0.20423982109707428	0.03665605211920597	-1	0.007118488242245147	0.355396463628331	0.05017228424887399	0.2291432915179108	0.4873830828250546	0.6358653864004041	0.06432122240874438	0.07642760966877382	0.04783442148435402	0.7274372012909588	0.09876053031789911	1.1668904353759406	0.8969985381520625	0.3127156194022659	0.7447809645445963	0.18421440585563997	-1	0.05517034609547311	1.4415953149333904
SEN3864_235-487	1.0760864476536809	0.0354725255890298	1.2944247819058228	0.5503517042034123	0.93245282506623	0.9921761508463363	0.8603769379361355	-1	0.9111739537800756	0.3800000596470199	0.4926304087577076	1.0153660343723463	0.3868291237364323	0.22599372300160825	0.9507352479382815	0.0	0.8802957040332191	0.46039433124374307	1.1549750690353557	0.9140791958190755	-1	0.9578537361805266	0.5953387843099505	1.0009075321871554	0.7215919564203707	0.46335216511322685	0.3148698615378773	1.0150564703470257	0.8743076382695076	0.9029008264539274	0.22329804664732267	0.8519747176203823	0.21615518743765927	0.05373670978621892	0.6380196285360156	0.20595428339368516	0.7665208420826415	-1	1.0059055940337545	0.4908600669951091
BN373_29811_245-492	0.19579074362046178	0.9157682296222489	0.41412907787260356	0.3299439998298068	0.052157121033010845	0.11188044681311721	0.01991876609708365	-1	0.03087824974685649	0.5002956443861992	1.3729261127909267	0.13507033033912724	1.2671248277696514	0.6543019810316109	0.07043954390506235	0.8802957040332191	0.0	0.41990137278947604	0.27467936500213663	0.03378349178585638	-1	0.0775580321473075	0.28495691972326864	0.12061182815393634	0.15870374761284844	0.41694353891999225	0.5654258424953418	0.13476076631380673	0.00598806576371147	0.022605122420708335	0.6569976573858964	0.028320986412836757	1.0964508914708784	0.8265589942470002	0.24227607549720354	0.674341420639534	0.11377486195057762	-1	0.12560989000053546	1.3711557710283282
ERS227112_02224_235-487	0.6156921164099378	0.4958668568327729	0.8340304506620796	0.08995737295966921	0.4720584938224869	0.5317818196025932	0.3999826066923924	-1	0.4507796225363325	0.08039427159672319	0.9530247400014507	0.5549717031286032	0.8472234549801754	0.23440060824213482	0.4903409166945384	0.46039433124374307	0.41990137278947604	0.0	0.6945807377916127	0.4536848645753324	-1	0.49745940493678353	0.1349444530662074	0.5405132009434124	0.2611976251766276	0.0029578338694837836	0.14552446970586574	0.5546621391032828	0.41391330702576457	0.44250649521018437	0.2370962845964204	0.3915803863766393	0.6765495186814023	0.40665762145752415	0.1776252972922725	0.2544400478500579	0.3061265108388984	-1	0.5455112627900115	0.9512543982388522
Ecoli9000q_5080_235-491	0.07888862138167485	1.1904475946243855	0.13944971287046695	0.6046233648319435	0.2225222439691258	0.16279891818901943	0.2945981310992203	-1	0.24380111525528014	0.7749750093883359	1.6476054777930633	0.1396090346630094	1.541804192771788	0.9289813460337475	0.20423982109707428	1.1549750690353557	0.27467936500213663	0.6945807377916127	0.0	0.24089587321628025	-1	0.19712133285482913	0.5596362847254053	0.1540675368482003	0.4333831126149851	0.6916229039221289	0.8401052074974784	0.1399185986883299	0.2806674307658481	0.2520742425814283	0.9316770223880331	0.3030003514149734	1.371130256473015	1.1012383592491368	0.5169554404993402	0.9490207856416706	0.38845422695271425	-1	0.14906947500160117	1.6458351360304648
NCTC13441_03166_2-600	0.1620072518346054	0.9495517214081053	0.3803455860867472	0.3637274916156632	0.018373629247154466	0.07809695502726083	0.05370225788294003	-1	0.002905242038999889	0.5340791361720556	1.406709604576783	0.10128683855327086	1.3009083195555078	0.6880854728174672	0.03665605211920597	0.9140791958190755	0.03378349178585638	0.4536848645753324	0.24089587321628025	0.0	-1	0.04377454036145112	0.318740411509125	0.08682833636807996	0.19248723939870482	0.45072703070584863	0.5992093342811982	0.10097727452795036	0.03977155754956785	0.011178369365148044	0.6907811491717528	0.062104478198693136	1.1302343832567348	0.8603424860328566	0.2760595672830599	0.7081249124253903	0.147558353736434	-1	0.09182639821467908	1.4049392628141846
b1900_248-490	-1	-1	-1	-1	-1	-1	-1	-1	-1	-1	-1	-1	-1	-1	-1	-1	-1	-1	-1	-1	-1	-1	-1	-1	-1	-1	-1	-1	-1	-1	-1	-1	-1	-1	-1	-1	-1	-1	-1	-1
NCTC13441_01984_247-490	0.11823271147315428	0.9933262617695564	0.33657104572529606	0.4075020319771143	0.025400911114296654	0.03432241466580971	0.09747679824439115	-1	0.04667978240045101	0.5778536765335067	1.4504841449382342	0.057512298191819744	1.344682859916959	0.7318600131789184	0.007118488242245147	0.9578537361805266	0.0775580321473075	0.49745940493678353	0.19712133285482913	0.04377454036145112	-1	0.0	0.36251495187057614	0.04305379600662884	0.23626177976015594	0.49450157106729975	0.6429838746426493	0.057202734166499236	0.08354609791101897	0.054952909726599164	0.7345556895332039	0.10587901856014426	1.1740089236181859	0.9041170263943077	0.31983410764451103	0.7518994527868414	0.19133289409788512	-1	0.048051857853227964	1.4487138031756357
ETEC_0896_1-591	0.4807476633437304	0.6308113098989803	0.6990859975958722	0.04498708010653818	0.3371140407562795	0.39683736653638585	0.265038153626185	-1	0.31583516947012513	0.21533872466293058	1.087969193067658	0.4200272500623959	0.9821679080463828	0.3693450613083422	0.355396463628331	0.5953387843099505	0.28495691972326864	0.1349444530662074	0.5596362847254053	0.318740411509125	-1	0.36251495187057614	0.0	0.405568747877205	0.1262531721104202	0.1319866191967236	0.28046892277207314	0.4197176860370754	0.2789688539595572	0.307562042143977	0.3720407376626278	0.2566359333104319	0.8114939717476097	0.5416020745237315	0.04268084422606511	0.3893845009162653	0.17118205777269102	-1	0.4105668097238041	1.0861988513050596
ETEC_1583_235-491	0.07517891546652544	1.0363800577761852	0.2935172497186672	0.45055582798374316	0.0684547071209255	0.008731381340819133	0.14053059425102	-1	0.08973357840707985	0.6209074725401356	1.493537940944863	0.014458502185190902	1.3877366559235877	0.7749138091855472	0.05017228424887399	1.0009075321871554	0.12061182815393634	0.5405132009434124	0.1540675368482003	0.08682833636807996	-1	0.04305379600662884	0.405568747877205	0.0	0.2793155757667848	0.5375553670739286	0.6860376706492781	0.014148938159870394	0.1265998939176478	0.098006705733228	0.7776094855398328	0.1489328145667731	1.2170627196248147	0.9471708224009365	0.3628879036511399	0.7949532487934703	0.23438669010451396	-1	0.004998061846599122	1.4917675991822645
BN373_14281_1-595	0.3544944912333102	0.7570644820094005	0.572832825485452	0.17124025221695838	0.2108608686458593	0.27058419442596565	0.1387849815157648	-1	0.18958199735970493	0.3415918967733508	1.2142223651780784	0.2937740779519757	1.1084210801568029	0.4955982334187624	0.2291432915179108	0.7215919564203707	0.15870374761284844	0.2611976251766276	0.4333831126149851	0.19248723939870482	-1	0.23626177976015594	0.1262531721104202	0.2793155757667848	0.0	0.2582397913071438	0.40672209488249333	0.2934645139266552	0.15271568184913697	0.18130887003355678	0.498293909773048	0.1303827612000117	0.9377471438580299	0.6678552466341517	0.08357232788435509	0.5156376730266855	0.04492888566227082	-1	0.2843136376133839	1.2124520234154796
ERS227112_01964_231-487	0.612734282540454	0.49882469070225666	0.8310726167925958	0.08699953909018543	0.4691006599530031	0.5288239857331094	0.3970247728229086	-1	0.44782178866684874	0.08335210546620697	0.9559825738709344	0.5520138692591194	0.8501812888496592	0.2373584421116186	0.4873830828250546	0.46335216511322685	0.41694353891999225	0.0029578338694837836	0.6916229039221289	0.45072703070584863	-1	0.49450157106729975	0.1319866191967236	0.5375553670739286	0.2582397913071438	0.0	0.14848230357534953	0.551704305233799	0.4109554731562808	0.4395486613407006	0.2400541184659042	0.3886225525071555	0.6795073525508861	0.40961545532700794	0.17466746342278872	0.2573978817195417	0.30316867696941463	-1	0.5425534289205277	0.954212232108336
CS17_00889_2-601	0.7612165861158036	0.35034238712690713	0.9795549203679453	0.23548184266553496	0.6175829635283526	0.6773062893084589	0.5455070763982581	-1	0.5963040922421983	0.06513019810914256	0.8075002702955849	0.700496172834469	0.7016989852743096	0.08887613853626908	0.6358653864004041	0.3148698615378773	0.5654258424953418	0.14552446970586574	0.8401052074974784	0.5992093342811982	-1	0.6429838746426493	0.28046892277207314	0.6860376706492781	0.40672209488249333	0.14848230357534953	0.0	0.7001866088091485	0.5594377767316303	0.5880309649160501	0.09157181489055466	0.537104856082505	0.5310250489755366	0.2611331517516584	0.32314976699813824	0.10891557814419217	0.45165098054476416	-1	0.6910357324958772	0.8057299285329864
ROD_19521_248-490	0.06102997730665505	1.0505289959360558	0.2793683115587968	0.46470476614361356	0.08260364528079589	0.022880319500689528	0.15467953241089039	-1	0.10388251656695024	0.635056410700006	1.5076868791047335	0.00030956402532050786	1.401885594083458	0.7890627473454176	0.06432122240874438	1.0150564703470257	0.13476076631380673	0.5546621391032828	0.1399185986883299	0.10097727452795036	-1	0.057202734166499236	0.4197176860370754	0.014148938159870394	0.2934645139266552	0.551704305233799	0.7001866088091485	0.0	0.1407488320775182	0.1121556438930984	0.7917584236997032	0.1630817527266435	1.231211657784685	0.9613197605608069	0.37703684181101027	0.8091021869533407	0.24853562826438436	-1	0.009150876313271272	1.5059165373421348
STM_MW08991_1-603	0.20177880938417325	0.9097801638585374	0.420117143636315	0.32395593406609535	0.058145186796722315	0.11786851257682868	0.013930700333372181	-1	0.03686631551056796	0.49430757862248775	1.3669380470272152	0.1410583961028387	1.26113676200594	0.6483139152678994	0.07642760966877382	0.8743076382695076	0.00598806576371147	0.41391330702576457	0.2806674307658481	0.03977155754956785	-1	0.08354609791101897	0.2789688539595572	0.1265998939176478	0.15271568184913697	0.4109554731562808	0.5594377767316303	0.1407488320775182	0.0	0.028593188184419804	0.651009591622185	0.022332920649125287	1.090462825707167	0.8205709284832887	0.23628800973349207	0.6683533548758225	0.10778679618686615	-1	0.13159795576424693	1.3651677052646167
ERS227112_03079_245-499	0.17318562119975345	0.9383733520429572	0.3915239554518952	0.35254912225051516	0.02955199861230251	0.08927532439240887	0.042523888517791986	-1	0.008273127326148155	0.5229007668069076	1.3955312352116351	0.11246520791841891	1.2897299501903596	0.6769071034523192	0.04783442148435402	0.9029008264539274	0.022605122420708335	0.44250649521018437	0.2520742425814283	0.011178369365148044	-1	0.054952909726599164	0.307562042143977	0.098006705733228	0.18130887003355678	0.4395486613407006	0.5880309649160501	0.1121556438930984	0.028593188184419804	0.0	0.6796027798066048	0.05092610883354509	1.1190560138915866	0.8491641166677085	0.26488119791791187	0.6969465430602423	0.13637998437128596	-1	0.10300476757982713	1.3937608934490364
BN373_01001_231-487	0.8527884010063582	0.25877057223635247	1.0711267352585	0.3270536575560896	0.7091547784189073	0.7688781041990136	0.6370788912888128	-1	0.6878759071327529	0.15670201299969722	0.7159284554050303	0.7920679877250236	0.610127170383755	0.002695676354285581	0.7274372012909588	0.22329804664732267	0.6569976573858964	0.2370962845964204	0.9316770223880331	0.6907811491717528	-1	0.7345556895332039	0.3720407376626278	0.7776094855398328	0.498293909773048	0.2400541184659042	0.09157181489055466	0.7917584236997032	0.651009591622185	0.6796027798066048	0.0	0.6286766709730597	0.43945323408498194	0.16956133686110375	0.4147215818886929	0.017343763253637512	0.5432227954353188	-1	0.7826075473864319	0.7141581136424318
ERS227112_05585_5-562	0.22411173003329854	0.8874472432094122	0.4424500642854403	0.30162301341697006	0.0804781074458476	0.14020143322595396	0.008402220315753106	-1	0.05919923615969325	0.47197465797336247	1.3446051263780898	0.163391316751964	1.2388038413568148	0.6259809946187741	0.09876053031789911	0.8519747176203823	0.028320986412836757	0.3915803863766393	0.3030003514149734	0.062104478198693136	-1	0.10587901856014426	0.2566359333104319	0.1489328145667731	0.1303827612000117	0.3886225525071555	0.537104856082505	0.1630817527266435	0.022332920649125287	0.05092610883354509	0.6286766709730597	0.0	1.0681299050580417	0.7982380078341634	0.21395508908436678	0.6460204342266972	0.08545387553774086	-1	0.15393087641337222	1.3428347846154916
ROD_28461_240-490	1.2922416350913402	0.18068266184862947	1.510579969343482	0.7665068916410716	1.1486080125038893	1.2083313382839955	1.0765321253737947	-1	1.1273291412177349	0.5961552470846792	0.2764752213200483	1.2315212218100056	0.17067393629877303	0.4421489104392675	1.1668904353759406	0.21615518743765927	1.0964508914708784	0.6765495186814023	1.371130256473015	1.1302343832567348	-1	1.1740089236181859	0.8114939717476097	1.2170627196248147	0.9377471438580299	0.6795073525508861	0.5310250489755366	1.231211657784685	1.090462825707167	1.1190560138915866	0.43945323408498194	1.0681299050580417	0.0	0.2698918972238782	0.8541748159736748	0.4221094708313444	0.9826760295203008	-1	1.2220607814714137	0.2747048795574498
ROD_05841_243-505	1.022349737867462	0.08920923537524872	1.2406880721196039	0.49661499441719337	0.878716115280011	0.9384394410601173	0.8066402281499165	-1	0.8574372439938567	0.32626334986080097	0.5463671185439265	0.9616293245861274	0.4405658335226512	0.17225701321538933	0.8969985381520625	0.05373670978621892	0.8265589942470002	0.40665762145752415	1.1012383592491368	0.8603424860328566	-1	0.9041170263943077	0.5416020745237315	0.9471708224009365	0.6678552466341517	0.40961545532700794	0.2611331517516584	0.9613197605608069	0.8205709284832887	0.8491641166677085	0.16956133686110375	0.7982380078341634	0.2698918972238782	0.0	0.5842829187497967	0.15221757360746624	0.7127841322964226	-1	0.9521688842475357	0.544596776781328
STMMW_08991_1-603	0.4380668191176653	0.6734921541250454	0.6564051533698071	0.08766792433260329	0.2944331965302144	0.35415652231032074	0.22235730940011988	-1	0.27315432524406	0.2580195688889957	1.1306500372937232	0.3773464058363308	1.0248487522724479	0.4120259055344073	0.3127156194022659	0.6380196285360156	0.24227607549720354	0.1776252972922725	0.5169554404993402	0.2760595672830599	-1	0.31983410764451103	0.04268084422606511	0.3628879036511399	0.08357232788435509	0.17466746342278872	0.32314976699813824	0.37703684181101027	0.23628800973349207	0.26488119791791187	0.4147215818886929	0.21395508908436678	0.8541748159736748	0.5842829187497967	0.0	0.4320653451423304	0.12850121354662591	-1	0.367885965497739	1.1288796955311247
SL1344_0824_1-603	0.8701321642599957	0.24142680898271496	1.0884704985121376	0.34439742080972713	0.7264985416725448	0.7862218674526511	0.6544226545424503	-1	0.7052196703863904	0.17404577625333473	0.6985846921513927	0.8094117509786611	0.5927834071301175	0.020039439607923093	0.7447809645445963	0.20595428339368516	0.674341420639534	0.2544400478500579	0.9490207856416706	0.7081249124253903	-1	0.7518994527868414	0.3893845009162653	0.7949532487934703	0.5156376730266855	0.2573978817195417	0.10891557814419217	0.8091021869533407	0.6683533548758225	0.6969465430602423	0.017343763253637512	0.6460204342266972	0.4221094708313444	0.15221757360746624	0.4320653451423304	0.0	0.5605665586889563	-1	0.7999513106400694	0.6968143503887942
NCTC13441_01194_245-491	0.3095656055710394	0.8019933676716713	0.5279039398231812	0.2161691378792292	0.16593198298358847	0.22565530876369483	0.09385609585349397	-1	0.1446531116974341	0.3865207824356216	1.259151250840349	0.24884519228970486	1.1533499658190738	0.5405271190810332	0.18421440585563997	0.7665208420826415	0.11377486195057762	0.3061265108388984	0.38845422695271425	0.147558353736434	-1	0.19133289409788512	0.17118205777269102	0.23438669010451396	0.04492888566227082	0.30316867696941463	0.45165098054476416	0.24853562826438436	0.10778679618686615	0.13637998437128596	0.5432227954353188	0.08545387553774086	0.9826760295203008	0.7127841322964226	0.12850121354662591	0.5605665586889563	0.0	-1	0.23938475195111308	1.2573809090777506
b1513_235-492	-1	-1	-1	-1	-1	-1	-1	-1	-1	-1	-1	-1	-1	-1	-1	-1	-1	-1	-1	-1	-1	-1	-1	-1	-1	-1	-1	-1	-1	-1	-1	-1	-1	-1	-1	-1	-1	-1	-1	-1
t2041_1-603	0.07018085361992632	1.0413781196227845	0.2885191878720681	0.4555538898303423	0.07345276896752462	0.013729443187418255	0.1455286560976191	-1	0.09473164025367897	0.6259055343867347	1.4985360027914623	0.00946044033859178	1.3927347177701868	0.7799118710321463	0.05517034609547311	1.0059055940337545	0.12560989000053546	0.5455112627900115	0.14906947500160117	0.09182639821467908	-1	0.048051857853227964	0.4105668097238041	0.004998061846599122	0.2843136376133839	0.5425534289205277	0.6910357324958772	0.009150876313271272	0.13159795576424693	0.10300476757982713	0.7826075473864319	0.15393087641337222	1.2220607814714137	0.9521688842475357	0.367885965497739	0.7999513106400694	0.23938475195111308	-1	0.0	1.4967656610288635
ENC_40200_194-454	1.56694651464879	0.4553875414060793	1.7852848489009319	1.0412117711985214	1.4233128920613392	1.4830362178414453	1.3512370049312445	-1	1.4020340207751847	0.870860126642129	0.001770341762598493	1.5062261013674554	0.10403094325867679	0.7168537899967173	1.4415953149333904	0.4908600669951091	1.3711557710283282	0.9512543982388522	1.6458351360304648	1.4049392628141846	-1	1.4487138031756357	1.0861988513050596	1.4917675991822645	1.2124520234154796	0.954212232108336	0.8057299285329864	1.5059165373421348	1.3651677052646167	1.3937608934490364	0.7141581136424318	1.3428347846154916	0.2747048795574498	0.544596776781328	1.1288796955311247	0.6968143503887942	1.2573809090777506	-1	1.4967656610288635	0.0
