STM_MW40691_1-375	0.0	0.14825139584750335	0.7701923260621191	0.20678552670014683	2.7922443047371415	0.4118050573934555	0.24304226960900244	0.01841067881071079	1.0344741136228526	0.38032793582295477	0.017926964920127242	0.4001846650212326	0.6026963269478196	1.6594100331206978	1.0231725815414678	1.7054848851394129
SEN3894_1-374	0.14825139584750335	0.0	0.6219409302146157	0.3550369225476502	2.940495700584645	0.26355366154595217	0.3912936654565058	0.12984071703679256	1.182725509470356	0.2320765399754514	0.1661783607676306	0.25193326917372927	0.750947722795323	1.8076614289682011	1.1714239773889712	1.8537362809869162
SL1344_4053_1-374	0.7701923260621191	0.6219409302146157	0.0	0.9769778527622659	3.5624366307992603	0.35838726866866355	1.0132345956711215	0.7517816472514083	1.8046664396849716	0.3898643902391643	0.7881192909822463	0.37000766104088645	1.3728886530099387	2.429602359182817	1.793364907603587	2.475677211201532
t3516_1-374	0.20678552670014683	0.3550369225476502	0.9769778527622659	0.0	2.5854587780369944	0.6185905840936023	0.03625674290885561	0.22519620551085762	0.8276885869227057	0.5871134625231016	0.18885856178001958	0.6069701917213794	0.3959108002476728	1.452624506420551	0.816387054841321	1.498699358439266
NCTC13441_04559_1-373	2.7922443047371415	2.940495700584645	3.5624366307992603	2.5854587780369944	0.0	3.204049362130597	2.549202035128139	2.810654983547852	1.7577701911142887	3.172572240560096	2.774317339817014	3.1924289697583736	2.1895479777893216	1.1328342716164435	1.7690717231956734	1.0867594195977284
SL1344_0038_3-124	0.4118050573934555	0.26355366154595217	0.35838726866866355	0.6185905840936023	3.204049362130597	0.0	0.654847327002458	0.39339437858274473	1.446279171016308	0.031477121570500755	0.42973202231358276	0.011620392372222899	1.0145013843412751	2.071215090514153	1.4349776389349234	2.117289942532868
SL1344_0038_155-417	0.24304226960900244	0.3912936654565058	1.0132345956711215	0.03625674290885561	2.549202035128139	0.654847327002458	0.0	0.2614529484197132	0.7914318440138501	0.6233702054319572	0.2251153046888752	0.6432269346302351	0.35965405733881717	1.4163677635116954	0.7801303119324654	1.4624426155304104
SEN0037_3-126	0.01841067881071079	0.12984071703679256	0.7517816472514083	0.22519620551085762	2.810654983547852	0.39339437858274473	0.2614529484197132	0.0	1.0528847924335634	0.361917257012244	0.03633764373083803	0.38177398621052183	0.6211070057585304	1.6778207119314086	1.0415832603521786	1.7238955639501237
SEN0037_155-417	1.0344741136228526	1.182725509470356	1.8046664396849716	0.8276885869227057	1.7577701911142887	1.446279171016308	0.7914318440138501	1.0528847924335634	0.0	1.4148020494458073	1.0165471487027253	1.4346587786440852	0.43177778667503297	0.6249359194978452	0.011301532081384735	0.6710107715165603
STMMW_00381_3-125	0.38032793582295477	0.2320765399754514	0.3898643902391643	0.5871134625231016	3.172572240560096	0.031477121570500755	0.6233702054319572	0.361917257012244	1.4148020494458073	0.0	0.398254900743082	0.019856729198277856	0.9830242627707744	2.0397379689436526	1.4035005173644226	2.0858128209623676
STMMW_00381_155-417	0.017926964920127242	0.1661783607676306	0.7881192909822463	0.18885856178001958	2.774317339817014	0.42973202231358276	0.2251153046888752	0.03633764373083803	1.0165471487027253	0.398254900743082	0.0	0.41811162994135986	0.5847693620276924	1.6414830682005705	1.0052456166213406	1.6875579202192856
STMMW_40691_1-374	0.4001846650212326	0.25193326917372927	0.37000766104088645	0.6069701917213794	3.1924289697583736	0.011620392372222899	0.6432269346302351	0.38177398621052183	1.4346587786440852	0.019856729198277856	0.41811162994135986	0.0	1.0028809919690522	2.0595946981419306	1.4233572465627005	2.1056695501606457
STM_MW00381_3-125	0.6026963269478196	0.750947722795323	1.3728886530099387	0.3959108002476728	2.1895479777893216	1.0145013843412751	0.35965405733881717	0.6211070057585304	0.43177778667503297	0.9830242627707744	0.5847693620276924	1.0028809919690522	0.0	1.0567137061728782	0.42047625459364824	1.1027885581915933
STM_MW00381_155-418	1.6594100331206978	1.8076614289682011	2.429602359182817	1.452624506420551	1.1328342716164435	2.071215090514153	1.4163677635116954	1.6778207119314086	0.6249359194978452	2.0397379689436526	1.6414830682005705	2.0595946981419306	1.0567137061728782	0.0	0.63623745157923	0.046074852018715085
NCTC13441_03973_1-126	1.0231725815414678	1.1714239773889712	1.793364907603587	0.816387054841321	1.7690717231956734	1.4349776389349234	0.7801303119324654	1.0415832603521786	0.011301532081384735	1.4035005173644226	1.0052456166213406	1.4233572465627005	0.42047625459364824	0.63623745157923	0.0	0.682312303597945
NCTC13441_03973_150-418	1.7054848851394129	1.8537362809869162	2.475677211201532	1.498699358439266	1.0867594195977284	2.117289942532868	1.4624426155304104	1.7238955639501237	0.6710107715165603	2.0858128209623676	1.6875579202192856	2.1056695501606457	1.1027885581915933	0.046074852018715085	0.682312303597945	0.0
