ordLocTag_3_1-219	-1	-1	-1	-1	-1	-1	-1	-1	-1	-1	-1	-1	-1	-1	-1
t3700_1-219	-1	0.0	0.02686069287329501	0.009804047542648964	2.146531685491332	0.07876386024939197	0.25552569308901807	0.557920059243204	0.789202314273742	0.03128652527184905	0.035567800004321026	1.4966450828393318	0.187801659137376	1.3258941915671922	-1
ERS227112_04597_1-219	-1	0.02686069287329501	0.0	0.036664740415943975	2.119670992618037	0.05190316737609696	0.22866500021572306	0.531059366369909	0.762341621400447	0.0044258323985540415	0.008707107131026015	1.469784389966037	0.160940966264081	1.2990334986938972	-1
BN373_26651_1-219	-1	0.009804047542648964	0.036664740415943975	0.0	2.156335733033981	0.08856790779204093	0.26532974063166703	0.5677241067858529	0.799006361816391	0.041090572814498016	0.04537184754696999	1.506449130381981	0.19760570668002497	1.335698239109841	-1
SL1344_2223F_1-218	-1	2.146531685491332	2.119670992618037	2.156335733033981	0.0	2.06776782524194	1.891005992402314	1.588611626248128	1.35732937121759	2.115245160219483	2.1109638854870107	0.649886602652	1.958730026353956	0.8206374939241399	-1
t0611_1-219	-1	0.07876386024939197	0.05190316737609696	0.08856790779204093	2.06776782524194	0.0	0.1767618328396261	0.479156198993812	0.71043845402435	0.04747733497754292	0.043196060245070944	1.41788122258994	0.10903779888798404	1.2471303313178002	-1
ROD_23311_1-219	-1	0.25552569308901807	0.22866500021572306	0.26532974063166703	1.891005992402314	0.1767618328396261	0.0	0.3023943661541859	0.5336766211847239	0.22423916781716902	0.21995789308469704	1.2411193897503139	0.06772403395164206	1.070368498478174	-1
ETEC_2334_2-220	-1	0.557920059243204	0.531059366369909	0.5677241067858529	1.588611626248128	0.479156198993812	0.3023943661541859	0.0	0.231282255030538	0.5266335339713549	0.522352259238883	0.938725023596128	0.37011840010582797	0.7679741323239881	-1
CS17_02449_2-220	-1	0.789202314273742	0.762341621400447	0.799006361816391	1.35732937121759	0.71043845402435	0.5336766211847239	0.231282255030538	0.0	0.7579157890018929	0.753634514269421	0.70744276856559	0.601400655136366	0.5366918772934501	-1
SEN3634_1-219	-1	0.03128652527184905	0.0044258323985540415	0.041090572814498016	2.115245160219483	0.04747733497754292	0.22423916781716902	0.5266335339713549	0.7579157890018929	0.0	0.0042812747324719735	1.465358557567483	0.15651513386552696	1.294607666295343	-1
NCTC13441_01509_2-220	-1	0.035567800004321026	0.008707107131026015	0.04537184754696999	2.1109638854870107	0.043196060245070944	0.21995789308469704	0.522352259238883	0.753634514269421	0.0042812747324719735	0.0	1.461077282835011	0.15223385913305498	1.290326391562871	-1
STMMW_22786_1-219	-1	1.4966450828393318	1.469784389966037	1.506449130381981	0.649886602652	1.41788122258994	1.2411193897503139	0.938725023596128	0.70744276856559	1.465358557567483	1.461077282835011	0.0	1.308843423701956	0.17075089127213983	-1
SEN2236_1-218	-1	0.187801659137376	0.160940966264081	0.19760570668002497	1.958730026353956	0.10903779888798404	0.06772403395164206	0.37011840010582797	0.601400655136366	0.15651513386552696	0.15223385913305498	1.308843423701956	0.0	1.1380925324298161	-1
SL1344_3784_1-218	-1	1.3258941915671922	1.2990334986938972	1.335698239109841	0.8206374939241399	1.2471303313178002	1.070368498478174	0.7679741323239881	0.5366918772934501	1.294607666295343	1.290326391562871	0.17075089127213983	1.1380925324298161	0.0	-1
b2200_2-220	-1	-1	-1	-1	-1	-1	-1	-1	-1	-1	-1	-1	-1	-1	-1
