ENC_26650_1-80	0.0	0.32227052041775606	0.208475785829071	0.4209418241436666	0.25381610947064503	0.4044576225490082	-1	0.018129203917008008	0.156711439155937	0.313889068747637	0.264659674721179	0.245284290772461	0.451083858994253
ETEC_3716_1-80	0.32227052041775606	0.0	0.11379473458868503	0.09867130372591058	0.06845441094711102	0.08218710213125219	-1	0.30414131650074805	0.16555908126181904	0.008381451670119	0.05761084569657701	0.07698622964529503	0.773354379412009
CS17_03890_1-80	0.208475785829071	0.11379473458868503	0.0	0.2124660383145956	0.045340323641574004	0.1959818367199372	-1	0.190346581912063	0.05176434667313401	0.10541328291856603	0.056183888892108014	0.03680850494339	0.6595596448233241
ERS227112_00749_1-80	0.4209418241436666	0.09867130372591058	0.2124660383145956	0.0	0.16712571467302162	0.016484201594658396	-1	0.4028126202266586	0.2642303849877296	0.10705275539602958	0.15628214942248758	0.1756575333712056	0.8720256831379196
NCTC13441_00230_1-80	0.25381610947064503	0.06845441094711102	0.045340323641574004	0.16712571467302162	0.0	0.1506415130783632	-1	0.235686905553637	0.09710467031470801	0.06007295927699202	0.01084356525053401	0.008531818698184007	0.704899968464898
t3944_1-80	0.4044576225490082	0.08218710213125219	0.1959818367199372	0.016484201594658396	0.1506415130783632	0.0	-1	0.3863284186320002	0.24774618339307122	0.09056855380137119	0.1397979478278292	0.15917333177654722	0.8555414815432613
b3470_1-80	-1	-1	-1	-1	-1	-1	-1	-1	-1	-1	-1	-1	-1
BN373_44711_1-80	0.018129203917008008	0.30414131650074805	0.190346581912063	0.4028126202266586	0.235686905553637	0.3863284186320002	-1	0.0	0.13858223523892899	0.295759864830629	0.246530470804171	0.227155086855453	0.469213062911261
STMMW_35671_1-80	0.156711439155937	0.16555908126181904	0.05176434667313401	0.2642303849877296	0.09710467031470801	0.24774618339307122	-1	0.13858223523892899	0.0	0.15717762959170004	0.10794823556524202	0.088572851616524	0.60779529815019
SEN3401_1-80	0.313889068747637	0.008381451670119	0.10541328291856603	0.10705275539602958	0.06007295927699202	0.09056855380137119	-1	0.295759864830629	0.15717762959170004	0.0	0.04922939402645801	0.06860477797517603	0.7649729277418901
SL1344_3543_1-80	0.264659674721179	0.05761084569657701	0.056183888892108014	0.15628214942248758	0.01084356525053401	0.1397979478278292	-1	0.246530470804171	0.10794823556524202	0.04922939402645801	0.0	0.019375383948718017	0.7157435337154321
STM_MW35671_1-80	0.245284290772461	0.07698622964529503	0.03680850494339	0.1756575333712056	0.008531818698184007	0.15917333177654722	-1	0.227155086855453	0.088572851616524	0.06860477797517603	0.019375383948718017	0.0	0.696368149766714
ROD_43471_1-87	0.451083858994253	0.773354379412009	0.6595596448233241	0.8720256831379196	0.704899968464898	0.8555414815432613	-1	0.469213062911261	0.60779529815019	0.7649729277418901	0.7157435337154321	0.696368149766714	0.0
