b2329_1-361	-1	-1	-1	-1	-1	-1	-1	-1	-1	-1	-1	-1	-1
ETEC_2465_1-361	-1	0.0	0.4644310157266921	0.245969911180572	0.6149876289230629	0.091510191934283	0.08685988839607306	0.18714812546527904	0.03753125316786299	0.22007282010056806	0.28785536114455296	0.4485469385887221	0.26373482508110496
CS17_02631_1-361	-1	0.4644310157266921	0.0	0.2184611045461201	1.0794186446497551	0.3729208237924091	0.37757112733061904	0.27728289026141306	0.5019622688945551	0.24435819562612404	0.7522863768712451	0.01588407713797002	0.7281658408077971
ENC_38780_1-361	-1	0.245969911180572	0.2184611045461201	0.0	0.8609575401036349	0.15445971924628898	0.15911002278449893	0.05882178571529295	0.283501164348435	0.02589709108000393	0.5338252723251249	0.2025770274081501	0.5097047362616769
t0480_1-361	-1	0.6149876289230629	1.0794186446497551	0.8609575401036349	0.0	0.706497820857346	0.7018475173191361	0.8021357543883421	0.5774563757552	0.8350604490236311	0.32713226777851	1.063534567511785	0.351252803841958
BN373_33291_1-361	-1	0.091510191934283	0.3729208237924091	0.15445971924628898	0.706497820857346	0.0	0.004650303538209943	0.09563793353099603	0.129041445102146	0.12856262816628505	0.37936555307883596	0.3570367466544391	0.35524501701538796
ROD_27411_1-361	-1	0.08685988839607306	0.37757112733061904	0.15911002278449893	0.7018475173191361	0.004650303538209943	0.0	0.10028823706920598	0.12439114156393605	0.133212931704495	0.374715249540626	0.361687050192649	0.350594713477178
ERS227112_03860_1-361	-1	0.18714812546527904	0.27728289026141306	0.05882178571529295	0.8021357543883421	0.09563793353099603	0.10028823706920598	0.0	0.22467937863314202	0.03292469463528902	0.475003486609832	0.26139881312344304	0.450882950546384
NCTC13441_01382_1-361	-1	0.03753125316786299	0.5019622688945551	0.283501164348435	0.5774563757552	0.129041445102146	0.12439114156393605	0.22467937863314202	0.0	0.25760407326843104	0.25032410797668997	0.48607819175658507	0.22620357191324197
STMMW_24061_1-361	-1	0.22007282010056806	0.24435819562612404	0.02589709108000393	0.8350604490236311	0.12856262816628505	0.133212931704495	0.03292469463528902	0.25760407326843104	0.0	0.5079281812451211	0.22847411848815402	0.483807645181673
SEN2366_1-361	-1	0.28785536114455296	0.7522863768712451	0.5338252723251249	0.32713226777851	0.37936555307883596	0.374715249540626	0.475003486609832	0.25032410797668997	0.5079281812451211	0.0	0.7364022997332751	0.024120536063447995
SL1344_2353_1-361	-1	0.4485469385887221	0.01588407713797002	0.2025770274081501	1.063534567511785	0.3570367466544391	0.361687050192649	0.26139881312344304	0.48607819175658507	0.22847411848815402	0.7364022997332751	0.0	0.7122817636698271
STM_MW24061_1-361	-1	0.26373482508110496	0.7281658408077971	0.5097047362616769	0.351252803841958	0.35524501701538796	0.350594713477178	0.450882950546384	0.22620357191324197	0.483807645181673	0.024120536063447995	0.7122817636698271	0.0
