SEN0400_1-139	0.0	0.26372327815102103	0.1524393324970002	0.185360234807541	0.0879359182900677	0.10182624617847139	0.077829050303576	0.13334091350091148	-1	0.12457319029351749	0.06149591377623499	0.031759109884198
BN373_08571_1-139	0.26372327815102103	0.0	0.41616261064802124	0.449083512958562	0.35165919644108873	0.3655495243294924	0.34155232845459704	0.3970641916519325	-1	0.3882964684445385	0.325219191927256	0.23196416826682303
NCTC13441_03563_1-139	0.1524393324970002	0.41616261064802124	0.0	0.0329209023105408	0.0645034142069325	0.0506130863185288	0.0746102821934242	0.019098418996088697	-1	0.0278661422034827	0.0909434187207652	0.1841984423811982
STM_MW04881_1-139	0.185360234807541	0.449083512958562	0.0329209023105408	0.0	0.0974243165174733	0.0835339886290696	0.107531184503965	0.0520193213066295	-1	0.0607870445140235	0.123864321031306	0.217119344691739
STMMW_04881_1-139	0.0879359182900677	0.35165919644108873	0.0645034142069325	0.0974243165174733	0.0	0.013890327888403692	0.0101068679864917	0.0454049952108438	-1	0.036637272003449795	0.0264400045138327	0.1196950281742657
SL1344_0412_1-139	0.10182624617847139	0.3655495243294924	0.0506130863185288	0.0835339886290696	0.013890327888403692	0.0	0.02399719587489539	0.031514667322440106	-1	0.022746944115046103	0.040330332402236393	0.13358535606266939
ETEC_0469_1-139	0.077829050303576	0.34155232845459704	0.0746102821934242	0.107531184503965	0.0101068679864917	0.02399719587489539	0.0	0.0555118631973355	-1	0.046744139989941494	0.016333136527341002	0.109588160187774
t2445_1-139	0.13334091350091148	0.3970641916519325	0.019098418996088697	0.0520193213066295	0.0454049952108438	0.031514667322440106	0.0555118631973355	0.0	-1	0.008767723207394003	0.0718449997246765	0.16510002338510948
b0416_1-139	-1	-1	-1	-1	-1	-1	-1	-1	-1	-1	-1	-1
ERS227112_02719_1-139	0.12457319029351749	0.3882964684445385	0.0278661422034827	0.0607870445140235	0.036637272003449795	0.022746944115046103	0.046744139989941494	0.008767723207394003	-1	0.0	0.0630772765172825	0.1563323001777155
ROD_04651_1-139	0.06149591377623499	0.325219191927256	0.0909434187207652	0.123864321031306	0.0264400045138327	0.040330332402236393	0.016333136527341002	0.0718449997246765	-1	0.0630772765172825	0.0	0.09325502366043299
CS17_00446_1-139	0.031759109884198	0.23196416826682303	0.1841984423811982	0.217119344691739	0.1196950281742657	0.13358535606266939	0.109588160187774	0.16510002338510948	-1	0.1563323001777155	0.09325502366043299	0.0
