STMMW_25411_1-334	0.0	0.22498741429249203	0.503880046196152	1.0067853751246258	0.31486580722193	0.396881753761647	0.12725328692635107	0.019794591995915933	0.519213435465087	-1	0.056628547420800035	0.14926617783945606	0.602764986370379
ENC_37460_1-336	0.22498741429249203	0.0	0.27889263190366	1.231772789417118	0.089878392929438	0.171894339469155	0.09773412736614095	0.24478200628840796	0.294226021172595	-1	0.168358866871692	0.3742535921319481	0.377777572077887
t0332_1-324	0.503880046196152	0.27889263190366	0.0	1.510665421320778	0.18901423897422198	0.10699829243450498	0.37662675926980094	0.5236746381920679	0.015333389268935016	-1	0.447251498775352	0.6531462240356081	0.098884940174227
CS17_02802_1-337	1.0067853751246258	1.231772789417118	1.510665421320778	0.0	1.321651182346556	1.403667128886273	1.134038662050977	0.98699078312871	1.525998810589713	-1	1.063413922545426	0.8575191972851699	1.609550361495005
BN373_35031_1-331	0.31486580722193	0.089878392929438	0.18901423897422198	1.321651182346556	0.0	0.082015946539717	0.18761252029557896	0.33466039921784596	0.204347628243157	-1	0.25823725980113	0.4641319850613861	0.287899179148449
ERS227112_00069_1-331	0.396881753761647	0.171894339469155	0.10699829243450498	1.403667128886273	0.082015946539717	0.0	0.26962846683529595	0.41667634575756296	0.12233168170344	-1	0.340253206340847	0.5461479316011031	0.20588323260873198
SEN2504_1-334	0.12725328692635107	0.09773412736614095	0.37662675926980094	1.134038662050977	0.18761252029557896	0.26962846683529595	0.0	0.147047878922267	0.39196014853873595	-1	0.07062473950555104	0.27651946476580713	0.47551169944402794
SL1344_2486_1-334	0.019794591995915933	0.24478200628840796	0.5236746381920679	0.98699078312871	0.33466039921784596	0.41667634575756296	0.147047878922267	0.0	0.539008027461003	-1	0.07642313941671597	0.12947158584354013	0.6225595783662949
STM_MW25411_1-334	0.519213435465087	0.294226021172595	0.015333389268935016	1.525998810589713	0.204347628243157	0.12233168170344	0.39196014853873595	0.539008027461003	0.0	-1	0.462584888044287	0.6684796133045431	0.08355155090529198
b2516_1-337	-1	-1	-1	-1	-1	-1	-1	-1	-1	-1	-1	-1	-1
ETEC_2673_1-337	0.056628547420800035	0.168358866871692	0.447251498775352	1.063413922545426	0.25823725980113	0.340253206340847	0.07062473950555104	0.07642313941671597	0.462584888044287	-1	0.0	0.2058947252602561	0.546136438949579
ROD_24591_1-332	0.14926617783945606	0.3742535921319481	0.6531462240356081	0.8575191972851699	0.4641319850613861	0.5461479316011031	0.27651946476580713	0.12947158584354013	0.6684796133045431	-1	0.2058947252602561	0.0	0.7520311642098351
NCTC13441_01220_1-335	0.602764986370379	0.377777572077887	0.098884940174227	1.609550361495005	0.287899179148449	0.20588323260873198	0.47551169944402794	0.6225595783662949	0.08355155090529198	-1	0.546136438949579	0.7520311642098351	0.0
