CS17_00835_1-385	0.0	0.5293287871154895	0.6166458977535747	1.1381524400347407	0.39716264097419207	0.34877961111860656	0.6316085074324678	0.7247722544748914	0.10764252038213373	0.12930038883634465	0.6179915679431125	0.5260181825189418	0.22788292578461922	0.4864481778020416	-1	-1	0.20975719236747414	0.7755397191924309	0.2990749581628882	0.5453260299884892	0.3805196728830009	0.4153418539522371	0.2174888445669647	0.5505628809008227	0.4060099700135231	0.4378923098874666	0.1823775146780252	0.568822101113559	0.5032661277845591
t2092_1-385	0.5293287871154895	0.0	1.1459746848690642	1.6674812271502302	0.13216614614129735	0.878108398234096	1.1609372945479572	1.2541010415903808	0.4216862667333557	0.6586291759518341	1.147320355058602	1.0553469696344313	0.3014458613308702	0.04288060931344784	-1	-1	0.3195715947480153	1.3048685063079204	0.2302538289526012	1.0746548171039787	0.9098484599984904	0.9446706410677266	0.3118399425485247	1.0798916680163122	0.1233188171019663	0.09143647722802284	0.3469512724374642	1.0981508882290485	1.0325949149000486
ERS227112_00617_1-397	0.6166458977535747	1.1459746848690642	0.0	0.521506542281166	1.0138085387277669	0.26786628663496814	0.014962609678893068	0.10812635672131665	0.7242884181357084	0.48734550891723005	0.0013456701895377954	0.09062771523463287	0.8445288235381939	1.1030940755556162	-1	-1	0.8264030901210488	0.15889382143885622	0.9157208559164629	0.07131986776508548	0.23612622487057378	0.2013040438013376	0.8341347423205394	0.06608301685275197	1.0226558677670978	1.0545382076410412	0.7990234124315999	0.04782379664001568	0.11337976996901555
ENC_02370_1-398	1.1381524400347407	1.6674812271502302	0.521506542281166	0.0	1.5353150810089327	0.7893728289161341	0.5065439326022729	0.41338018555984934	1.2457949604168745	1.008852051198396	0.5201608720916282	0.6121342575157989	1.3660353658193598	1.6246006178367822	-1	-1	1.3479096324022148	0.3626127208423098	1.437227398197629	0.5928264100462515	0.7576327671517398	0.7228105860825036	1.3556412846017054	0.587589559133918	1.5441624100482638	1.5760447499222072	1.3205299547127658	0.5693303389211817	0.6348863122501816
ERS227112_03235_1-385	0.39716264097419207	0.13216614614129735	1.0138085387277669	1.5353150810089327	0.0	0.7459422520927986	1.0287711484066597	1.1219348954490833	0.28952012059205834	0.5264630298105367	1.0151542089173047	0.9231808234931339	0.16927971518957285	0.08928553682784951	-1	-1	0.18740544860671793	1.1727023601666229	0.09808768281130387	0.9424886709626813	0.777682313857193	0.8125044949264292	0.17967379640722736	0.9477255218750148	0.008847329039331053	0.04072966891327451	0.21478512629616686	0.9659847420877511	0.9004287687587512
STM_MW36981_1-398	0.34877961111860656	0.878108398234096	0.26786628663496814	0.7893728289161341	0.7459422520927986	0.0	0.2828288963138612	0.3759926433562848	0.4564221315007403	0.2194792222822619	0.26921195682450594	0.17723857140033528	0.5766625369032258	0.8352277889206481	-1	-1	0.5585368034860807	0.42676010807382436	0.6478545692814948	0.19654641886988267	0.03174006176439437	0.06656224283363055	0.5662684556855713	0.20178326978221617	0.7547895811321297	0.7866719210060731	0.5311571257966318	0.22004248999495246	0.1544865166659526
BN373_46031_1-397	0.6316085074324678	1.1609372945479572	0.014962609678893068	0.5065439326022729	1.0287711484066597	0.2828288963138612	0.0	0.09316374704242358	0.7392510278146015	0.5023081185961231	0.013616939489355273	0.10559032491352593	0.859491433217087	1.1180566852345093	-1	-1	0.8413656997999419	0.14393121175996315	0.930683465595356	0.08628247744397854	0.25108883454946684	0.21626665348023066	0.8490973519994325	0.08104562653164504	1.037618477445991	1.0695008173199343	0.813986022110493	0.06278640631890875	0.12834237964790862
NCTC13441_00066_1-398	0.7247722544748914	1.2541010415903808	0.10812635672131665	0.41338018555984934	1.1219348954490833	0.3759926433562848	0.09316374704242358	0.0	0.8324147748570251	0.5954718656385467	0.10678068653177886	0.19875407195594952	0.9526551802595106	1.2112204322769329	-1	-1	0.9345294468423655	0.05076746471753957	1.0238472126377796	0.17944622448640213	0.3442525815918904	0.30943040052265425	0.9422610990418561	0.17420937357406863	1.1307822244884145	1.1626645643623579	0.9071497691529166	0.15595015336133233	0.2215061266903322
t3810_1-398	0.10764252038213373	0.4216862667333557	0.7242884181357084	1.2457949604168745	0.28952012059205834	0.4564221315007403	0.7392510278146015	0.8324147748570251	0.0	0.23694290921847838	0.7256340883252462	0.6336607029010756	0.12024040540248548	0.37880565741990785	-1	-1	0.10211467198534041	0.8831822395745647	0.19143243778075447	0.652968550370623	0.48816219326513466	0.5229843743343708	0.10984632418483098	0.6582054012829565	0.2983674496313894	0.33024978950533285	0.07473499429589148	0.6764646214956928	0.6109086481666929
CS17_03402_28-391	0.12930038883634465	0.6586291759518341	0.48734550891723005	1.008852051198396	0.5264630298105367	0.2194792222822619	0.5023081185961231	0.5954718656385467	0.23694290921847838	0.0	0.48869117910676785	0.3967177936825972	0.35718331462096387	0.6157485666383862	-1	-1	0.3390575812038188	0.6462393303560863	0.42837534699923285	0.4160256411521446	0.2512192840466563	0.28604146511589246	0.34678923340330936	0.4212624920644781	0.5353103588498678	0.5671926987238112	0.31167790351436986	0.43952171227721437	0.3739657389482145
STMMW_36981_1-398	0.6179915679431125	1.147320355058602	0.0013456701895377954	0.5201608720916282	1.0151542089173047	0.26921195682450594	0.013616939489355273	0.10678068653177886	0.7256340883252462	0.48869117910676785	0.0	0.09197338542417066	0.8458744937277317	1.104439745745154	-1	-1	0.8277487603105866	0.15754815124931842	0.9170665261060007	0.07266553795462327	0.23747189506011157	0.2026497139908754	0.8354804125100772	0.06742868704228977	1.0240015379566356	1.055883877830579	0.8003690826211377	0.049169466829553476	0.11472544015855335
ETEC_3860_1-398	0.5260181825189418	1.0553469696344313	0.09062771523463287	0.6121342575157989	0.9231808234931339	0.17723857140033528	0.10559032491352593	0.19875407195594952	0.6336607029010756	0.3967177936825972	0.09197338542417066	0.0	0.753901108303561	1.0124663603209834	-1	-1	0.735775374886416	0.24952153667348909	0.82509314068183	0.01930784746954739	0.1454985096359409	0.11067632856670473	0.7435070270859065	0.02454469838188089	0.932028152532465	0.9639104924064084	0.708395697196967	0.042803918594617185	0.022752054734382687
BN373_13631_1-385	0.22788292578461922	0.3014458613308702	0.8445288235381939	1.3660353658193598	0.16927971518957285	0.5766625369032258	0.859491433217087	0.9526551802595106	0.12024040540248548	0.35718331462096387	0.8458744937277317	0.753901108303561	0.0	0.25856525201742236	-1	-1	0.018125733417145073	1.00342264497705	0.07119203237826899	0.7732089557731084	0.6084025986676201	0.6432247797368563	0.010394081217654505	0.7784458066854419	0.1781270442289039	0.21000938410284736	0.04550541110659401	0.7967050268981782	0.7311490535691784
Ecoli9000q_49240_1-385	0.4864481778020416	0.04288060931344784	1.1030940755556162	1.6246006178367822	0.08928553682784951	0.8352277889206481	1.1180566852345093	1.2112204322769329	0.37880565741990785	0.6157485666383862	1.104439745745154	1.0124663603209834	0.25856525201742236	0.0	-1	-1	0.27669098543456744	1.2619878969944724	0.18737321963915338	1.0317742077905308	0.8669678506850425	0.9017900317542786	0.26895933323507687	1.0370110587028643	0.08043820778851846	0.048555867914575	0.30407066312401637	1.0552702789156005	0.9897143055866007
b0776_1-384	-1	-1	-1	-1	-1	-1	-1	-1	-1	-1	-1	-1	-1	-1	-1	-1	-1	-1	-1	-1	-1	-1	-1	-1	-1	-1	-1	-1	-1
b3617_1-398	-1	-1	-1	-1	-1	-1	-1	-1	-1	-1	-1	-1	-1	-1	-1	-1	-1	-1	-1	-1	-1	-1	-1	-1	-1	-1	-1	-1	-1
STMMW_08471_1-385	0.20975719236747414	0.3195715947480153	0.8264030901210488	1.3479096324022148	0.18740544860671793	0.5585368034860807	0.8413656997999419	0.9345294468423655	0.10211467198534041	0.3390575812038188	0.8277487603105866	0.735775374886416	0.018125733417145073	0.27669098543456744	-1	-1	0.0	0.9852969115599051	0.08931776579541406	0.7550832223559634	0.5902768652504751	0.6250990463197112	0.0077316521994905685	0.7603200732682969	0.19625277764604898	0.22813511751999244	0.027379677689448934	0.7785792934810332	0.7130233201520333
NCTC13441_00726_28-391	0.7755397191924309	1.3048685063079204	0.15889382143885622	0.3626127208423098	1.1727023601666229	0.42676010807382436	0.14393121175996315	0.05076746471753957	0.8831822395745647	0.6462393303560863	0.15754815124931842	0.24952153667348909	1.00342264497705	1.2619878969944724	-1	-1	0.9852969115599051	0.0	1.0746146773553191	0.2302136892039417	0.39502004630943	0.3601978652401938	0.9930285637593956	0.2249768382916082	1.181549689205954	1.2134320290798974	0.9579172338704561	0.2067176180788719	0.2722735914078718
STM_MW08471_1-386	0.2990749581628882	0.2302538289526012	0.9157208559164629	1.437227398197629	0.09808768281130387	0.6478545692814948	0.930683465595356	1.0238472126377796	0.19143243778075447	0.42837534699923285	0.9170665261060007	0.82509314068183	0.07119203237826899	0.18737321963915338	-1	-1	0.08931776579541406	1.0746146773553191	0.0	0.8444009881513774	0.6795946310458891	0.7144168121151253	0.08158611359592349	0.8496378390637109	0.10693501185063492	0.13881735172457838	0.116697443484863	0.8678970592764472	0.8023410859474474
CS17_04066_1-398	0.5453260299884892	1.0746548171039787	0.07131986776508548	0.5928264100462515	0.9424886709626813	0.19654641886988267	0.08628247744397854	0.17944622448640213	0.652968550370623	0.4160256411521446	0.07266553795462327	0.01930784746954739	0.7732089557731084	1.0317742077905308	-1	-1	0.7550832223559634	0.2302136892039417	0.8444009881513774	0.0	0.1648063571054883	0.12998417603625212	0.7628148745554539	0.005236850912333502	0.9513360000020123	0.9832183398759557	0.7277035446665144	0.023496071125069795	0.04205990220393008
SEN3531_1-398	0.3805196728830009	0.9098484599984904	0.23612622487057378	0.7576327671517398	0.777682313857193	0.03174006176439437	0.25108883454946684	0.3442525815918904	0.48816219326513466	0.2512192840466563	0.23747189506011157	0.1454985096359409	0.6084025986676201	0.8669678506850425	-1	-1	0.5902768652504751	0.39502004630943	0.6795946310458891	0.1648063571054883	0.0	0.03482218106923618	0.5980085174499656	0.1700432080178218	0.786529642896524	0.8184119827704674	0.5628971875610261	0.1883024282305581	0.12274645490155822
ROD_41991_1-398	0.4153418539522371	0.9446706410677266	0.2013040438013376	0.7228105860825036	0.8125044949264292	0.06656224283363055	0.21626665348023066	0.30943040052265425	0.5229843743343708	0.28604146511589246	0.2026497139908754	0.11067632856670473	0.6432247797368563	0.9017900317542786	-1	-1	0.6250990463197112	0.3601978652401938	0.7144168121151253	0.12998417603625212	0.03482218106923618	0.0	0.6328306985192018	0.13522102694858562	0.8213518239657602	0.8532341638397036	0.5977193686302623	0.15348024716132191	0.08792427383232204
NCTC13441_03218_1-385	0.2174888445669647	0.3118399425485247	0.8341347423205394	1.3556412846017054	0.17967379640722736	0.5662684556855713	0.8490973519994325	0.9422610990418561	0.10984632418483098	0.34678923340330936	0.8354804125100772	0.7435070270859065	0.010394081217654505	0.26895933323507687	-1	-1	0.0077316521994905685	0.9930285637593956	0.08158611359592349	0.7628148745554539	0.5980085174499656	0.6328306985192018	0.0	0.7680517254677874	0.1885211254465584	0.22040346532050187	0.0351113298889395	0.7863109456805237	0.7207549723515239
SL1344_0772_1-385	0.5505628809008227	1.0798916680163122	0.06608301685275197	0.587589559133918	0.9477255218750148	0.20178326978221617	0.08104562653164504	0.17420937357406863	0.6582054012829565	0.4212624920644781	0.06742868704228977	0.02454469838188089	0.7784458066854419	1.0370110587028643	-1	-1	0.7603200732682969	0.2249768382916082	0.8496378390637109	0.005236850912333502	0.1700432080178218	0.13522102694858562	0.7680517254677874	0.0	0.9565728509143459	0.9884551907882893	0.7329403955788479	0.018259220212736293	0.04729675311626358
ROD_07771_1-385	0.4060099700135231	0.1233188171019663	1.0226558677670978	1.5441624100482638	0.008847329039331053	0.7547895811321297	1.037618477445991	1.1307822244884145	0.2983674496313894	0.5353103588498678	1.0240015379566356	0.932028152532465	0.1781270442289039	0.08043820778851846	-1	-1	0.19625277764604898	1.181549689205954	0.10693501185063492	0.9513360000020123	0.786529642896524	0.8213518239657602	0.1885211254465584	0.9565728509143459	0.0	0.031882339873943455	0.22363245533549791	0.9748320711270821	0.9092760977980823
SEN0740_1-385	0.4378923098874666	0.09143647722802284	1.0545382076410412	1.5760447499222072	0.04072966891327451	0.7866719210060731	1.0695008173199343	1.1626645643623579	0.33024978950533285	0.5671926987238112	1.055883877830579	0.9639104924064084	0.21000938410284736	0.048555867914575	-1	-1	0.22813511751999244	1.2134320290798974	0.13881735172457838	0.9832183398759557	0.8184119827704674	0.8532341638397036	0.22040346532050187	0.9884551907882893	0.031882339873943455	0.0	0.25551479520944137	1.0067144110010255	0.9411584376720257
ETEC_0841_1-384	0.1823775146780252	0.3469512724374642	0.7990234124315999	1.3205299547127658	0.21478512629616686	0.5311571257966318	0.813986022110493	0.9071497691529166	0.07473499429589148	0.31167790351436986	0.8003690826211377	0.708395697196967	0.04550541110659401	0.30407066312401637	-1	-1	0.027379677689448934	0.9579172338704561	0.116697443484863	0.7277035446665144	0.5628971875610261	0.5977193686302623	0.0351113298889395	0.7329403955788479	0.22363245533549791	0.25551479520944137	0.0	0.7511996157915842	0.6856436424625844
SL1344_3675_1-398	0.568822101113559	1.0981508882290485	0.04782379664001568	0.5693303389211817	0.9659847420877511	0.22004248999495246	0.06278640631890875	0.15595015336133233	0.6764646214956928	0.43952171227721437	0.049169466829553476	0.042803918594617185	0.7967050268981782	1.0552702789156005	-1	-1	0.7785792934810332	0.2067176180788719	0.8678970592764472	0.023496071125069795	0.1883024282305581	0.15348024716132191	0.7863109456805237	0.018259220212736293	0.9748320711270821	1.0067144110010255	0.7511996157915842	0.0	0.06555597332899987
ETEC_3252_28-390	0.5032661277845591	1.0325949149000486	0.11337976996901555	0.6348863122501816	0.9004287687587512	0.1544865166659526	0.12834237964790862	0.2215061266903322	0.6109086481666929	0.3739657389482145	0.11472544015855335	0.022752054734382687	0.7311490535691784	0.9897143055866007	-1	-1	0.7130233201520333	0.2722735914078718	0.8023410859474474	0.04205990220393008	0.12274645490155822	0.08792427383232204	0.7207549723515239	0.04729675311626358	0.9092760977980823	0.9411584376720257	0.6856436424625844	0.06555597332899987	0.0
