ENC_41740_1-293	0.0	0.990078619724049	0.513006714219718	0.769715850032314	6.781280234942489	0.13887002437244	0.64774238215581	1.269558560746819	0.596145516034436	0.8138431857603889	0.531104783993635	1.175008385371829	0.549556523252313	1.067169737897869
ERS227112_02714_1-294	0.990078619724049	0.0	0.477071905504331	0.22036276969173496	5.79120161521844	0.851208595351609	0.34233623756823894	0.27947994102276996	0.393933103689613	0.17623543396366004	0.45897383573041395	0.18492976564777996	0.440522096471736	0.07709111817382008
STMMW_04831_1-287	0.513006714219718	0.477071905504331	0.0	0.256709135812596	6.268273520722771	0.374136689847278	0.13473566793609204	0.756551846527101	0.083138801814718	0.30083647154067095	0.018098069773917036	0.662001671152111	0.03654980903259497	0.5541630236781511
ROD_04601_1-284	0.769715850032314	0.22036276969173496	0.256709135812596	0.0	6.011564384910175	0.630845825659874	0.12197346787650398	0.4998427107145049	0.17357033399787802	0.04412733572807492	0.238611066038679	0.4052925353395149	0.22015932678000105	0.29745388786555504
b0411_1-294	6.781280234942489	5.79120161521844	6.268273520722771	6.011564384910175	0.0	6.642410210570049	6.133537852786679	5.51172167419567	6.185134718908053	5.9674370491821005	6.250175450948854	5.6062718495706605	6.231723711690176	5.71411049704462
STM_MW04831_1-287	0.13887002437244	0.851208595351609	0.374136689847278	0.630845825659874	6.642410210570049	0.0	0.50887235778337	1.1306885363743788	0.457275491661996	0.6749731613879489	0.39223475962119503	1.0361383609993888	0.41068649887987296	0.9282997135254291
SEN0395_1-287	0.64774238215581	0.34233623756823894	0.13473566793609204	0.12197346787650398	6.133537852786679	0.50887235778337	0.0	0.6218161785910089	0.05159686612137404	0.1661008036045789	0.116637598162175	0.5272660032160189	0.09818585890349707	0.419427355742059
ENC_23480_3-296	1.269558560746819	0.27947994102276996	0.756551846527101	0.4998427107145049	5.51172167419567	1.1306885363743788	0.6218161785910089	0.0	0.673413044712383	0.45571537498643	0.7384537767531839	0.09455017537499	0.720002037494506	0.20238882284894988
SL1344_0407_1-287	0.596145516034436	0.393933103689613	0.083138801814718	0.17357033399787802	6.185134718908053	0.457275491661996	0.05159686612137404	0.673413044712383	0.0	0.21769766972595295	0.06504073204080096	0.578862869337393	0.04658899278212303	0.47102422186343307
ETEC_0464_1-294	0.8138431857603889	0.17623543396366004	0.30083647154067095	0.04412733572807492	5.9674370491821005	0.6749731613879489	0.1661008036045789	0.45571537498643	0.21769766972595295	0.0	0.2827384017667539	0.36116519961144	0.264286662508076	0.2533265521374801
t2450_1-287	0.531104783993635	0.45897383573041395	0.018098069773917036	0.238611066038679	6.250175450948854	0.39223475962119503	0.116637598162175	0.7384537767531839	0.06504073204080096	0.2827384017667539	0.0	0.6439036013781939	0.018451739258677935	0.536064953904234
BN373_08521_1-294	1.175008385371829	0.18492976564777996	0.662001671152111	0.4052925353395149	5.6062718495706605	1.0361383609993888	0.5272660032160189	0.09455017537499	0.578862869337393	0.36116519961144	0.6439036013781939	0.0	0.625451862119516	0.10783864747395988
NCTC13441_03568_1-294	0.549556523252313	0.440522096471736	0.03654980903259497	0.22015932678000105	6.231723711690176	0.41068649887987296	0.09818585890349707	0.720002037494506	0.04658899278212303	0.264286662508076	0.018451739258677935	0.625451862119516	0.0	0.5176132146455561
CS17_00441_1-294	1.067169737897869	0.07709111817382008	0.5541630236781511	0.29745388786555504	5.71411049704462	0.9282997135254291	0.419427355742059	0.20238882284894988	0.47102422186343307	0.2533265521374801	0.536064953904234	0.10783864747395988	0.5176132146455561	0.0
