STMMW_25011_1-118	0.0	0.10042345235421002	0.834664118548293	0.3985881773659199	1.4060385697506097	0.21462335406406985	0.6536196553393998	-1	0.50789475479684	0.2055574052343201	0.20931290960607019	0.2705397797756701	0.30805384004905
t0377_1-118	0.10042345235421002	0.0	0.935087570902503	0.2981647250117099	1.3056151173963997	0.11419990170985983	0.5531962029851898	-1	0.40747130244262997	0.3059808575885301	0.3097363619602802	0.37096323212988014	0.20763038769484
CS17_02750_1-118	0.834664118548293	0.935087570902503	0.0	1.233252295914213	2.240702688298903	1.0492874726123629	1.4882837738876928	-1	1.342558873345133	0.6291067133139729	0.6253512089422228	0.5641243387726229	1.142717958597343
STM_MW25011_1-118	0.3985881773659199	0.2981647250117099	1.233252295914213	0.0	1.0074503923846898	0.18396482330185004	0.2550314779734799	-1	0.1093065774309201	0.60414558260024	0.6079010869719901	0.66912795714159	0.09053433731686988
ERS227112_03775_1-117	1.4060385697506097	1.3056151173963997	2.240702688298903	1.0074503923846898	0.0	1.1914152156865399	0.7524189144112099	-1	0.8981438149537697	1.6115959749849298	1.6153514793566799	1.6765783495262798	1.0979847297015597
ROD_24191_1-118	0.21462335406406985	0.11419990170985983	1.0492874726123629	0.18396482330185004	1.1914152156865399	0.0	0.43899630127532996	-1	0.29327140073277014	0.42018075929838994	0.42393626367014003	0.48516313383973997	0.09343048598498016
BN373_34631_1-117	0.6536196553393998	0.5531962029851898	1.4882837738876928	0.2550314779734799	0.7524189144112099	0.43899630127532996	0.0	-1	0.14572490054255982	0.8591770605737199	0.86293256494547	0.9241594351150699	0.3455658152903498
b2471_1-118	-1	-1	-1	-1	-1	-1	-1	-1	-1	-1	-1	-1	-1
ENC_38030_1-118	0.50789475479684	0.40747130244262997	1.342558873345133	0.1093065774309201	0.8981438149537697	0.29327140073277014	0.14572490054255982	-1	0.0	0.7134521600311601	0.7172076644029102	0.7784345345725101	0.19984091474778998
ETEC_2575_1-118	0.2055574052343201	0.3059808575885301	0.6291067133139729	0.60414558260024	1.6115959749849298	0.42018075929838994	0.8591770605737199	-1	0.7134521600311601	0.0	0.0037555043717500958	0.06498237454135003	0.5136112452833701
SEN2461_1-118	0.20931290960607019	0.3097363619602802	0.6253512089422228	0.6079010869719901	1.6153514793566799	0.42393626367014003	0.86293256494547	-1	0.7172076644029102	0.0037555043717500958	0.0	0.061226870169599934	0.5173667496551202
NCTC13441_01259_1-118	0.2705397797756701	0.37096323212988014	0.5641243387726229	0.66912795714159	1.6765783495262798	0.48516313383973997	0.9241594351150699	-1	0.7784345345725101	0.06498237454135003	0.061226870169599934	0.0	0.5785936198247201
SL1344_2445_1-118	0.30805384004905	0.20763038769484	1.142717958597343	0.09053433731686988	1.0979847297015597	0.09343048598498016	0.3455658152903498	-1	0.19984091474778998	0.5136112452833701	0.5173667496551202	0.5785936198247201	0.0
