NCTC13441_01984_259-495	0.0	-1	0.22537360242308357	0.05155854087360445	0.4293559976841169	0.015941400032923325	0.0653902031071979	0.023052347480226	0.1203650210462438	0.4160178382004539	0.02057357157530243	0.7311845003291826	0.029037131235163383
b1900_259-495	-1	-1	-1	-1	-1	-1	-1	-1	-1	-1	-1	-1	-1
ROD_24821_249-499	0.22537360242308357	-1	0.0	0.17381506154947912	0.20398239526103334	0.2413150024560069	0.15998339931588568	0.20232125494285758	0.10500858137683977	0.19064423577737033	0.245947173998386	0.505810897906099	0.25441073365824696
ETEC_1930_259-495	0.05155854087360445	-1	0.17381506154947912	0.0	0.37779745681051247	0.06749994090652778	0.013831662233593445	0.028506193393378454	0.06880648017263935	0.36445929732684945	0.07213211244890688	0.6796259594555781	0.08059567210876784
ENC_21280_252-492	0.4293559976841169	-1	0.20398239526103334	0.37779745681051247	0.0	0.44529739771704024	0.363965794576919	0.4063036502038909	0.3089909766378731	0.013338159483663015	0.44992956925941935	0.30182850264506567	0.4583931289192803
CS17_02087_259-495	0.015941400032923325	-1	0.2413150024560069	0.06749994090652778	0.44529739771704024	0.0	0.08133160314012122	0.038993747513149324	0.13630642107916713	0.43195923823337723	0.004632171542379104	0.7471259003621059	0.013095731202240057
ERS227112_03079_254-505	0.0653902031071979	-1	0.15998339931588568	0.013831662233593445	0.363965794576919	0.08133160314012122	0.0	0.0423378556269719	0.054974817939045906	0.350627635093256	0.08596377468250033	0.6657942972219847	0.09442733434236128
BN373_29811_257-496	0.023052347480226	-1	0.20232125494285758	0.028506193393378454	0.4063036502038909	0.038993747513149324	0.0423378556269719	0.0	0.0973126735660178	0.3929654907202279	0.04362591905552843	0.7081321528489566	0.05208947871538938
ERS227112_03060_253-492	0.1203650210462438	-1	0.10500858137683977	0.06880648017263935	0.3089909766378731	0.13630642107916713	0.054974817939045906	0.0973126735660178	0.0	0.2956528171542101	0.14093859262154623	0.6108194792829388	0.14940215228140719
BN373_12001_253-492	0.4160178382004539	-1	0.19064423577737033	0.36445929732684945	0.013338159483663015	0.43195923823337723	0.350627635093256	0.3929654907202279	0.2956528171542101	0.0	0.43659140977575633	0.3151666621287287	0.4450549694356173
ROD_19521_255-495	0.02057357157530243	-1	0.245947173998386	0.07213211244890688	0.44992956925941935	0.004632171542379104	0.08596377468250033	0.04362591905552843	0.14093859262154623	0.43659140977575633	0.0	0.751758071904485	0.008463559659860953
ENC_43360_252-500	0.7311845003291826	-1	0.505810897906099	0.6796259594555781	0.30182850264506567	0.7471259003621059	0.6657942972219847	0.7081321528489566	0.6108194792829388	0.3151666621287287	0.751758071904485	0.0	0.760221631564346
ERS227112_04266_257-496	0.029037131235163383	-1	0.25441073365824696	0.08059567210876784	0.4583931289192803	0.013095731202240057	0.09442733434236128	0.05208947871538938	0.14940215228140719	0.4450549694356173	0.008463559659860953	0.760221631564346	0.0
