SL1344_2828_1-180	0.0	0.20836899927193997	0.7092109259675521	1.282957444991914	0.3846879343555001	0.35624490215819016	0.5953592442108371	1.039442540572441	0.75943982384409	0.11570771701149996	0.6891087912449201	1.374533861889978	0.18061801392030996	0.30046816077986005	1.002468813168478	0.27912067516849004	0.7756260301650251	0.3683851316098501	0.43674869348164	5.42361492082503	0.41193235125138017	1.349002616605065	5.42361492082503	0.12773481448563007	0.01029612336286001	0.7231486236507201	5.42361492082503	0.791000537295783	0.8652568239389241
BN373_32821_1-180	0.20836899927193997	0.0	0.5008419266956121	1.0745884457199741	0.1763189350835601	0.1478759028862502	0.3869902449388971	0.831073541300501	0.5510708245721501	0.09266128226044001	0.4807397919729801	1.166164862618038	0.02775098535163001	0.09209916150792008	0.794099813896538	0.07075167589655007	0.5672570308930851	0.16001613233791012	0.22837969420970006	5.63198392009697	0.2035633519794402	1.140633617333125	5.63198392009697	0.0806341847863099	0.21866512263479998	0.5147796243787801	5.63198392009697	0.582631538023843	0.6568878246669841
SEN2690_1-180	0.7092109259675521	0.5008419266956121	0.0	0.573746519024362	0.324522991612052	0.35296602380936193	0.113851681756715	0.3302316146048889	0.05022889787653795	0.5935032089560521	0.020102134722632004	0.665322935922426	0.5285929120472421	0.40874276518769204	0.29325788720092594	0.43009025079906205	0.06641510419747298	0.340825794357702	0.27246223248591206	6.132825846792582	0.2972785747161719	0.639791690637513	6.132825846792582	0.581476111481922	0.7195070493304121	0.013937697683167993	6.132825846792582	0.08178961132823093	0.15604589797137203
STM_MW23431_1-180	1.282957444991914	1.0745884457199741	0.573746519024362	0.0	0.898269510636414	0.926712542833724	0.687598200781077	0.24351490441947304	0.5235176211478241	1.1672497279804142	0.593848653746994	0.091576416898064	1.1023394310716041	0.9824892842120541	0.28048863182343603	1.003836769823424	0.507331414826889	0.914572313382064	0.8462087515102741	6.706572365816944	0.8710250937405339	0.06604517161315102	6.706572365816944	1.155222630506284	1.2932535683547741	0.559808821341194	6.706572365816944	0.49195690769613104	0.41770062105298994
CS17_02773_1-180	0.3846879343555001	0.1763189350835601	0.324522991612052	0.898269510636414	0.0	0.028443032197309925	0.210671309855337	0.6547546062169409	0.37475188948858995	0.2689802173440001	0.30442085688942	0.989845927534478	0.20406992043519012	0.08421977357564003	0.6177808788129779	0.10556725918701004	0.390938095809525	0.01630280274564999	0.052060759126139944	5.80830285518053	0.027244416895880086	0.964314682249565	5.80830285518053	0.25695311986987	0.3949840577183601	0.33846068929522	5.80830285518053	0.40631260294028293	0.48056888958342403
ENC_39300_1-180	0.35624490215819016	0.1478759028862502	0.35296602380936193	0.926712542833724	0.028443032197309925	0.0	0.23911434205264692	0.6831976384142509	0.4031949216858999	0.2405371851466902	0.3328638890867299	1.018288959731788	0.1756268882378802	0.05577674137833011	0.6462239110102879	0.07712422698970012	0.4193811280068349	0.012140229451659934	0.08050379132344987	5.77985982298322	0.05568744909319001	0.9927577144468749	5.77985982298322	0.2285100876725601	0.36654102552105017	0.3669037214925299	5.77985982298322	0.43475563513759286	0.509011921780734
SL1344_2290_1-180	0.5953592442108371	0.3869902449388971	0.113851681756715	0.687598200781077	0.210671309855337	0.23911434205264692	0.0	0.44408329636160393	0.16408057963325295	0.4796515271993371	0.093749547034083	0.779174617679141	0.4147412302905271	0.29489108343097703	0.40710956895764094	0.31623856904234704	0.180266785954188	0.226974112600987	0.15861055072919705	6.018974165035867	0.1834268929594569	0.753643372394228	6.018974165035867	0.467624429725207	0.6056553675736971	0.127789379439883	6.018974165035867	0.19564129308494593	0.26989757972808703
ETEC_2416_1-180	1.039442540572441	0.831073541300501	0.3302316146048889	0.24351490441947304	0.6547546062169409	0.6831976384142509	0.44408329636160393	0.0	0.280002716728351	0.923734823560941	0.3503337493275209	0.33509132131753705	0.858824526652131	0.738974379792581	0.036973727403962986	0.760321865403951	0.26381651040741594	0.6710574089625909	0.602693847090801	6.4630574613974705	0.6275101893210608	0.30956007603262403	6.4630574613974705	0.9117077260868109	1.049738663935301	0.31629391692172093	6.4630574613974705	0.248442003276658	0.1741857166335169
ETEC_2593_1-180	0.75943982384409	0.5510708245721501	0.05022889787653795	0.5235176211478241	0.37475188948858995	0.4031949216858999	0.16408057963325295	0.280002716728351	0.0	0.6437321068325901	0.07033103259916995	0.615094038045888	0.5788218099237801	0.45897166306423	0.243028989324388	0.4803191486756	0.016186206320935037	0.39105469223423994	0.32269113036245	6.1830547446691195	0.34750747259270987	0.589562792760975	6.1830547446691195	0.63170500935846	0.76973594720695	0.036291200193369955	6.1830547446691195	0.03156071345169298	0.10581700009483408
STMMW_28101_1-180	0.11570771701149996	0.09266128226044001	0.5935032089560521	1.1672497279804142	0.2689802173440001	0.2405371851466902	0.4796515271993371	0.923734823560941	0.6437321068325901	0.0	0.5734010742334201	1.258826144878478	0.06491029690881	0.1847604437683601	0.8867610961569781	0.16341295815699008	0.6599183131535251	0.25267741459835014	0.32104097647014007	5.53932263783653	0.2962246342398802	1.233294899593565	5.53932263783653	0.01202709747413011	0.12600384037435997	0.6074409066392201	5.53932263783653	0.6752928202842831	0.7495491069274242
ROD_30911_1-180	0.6891087912449201	0.4807397919729801	0.020102134722632004	0.593848653746994	0.30442085688942	0.3328638890867299	0.093749547034083	0.3503337493275209	0.07033103259916995	0.5734010742334201	0.0	0.685425070645058	0.5084907773246101	0.38864063046506003	0.31336002192355794	0.40998811607643004	0.08651723892010499	0.32072365963507	0.25236009776328006	6.1127237120699505	0.2771764399935399	0.659893825360145	6.1127237120699505	0.56137397675929	0.6994049146077801	0.0340398324058	6.1127237120699505	0.10189174605086293	0.17614803269400403
t0543_1-180	1.374533861889978	1.166164862618038	0.665322935922426	0.091576416898064	0.989845927534478	1.018288959731788	0.779174617679141	0.33509132131753705	0.615094038045888	1.258826144878478	0.685425070645058	0.0	1.193915847969668	1.074065701110118	0.37206504872150004	1.095413186721488	0.598907831724953	1.006148730280128	0.937785168408338	6.798148782715008	0.9626015106385979	0.02553124528491299	6.798148782715008	1.246799047404348	1.384829985252838	0.651385238239258	6.798148782715008	0.583533324594195	0.509277037951054
ETEC_2911_1-180	0.18061801392030996	0.02775098535163001	0.5285929120472421	1.1023394310716041	0.20406992043519012	0.1756268882378802	0.4147412302905271	0.858824526652131	0.5788218099237801	0.06491029690881	0.5084907773246101	1.193915847969668	0.0	0.11985014685955009	0.8218507992481681	0.09850266124818008	0.5950080162447151	0.18776711768954013	0.25613067956133007	5.60423293474534	0.2313143373310702	1.168384602684755	5.60423293474534	0.052883199434679895	0.19091413728316997	0.5425306097304101	5.60423293474534	0.610382523375473	0.6846388100186142
STMMW_23431_1-180	0.30046816077986005	0.09209916150792008	0.40874276518769204	0.9824892842120541	0.08421977357564003	0.05577674137833011	0.29489108343097703	0.738974379792581	0.45897166306423	0.1847604437683601	0.38864063046506003	1.074065701110118	0.11985014685955009	0.0	0.702000652388618	0.02134748561137001	0.475157869385165	0.06791697082999004	0.13628053270177998	5.72408308160489	0.11146419047152012	1.048534455825205	5.72408308160489	0.17273334629422998	0.31076428414272006	0.42268046287086003	5.72408308160489	0.49053237651592296	0.5647886631590641
SEN2303_1-180	1.002468813168478	0.794099813896538	0.29325788720092594	0.28048863182343603	0.6177808788129779	0.6462239110102879	0.40710956895764094	0.036973727403962986	0.243028989324388	0.8867610961569781	0.31336002192355794	0.37206504872150004	0.8218507992481681	0.702000652388618	0.0	0.723348137999988	0.22684278300345295	0.6340836815586279	0.565720119686838	6.426083733993508	0.5905364619170979	0.346533803436587	6.426083733993508	0.874733998682848	1.012764936531338	0.27932018951775794	6.426083733993508	0.211468275872695	0.1372119892295539
NCTC13441_01056_1-180	0.27912067516849004	0.07075167589655007	0.43009025079906205	1.003836769823424	0.10556725918701004	0.07712422698970012	0.31623856904234704	0.760321865403951	0.4803191486756	0.16341295815699008	0.40998811607643004	1.095413186721488	0.09850266124818008	0.02134748561137001	0.723348137999988	0.0	0.49650535499653503	0.08926445644136005	0.15762801831315	5.70273559599352	0.13281167608289013	1.069881941436575	5.70273559599352	0.15138586068285997	0.28941679853135005	0.44402794848223004	5.70273559599352	0.511879862127293	0.5861361487704341
ROD_26831_1-180	0.7756260301650251	0.5672570308930851	0.06641510419747298	0.507331414826889	0.390938095809525	0.4193811280068349	0.180266785954188	0.26381651040741594	0.016186206320935037	0.6599183131535251	0.08651723892010499	0.598907831724953	0.5950080162447151	0.475157869385165	0.22684278300345295	0.49650535499653503	0.0	0.407240898555175	0.33887733668338504	6.199240950990055	0.3636936789136449	0.57337658644004	6.199240950990055	0.647891215679395	0.7859221535278851	0.05247740651430499	6.199240950990055	0.015374507130757942	0.08963079377389904
ERS227112_03907_1-180	0.3683851316098501	0.16001613233791012	0.340825794357702	0.914572313382064	0.01630280274564999	0.012140229451659934	0.226974112600987	0.6710574089625909	0.39105469223423994	0.25267741459835014	0.32072365963507	1.006148730280128	0.18776711768954013	0.06791697082999004	0.6340836815586279	0.08926445644136005	0.407240898555175	0.0	0.06836356187178994	5.79200005243488	0.04354721964153008	0.980617484995215	5.79200005243488	0.24065031712422003	0.3786812549727101	0.35476349204087	5.79200005243488	0.4226154056859329	0.496871692329074
ENC_29730_1-180	0.43674869348164	0.22837969420970006	0.27246223248591206	0.8462087515102741	0.052060759126139944	0.08050379132344987	0.15861055072919705	0.602693847090801	0.32269113036245	0.32104097647014007	0.25236009776328006	0.937785168408338	0.25613067956133007	0.13628053270177998	0.565720119686838	0.15762801831315	0.33887733668338504	0.06836356187178994	0.0	5.86036361430667	0.024816342230259858	0.912253923123425	5.86036361430667	0.30901387899600996	0.44704481684450004	0.28639993016908005	5.86036361430667	0.354251843814143	0.4285081304572841
b2281_1-180	5.42361492082503	5.63198392009697	6.132825846792582	6.706572365816944	5.80830285518053	5.77985982298322	6.018974165035867	6.4630574613974705	6.1830547446691195	5.53932263783653	6.1127237120699505	6.798148782715008	5.60423293474534	5.72408308160489	6.426083733993508	5.70273559599352	6.199240950990055	5.79200005243488	5.86036361430667	0.0	5.83554727207641	6.772617537430095	0.0	5.5513497353106604	5.4133187974621695	6.14676354447575	0.0	6.214615458120813	6.288871744763954
STM_MW28101_1-180	0.41193235125138017	0.2035633519794402	0.2972785747161719	0.8710250937405339	0.027244416895880086	0.05568744909319001	0.1834268929594569	0.6275101893210608	0.34750747259270987	0.2962246342398802	0.2771764399935399	0.9626015106385979	0.2313143373310702	0.11146419047152012	0.5905364619170979	0.13281167608289013	0.3636936789136449	0.04354721964153008	0.024816342230259858	5.83554727207641	0.0	0.9370702653536849	5.83554727207641	0.2841975367657501	0.4222284746142402	0.3112162723993399	5.83554727207641	0.37906818604440284	0.45332447268754394
NCTC13441_01430_1-180	1.349002616605065	1.140633617333125	0.639791690637513	0.06604517161315102	0.964314682249565	0.9927577144468749	0.753643372394228	0.30956007603262403	0.589562792760975	1.233294899593565	0.659893825360145	0.02553124528491299	1.168384602684755	1.048534455825205	0.346533803436587	1.069881941436575	0.57337658644004	0.980617484995215	0.912253923123425	6.772617537430095	0.9370702653536849	0.0	6.772617537430095	1.221267802119435	1.359298739967925	0.625853992954345	6.772617537430095	0.558002079309282	0.48374579266614093
b2720_1-180	5.42361492082503	5.63198392009697	6.132825846792582	6.706572365816944	5.80830285518053	5.77985982298322	6.018974165035867	6.4630574613974705	6.1830547446691195	5.53932263783653	6.1127237120699505	6.798148782715008	5.60423293474534	5.72408308160489	6.426083733993508	5.70273559599352	6.199240950990055	5.79200005243488	5.86036361430667	0.0	5.83554727207641	6.772617537430095	0.0	5.5513497353106604	5.4133187974621695	6.14676354447575	0.0	6.214615458120813	6.288871744763954
CS17_03040_1-180	0.12773481448563007	0.0806341847863099	0.581476111481922	1.155222630506284	0.25695311986987	0.2285100876725601	0.467624429725207	0.9117077260868109	0.63170500935846	0.01202709747413011	0.56137397675929	1.246799047404348	0.052883199434679895	0.17273334629422998	0.874733998682848	0.15138586068285997	0.647891215679395	0.24065031712422003	0.30901387899600996	5.5513497353106604	0.2841975367657501	1.221267802119435	5.5513497353106604	0.0	0.13803093784849008	0.59541380916509	5.5513497353106604	0.663265722810153	0.737522009453294
BN373_36901_1-180	0.01029612336286001	0.21866512263479998	0.7195070493304121	1.2932535683547741	0.3949840577183601	0.36654102552105017	0.6056553675736971	1.049738663935301	0.76973594720695	0.12600384037435997	0.6994049146077801	1.384829985252838	0.19091413728316997	0.31076428414272006	1.012764936531338	0.28941679853135005	0.7859221535278851	0.3786812549727101	0.44704481684450004	5.4133187974621695	0.4222284746142402	1.359298739967925	5.4133187974621695	0.13803093784849008	0.0	0.7334447470135801	5.4133187974621695	0.801296660658643	0.8755529473017841
ERS227112_01603_1-180	0.7231486236507201	0.5147796243787801	0.013937697683167993	0.559808821341194	0.33846068929522	0.3669037214925299	0.127789379439883	0.31629391692172093	0.036291200193369955	0.6074409066392201	0.0340398324058	0.651385238239258	0.5425306097304101	0.42268046287086003	0.27932018951775794	0.44402794848223004	0.05247740651430499	0.35476349204087	0.28639993016908005	6.14676354447575	0.3112162723993399	0.625853992954345	6.14676354447575	0.59541380916509	0.7334447470135801	0.0	6.14676354447575	0.06785191364506293	0.14210820028820403
b2488_1-180	5.42361492082503	5.63198392009697	6.132825846792582	6.706572365816944	5.80830285518053	5.77985982298322	6.018974165035867	6.4630574613974705	6.1830547446691195	5.53932263783653	6.1127237120699505	6.798148782715008	5.60423293474534	5.72408308160489	6.426083733993508	5.70273559599352	6.199240950990055	5.79200005243488	5.86036361430667	0.0	5.83554727207641	6.772617537430095	0.0	5.5513497353106604	5.4133187974621695	6.14676354447575	0.0	6.214615458120813	6.288871744763954
CS17_02527_1-180	0.791000537295783	0.582631538023843	0.08178961132823093	0.49195690769613104	0.40631260294028293	0.43475563513759286	0.19564129308494593	0.248442003276658	0.03156071345169298	0.6752928202842831	0.10189174605086293	0.583533324594195	0.610382523375473	0.49053237651592296	0.211468275872695	0.511879862127293	0.015374507130757942	0.4226154056859329	0.354251843814143	6.214615458120813	0.37906818604440284	0.558002079309282	6.214615458120813	0.663265722810153	0.801296660658643	0.06785191364506293	6.214615458120813	0.0	0.0742562866431411
t2750_1-180	0.8652568239389241	0.6568878246669841	0.15604589797137203	0.41770062105298994	0.48056888958342403	0.509011921780734	0.26989757972808703	0.1741857166335169	0.10581700009483408	0.7495491069274242	0.17614803269400403	0.509277037951054	0.6846388100186142	0.5647886631590641	0.1372119892295539	0.5861361487704341	0.08963079377389904	0.496871692329074	0.4285081304572841	6.288871744763954	0.45332447268754394	0.48374579266614093	6.288871744763954	0.737522009453294	0.8755529473017841	0.14210820028820403	6.288871744763954	0.0742562866431411	0.0
