STMMW_23721_1-297	0.0	0.3073260073350824	0.2616014125920312	-1	0.7092648295078927	0.1008888788659481	0.3909408407458169	0.12686773099368054	0.4708055606111632	0.17180199554184505	0.33128840593094655	0.16987518357899856	0.23411635595163638
ERS227112_03885_1-297	0.3073260073350824	0.0	0.04572459474305124	-1	0.4019388221728103	0.2064371284691343	0.0836148334107345	0.18045827634140188	0.16347955327608077	0.4791280028769275	0.02396239859586413	0.13745082375608386	0.07320965138344604
SEN2332_1-297	0.2616014125920312	0.04572459474305124	0.0	-1	0.44766341691586153	0.16071253372608307	0.12933942815378574	0.13473368159835064	0.209204148019132	0.43340340813387623	0.06968699333891537	0.09172622901303262	0.0274850566403948
b2304_1-297	-1	-1	-1	-1	-1	-1	-1	-1	-1	-1	-1	-1	-1
t0514_1-297	0.7092648295078927	0.4019388221728103	0.44766341691586153	-1	0.0	0.6083759506419446	0.3183239887620758	0.5823970985142122	0.23845926889672953	0.8810668250497378	0.37797642357694616	0.5393896459288942	0.47514847355625633
ENC_39040_1-297	0.1008888788659481	0.2064371284691343	0.16071253372608307	-1	0.6083759506419446	0.0	0.2900519618798688	0.025978852127732432	0.3699166817452151	0.27269087440779316	0.23039952706499844	0.06898630471305045	0.13322747708568827
CS17_02551_1-297	0.3909408407458169	0.0836148334107345	0.12933942815378574	-1	0.3183239887620758	0.2900519618798688	0.0	0.2640731097521364	0.07986471986534627	0.562742836287662	0.05965243481487037	0.22106565716681836	0.15682448479418054
ETEC_2439_1-297	0.12686773099368054	0.18045827634140188	0.13473368159835064	-1	0.5823970985142122	0.025978852127732432	0.2640731097521364	0.0	0.34393782961748265	0.2986697265355256	0.204420674937266	0.04300745258531802	0.10724862495795584
NCTC13441_01406_1-297	0.4708055606111632	0.16347955327608077	0.209204148019132	-1	0.23845926889672953	0.3699166817452151	0.07986471986534627	0.34393782961748265	0.0	0.6426075561530082	0.13951715468021664	0.30093037703216463	0.2366892046595268
SL1344_2319_1-297	0.17180199554184505	0.4791280028769275	0.43340340813387623	-1	0.8810668250497378	0.27269087440779316	0.562742836287662	0.2986697265355256	0.6426075561530082	0.0	0.5030904014727916	0.3416771791208436	0.40591835149348143
STM_MW23721_1-297	0.33128840593094655	0.02396239859586413	0.06968699333891537	-1	0.37797642357694616	0.23039952706499844	0.05965243481487037	0.204420674937266	0.13951715468021664	0.5030904014727916	0.0	0.161413222351948	0.09717204997931017
ROD_27121_1-297	0.16987518357899856	0.13745082375608386	0.09172622901303262	-1	0.5393896459288942	0.06898630471305045	0.22106565716681836	0.04300745258531802	0.30093037703216463	0.3416771791208436	0.161413222351948	0.0	0.06424117237263782
BN373_33041_1-297	0.23411635595163638	0.07320965138344604	0.0274850566403948	-1	0.47514847355625633	0.13322747708568827	0.15682448479418054	0.10724862495795584	0.2366892046595268	0.40591835149348143	0.09717204997931017	0.06424117237263782	0.0
