ETEC_2532_1-124	0.0	0.6090039070934358	0.32291368743292137	0.535327547678427	0.1427065522315909	0.36745996868512887	-1	0.46499656359045805	0.5790388203069093
SEN2419_1-127	0.6090039070934358	0.0	0.2860902196605144	0.07367635941500872	0.7517104593250267	0.2415439384083069	-1	0.14400734350297772	0.02996508678652643
SL1344_2401_1-126	0.32291368743292137	0.2860902196605144	0.0	0.21241386024550568	0.46562023966451227	0.0445462812522075	-1	0.14208287615753667	0.25612513287398797
t0419_1-125	0.535327547678427	0.07367635941500872	0.21241386024550568	0.0	0.678034099910018	0.16786757899329818	-1	0.070330984087969	0.04371127262848229
CS17_02708_1-123	0.1427065522315909	0.7517104593250267	0.46562023966451227	0.678034099910018	0.0	0.5101665209167198	-1	0.607703115822049	0.7217453725385002
STMMW_24571_1-126	0.36745996868512887	0.2415439384083069	0.0445462812522075	0.16786757899329818	0.5101665209167198	0.0	-1	0.09753659490532918	0.21157885162178047
b2419_1-124	-1	-1	-1	-1	-1	-1	-1	-1	-1
STM_MW24571_1-127	0.46499656359045805	0.14400734350297772	0.14208287615753667	0.070330984087969	0.607703115822049	0.09753659490532918	-1	0.0	0.1140422567164513
NCTC13441_01299_1-123	0.5790388203069093	0.02996508678652643	0.25612513287398797	0.04371127262848229	0.7217453725385002	0.21157885162178047	-1	0.1140422567164513	0.0
