ERS227112_03898_1-404	0.0	0.27792967639630994	0.40411326796441016	5.71247546328976	0.3159239567885139	0.49500839429571497	0.04633189119987002	0.11469809417424992	0.39737038681732995	0.0020062077852400773	0.5406029530971219	0.36250829470923396	0.4891528807120099	0.6361022848794409	0.04024798037221	0.4095408898401469	0.008846901365830107	0.8843474491450759	5.71247546328976	0.3199274224322399	0.26181104808519984	0.18564600293176992	0.25974837599347	0.38751844348518694	0.4264109664431601	0.3167688593960799	5.71247546328976	0.059044527333690144	0.002348437697979877	0.6274925980641949	0.614742410087388	0.12497682214462014	0.11286406217450007	0.7101926882549069	0.0024837528253298657	0.11386428461192999	0.9566325801582769	0.5356509614692009	0.07734939784191996	0.48532198881033095	0.5311885981749779	0.0811440872942899	0.33963801872437394	0.2587165724320599
SEN2388_7-397	0.27792967639630994	0.0	0.6820429443607201	5.99040513968607	0.03799428039220398	0.21707871789940503	0.23159778519643992	0.16323158222206002	0.11944071042102	0.27993588418155	0.262673276700812	0.08457861831292401	0.21122320431569996	0.3581726084831309	0.23768169602409994	0.13161121344383697	0.28677657776214005	0.606417772748766	5.99040513968607	0.041997746035929984	0.016118628311110106	0.09228367346454003	0.01818130040283994	0.10958876708887699	0.7043406428394701	0.03883918299976996	5.99040513968607	0.3369742037300001	0.27558123869833007	0.34956292166788494	0.336812733691078	0.4029064985409301	0.39079373857081	0.43226301185859695	0.2754459235709801	0.16406539178437995	0.678702903761967	0.25772128507289094	0.20058027855438998	0.207392312414021	0.25325892177866793	0.19678558910202004	0.06170834232806399	0.019213103964250022
CS17_02537_1-404	0.40411326796441016	0.6820429443607201	0.0	5.3083621953253495	0.7200372247529241	0.8991216622601251	0.4504451591642802	0.5188113621386601	0.8014836547817401	0.4021070601791701	0.9447162210615321	0.7666215626736441	0.8932661486764201	1.040215552843851	0.44436124833662016	0.8136541578045571	0.39526636659858005	1.2884607171094862	5.3083621953253495	0.7240406903966501	0.66592431604961	0.5897592708961801	0.6638616439578802	0.7916317114495971	0.02229769847874996	0.7208821273604901	5.3083621953253495	0.34506874063072	0.40646170566239004	1.0316058660286052	1.018855678051798	0.27913644581979	0.2912492057899101	1.114305956219317	0.40659702078974	0.5179775525763402	1.360745848122687	0.939764229433611	0.4814626658063301	0.8894352567747411	0.935301866139388	0.48525735525870006	0.7437512866887841	0.6628298403964701
b0600_3-386	5.71247546328976	5.99040513968607	5.3083621953253495	0.0	6.028399420078274	6.207483857585475	5.75880735448963	5.82717355746401	6.1098458501070905	5.7104692555045204	6.253078416386882	6.074983757998994	6.20162834400177	6.348577748169201	5.75272344366197	6.122016353129907	5.70362856192393	6.596822912434836	0.0	6.032402885722	5.9742865113749595	5.89812146622153	5.97222383928323	6.099993906774947	5.2860644968466	6.02924432268584	0.0	5.65343093595607	5.71482390098774	6.339968061353955	6.327217873377148	5.58749864114514	5.59961140111526	6.422668151544667	5.71495921611509	5.82633974790169	6.669108043448037	6.248126424758961	5.78982486113168	6.197797452100091	6.243664061464738	5.79361955058405	6.052113482014134	5.9711920357218204
ERS227112_03844_7-397	0.3159239567885139	0.03799428039220398	0.7200372247529241	6.028399420078274	0.0	0.17908443750720104	0.2695920655886439	0.201225862614264	0.08144643002881602	0.317930164573754	0.224678996308608	0.04658433792072003	0.17322892392349598	0.32017832809092694	0.2756759764163039	0.09361693305163299	0.32477085815434403	0.568423492356562	6.028399420078274	0.004003465643726001	0.05411290870331409	0.130277953856744	0.05617558079504392	0.07159448669667301	0.742334923231674	0.0008449026075659782	6.028399420078274	0.37496848412220407	0.31357551909053405	0.31156864127568096	0.298818453298874	0.44090077893313406	0.428788018963014	0.39426873146639296	0.31344020396318406	0.20205967217658394	0.640708623369763	0.21972700468068695	0.23857455894659396	0.16939803202181702	0.21526464138646395	0.23477986949422402	0.02371406193586001	0.057207384356454005
SL1344_0591_3-386	0.49500839429571497	0.21707871789940503	0.8991216622601251	6.207483857585475	0.17908443750720104	0.0	0.44867650309584495	0.38031030012146505	0.09763800747838502	0.49701460208095505	0.04559455880140695	0.132500099586481	0.005855513583705063	0.1410938905837259	0.45476041392350497	0.08546750445556806	0.5038552956615451	0.38933905484936093	6.207483857585475	0.17508097186347504	0.23319734621051513	0.30936239136394506	0.23526001830224497	0.10748995081052803	0.9214193607388751	0.17823953489963507	6.207483857585475	0.5540529216294051	0.4926599565977351	0.1324842037684799	0.11973401579167298	0.6199852164403351	0.607872456470215	0.21518429395919192	0.4925246414703851	0.381144109683785	0.46162418586256193	0.04064256717348591	0.417658996453795	0.00968640548538402	0.03618020387926291	0.41386430700142507	0.15537037557134104	0.23629182186365505
BN373_20671_19-390	0.04633189119987002	0.23159778519643992	0.4504451591642802	5.75880735448963	0.2695920655886439	0.44867650309584495	0.0	0.0683662029743799	0.3510384956174599	0.0483380989851101	0.4942710618972519	0.31617640350936393	0.4428209895121399	0.5897703936795708	0.006083910827660022	0.3632089986402769	0.05517879256570013	0.8380155579452059	5.75880735448963	0.2735955312323699	0.21547915688532981	0.1393141117318999	0.21341648479359998	0.3411865522853169	0.47274285764303015	0.2704369681962099	5.75880735448963	0.10537641853356017	0.043983453501890146	0.5811607068643249	0.5684105188875179	0.17130871334449016	0.1591959533743701	0.6638607970550369	0.04384813837454016	0.06753239341205997	0.9103006889584069	0.48931907026933086	0.03101750664204994	0.4389900976104609	0.48485670697510785	0.03481219609441988	0.2933061275245039	0.2123846812321899
STM_MW23531_1-404	0.11469809417424992	0.16323158222206002	0.5188113621386601	5.82717355746401	0.201225862614264	0.38031030012146505	0.0683662029743799	0.0	0.28267229264308	0.11670430195949	0.425904858922872	0.24781020053498404	0.37445478653776	0.521404190705191	0.07445011380203992	0.294842795665897	0.12354499554008003	0.769649354970826	5.82717355746401	0.20522932825799	0.14711295391094992	0.07094790875752	0.14505028181922008	0.272820349310937	0.54110906061741	0.20207076522182998	5.82717355746401	0.17374262150794006	0.11234965647627004	0.512794503889945	0.500044315913138	0.23967491631887006	0.22756215634875	0.595494594080657	0.11221434134892005	0.0008338095623199315	0.841934485984027	0.42095286729495096	0.037348696332329956	0.37062389463608103	0.41649050400072796	0.03355400687996002	0.22493992455012402	0.14401847825781
BN373_07601_3-400	0.39737038681732995	0.11944071042102	0.8014836547817401	6.1098458501070905	0.08144643002881602	0.09763800747838502	0.3510384956174599	0.28267229264308	0.0	0.39937659460257	0.14323256627979197	0.03486209210809599	0.09178249389467996	0.23873189806211093	0.35712240644511994	0.01217050302281697	0.40621728818316005	0.48697706232774596	6.1098458501070905	0.07744296438509002	0.1355593387321301	0.21172438388556003	0.13762201082385994	0.00985194333214301	0.8237813532604901	0.08060152742125004	6.1098458501070905	0.4564149141510201	0.39502194911935007	0.23012221124686494	0.217372023270058	0.5223472089619501	0.51023444899183	0.31282230143757694	0.3948866339920001	0.28350610220539996	0.559262193340947	0.13828057465187094	0.32002098897541	0.087951601993001	0.13381821135764793	0.31622629952304004	0.05773236809295601	0.13865381438527002
SL1344_2300_1-404	0.0020062077852400773	0.27993588418155	0.4021070601791701	5.7104692555045204	0.317930164573754	0.49701460208095505	0.0483380989851101	0.11670430195949	0.39937659460257	0.0	0.542609160882362	0.36451450249447404	0.49115908849725	0.638108492664681	0.04225418815745008	0.411547097625387	0.006840693580590029	0.886353656930316	5.7104692555045204	0.32193363021748	0.2638172558704399	0.18765221071701	0.2617545837787101	0.389524651270427	0.42440475865792004	0.31877506718132	5.7104692555045204	0.05703831954845007	0.004354645483219954	0.629498805849435	0.616748617872628	0.12297061435938006	0.11085785438925999	0.712198896040147	0.004489960610569943	0.11587049239717007	0.958638787943517	0.537657169254441	0.07935560562716004	0.48732819659557103	0.533194805960218	0.08315029507952998	0.341644226509614	0.2607227802173
STMMW_06681_3-386	0.5406029530971219	0.262673276700812	0.9447162210615321	6.253078416386882	0.224678996308608	0.04559455880140695	0.4942710618972519	0.425904858922872	0.14323256627979197	0.542609160882362	0.0	0.17809465838788796	0.05145007238511201	0.09549933178231895	0.5003549727249119	0.131062063256975	0.549449854462952	0.343744496047954	6.253078416386882	0.220675530664882	0.2787919050119221	0.354956950165352	0.2808545771036519	0.15308450961193498	0.967013919540282	0.22383409370104201	6.253078416386882	0.5996474804308121	0.538254515399142	0.08688964496707297	0.07413945699026603	0.665579775241742	0.653467015271622	0.16958973515778497	0.538119200271792	0.42673866848519193	0.416029627061155	0.004951991627921037	0.46325355525520195	0.05528096428679097	0.009414354922144041	0.459458865802832	0.20096493437274798	0.281886380665062
ERS227112_03084_2-387	0.36250829470923396	0.08457861831292401	0.7666215626736441	6.074983757998994	0.04658433792072003	0.132500099586481	0.31617640350936393	0.24781020053498404	0.03486209210809599	0.36451450249447404	0.17809465838788796	0.0	0.12664458600277595	0.2735939901702069	0.32226031433702396	0.04703259513091296	0.37135519607506406	0.521839154435842	6.074983757998994	0.04258087227699403	0.10069724662403412	0.17686229177746404	0.10275991871576395	0.02501014877595298	0.7889192611523941	0.04573943531315405	6.074983757998994	0.4215528220429241	0.3601598570112541	0.2649843033549609	0.252234115378154	0.4874851168538541	0.475372356883734	0.34768439354567293	0.3600245418839041	0.24864401009730397	0.5941242854490429	0.17314266675996692	0.285158896867314	0.12281369410109699	0.16868030346574392	0.28136420741494406	0.022870275984860022	0.10379172227717404
NCTC13441_03394_3-387	0.4891528807120099	0.21122320431569996	0.8932661486764201	6.20162834400177	0.17322892392349598	0.005855513583705063	0.4428209895121399	0.37445478653776	0.09178249389467996	0.49115908849725	0.05145007238511201	0.12664458600277595	0.0	0.14694940416743096	0.4489049003397999	0.07961199087186299	0.49799978207784	0.395194568433066	6.20162834400177	0.16922545827976998	0.22734183262681007	0.30350687778024	0.2294045047185399	0.10163443722682297	0.91556384715517	0.17238402131593	6.20162834400177	0.5481974080457	0.48680444301403003	0.13833971735218498	0.12558952937537804	0.61412970285663	0.60201694288651	0.22103980754289698	0.48666912788668004	0.3752885961000799	0.467479699446267	0.046498080757190974	0.41180348287008994	0.0038308919016789567	0.04203571746296797	0.40800879341772	0.14951486198763597	0.23043630827995
t0455_7-397	0.6361022848794409	0.3581726084831309	1.040215552843851	6.348577748169201	0.32017832809092694	0.1410938905837259	0.5897703936795708	0.521404190705191	0.23873189806211093	0.638108492664681	0.09549933178231895	0.2735939901702069	0.14694940416743096	0.0	0.5958543045072309	0.22656139503929396	0.644949186245271	0.24824516426563503	6.348577748169201	0.31617486244720094	0.37429123679424103	0.45045628194767096	0.37635390888597087	0.24858384139425393	1.062513251322601	0.31933342548336097	6.348577748169201	0.695146812213131	0.633753847181461	0.008609686815245987	0.021359874792052924	0.761079107024061	0.7489663470539409	0.07409040337546602	0.633618532054111	0.5222380002675109	0.32053029527883603	0.10045132341023999	0.5587528870375209	0.15078029606910992	0.104913686704463	0.554958197585151	0.29646426615506694	0.37738571244738095
BN373_12241_2-386	0.04024798037221	0.23768169602409994	0.44436124833662016	5.75272344366197	0.2756759764163039	0.45476041392350497	0.006083910827660022	0.07445011380203992	0.35712240644511994	0.04225418815745008	0.5003549727249119	0.32226031433702396	0.4489049003397999	0.5958543045072309	0.0	0.3692929094679369	0.04909488173804011	0.8440994687728659	5.75272344366197	0.2796794420600299	0.22156306771298984	0.14539802255955991	0.21950039562126	0.34727046311297693	0.4666589468153701	0.2765208790238699	5.75272344366197	0.09929250770590015	0.037899542674230124	0.5872446176919849	0.574494429715178	0.16522480251683014	0.15311204254671007	0.6699447078826969	0.037764227546880136	0.07361630423971999	0.9163845997860669	0.4954029810969909	0.03710141746970996	0.44507400843812095	0.4909406178027679	0.0408961069220799	0.29939003835216393	0.21846859205984992
STMMW_24251_7-397	0.4095408898401469	0.13161121344383697	0.8136541578045571	6.122016353129907	0.09361693305163299	0.08546750445556806	0.3632089986402769	0.294842795665897	0.01217050302281697	0.411547097625387	0.131062063256975	0.04703259513091296	0.07961199087186299	0.22656139503929396	0.3692929094679369	0.0	0.418387791205977	0.474806559304929	6.122016353129907	0.08961346740790699	0.14772984175494708	0.223894886908377	0.1497925138466769	0.02202244635495998	0.835951856283307	0.09277203044406701	6.122016353129907	0.46858541717383706	0.40719245214216704	0.21795170822404797	0.20520152024724103	0.534517711984767	0.522404952014647	0.30065179841476	0.40705713701481705	0.2956766052282169	0.54709169031813	0.12611007162905397	0.33219149199822695	0.07578109897018404	0.12164770833483096	0.328396802545857	0.06990287111577298	0.150824317408087
ENC_39210_1-404	0.008846901365830107	0.28677657776214005	0.39526636659858005	5.70362856192393	0.32477085815434403	0.5038552956615451	0.05517879256570013	0.12354499554008003	0.40621728818316005	0.006840693580590029	0.549449854462952	0.37135519607506406	0.49799978207784	0.644949186245271	0.04909488173804011	0.418387791205977	0.0	0.893194350510906	5.70362856192393	0.32877432379807003	0.27065794945102994	0.19449290429760002	0.2685952773593001	0.39636534485101704	0.41756406507733	0.32561576076191	5.70362856192393	0.05019762596786004	0.011195339063809984	0.636339499430025	0.623589311453218	0.11612992077879003	0.10401716080866996	0.719039589620737	0.011330654191159972	0.1227111859777601	0.965479481524107	0.544497862835031	0.08619629920775007	0.49416889017616106	0.540035499540808	0.08999098866012001	0.34848492009020404	0.26756347379789003
t0533_1-404	0.8843474491450759	0.606417772748766	1.2884607171094862	6.596822912434836	0.568423492356562	0.38933905484936093	0.8380155579452059	0.769649354970826	0.48697706232774596	0.886353656930316	0.343744496047954	0.521839154435842	0.395194568433066	0.24824516426563503	0.8440994687728659	0.474806559304929	0.893194350510906	0.0	6.596822912434836	0.564420026712836	0.6225364010598761	0.698701446213306	0.6245990731516059	0.49682900565988897	1.3107584155882361	0.567578589748996	6.596822912434836	0.943391976478766	0.881999011447096	0.256854851080881	0.26960503905768796	1.009324271289696	0.997211511319576	0.174154760890169	0.881863696319746	0.7704831645331459	0.072285131013201	0.348696487675875	0.8069980513031559	0.39902546033474495	0.353158850970098	0.803203361850786	0.544709430420702	0.625630876713016
b2379_7-397	5.71247546328976	5.99040513968607	5.3083621953253495	0.0	6.028399420078274	6.207483857585475	5.75880735448963	5.82717355746401	6.1098458501070905	5.7104692555045204	6.253078416386882	6.074983757998994	6.20162834400177	6.348577748169201	5.75272344366197	6.122016353129907	5.70362856192393	6.596822912434836	0.0	6.032402885722	5.9742865113749595	5.89812146622153	5.97222383928323	6.099993906774947	5.2860644968466	6.02924432268584	0.0	5.65343093595607	5.71482390098774	6.339968061353955	6.327217873377148	5.58749864114514	5.59961140111526	6.422668151544667	5.71495921611509	5.82633974790169	6.669108043448037	6.248126424758961	5.78982486113168	6.197797452100091	6.243664061464738	5.79361955058405	6.052113482014134	5.9711920357218204
CS17_00606_3-387	0.3199274224322399	0.041997746035929984	0.7240406903966501	6.032402885722	0.004003465643726001	0.17508097186347504	0.2735955312323699	0.20522932825799	0.07744296438509002	0.32193363021748	0.220675530664882	0.04258087227699403	0.16922545827976998	0.31617486244720094	0.2796794420600299	0.08961346740790699	0.32877432379807003	0.564420026712836	6.032402885722	0.0	0.05811637434704009	0.13428141950047	0.06017904643876992	0.06759102105294701	0.7463383888754	0.0031585630361600225	6.032402885722	0.37897194976593007	0.31757898473426005	0.30756517563195496	0.294814987655148	0.44490424457686006	0.43279148460674	0.39026526582266696	0.31744366960691006	0.20606313782030994	0.636705157726037	0.21572353903696095	0.24257802459031996	0.16539456637809102	0.21126117574273795	0.23878333513795003	0.01971059629213401	0.061210850000180006
BN373_19821_2-390	0.26181104808519984	0.016118628311110106	0.66592431604961	5.9742865113749595	0.05411290870331409	0.23319734621051513	0.21547915688532981	0.14711295391094992	0.1355593387321301	0.2638172558704399	0.2787919050119221	0.10069724662403412	0.22734183262681007	0.37429123679424103	0.22156306771298984	0.14772984175494708	0.27065794945102994	0.6225364010598761	5.9742865113749595	0.05811637434704009	0.0	0.07616504515342992	0.0020626720917298336	0.1257073953999871	0.68822201452836	0.05495781131088007	5.9742865113749595	0.32085557541889	0.25946261038721996	0.36568154997899505	0.3529313620021881	0.38678787022982	0.3746751102596999	0.44838164016970705	0.25932729525986997	0.14794676347326985	0.6948215320730771	0.27383991338400104	0.18446165024327987	0.2235109407251311	0.26937755008977804	0.18066696079090994	0.0778269706391741	0.0030944756531399165
ROD_26921_1-404	0.18564600293176992	0.09228367346454003	0.5897592708961801	5.89812146622153	0.130277953856744	0.30936239136394506	0.1393141117318999	0.07094790875752	0.21172438388556003	0.18765221071701	0.354956950165352	0.17686229177746404	0.30350687778024	0.45045628194767096	0.14539802255955991	0.223894886908377	0.19449290429760002	0.698701446213306	5.89812146622153	0.13428141950047	0.07616504515342992	0.0	0.07410237306170009	0.20187244055341702	0.61205696937493	0.13112285646431	5.89812146622153	0.24469053026546006	0.18329756523379004	0.44184659513242497	0.42909640715561803	0.31062282507639005	0.29851006510627	0.524546685323137	0.18316225010644005	0.07178171831983993	0.770986577226507	0.35000495853743097	0.10829660508984995	0.29967598587856104	0.34554259524320796	0.10450191563748001	0.15399201579260402	0.07307056950029
ERS227112_05174_19-390	0.25974837599347	0.01818130040283994	0.6638616439578802	5.97222383928323	0.05617558079504392	0.23526001830224497	0.21341648479359998	0.14505028181922008	0.13762201082385994	0.2617545837787101	0.2808545771036519	0.10275991871576395	0.2294045047185399	0.37635390888597087	0.21950039562126	0.1497925138466769	0.2685952773593001	0.6245990731516059	5.97222383928323	0.06017904643876992	0.0020626720917298336	0.07410237306170009	0.0	0.12777006749171693	0.6861593424366301	0.0570204834026099	5.97222383928323	0.31879290332716015	0.2573999382954901	0.3677442220707249	0.35499403409391794	0.38472519813809014	0.3726124381679701	0.4504443122614369	0.25726462316814014	0.14588409138154002	0.6968842041648069	0.2759025854757309	0.18239897815155004	0.22557361281686095	0.2714402221815079	0.1786042886991801	0.07988964273090393	0.001031803561410083
ETEC_0630_3-386	0.38751844348518694	0.10958876708887699	0.7916317114495971	6.099993906774947	0.07159448669667301	0.10748995081052803	0.3411865522853169	0.272820349310937	0.00985194333214301	0.389524651270427	0.15308450961193498	0.02501014877595298	0.10163443722682297	0.24858384139425393	0.34727046311297693	0.02202244635495998	0.39636534485101704	0.49682900565988897	6.099993906774947	0.06759102105294701	0.1257073953999871	0.20187244055341702	0.12777006749171693	0.0	0.8139294099283471	0.07074958408910703	6.099993906774947	0.4465629708188771	0.38517000578720706	0.23997415457900795	0.227223966602201	0.5124952656298071	0.500382505659687	0.32267424476971995	0.38503469065985707	0.27365415887325695	0.56911413667309	0.14813251798401394	0.31016904564326697	0.09780354532514401	0.14367015468979094	0.30637435619089703	0.047880424760813	0.12880187105312702
ETEC_2425_1-404	0.4264109664431601	0.7043406428394701	0.02229769847874996	5.2860644968466	0.742334923231674	0.9214193607388751	0.47274285764303015	0.54110906061741	0.8237813532604901	0.42440475865792004	0.967013919540282	0.7889192611523941	0.91556384715517	1.062513251322601	0.4666589468153701	0.835951856283307	0.41756406507733	1.3107584155882361	5.2860644968466	0.7463383888754	0.68822201452836	0.61205696937493	0.6861593424366301	0.8139294099283471	0.0	0.74317982583924	5.2860644968466	0.36736643910947	0.42875940414114	1.0539035645073551	1.041153376530548	0.30143414429854	0.31354690426866005	1.136603654698067	0.42889471926849	0.5402752510550901	1.383043546601437	0.962061927912361	0.5037603642850801	0.9117329552534911	0.957599564618138	0.50755505373745	0.7660489851675341	0.68512753887522
NCTC13441_01337_7-397	0.3167688593960799	0.03883918299976996	0.7208821273604901	6.02924432268584	0.0008449026075659782	0.17823953489963507	0.2704369681962099	0.20207076522182998	0.08060152742125004	0.31877506718132	0.22383409370104201	0.04573943531315405	0.17238402131593	0.31933342548336097	0.2765208790238699	0.09277203044406701	0.32561576076191	0.567578589748996	6.02924432268584	0.0031585630361600225	0.05495781131088007	0.13112285646431	0.0570204834026099	0.07074958408910703	0.74317982583924	0.0	6.02924432268584	0.37581338672977005	0.3144204216981	0.310723738668115	0.29797355069130804	0.44174568154070004	0.42963292157058	0.393423828858827	0.31428510657075004	0.20290457478414992	0.639863720762197	0.21888210207312098	0.23941946155415994	0.16855312941425105	0.21441973877889797	0.23562477210179	0.02286915932829403	0.05805228696401998
b2290_1-404	5.71247546328976	5.99040513968607	5.3083621953253495	0.0	6.028399420078274	6.207483857585475	5.75880735448963	5.82717355746401	6.1098458501070905	5.7104692555045204	6.253078416386882	6.074983757998994	6.20162834400177	6.348577748169201	5.75272344366197	6.122016353129907	5.70362856192393	6.596822912434836	0.0	6.032402885722	5.9742865113749595	5.89812146622153	5.97222383928323	6.099993906774947	5.2860644968466	6.02924432268584	0.0	5.65343093595607	5.71482390098774	6.339968061353955	6.327217873377148	5.58749864114514	5.59961140111526	6.422668151544667	5.71495921611509	5.82633974790169	6.669108043448037	6.248126424758961	5.78982486113168	6.197797452100091	6.243664061464738	5.79361955058405	6.052113482014134	5.9711920357218204
BN373_32911_1-404	0.059044527333690144	0.3369742037300001	0.34506874063072	5.65343093595607	0.37496848412220407	0.5540529216294051	0.10537641853356017	0.17374262150794006	0.4564149141510201	0.05703831954845007	0.5996474804308121	0.4215528220429241	0.5481974080457	0.695146812213131	0.09929250770590015	0.46858541717383706	0.05019762596786004	0.943391976478766	5.65343093595607	0.37897194976593007	0.32085557541889	0.24469053026546006	0.31879290332716015	0.4465629708188771	0.36736643910947	0.37581338672977005	5.65343093595607	0.0	0.06139296503167002	0.686537125397885	0.6737869374210781	0.06593229481092999	0.053819534840809924	0.769237215588597	0.06152828015902001	0.17290881194562013	1.015677107491967	0.594695488802891	0.1363939251756101	0.5443665161440211	0.590233125508668	0.14018861462798005	0.3986825460580641	0.31776109976575007
SEN2313_1-404	0.002348437697979877	0.27558123869833007	0.40646170566239004	5.71482390098774	0.31357551909053405	0.4926599565977351	0.043983453501890146	0.11234965647627004	0.39502194911935007	0.004354645483219954	0.538254515399142	0.3601598570112541	0.48680444301403003	0.633753847181461	0.037899542674230124	0.40719245214216704	0.011195339063809984	0.881999011447096	5.71482390098774	0.31757898473426005	0.25946261038721996	0.18329756523379004	0.2573999382954901	0.38517000578720706	0.42875940414114	0.3144204216981	5.71482390098774	0.06139296503167002	0.0	0.625144160366215	0.6123939723894081	0.1273252598426	0.11521249987247995	0.707844250556927	0.00013531512734998863	0.11151584691395011	0.954284142460297	0.533302523771221	0.07500096014394009	0.4829735511123511	0.528840160476998	0.07879564959631002	0.33728958102639406	0.25636813473408004
STM_MW24251_7-397	0.6274925980641949	0.34956292166788494	1.0316058660286052	6.339968061353955	0.31156864127568096	0.1324842037684799	0.5811607068643249	0.512794503889945	0.23012221124686494	0.629498805849435	0.08688964496707297	0.2649843033549609	0.13833971735218498	0.008609686815245987	0.5872446176919849	0.21795170822404797	0.636339499430025	0.256854851080881	6.339968061353955	0.30756517563195496	0.36568154997899505	0.44184659513242497	0.3677442220707249	0.23997415457900795	1.0539035645073551	0.310723738668115	6.339968061353955	0.686537125397885	0.625144160366215	0.0	0.012750187976806937	0.752469420208815	0.740356660238695	0.082700090190712	0.625008845238865	0.5136283134522649	0.329139982094082	0.091841636594994	0.5501432002222749	0.14217060925386393	0.096303999889217	0.546348510769905	0.28785457933982095	0.36877602563213496
SEN0572_3-386	0.614742410087388	0.336812733691078	1.018855678051798	6.327217873377148	0.298818453298874	0.11973401579167298	0.5684105188875179	0.500044315913138	0.217372023270058	0.616748617872628	0.07413945699026603	0.252234115378154	0.12558952937537804	0.021359874792052924	0.574494429715178	0.20520152024724103	0.623589311453218	0.26960503905768796	6.327217873377148	0.294814987655148	0.3529313620021881	0.42909640715561803	0.35499403409391794	0.227223966602201	1.041153376530548	0.29797355069130804	6.327217873377148	0.6737869374210781	0.6123939723894081	0.012750187976806937	0.0	0.7397192322320081	0.727606472261888	0.09545027816751894	0.6122586572620581	0.500878125475458	0.34189017007088895	0.07909144861818707	0.537393012245468	0.129420421277057	0.08355381191241007	0.533598322793098	0.275104391363014	0.356025837655328
NCTC13441_01420_1-404	0.12497682214462014	0.4029064985409301	0.27913644581979	5.58749864114514	0.44090077893313406	0.6199852164403351	0.17130871334449016	0.23967491631887006	0.5223472089619501	0.12297061435938006	0.665579775241742	0.4874851168538541	0.61412970285663	0.761079107024061	0.16522480251683014	0.534517711984767	0.11612992077879003	1.009324271289696	5.58749864114514	0.44490424457686006	0.38678787022982	0.31062282507639005	0.38472519813809014	0.5124952656298071	0.30143414429854	0.44174568154070004	5.58749864114514	0.06593229481092999	0.1273252598426	0.752469420208815	0.7397192322320081	0.0	0.012112759970120068	0.835169510399527	0.12746057496995	0.23884110675655013	1.081609402302897	0.660627783613821	0.2023262199865401	0.6102988109549511	0.656165420319598	0.20612090943891004	0.4646148408689941	0.38369339457668006
STMMW_23531_1-404	0.11286406217450007	0.39079373857081	0.2912492057899101	5.59961140111526	0.428788018963014	0.607872456470215	0.1591959533743701	0.22756215634875	0.51023444899183	0.11085785438925999	0.653467015271622	0.475372356883734	0.60201694288651	0.7489663470539409	0.15311204254671007	0.522404952014647	0.10401716080866996	0.997211511319576	5.59961140111526	0.43279148460674	0.3746751102596999	0.29851006510627	0.3726124381679701	0.500382505659687	0.31354690426866005	0.42963292157058	5.59961140111526	0.053819534840809924	0.11521249987247995	0.740356660238695	0.727606472261888	0.012112759970120068	0.0	0.823056750429407	0.11534781499982993	0.22672834678643006	1.069496642332777	0.648515023643701	0.19021346001642003	0.598186050984831	0.644052660349478	0.19400814946878997	0.452502080898874	0.37158063460656
STM_MW06681_3-387	0.7101926882549069	0.43226301185859695	1.114305956219317	6.422668151544667	0.39426873146639296	0.21518429395919192	0.6638607970550369	0.595494594080657	0.31282230143757694	0.712198896040147	0.16958973515778497	0.34768439354567293	0.22103980754289698	0.07409040337546602	0.6699447078826969	0.30065179841476	0.719039589620737	0.174154760890169	6.422668151544667	0.39026526582266696	0.44838164016970705	0.524546685323137	0.4504443122614369	0.32267424476971995	1.136603654698067	0.393423828858827	6.422668151544667	0.769237215588597	0.707844250556927	0.082700090190712	0.09545027816751894	0.835169510399527	0.823056750429407	0.0	0.707708935429577	0.5963284036429769	0.24643989190337	0.174541726785706	0.6328432904129869	0.22487069944457594	0.179004090079929	0.629048600960617	0.37055466953053295	0.45147611582284697
ENC_21160_3-386	0.0024837528253298657	0.2754459235709801	0.40659702078974	5.71495921611509	0.31344020396318406	0.4925246414703851	0.04384813837454016	0.11221434134892005	0.3948866339920001	0.004489960610569943	0.538119200271792	0.3600245418839041	0.48666912788668004	0.633618532054111	0.037764227546880136	0.40705713701481705	0.011330654191159972	0.881863696319746	5.71495921611509	0.31744366960691006	0.25932729525986997	0.18316225010644005	0.25726462316814014	0.38503469065985707	0.42889471926849	0.31428510657075004	5.71495921611509	0.06152828015902001	0.00013531512734998863	0.625008845238865	0.6122586572620581	0.12746057496995	0.11534781499982993	0.707708935429577	0.0	0.11138053178660012	0.954148827332947	0.533167208643871	0.0748656450165901	0.4828382359850011	0.528704845349648	0.07866033446896004	0.33715426589904407	0.25623281960673006
CS17_02668_7-397	0.11386428461192999	0.16406539178437995	0.5179775525763402	5.82633974790169	0.20205967217658394	0.381144109683785	0.06753239341205997	0.0008338095623199315	0.28350610220539996	0.11587049239717007	0.42673866848519193	0.24864401009730397	0.3752885961000799	0.5222380002675109	0.07361630423971999	0.2956766052282169	0.1227111859777601	0.7704831645331459	5.82633974790169	0.20606313782030994	0.14794676347326985	0.07178171831983993	0.14588409138154002	0.27365415887325695	0.5402752510550901	0.20290457478414992	5.82633974790169	0.17290881194562013	0.11151584691395011	0.5136283134522649	0.500878125475458	0.23884110675655013	0.22672834678643006	0.5963284036429769	0.11138053178660012	0.0	0.8427682955463469	0.4217866768572709	0.036514886770010024	0.37145770419840096	0.4173243135630479	0.03272019731764009	0.22577373411244395	0.14485228782012993
t2265_3-386	0.9566325801582769	0.678702903761967	1.360745848122687	6.669108043448037	0.640708623369763	0.46162418586256193	0.9103006889584069	0.841934485984027	0.559262193340947	0.958638787943517	0.416029627061155	0.5941242854490429	0.467479699446267	0.32053029527883603	0.9163845997860669	0.54709169031813	0.965479481524107	0.072285131013201	6.669108043448037	0.636705157726037	0.6948215320730771	0.770986577226507	0.6968842041648069	0.56911413667309	1.383043546601437	0.639863720762197	6.669108043448037	1.015677107491967	0.954284142460297	0.329139982094082	0.34189017007088895	1.081609402302897	1.069496642332777	0.24643989190337	0.954148827332947	0.8427682955463469	0.0	0.420981618689076	0.8792831823163569	0.47131059134794595	0.425443981983299	0.875488492863987	0.616994561433903	0.697916007726217
ERS227112_05250_2-391	0.5356509614692009	0.25772128507289094	0.939764229433611	6.248126424758961	0.21972700468068695	0.04064256717348591	0.48931907026933086	0.42095286729495096	0.13828057465187094	0.537657169254441	0.004951991627921037	0.17314266675996692	0.046498080757190974	0.10045132341023999	0.4954029810969909	0.12611007162905397	0.544497862835031	0.348696487675875	6.248126424758961	0.21572353903696095	0.27383991338400104	0.35000495853743097	0.2759025854757309	0.14813251798401394	0.962061927912361	0.21888210207312098	6.248126424758961	0.594695488802891	0.533302523771221	0.091841636594994	0.07909144861818707	0.660627783613821	0.648515023643701	0.174541726785706	0.533167208643871	0.4217866768572709	0.420981618689076	0.0	0.4583015636272809	0.05032897265886993	0.004462363294223004	0.454506874174911	0.19601294274482695	0.27693438903714096
ENC_11130_3-388	0.07734939784191996	0.20058027855438998	0.4814626658063301	5.78982486113168	0.23857455894659396	0.417658996453795	0.03101750664204994	0.037348696332329956	0.32002098897541	0.07935560562716004	0.46325355525520195	0.285158896867314	0.41180348287008994	0.5587528870375209	0.03710141746970996	0.33219149199822695	0.08619629920775007	0.8069980513031559	5.78982486113168	0.24257802459031996	0.18446165024327987	0.10829660508984995	0.18239897815155004	0.31016904564326697	0.5037603642850801	0.23941946155415994	5.78982486113168	0.1363939251756101	0.07500096014394009	0.5501432002222749	0.537393012245468	0.2023262199865401	0.19021346001642003	0.6328432904129869	0.0748656450165901	0.036514886770010024	0.8792831823163569	0.4583015636272809	0.0	0.407972590968411	0.4538392003330579	0.003794689452369937	0.26228862088245397	0.18136717459013996
ROD_27941_7-397	0.48532198881033095	0.207392312414021	0.8894352567747411	6.197797452100091	0.16939803202181702	0.00968640548538402	0.4389900976104609	0.37062389463608103	0.087951601993001	0.48732819659557103	0.05528096428679097	0.12281369410109699	0.0038308919016789567	0.15078029606910992	0.44507400843812095	0.07578109897018404	0.49416889017616106	0.39902546033474495	6.197797452100091	0.16539456637809102	0.2235109407251311	0.29967598587856104	0.22557361281686095	0.09780354532514401	0.9117329552534911	0.16855312941425105	6.197797452100091	0.5443665161440211	0.4829735511123511	0.14217060925386393	0.129420421277057	0.6102988109549511	0.598186050984831	0.22487069944457594	0.4828382359850011	0.37145770419840096	0.47131059134794595	0.05032897265886993	0.407972590968411	0.0	0.045866609364646926	0.40417790151604105	0.14568397008595702	0.22660541637827103
SEN1498_11-394	0.5311885981749779	0.25325892177866793	0.935301866139388	6.243664061464738	0.21526464138646395	0.03618020387926291	0.48485670697510785	0.41649050400072796	0.13381821135764793	0.533194805960218	0.009414354922144041	0.16868030346574392	0.04203571746296797	0.104913686704463	0.4909406178027679	0.12164770833483096	0.540035499540808	0.353158850970098	6.243664061464738	0.21126117574273795	0.26937755008977804	0.34554259524320796	0.2714402221815079	0.14367015468979094	0.957599564618138	0.21441973877889797	6.243664061464738	0.590233125508668	0.528840160476998	0.096303999889217	0.08355381191241007	0.656165420319598	0.644052660349478	0.179004090079929	0.528704845349648	0.4173243135630479	0.425443981983299	0.004462363294223004	0.4538392003330579	0.045866609364646926	0.0	0.450044510880688	0.19155057945060394	0.27247202574291796
BN373_33991_7-397	0.0811440872942899	0.19678558910202004	0.48525735525870006	5.79361955058405	0.23477986949422402	0.41386430700142507	0.03481219609441988	0.03355400687996002	0.31622629952304004	0.08315029507952998	0.459458865802832	0.28136420741494406	0.40800879341772	0.554958197585151	0.0408961069220799	0.328396802545857	0.08999098866012001	0.803203361850786	5.79361955058405	0.23878333513795003	0.18066696079090994	0.10450191563748001	0.1786042886991801	0.30637435619089703	0.50755505373745	0.23562477210179	5.79361955058405	0.14018861462798005	0.07879564959631002	0.546348510769905	0.533598322793098	0.20612090943891004	0.19400814946878997	0.629048600960617	0.07866033446896004	0.03272019731764009	0.875488492863987	0.454506874174911	0.003794689452369937	0.40417790151604105	0.450044510880688	0.0	0.25849393143008403	0.17757248513777002
SL1344_2370_7-397	0.33963801872437394	0.06170834232806399	0.7437512866887841	6.052113482014134	0.02371406193586001	0.15537037557134104	0.2933061275245039	0.22493992455012402	0.05773236809295601	0.341644226509614	0.20096493437274798	0.022870275984860022	0.14951486198763597	0.29646426615506694	0.29939003835216393	0.06990287111577298	0.34848492009020404	0.544709430420702	6.052113482014134	0.01971059629213401	0.0778269706391741	0.15399201579260402	0.07988964273090393	0.047880424760813	0.7660489851675341	0.02286915932829403	6.052113482014134	0.3986825460580641	0.33728958102639406	0.28785457933982095	0.275104391363014	0.4646148408689941	0.452502080898874	0.37055466953053295	0.33715426589904407	0.22577373411244395	0.616994561433903	0.19601294274482695	0.26228862088245397	0.14568397008595702	0.19155057945060394	0.25849393143008403	0.0	0.08092144629231401
ETEC_2498_7-397	0.2587165724320599	0.019213103964250022	0.6628298403964701	5.9711920357218204	0.057207384356454005	0.23629182186365505	0.2123846812321899	0.14401847825781	0.13865381438527002	0.2607227802173	0.281886380665062	0.10379172227717404	0.23043630827995	0.37738571244738095	0.21846859205984992	0.150824317408087	0.26756347379789003	0.625630876713016	5.9711920357218204	0.061210850000180006	0.0030944756531399165	0.07307056950029	0.001031803561410083	0.12880187105312702	0.68512753887522	0.05805228696401998	5.9711920357218204	0.31776109976575007	0.25636813473408004	0.36877602563213496	0.356025837655328	0.38369339457668006	0.37158063460656	0.45147611582284697	0.25623281960673006	0.14485228782012993	0.697916007726217	0.27693438903714096	0.18136717459013996	0.22660541637827103	0.27247202574291796	0.17757248513777002	0.08092144629231401	0.0
