b0194_1-572	-1	-1	-1	-1	-1	-1	-1	-1	-1	-1	-1	-1	-1	-1
STMMW_02481_1-572	-1	0.0	0.01782381766198224	0.009867708212456472	0.03559803263419438	0.03344221943417944	0.04957991961647234	0.029912416610398524	0.055278666683786025	0.055278666683786025	0.04374650769477685	0.055278666683786025	0.02822990686446364	0.002808943677733107
ETEC_0190_1-572	-1	0.01782381766198224	0.0	0.007956109449525767	0.01777421497221214	0.015618401772197196	0.0317561019544901	0.012088598948416285	0.037454849021803786	0.037454849021803786	0.025922690032794616	0.037454849021803786	0.0104060892024814	0.015014873984249132
SEN0250_1-572	-1	0.009867708212456472	0.007956109449525767	0.0	0.025730324421737907	0.023574511221722962	0.03971221140401587	0.020044708397942052	0.04541095847132955	0.04541095847132955	0.03387879948232038	0.04541095847132955	0.018362198652007167	0.007058764534723365
NCTC13441_03781_1-572	-1	0.03559803263419438	0.01777421497221214	0.025730324421737907	0.0	0.002155813200014945	0.01398188698227796	0.005685616023795855	0.019680634049591646	0.019680634049591646	0.008148475060582475	0.019680634049591646	0.007368125769730741	0.03278908895646127
SL1344_0243_1-572	-1	0.03344221943417944	0.015618401772197196	0.023574511221722962	0.002155813200014945	0.0	0.016137700182292904	0.00352980282378091	0.02183644724960659	0.02183644724960659	0.01030428826059742	0.02183644724960659	0.005212312569715796	0.030633275756446327
ERS227112_02550_1-572	-1	0.04957991961647234	0.0317561019544901	0.03971221140401587	0.01398188698227796	0.016137700182292904	0.0	0.019667503006073814	0.005698747067313687	0.005698747067313687	0.005833411921695483	0.005698747067313687	0.0213500127520087	0.04677097593873923
BN373_06991_1-572	-1	0.029912416610398524	0.012088598948416285	0.020044708397942052	0.005685616023795855	0.00352980282378091	0.019667503006073814	0.0	0.0253662500733875	0.0253662500733875	0.01383409108437833	0.0253662500733875	0.0016825097459348855	0.027103472932665417
Ecoli9000q_42490_1-553	-1	0.055278666683786025	0.037454849021803786	0.04541095847132955	0.019680634049591646	0.02183644724960659	0.005698747067313687	0.0253662500733875	0.0	0.0	0.01153215898900917	0.0	0.027048759819322386	0.05246972300605292
ROD_02041_1-572	-1	0.055278666683786025	0.037454849021803786	0.04541095847132955	0.019680634049591646	0.02183644724960659	0.005698747067313687	0.0253662500733875	0.0	0.0	0.01153215898900917	0.0	0.027048759819322386	0.05246972300605292
t0245_1-572	-1	0.04374650769477685	0.025922690032794616	0.03387879948232038	0.008148475060582475	0.01030428826059742	0.005833411921695483	0.01383409108437833	0.01153215898900917	0.01153215898900917	0.0	0.01153215898900917	0.015516600830313216	0.04093756401704375
STM_MW02481_1-572	-1	0.055278666683786025	0.037454849021803786	0.04541095847132955	0.019680634049591646	0.02183644724960659	0.005698747067313687	0.0253662500733875	0.0	0.0	0.01153215898900917	0.0	0.027048759819322386	0.05246972300605292
ENC_47160_1-572	-1	0.02822990686446364	0.0104060892024814	0.018362198652007167	0.007368125769730741	0.005212312569715796	0.0213500127520087	0.0016825097459348855	0.027048759819322386	0.027048759819322386	0.015516600830313216	0.027048759819322386	0.0	0.02542096318673053
CS17_00205_1-572	-1	0.002808943677733107	0.015014873984249132	0.007058764534723365	0.03278908895646127	0.030633275756446327	0.04677097593873923	0.027103472932665417	0.05246972300605292	0.05246972300605292	0.04093756401704375	0.05246972300605292	0.02542096318673053	0.0
