CS17_04369_1-166	0.0	1.2444547820769452	2.0940109714780046	-1	1.7494245504728143	2.0139490691623876	-1	1.9570484265869854	1.6212807272465102	1.5091645064526933	1.612899232525843	1.1878228360064804	2.15354232440249	2.28558813955018	2.622731656043531	1.404360017270618	1.882009398653205	2.190294035593733	2.49553549335909	1.922308743656579	1.9532834647150967	2.062688029765103	2.183295754527542	2.2722106808836955	2.2866422017240033	1.9362998543028662	0.7412559903741425
BN373_48541_1-165	1.2444547820769452	0.0	0.8495561894010597	-1	0.5049697683958692	0.7694942870854424	-1	0.7125936445100403	0.376825945169565	0.26470972437574813	0.36844445044889795	0.056631946070464734	0.9090875423255449	1.0411333574732347	1.3782768739665858	0.15990523519367295	0.6375546165762598	0.9458392535167881	1.2510807112821445	0.677853961579634	0.7088286826381516	0.8182332476881575	0.9388409724505969	1.0277558988067503	1.0421874196470582	0.6918450722259211	0.5031987917028027
NCTC13441_04586_1-166	2.0940109714780046	0.8495561894010597	0.0	-1	0.34458642100519055	0.08006190231561727	-1	0.13696254489101944	0.4727302442314947	0.5848464650253116	0.48111173895216175	0.9061881354715244	0.05953135292448519	0.19157716807217495	0.5287206845655261	0.6896509542073868	0.21200157282479992	0.0962830641157284	0.4015245218810848	0.17170222782142575	0.14072750676290813	0.031322941712902175	0.08928478304953724	0.17819970940569074	0.19263123024599837	0.15771111717513864	1.3527549811038624
b1743_1-161	-1	-1	-1	-1	-1	-1	-1	-1	-1	-1	-1	-1	-1	-1	-1	-1	-1	-1	-1	-1	-1	-1	-1	-1	-1	-1	-1
SL1344_4009_1-166	1.7494245504728143	0.5049697683958692	0.34458642100519055	-1	0.0	0.2645245186895733	-1	0.2076238761141711	0.12814382322630413	0.24026004402012102	0.1365253179469712	0.5616017144663339	0.40411777392967574	0.5361635890773655	0.8733071055707167	0.3450645332021962	0.13258484818039062	0.44086948512091895	0.7461109428862753	0.1728841931837648	0.20385891424228242	0.31326347929228837	0.4338712040547278	0.5227861304108813	0.5372176512511889	0.1868753038300519	1.0081685600986718
ROD_13141_1-161	2.0139490691623876	0.7694942870854424	0.08006190231561727	-1	0.2645245186895733	0.0	-1	0.05690064257540217	0.3926683419158774	0.5047845627096943	0.4010498366365445	0.8261262331559072	0.13959325524010247	0.2716390703877922	0.6087825868811434	0.6095890518917695	0.13193967050918265	0.17634496643134567	0.48158642419670206	0.09164032550580847	0.060665604447290855	0.0487389606027151	0.16934668536515451	0.258261611721308	0.27269313256161565	0.07764921485952136	1.2726930787882451
b4484_1-166	-1	-1	-1	-1	-1	-1	-1	-1	-1	-1	-1	-1	-1	-1	-1	-1	-1	-1	-1	-1	-1	-1	-1	-1	-1	-1	-1
STMMW_13151_1-161	1.9570484265869854	0.7125936445100403	0.13696254489101944	-1	0.2076238761141711	0.05690064257540217	-1	0.0	0.33576769934047523	0.4478839201342921	0.3441491940611423	0.769225590580505	0.19649389781550464	0.3285397129631944	0.6656832294565456	0.5526884093163673	0.07503902793378048	0.23324560900674784	0.5384870667721042	0.0347396829304063	0.0037649618718886835	0.10563960317811727	0.2262473279405567	0.3151622542967102	0.3295937751370178	0.020748572284119193	1.215792436212843
STM_MW13151_1-161	1.6212807272465102	0.376825945169565	0.4727302442314947	-1	0.12814382322630413	0.3926683419158774	-1	0.33576769934047523	0.0	0.11211622079381689	0.008381494720667071	0.43345789124002976	0.5322615971559799	0.6643074123036696	1.0014509287970208	0.21692070997589208	0.26072867140669476	0.5690133083472231	0.8742547661125795	0.30102801641006893	0.33200273746858655	0.4414073025185925	0.5620150272810319	0.6509299536371854	0.665361474477493	0.31501912705635604	0.8800247368723677
STM_MW40251_1-166	1.5091645064526933	0.26470972437574813	0.5848464650253116	-1	0.24026004402012102	0.5047845627096943	-1	0.4478839201342921	0.11211622079381689	0.0	0.10373472607314982	0.32134167044621287	0.6443778179497968	0.7764236330974865	1.1135671495908377	0.10480448918207519	0.37284489220051165	0.68112952914104	0.9863709869063964	0.4131442372038858	0.44411895826240344	0.5535235233124094	0.6741312480748488	0.7630461744310023	0.7774776952713099	0.42713534785017293	0.7679085160785508
STMMW_40251_1-166	1.612899232525843	0.36844445044889795	0.48111173895216175	-1	0.1365253179469712	0.4010498366365445	-1	0.3441491940611423	0.008381494720667071	0.10373472607314982	0.0	0.4250763965193627	0.5406430918766469	0.6726889070243367	1.0098324235176879	0.208539215255225	0.2691101661273618	0.5773948030678901	0.8826362608332465	0.309409511130736	0.3403842321892536	0.4497887972392596	0.570396522001699	0.6593114483578525	0.6737429691981601	0.3234006217770231	0.8716432421517006
ETEC_4183_1-166	1.1878228360064804	0.056631946070464734	0.9061881354715244	-1	0.5616017144663339	0.8261262331559072	-1	0.769225590580505	0.43345789124002976	0.32134167044621287	0.4250763965193627	0.0	0.9657194883960096	1.0977653035436994	1.4349088200370506	0.21653718126413768	0.6941865626467245	1.0024711995872528	1.3077126573526092	0.7344859076500987	0.7654606287086163	0.8748651937586223	0.9954729185210617	1.0843878448772153	1.0988193657175227	0.7484770182963858	0.44656684563233795
NCTC13441_02137_1-161	2.15354232440249	0.9090875423255449	0.05953135292448519	-1	0.40411777392967574	0.13959325524010247	-1	0.19649389781550464	0.5322615971559799	0.6443778179497968	0.5406430918766469	0.9657194883960096	0.0	0.13204581514768976	0.46918933164104093	0.749182307131872	0.2715329257492851	0.03675171119124321	0.3419931689565996	0.23123358074591094	0.20025885968739332	0.09085429463738737	0.02975343012505205	0.11866835648120555	0.13309987732151318	0.21724247009962383	1.4122863340283476
ETEC_1775_1-161	2.28558813955018	1.0411333574732347	0.19157716807217495	-1	0.5361635890773655	0.2716390703877922	-1	0.3285397129631944	0.6643074123036696	0.7764236330974865	0.6726889070243367	1.0977653035436994	0.13204581514768976	0.0	0.33714351649335117	0.8812281222795617	0.4035787408969749	0.09529410395644655	0.20994735380890983	0.3632793958936007	0.3323046748350831	0.22290010978507713	0.10229238502263771	0.01337745866648421	0.0010540621738234224	0.3492882852473136	1.5443321491760373
t3559_1-166	2.622731656043531	1.3782768739665858	0.5287206845655261	-1	0.8733071055707167	0.6087825868811434	-1	0.6656832294565456	1.0014509287970208	1.1135671495908377	1.0098324235176879	1.4349088200370506	0.46918933164104093	0.33714351649335117	0.0	1.2183716387729129	0.740722257390326	0.4324376204497977	0.12719616268444134	0.7004229123869519	0.6694481913284343	0.5600436262784283	0.4394359015159889	0.3505209751598354	0.33608945431952775	0.6864318017406648	1.8814756656693885
SEN1735_1-161	1.404360017270618	0.15990523519367295	0.6896509542073868	-1	0.3450645332021962	0.6095890518917695	-1	0.5526884093163673	0.21692070997589208	0.10480448918207519	0.208539215255225	0.21653718126413768	0.749182307131872	0.8812281222795617	1.2183716387729129	0.0	0.47764938138258684	0.7859340183231152	1.0911754760884715	0.517948726385961	0.5489234474444786	0.6583280124944846	0.778935737256924	0.8678506636130775	0.8822821844533851	0.5319398370322481	0.6631040268964756
ENC_00750_1-167	1.882009398653205	0.6375546165762598	0.21200157282479992	-1	0.13258484818039062	0.13193967050918265	-1	0.07503902793378048	0.26072867140669476	0.37284489220051165	0.2691101661273618	0.6941865626467245	0.2715329257492851	0.4035787408969749	0.740722257390326	0.47764938138258684	0.0	0.3082846369405283	0.6135260947058847	0.040299345003374176	0.0712740660618918	0.18067863111189775	0.30128635587433716	0.39020128223049066	0.4046328030707983	0.054290455649661284	1.1407534082790625
ROD_38372_1-166	2.190294035593733	0.9458392535167881	0.0962830641157284	-1	0.44086948512091895	0.17634496643134567	-1	0.23324560900674784	0.5690133083472231	0.68112952914104	0.5773948030678901	1.0024711995872528	0.03675171119124321	0.09529410395644655	0.4324376204497977	0.7859340183231152	0.3082846369405283	0.0	0.3052414577653564	0.26798529193715415	0.23701057087863653	0.12760600582863058	0.006998281066191159	0.08191664528996234	0.09634816613026997	0.25399418129086704	1.4490380452195908
CS17_01930_1-161	2.49553549335909	1.2510807112821445	0.4015245218810848	-1	0.7461109428862753	0.48158642419670206	-1	0.5384870667721042	0.8742547661125795	0.9863709869063964	0.8826362608332465	1.3077126573526092	0.3419931689565996	0.20994735380890983	0.12719616268444134	1.0911754760884715	0.6135260947058847	0.3052414577653564	0.0	0.5732267497025105	0.5422520286439929	0.43284746359398696	0.31223973883154754	0.22332481247539404	0.2088932916350864	0.5592356390562234	1.7542795029849472
ERS227112_00361_1-166	1.922308743656579	0.677853961579634	0.17170222782142575	-1	0.1728841931837648	0.09164032550580847	-1	0.0347396829304063	0.30102801641006893	0.4131442372038858	0.309409511130736	0.7344859076500987	0.23123358074591094	0.3632793958936007	0.7004229123869519	0.517948726385961	0.040299345003374176	0.26798529193715415	0.5732267497025105	0.0	0.030974721058517618	0.14037928610852357	0.260987010870963	0.3499019372271165	0.3643334580674241	0.013991110646287108	1.1810527532824366
SL1344_1243_1-161	1.9532834647150967	0.7088286826381516	0.14072750676290813	-1	0.20385891424228242	0.060665604447290855	-1	0.0037649618718886835	0.33200273746858655	0.44411895826240344	0.3403842321892536	0.7654606287086163	0.20025885968739332	0.3323046748350831	0.6694481913284343	0.5489234474444786	0.0712740660618918	0.23701057087863653	0.5422520286439929	0.030974721058517618	0.0	0.10940456505000595	0.23001228981244537	0.31892721616859887	0.3333587370089065	0.01698361041223051	1.2120274743409543
ENC_14410_1-164	2.062688029765103	0.8182332476881575	0.031322941712902175	-1	0.31326347929228837	0.0487389606027151	-1	0.10563960317811727	0.4414073025185925	0.5535235233124094	0.4497887972392596	0.8748651937586223	0.09085429463738737	0.22290010978507713	0.5600436262784283	0.6583280124944846	0.18067863111189775	0.12760600582863058	0.43284746359398696	0.14037928610852357	0.10940456505000595	0.0	0.12060772476243942	0.20952265111859292	0.22395417195890055	0.12638817546223646	1.3214320393909602
SEN3850_1-166	2.183295754527542	0.9388409724505969	0.08928478304953724	-1	0.4338712040547278	0.16934668536515451	-1	0.2262473279405567	0.5620150272810319	0.6741312480748488	0.570396522001699	0.9954729185210617	0.02975343012505205	0.10229238502263771	0.4394359015159889	0.778935737256924	0.30128635587433716	0.006998281066191159	0.31223973883154754	0.260987010870963	0.23001228981244537	0.12060772476243942	0.0	0.0889149263561535	0.10334644719646113	0.24699590022467588	1.4420397641533995
BN373_18491_1-160	2.2722106808836955	1.0277558988067503	0.17819970940569074	-1	0.5227861304108813	0.258261611721308	-1	0.3151622542967102	0.6509299536371854	0.7630461744310023	0.6593114483578525	1.0843878448772153	0.11866835648120555	0.01337745866648421	0.3505209751598354	0.8678506636130775	0.39020128223049066	0.08191664528996234	0.22332481247539404	0.3499019372271165	0.31892721616859887	0.20952265111859292	0.0889149263561535	0.0	0.014431520840307632	0.3359108265808294	1.530954690509553
Ecoli9000q_35370_2-167	2.2866422017240033	1.0421874196470582	0.19263123024599837	-1	0.5372176512511889	0.27269313256161565	-1	0.3295937751370178	0.665361474477493	0.7774776952713099	0.6737429691981601	1.0988193657175227	0.13309987732151318	0.0010540621738234224	0.33608945431952775	0.8822821844533851	0.4046328030707983	0.09634816613026997	0.2088932916350864	0.3643334580674241	0.3333587370089065	0.22395417195890055	0.10334644719646113	0.014431520840307632	0.0	0.350342347421137	1.5453862113498609
ERS227112_05507_1-160	1.9362998543028662	0.6918450722259211	0.15771111717513864	-1	0.1868753038300519	0.07764921485952136	-1	0.020748572284119193	0.31501912705635604	0.42713534785017293	0.3234006217770231	0.7484770182963858	0.21724247009962383	0.3492882852473136	0.6864318017406648	0.5319398370322481	0.054290455649661284	0.25399418129086704	0.5592356390562234	0.013991110646287108	0.01698361041223051	0.12638817546223646	0.24699590022467588	0.3359108265808294	0.350342347421137	0.0	1.1950438639287237
t1187_1-161	0.7412559903741425	0.5031987917028027	1.3527549811038624	-1	1.0081685600986718	1.2726930787882451	-1	1.215792436212843	0.8800247368723677	0.7679085160785508	0.8716432421517006	0.44656684563233795	1.4122863340283476	1.5443321491760373	1.8814756656693885	0.6631040268964756	1.1407534082790625	1.4490380452195908	1.7542795029849472	1.1810527532824366	1.2120274743409543	1.3214320393909602	1.4420397641533995	1.530954690509553	1.5453862113498609	1.1950438639287237	0.0
