b2892_1-577	0.0	5.7919021513782	6.068513257424345	5.5035644650063595	5.56752012766921	6.170486756987984	6.010843131760922	6.147645290769118	5.9088446923017095	5.54926896841149	5.24631099836341	6.017082201320264
ETEC_3085_1-577	5.7919021513782	0.0	0.2766111060461449	0.2883376863718401	0.22438202370899019	0.3785846056097839	0.21894098038272192	0.35574313939091795	0.11694254092350986	0.2426331829667101	0.5455911530147901	0.22518004994206386
ERS227112_01343_1-577	6.068513257424345	0.2766111060461449	0.0	0.564948792417985	0.5009931297551351	0.10197349956363899	0.057670125663423	0.07913203334477303	0.15966856512263505	0.519244289012855	0.822202259060935	0.05143105610408105
SL1344_3018_1-577	5.5035644650063595	0.2883376863718401	0.564948792417985	0.0	0.06395566266284991	0.666922291981624	0.507278666754562	0.644080825762758	0.40528022729534996	0.04570450340512999	0.25725346664295	0.513517736313904
STMMW_30021_1-577	5.56752012766921	0.22438202370899019	0.5009931297551351	0.06395566266284991	0.0	0.6029666293187741	0.4433230040917121	0.5801251630999081	0.34132456463250005	0.018251159257719918	0.3212091293057999	0.44956207365105405
t2960_1-577	6.170486756987984	0.3785846056097839	0.10197349956363899	0.666922291981624	0.6029666293187741	0.0	0.159643625227062	0.022841466218865958	0.26164206468627405	0.621217788576494	0.924175758624574	0.15340455566772004
NCTC13441_00863_1-577	6.010843131760922	0.21894098038272192	0.057670125663423	0.507278666754562	0.4433230040917121	0.159643625227062	0.0	0.13680215900819603	0.10199843945921205	0.461574163349432	0.764532133397512	0.006239069559341948
ROD_49411_1-577	6.147645290769118	0.35574313939091795	0.07913203334477303	0.644080825762758	0.5801251630999081	0.022841466218865958	0.13680215900819603	0.0	0.2388005984674081	0.598376322357628	0.9013342924057081	0.13056308944885409
SEN2885_1-577	5.9088446923017095	0.11694254092350986	0.15966856512263505	0.40528022729534996	0.34132456463250005	0.26164206468627405	0.10199843945921205	0.2388005984674081	0.0	0.35957572389021997	0.6625336939383	0.108237509018554
BN373_39871_1-577	5.54926896841149	0.2426331829667101	0.519244289012855	0.04570450340512999	0.018251159257719918	0.621217788576494	0.461574163349432	0.598376322357628	0.35957572389021997	0.0	0.30295797004808	0.46781323290877397
CS17_03249_1-577	5.24631099836341	0.5455911530147901	0.822202259060935	0.25725346664295	0.3212091293057999	0.924175758624574	0.764532133397512	0.9013342924057081	0.6625336939383	0.30295797004808	0.0	0.770771202956854
STM_MW30021_1-577	6.017082201320264	0.22518004994206386	0.05143105610408105	0.513517736313904	0.44956207365105405	0.15340455566772004	0.006239069559341948	0.13056308944885409	0.108237509018554	0.46781323290877397	0.770771202956854	0.0
