STM_MW37461_48-955	0.0	0.7074110424937726	0.6443008831199682	0.6611479463872477	0.41091197168814847	0.3444812324021791	0.27580491907683835	0.21081137515451823	0.7516768452759023	-1	0.6864354130747666	0.7678676596990996	0.1939170571552057
ROD_11971_25-960	0.7074110424937726	0.0	0.1774256847398635	0.13652889399158055	0.5033187852336788	0.5536528136662917	0.5959804682279088	0.6292534531101301	0.15129006630808203	-1	0.06689412737799831	0.20662644865550084	0.6370237577864697
ETEC_1306_42-955	0.6443008831199682	0.1774256847398635	0.0	0.047363241761889566	0.39618681795425703	0.4573776763348702	0.5088352209923778	0.5492850432940852	0.3018730074388947	-1	0.11845553715279336	0.34739129425729587	0.558731368728988
ROD_16841_91-945	0.6611479463872477	0.13652889399158055	0.047363241761889566	0.0	0.4247853676745054	0.48307802863602006	0.532098377165441	0.570632364754247	0.26716349487470725	-1	0.07462686567164183	0.31494486214273776	0.5796312815938149
ROD_38761_1-920	0.41091197168814847	0.5033187852336788	0.39618681795425703	0.4247853676745054	0.0	0.10134071298890183	0.18656168230124337	0.25355230705816206	0.5784617191496543	-1	0.46771183277342293	0.6059462607547439	0.26919675755342665
SL1344_3723_48-955	0.3444812324021791	0.5536528136662917	0.4573776763348702	0.48307802863602006	0.10134071298890183	0.0	0.09483123419976305	0.16937631009802323	0.6211807090831443	-1	0.52165429515572	0.6458799476458009	0.18678496621651433
SEN3580_48-955	0.27580491907683835	0.5959804682279088	0.5088352209923778	0.532098377165441	0.18656168230124337	0.09483123419976305	0.0	0.08235489194366617	0.6571046099794688	-1	0.5670164087202587	0.6794615892654343	0.10158738954658615
STMMW_37461_48-955	0.21081137515451823	0.6292534531101301	0.5492850432940852	0.570632364754247	0.25355230705816206	0.16937631009802323	0.08235489194366617	0.0	0.6853437227725908	-1	0.6026747255934823	0.705859495445274	0.020958535531951324
ETEC_2141_49-989	0.7516768452759023	0.15129006630808203	0.3018730074388947	0.26716349487470725	0.5784617191496543	0.6211807090831443	0.6571046099794688	0.6853437227725908	0.0	-1	0.20806377671944168	0.06520058285014248	0.691938457539213
b1202_42-955	-1	-1	-1	-1	-1	-1	-1	-1	-1	-1	-1	-1	-1
ROD_11911_91-945	0.6864354130747666	0.06689412737799831	0.11845553715279336	0.07462686567164183	0.46771183277342293	0.52165429515572	0.5670164087202587	0.6026747255934823	0.20806377671944168	-1	0.0	0.25969848005747465	0.6110020814748737
CS17_01379_42-955	0.7678676596990996	0.20662644865550084	0.34739129425729587	0.31494486214273776	0.6059462607547439	0.6458799476458009	0.6794615892654343	0.705859495445274	0.06520058285014248	-1	0.25969848005747465	0.0	0.7120242496613703
ROD_03611_94-937	0.1939170571552057	0.6370237577864697	0.558731368728988	0.5796312815938149	0.26919675755342665	0.18678496621651433	0.10158738954658615	0.020958535531951324	0.691938457539213	-1	0.6110020814748737	0.7120242496613703	0.0
