t1933_1-153	0.0	0.70042914982968	0.35057827902097993	0.532593211318387	0.44728860344146604	0.09077050987750002	5.97785158803144	0.88654933117259	0.11046064401884004	0.332774296607269	0.9493038959125	0.532351588273519	0.16311582867929997	0.10871451463175008	0.3231786720621501	0.389598549813412	0.001505725930909918	0.3020789036571101	0.37999383593620195	0.35930660760977995	0.77937443656548	0.10583027615563001	0.06288368449317994	0.560593386628109	0.2512824507664	0.29679368842920495	0.04763174117668001	0.67857418772388	0.43129325116455997	0.080340254696463	0.323872463027589	5.97785158803144	2.1117221196488796	0.040429126227359946	0.017119802489109937	0.170666938612416
BN373_19881_1-155	0.70042914982968	0.0	0.34985087080870003	1.233022361148067	1.147717753271146	0.60965863995218	5.27742243820176	0.18612018134291008	0.5899685058108399	1.033203446436949	0.24887474608282	1.232780738103199	0.53731332115038	0.5917146351979299	0.37725047776752985	1.090027699643092	0.69892342389877	0.39835024617256987	1.0804229857658818	0.3411225422199	0.07894528673580004	0.59459887367405	0.6375454653365	1.261022536457789	0.44914669906328	0.9972228382588849	0.74806089100636	0.021854962105799958	0.26913589866512	0.780769404526143	1.0243016128572688	5.27742243820176	1.4112929698191998	0.66000002360232	0.68330934734057	0.871096088442096
ROD_09531_1-164	0.35057827902097993	0.34985087080870003	0.0	0.8831714903393669	0.797866882462446	0.2598077691434799	5.6272733090104605	0.5359710521516101	0.2401176350021399	0.6833525756282489	0.59872561689152	0.882929867294499	0.18746245034167996	0.24186376438922985	0.027399606958829814	0.740176828834392	0.34907255309007	0.048499375363869834	0.7305721149571819	0.008728328588800016	0.42879615754450007	0.24474800286534992	0.2876945945278	0.9111716656490889	0.09929582825457994	0.6473719674501849	0.39821002019765994	0.3279959087029001	0.08071497214358003	0.43091853371744293	0.6744507420485689	5.6272733090104605	1.7611438406278999	0.31014915279362	0.33345847653187	0.5212452176333959
SL1344_0938_1-153	0.532593211318387	1.233022361148067	0.8831714903393669	0.0	0.08530460787692096	0.623363721195887	6.510444799349827	1.419142542490977	0.643053855337227	0.199818914711118	1.4818971072308869	0.00024162304486802233	0.695709039997687	0.6413077259501371	0.8557718833805371	0.14299466150497497	0.5340989372492969	0.8346721149754971	0.15259937538218504	0.8918998189281669	1.311967647883867	0.638423487474017	0.5954768958115669	0.028000175309721986	0.783875662084787	0.23579952288918204	0.484961470141707	1.211167399042267	0.963886462482947	0.452252956621924	0.208720748290798	6.510444799349827	2.6443153309672667	0.5730223375457469	0.5497130138074969	0.361926272705971
STM_MW09711_1-164	0.44728860344146604	1.147717753271146	0.797866882462446	0.08530460787692096	0.0	0.538059113318966	6.425140191472906	1.333837934614056	0.5577492474603061	0.11451430683419705	1.396592499353966	0.08506298483205293	0.610404432120766	0.5560031180732161	0.7704672755036162	0.05769005362805402	0.44879432937237596	0.7493675070985761	0.06729476750526409	0.806595211051246	1.226663040006946	0.553118879597096	0.510172287934646	0.11330478318664294	0.698571054207866	0.1504949150122611	0.39965686226478603	1.125862791165346	0.878581854606026	0.36694834874500304	0.12341614041387705	6.425140191472906	2.5590107230903456	0.487717729668826	0.464408405930576	0.27662166482905004
NCTC13441_03531_1-153	0.09077050987750002	0.60965863995218	0.2598077691434799	0.623363721195887	0.538059113318966	0.0	5.88708107815394	0.79577882129509	0.01969013414134002	0.423544806484769	0.858533386035	0.623122098151019	0.07234531880179995	0.017944004754250065	0.2324081621846501	0.48036905969091204	0.0892647839465901	0.21130839377961008	0.47076434581370197	0.26853609773227993	0.68860392668798	0.015059766278129993	0.02788682538432008	0.651363896505609	0.16051194088889997	0.38756419830670497	0.13840225105418003	0.58780367784638	0.34052274128705995	0.17111076457396301	0.414642972905089	5.88708107815394	2.0209516097713798	0.05034138365014007	0.07365070738839008	0.261437448489916
b0889_1-164	5.97785158803144	5.27742243820176	5.6272733090104605	6.510444799349827	6.425140191472906	5.88708107815394	0.0	5.0913022568588495	5.8673909440126	6.310625884638709	5.02854769211894	6.510203176304959	5.81473575935214	5.86913707339969	5.6546729159692894	6.367450137844852	5.97634586210053	5.67577268437433	6.357845423967642	5.61854498042166	5.19847715146596	5.87202131187581	5.91496790353826	6.538444974659549	5.72656913726504	6.274645276460645	6.02548332920812	5.29927740030756	5.54655833686688	6.058191842727903	6.301724051059029	0.0	3.86612946838256	5.93742246180408	5.96073178554233	6.148518526643856
STMMW_05301_1-152	0.88654933117259	0.18612018134291008	0.5359710521516101	1.419142542490977	1.333837934614056	0.79577882129509	5.0913022568588495	0.0	0.77608868715375	1.219323627779859	0.06275456473990992	1.418900919446109	0.7234335024932901	0.77783481654084	0.5633706591104399	1.276147880986002	0.8850436052416801	0.58447042751548	1.2665431671087921	0.5272427235628101	0.10717489460711005	0.78071905501696	0.8236656466794101	1.447142717800699	0.6352668804061901	1.183343019601795	0.9341810723492701	0.20797514344871004	0.4552560800080301	0.966889585869053	1.2104217942001791	5.0913022568588495	1.2251727884762897	0.8461202049452301	0.8694295286834801	1.057216269785006
ENC_17930_1-164	0.11046064401884004	0.5899685058108399	0.2401176350021399	0.643053855337227	0.5577492474603061	0.01969013414134002	5.8673909440126	0.77608868715375	0.0	0.443234940626109	0.8388432518936599	0.6428122322923591	0.05265518466045993	0.0017461293870899564	0.21271802804331008	0.5000591938322521	0.10895491808793012	0.19161825963827006	0.490454479955042	0.2488459635909399	0.66891379254664	0.004630367863210028	0.0475769595256601	0.671054030646949	0.14082180674755995	0.407254332448045	0.15809238519552005	0.56811354370504	0.32083260714571993	0.19080089871530304	0.434333107046429	5.8673909440126	2.0012614756300398	0.07003151779148009	0.0933408415297301	0.28112758263125603
t1975_1-164	0.332774296607269	1.033203446436949	0.6833525756282489	0.199818914711118	0.11451430683419705	0.423544806484769	6.310625884638709	1.219323627779859	0.443234940626109	0.0	1.2820781925197688	0.19957729166625	0.49589012528656895	0.44148881123901906	0.6559529686694191	0.05682425320614304	0.3342800225381789	0.6348532002643791	0.04721953932893297	0.6920809042170489	1.112148733172749	0.438604572762899	0.3956579811004489	0.22781909002084	0.584056747373669	0.03598060817806403	0.285142555430589	1.0113484843311489	0.764067547771829	0.252434041910806	0.008901833579679996	6.310625884638709	2.4444964162561487	0.37320342283462893	0.3498940990963789	0.16210735799485299
ERS227112_03447_1-155	0.9493038959125	0.24887474608282	0.59872561689152	1.4818971072308869	1.396592499353966	0.858533386035	5.02854769211894	0.06275456473990992	0.8388432518936599	1.2820781925197688	0.0	1.481655484186019	0.7861880672332	0.8405893812807499	0.6261252238503499	1.338902445725912	0.94779816998159	0.6472249922553899	1.329297731848702	0.58999728830272	0.16992945934701997	0.84347361975687	0.88642021141932	1.509897282540609	0.6980214451461	1.246097584341705	0.99693563708918	0.27072970818861997	0.51801064474794	1.0296441506089629	1.273176358940089	5.02854769211894	1.1624182237363798	0.90887476968514	0.93218409342339	1.119970834524916
STMMW_10121_1-153	0.532351588273519	1.232780738103199	0.882929867294499	0.00024162304486802233	0.08506298483205293	0.623122098151019	6.510203176304959	1.418900919446109	0.6428122322923591	0.19957729166625	1.481655484186019	0.0	0.695467416952819	0.6410661029052691	0.8555302603356691	0.14275303846010695	0.533857314204429	0.8344304919306291	0.15235775233731702	0.891658195883299	1.311726024838999	0.638181864429149	0.595235272766699	0.02824179835459001	0.783634039039919	0.23555789984431402	0.48471984709683896	1.210925775997399	0.963644839438079	0.452011333577056	0.20847912524592999	6.510203176304959	2.6440737079223986	0.572780714500879	0.549471390762629	0.361684649661103
BN373_08991_1-152	0.16311582867929997	0.53731332115038	0.18746245034167996	0.695709039997687	0.610404432120766	0.07234531880179995	5.81473575935214	0.7234335024932901	0.05265518466045993	0.49589012528656895	0.7861880672332	0.695467416952819	0.0	0.05440131404754989	0.16006284338285015	0.552714378492712	0.16161010274839005	0.13896307497781013	0.5431096646155019	0.19619077893047998	0.61625860788618	0.05728555252366996	0.10023214418612003	0.723709215307409	0.08816662208710002	0.4599095171085049	0.21074756985597998	0.51545835904458	0.26817742248526	0.24345608337576297	0.48698829170688895	5.81473575935214	1.9486062909695798	0.12268670245194002	0.14599602619019003	0.33378276729171596
CS17_00951_1-164	0.10871451463175008	0.5917146351979299	0.24186376438922985	0.6413077259501371	0.5560031180732161	0.017944004754250065	5.86913707339969	0.77783481654084	0.0017461293870899564	0.44148881123901906	0.8405893812807499	0.6410661029052691	0.05440131404754989	0.0	0.21446415743040004	0.4983130644451621	0.10720878870084016	0.19336438902536002	0.48870835056795203	0.25059209297802987	0.6706599219337299	0.0028842384761200712	0.045830830138570144	0.6693079012598591	0.1425679361346499	0.40550820306095503	0.1563462558084301	0.5698596730921299	0.3225787365328099	0.18905476932821308	0.43258697765933907	5.86913707339969	2.00300760501713	0.06828538840439013	0.09159471214264014	0.2793814532441661
SEN0441_1-152	0.3231786720621501	0.37725047776752985	0.027399606958829814	0.8557718833805371	0.7704672755036162	0.2324081621846501	5.6546729159692894	0.5633706591104399	0.21271802804331008	0.6559529686694191	0.6261252238503499	0.8555302603356691	0.16006284338285015	0.21446415743040004	0.0	0.7127772218755621	0.3216729461312402	0.02109976840504002	0.7031725079983521	0.03612793554762983	0.4561957645033299	0.2173483959065201	0.2602949875689702	0.8837720586902591	0.07189622129575013	0.6199723604913551	0.3708104132388301	0.3553955156617299	0.10811457910240985	0.4035189267586131	0.6470511350897391	5.6546729159692894	1.7885434475867297	0.2827495458347902	0.3060588695730402	0.4938456106745661
NCTC13441_03104_1-164	0.389598549813412	1.090027699643092	0.740176828834392	0.14299466150497497	0.05769005362805402	0.48036905969091204	6.367450137844852	1.276147880986002	0.5000591938322521	0.05682425320614304	1.338902445725912	0.14275303846010695	0.552714378492712	0.4983130644451621	0.7127772218755621	0.0	0.39110427574432194	0.6916774534705221	0.00960471387721007	0.748905157423192	1.168972986378892	0.49542882596904203	0.45248223430659196	0.17099483681469696	0.640881000579812	0.09280486138420707	0.341966808636732	1.068172737537292	0.820891800977972	0.309258295116949	0.06572608678582303	6.367450137844852	2.5013206694622916	0.43002767604077197	0.40671835230252196	0.21893161120099602
ROD_05022_1-152	0.001505725930909918	0.69892342389877	0.34907255309007	0.5340989372492969	0.44879432937237596	0.0892647839465901	5.97634586210053	0.8850436052416801	0.10895491808793012	0.3342800225381789	0.94779816998159	0.533857314204429	0.16161010274839005	0.10720878870084016	0.3216729461312402	0.39110427574432194	0.0	0.3005731777262002	0.38149956186711187	0.35780088167887003	0.7778687106345701	0.10432455022472009	0.06137795856227002	0.5620991125590189	0.24977672483549007	0.29829941436011487	0.04913746710758993	0.6770684617929701	0.42978752523365005	0.08184598062737292	0.3253781889584989	5.97634586210053	2.1102163937179697	0.03892340029645003	0.015614076558200018	0.17217266454332592
BN373_15371_1-164	0.3020789036571101	0.39835024617256987	0.048499375363869834	0.8346721149754971	0.7493675070985761	0.21130839377961008	5.67577268437433	0.58447042751548	0.19161825963827006	0.6348532002643791	0.6472249922553899	0.8344304919306291	0.13896307497781013	0.19336438902536002	0.02109976840504002	0.6916774534705221	0.3005731777262002	0.0	0.682072739593312	0.05722770395266985	0.4772955329083699	0.1962486275014801	0.23919521916393016	0.8626722902852191	0.05079645289071011	0.598872592086315	0.3497106448337901	0.3764952840667699	0.12921434750744987	0.3824191583535731	0.6259513666846991	5.67577268437433	1.8096432159917697	0.26164977742975015	0.28495910116800016	0.4727458422695261
ERS227112_05244_1-155	0.37999383593620195	1.0804229857658818	0.7305721149571819	0.15259937538218504	0.06729476750526409	0.47076434581370197	6.357845423967642	1.2665431671087921	0.490454479955042	0.04721953932893297	1.329297731848702	0.15235775233731702	0.5431096646155019	0.48870835056795203	0.7031725079983521	0.00960471387721007	0.38149956186711187	0.682072739593312	0.0	0.7393004435459819	1.1593682725016818	0.48582411209183196	0.4428775204293819	0.18059955069190703	0.6312762867026019	0.083200147506997	0.33236209475952194	1.058568023660082	0.8112870871007619	0.29965358123973895	0.056121372908612965	6.357845423967642	2.491715955585082	0.4204229621635619	0.3971136384253119	0.20932689732378595
ERS227112_02762_1-153	0.35930660760977995	0.3411225422199	0.008728328588800016	0.8918998189281669	0.806595211051246	0.26853609773227993	5.61854498042166	0.5272427235628101	0.2488459635909399	0.6920809042170489	0.58999728830272	0.891658195883299	0.19619077893047998	0.25059209297802987	0.03612793554762983	0.748905157423192	0.35780088167887003	0.05722770395266985	0.7393004435459819	0.0	0.42006782895570005	0.25347633145414994	0.2964229231166	0.9198999942378889	0.10802415684337996	0.6561002960389849	0.40693834878645996	0.31926758011410006	0.07198664355478002	0.43964686230624295	0.6831790706373689	5.61854498042166	1.7524155120390998	0.31887748138242	0.34218680512067	0.529973546222196
SL1344_0453_1-152	0.77937443656548	0.07894528673580004	0.42879615754450007	1.311967647883867	1.226663040006946	0.68860392668798	5.19847715146596	0.10717489460711005	0.66891379254664	1.112148733172749	0.16992945934701997	1.311726024838999	0.61625860788618	0.6706599219337299	0.4561957645033299	1.168972986378892	0.7778687106345701	0.4772955329083699	1.1593682725016818	0.42006782895570005	0.0	0.67354416040985	0.7164907520723001	1.339967823193589	0.52809198579908	1.0761681249946848	0.82700617774216	0.1008002488416	0.34808118540092003	0.859714691261943	1.1032468995930689	5.19847715146596	1.3323476830833998	0.73894531033812	0.7622546340763701	0.950041375177896
STM_MW05301_1-153	0.10583027615563001	0.59459887367405	0.24474800286534992	0.638423487474017	0.553118879597096	0.015059766278129993	5.87202131187581	0.78071905501696	0.004630367863210028	0.438604572762899	0.84347361975687	0.638181864429149	0.05728555252366996	0.0028842384761200712	0.2173483959065201	0.49542882596904203	0.10432455022472009	0.1962486275014801	0.48582411209183196	0.25347633145414994	0.67354416040985	0.0	0.04294659166245007	0.666423662783739	0.14545217461076998	0.40262396458483496	0.15346201733231002	0.57274391156825	0.32546297500892996	0.186170530852093	0.429702739183219	5.87202131187581	2.0058918434932496	0.06540114992827006	0.08871047366652007	0.276497214768046
ETEC_0957_1-164	0.06288368449317994	0.6375454653365	0.2876945945278	0.5954768958115669	0.510172287934646	0.02788682538432008	5.91496790353826	0.8236656466794101	0.0475769595256601	0.3956579811004489	0.88642021141932	0.595235272766699	0.10023214418612003	0.045830830138570144	0.2602949875689702	0.45248223430659196	0.06137795856227002	0.23919521916393016	0.4428775204293819	0.2964229231166	0.7164907520723001	0.04294659166245007	0.0	0.6234770711212889	0.18839876627322005	0.3596773729223849	0.11051542566985995	0.6156905032307001	0.36840956667138003	0.14322393918964293	0.3867561475207689	5.91496790353826	2.0488384351557	0.02245455826581999	0.04576388200407	0.23355062310559593
STM_MW10121_1-154	0.560593386628109	1.261022536457789	0.9111716656490889	0.028000175309721986	0.11330478318664294	0.651363896505609	6.538444974659549	1.447142717800699	0.671054030646949	0.22781909002084	1.509897282540609	0.02824179835459001	0.723709215307409	0.6693079012598591	0.8837720586902591	0.17099483681469696	0.5620991125590189	0.8626722902852191	0.18059955069190703	0.9198999942378889	1.339967823193589	0.666423662783739	0.6234770711212889	0.0	0.811875837394509	0.26379969819890403	0.512961645451429	1.239167574351989	0.991886637792669	0.480253131931646	0.23672092360052	6.538444974659549	2.6723155062769886	0.6010225128554689	0.5777131891172189	0.389926448015693
CS17_00479_1-153	0.2512824507664	0.44914669906328	0.09929582825457994	0.783875662084787	0.698571054207866	0.16051194088889997	5.72656913726504	0.6352668804061901	0.14082180674755995	0.584056747373669	0.6980214451461	0.783634039039919	0.08816662208710002	0.1425679361346499	0.07189622129575013	0.640881000579812	0.24977672483549007	0.05079645289071011	0.6312762867026019	0.10802415684337996	0.52809198579908	0.14545217461076998	0.18839876627322005	0.811875837394509	0.0	0.5480761391956049	0.29891419194308	0.42729173695748	0.18001080039815998	0.331622705462863	0.575154913793989	5.72656913726504	1.8604396688824798	0.21085332453904004	0.23416264827729005	0.421949389378816
ERS227112_03408_1-164	0.29679368842920495	0.9972228382588849	0.6473719674501849	0.23579952288918204	0.1504949150122611	0.38756419830670497	6.274645276460645	1.183343019601795	0.407254332448045	0.03598060817806403	1.246097584341705	0.23555789984431402	0.4599095171085049	0.40550820306095503	0.6199723604913551	0.09280486138420707	0.29829941436011487	0.598872592086315	0.083200147506997	0.6561002960389849	1.0761681249946848	0.40262396458483496	0.3596773729223849	0.26379969819890403	0.5480761391956049	0.0	0.24916194725252494	0.975367876153085	0.7280869395937649	0.21645343373274195	0.027078774598384037	6.274645276460645	2.408515808078085	0.3372228146565649	0.3139134909183149	0.12612674981678895
STMMW_09711_1-164	0.04763174117668001	0.74806089100636	0.39821002019765994	0.484961470141707	0.39965686226478603	0.13840225105418003	6.02548332920812	0.9341810723492701	0.15809238519552005	0.285142555430589	0.99693563708918	0.48471984709683896	0.21074756985597998	0.1563462558084301	0.3708104132388301	0.341966808636732	0.04913746710758993	0.3497106448337901	0.33236209475952194	0.40693834878645996	0.82700617774216	0.15346201733231002	0.11051542566985995	0.512961645451429	0.29891419194308	0.24916194725252494	0.0	0.72620592890056	0.47892499234124	0.03270851351978299	0.276240721850909	6.02548332920812	2.1593538608255596	0.08806086740403996	0.06475154366578995	0.12303519743573599
BN373_15741_1-153	0.67857418772388	0.021854962105799958	0.3279959087029001	1.211167399042267	1.125862791165346	0.58780367784638	5.29927740030756	0.20797514344871004	0.56811354370504	1.0113484843311489	0.27072970818861997	1.210925775997399	0.51545835904458	0.5698596730921299	0.3553955156617299	1.068172737537292	0.6770684617929701	0.3764952840667699	1.058568023660082	0.31926758011410006	0.1008002488416	0.57274391156825	0.6156905032307001	1.239167574351989	0.42729173695748	0.975367876153085	0.72620592890056	0.0	0.24728093655932004	0.758914442420343	1.002446650751469	5.29927740030756	1.4331479319249998	0.6381450614965201	0.6614543852347701	0.849241126336296
ENC_22960_1-152	0.43129325116455997	0.26913589866512	0.08071497214358003	0.963886462482947	0.878581854606026	0.34052274128705995	5.54655833686688	0.4552560800080301	0.32083260714571993	0.764067547771829	0.51801064474794	0.963644839438079	0.26817742248526	0.3225787365328099	0.10811457910240985	0.820891800977972	0.42978752523365005	0.12921434750744987	0.8112870871007619	0.07198664355478002	0.34808118540092003	0.32546297500892996	0.36840956667138003	0.991886637792669	0.18001080039815998	0.7280869395937649	0.47892499234124	0.24728093655932004	0.0	0.511633505861023	0.755165714192149	5.54655833686688	1.6804288684843198	0.3908641249372	0.41417344867545003	0.601960189776976
SEN0863_1-164	0.080340254696463	0.780769404526143	0.43091853371744293	0.452252956621924	0.36694834874500304	0.17111076457396301	6.058191842727903	0.966889585869053	0.19080089871530304	0.252434041910806	1.0296441506089629	0.452011333577056	0.24345608337576297	0.18905476932821308	0.4035189267586131	0.309258295116949	0.08184598062737292	0.3824191583535731	0.29965358123973895	0.43964686230624295	0.859714691261943	0.186170530852093	0.14322393918964293	0.480253131931646	0.331622705462863	0.21645343373274195	0.03270851351978299	0.758914442420343	0.511633505861023	0.0	0.243532208331126	6.058191842727903	2.1920623743453427	0.12076938092382294	0.09746005718557293	0.090326683915953
SEN0905_1-153	0.323872463027589	1.0243016128572688	0.6744507420485689	0.208720748290798	0.12341614041387705	0.414642972905089	6.301724051059029	1.2104217942001791	0.434333107046429	0.008901833579679996	1.273176358940089	0.20847912524592999	0.48698829170688895	0.43258697765933907	0.6470511350897391	0.06572608678582303	0.3253781889584989	0.6259513666846991	0.056121372908612965	0.6831790706373689	1.1032468995930689	0.429702739183219	0.3867561475207689	0.23672092360052	0.575154913793989	0.027078774598384037	0.276240721850909	1.002446650751469	0.755165714192149	0.243532208331126	0.0	6.301724051059029	2.435594582676469	0.36430158925494893	0.3409922655166989	0.153205524415173
b0447_1-152	5.97785158803144	5.27742243820176	5.6272733090104605	6.510444799349827	6.425140191472906	5.88708107815394	0.0	5.0913022568588495	5.8673909440126	6.310625884638709	5.02854769211894	6.510203176304959	5.81473575935214	5.86913707339969	5.6546729159692894	6.367450137844852	5.97634586210053	5.67577268437433	6.357845423967642	5.61854498042166	5.19847715146596	5.87202131187581	5.91496790353826	6.538444974659549	5.72656913726504	6.274645276460645	6.02548332920812	5.29927740030756	5.54655833686688	6.058191842727903	6.301724051059029	0.0	3.86612946838256	5.93742246180408	5.96073178554233	6.148518526643856
t2546_2-151	2.1117221196488796	1.4112929698191998	1.7611438406278999	2.6443153309672667	2.5590107230903456	2.0209516097713798	3.86612946838256	1.2251727884762897	2.0012614756300398	2.4444964162561487	1.1624182237363798	2.6440737079223986	1.9486062909695798	2.00300760501713	1.7885434475867297	2.5013206694622916	2.1102163937179697	1.8096432159917697	2.491715955585082	1.7524155120390998	1.3323476830833998	2.0058918434932496	2.0488384351557	2.6723155062769886	1.8604396688824798	2.408515808078085	2.1593538608255596	1.4331479319249998	1.6804288684843198	2.1920623743453427	2.435594582676469	3.86612946838256	0.0	2.07129299342152	2.0946023171597696	2.2823890582612956
t2400_1-152	0.040429126227359946	0.66000002360232	0.31014915279362	0.5730223375457469	0.487717729668826	0.05034138365014007	5.93742246180408	0.8461202049452301	0.07003151779148009	0.37320342283462893	0.90887476968514	0.572780714500879	0.12268670245194002	0.06828538840439013	0.2827495458347902	0.43002767604077197	0.03892340029645003	0.26164977742975015	0.4204229621635619	0.31887748138242	0.73894531033812	0.06540114992827006	0.02245455826581999	0.6010225128554689	0.21085332453904004	0.3372228146565649	0.08806086740403996	0.6381450614965201	0.3908641249372	0.12076938092382294	0.36430158925494893	5.93742246180408	2.07129299342152	0.0	0.02330932373825001	0.21109606483977594
ETEC_0500_1-152	0.017119802489109937	0.68330934734057	0.33345847653187	0.5497130138074969	0.464408405930576	0.07365070738839008	5.96073178554233	0.8694295286834801	0.0933408415297301	0.3498940990963789	0.93218409342339	0.549471390762629	0.14599602619019003	0.09159471214264014	0.3060588695730402	0.40671835230252196	0.015614076558200018	0.28495910116800016	0.3971136384253119	0.34218680512067	0.7622546340763701	0.08871047366652007	0.04576388200407	0.5777131891172189	0.23416264827729005	0.3139134909183149	0.06475154366578995	0.6614543852347701	0.41417344867545003	0.09746005718557293	0.3409922655166989	5.96073178554233	2.0946023171597696	0.02330932373825001	0.0	0.18778674110152593
SL1344_0897_1-164	0.170666938612416	0.871096088442096	0.5212452176333959	0.361926272705971	0.27662166482905004	0.261437448489916	6.148518526643856	1.057216269785006	0.28112758263125603	0.16210735799485299	1.119970834524916	0.361684649661103	0.33378276729171596	0.2793814532441661	0.4938456106745661	0.21893161120099602	0.17217266454332592	0.4727458422695261	0.20932689732378595	0.529973546222196	0.950041375177896	0.276497214768046	0.23355062310559593	0.389926448015693	0.421949389378816	0.12612674981678895	0.12303519743573599	0.849241126336296	0.601960189776976	0.090326683915953	0.153205524415173	6.148518526643856	2.2823890582612956	0.21109606483977594	0.18778674110152593	0.0
