SEN3352_1-181	0.0	0.16138275170093397	0.21744706809118297	0.11223533059885893	6.277261300130459	0.087132941621338
STM_MW35161_1-182	0.16138275170093397	0.0	0.056064316390249	0.2736180822997929	6.115878548429525	0.24851569332227197
STMMW_35161_1-181	0.21744706809118297	0.056064316390249	0.0	0.3296823986900419	6.059814232039276	0.30458000971252097
SL1344_3494_1-181	0.11223533059885893	0.2736180822997929	0.3296823986900419	0.0	6.389496630729318	0.02510238897752093
b0501_1-149	6.277261300130459	6.115878548429525	6.059814232039276	6.389496630729318	0.0	6.364394241751797
ETEC_0552_1-163	0.087132941621338	0.24851569332227197	0.30458000971252097	0.02510238897752093	6.364394241751797	0.0
