STMMW_03341_1-311	0.0	0.254728333329836	6.337872551979893	0.7005442487718531	0.20755620638410605	0.043834871170085
ERS227112_02835A_1-337	0.254728333329836	0.0	6.083144218650057	0.44581591544201704	0.46228453971394207	0.298563204499921
b0537_1-385	6.337872551979893	6.083144218650057	0.0	5.63732830320804	6.545428758363999	6.381707423149978
BN373_09761_1-337	0.7005442487718531	0.44581591544201704	5.63732830320804	0.0	0.908100455155959	0.7443791199419381
STM_MW03341_1-391	0.20755620638410605	0.46228453971394207	6.545428758363999	0.908100455155959	0.0	0.16372133521402105
ETEC_0267_1-384	0.043834871170085	0.298563204499921	6.381707423149978	0.7443791199419381	0.16372133521402105	0.0
