ROD_07051_1-68	0.0	0.2761975445571109	-1	0.02670005615435702	0.3144126877594473	0.38561961578371473	0.4513112101023697	0.16588547004155313	0.5834354254780408	0.5442643863354257	0.21781096597555444	0.0775182400954527	0.14187612859103424
STM_MW07651_1-68	0.2761975445571109	0.0	-1	0.29552311076209753	0.5037702199797972	0.5553099693283071	0.2419357163386633	0.13225051303332788	0.42447753335256844	0.6701374437968092	0.43384965655260477	0.332305437079811	0.3788878348000326
b0699_1-68	-1	-1	-1	-1	-1	-1	-1	-1	-1	-1	-1	-1	-1
STMMW_07651_1-68	0.02670005615435702	0.29552311076209753	-1	0.0	0.2956053099811121	0.3687656224567493	0.4659612316039026	0.1881563748306088	0.5945577230096929	0.5317624165641069	0.19635356092397552	0.052212254056345664	0.11833564068811163
BN373_12891_2-69	0.3144126877594473	0.5037702199797972	-1	0.2956053099811121	0.0	0.10386266891602419	0.6238259272775624	0.4281416613049964	0.7144086129788606	0.33526247419136906	0.12350175927021984	0.2568012268215547	0.20106253294774662
t2168_1-68	0.38561961578371473	0.5553099693283071	-1	0.3687656224567493	0.10386266891602419	0.0	0.6628963704475253	0.4875363946037432	0.7440708966543053	0.25821913366274074	0.21453720585261468	0.33399183493898293	0.2840423105728018
NCTC13441_03295_1-68	0.4513112101023697	0.2419357163386633	-1	0.4659612316039026	0.6238259272775624	0.6628963704475253	0.0	0.3421901067651173	0.24079991756405617	0.7499429776251308	0.5708216454499306	0.4938445994553376	0.5291570514143449
ERS227112_03159_1-68	0.16588547004155313	0.13225051303332788	-1	0.1881563748306088	0.4281416613049964	0.4875363946037432	0.3421901067651173	0.0	0.5005906748288976	0.6198643028228492	0.347564761546048	0.23054456044197771	0.28422641035358787
Ecoli9000q_47970_1-68	0.5834354254780408	0.42447753335256844	-1	0.5945577230096929	0.7144086129788606	0.7440708966543053	0.24079991756405617	0.5005906748288976	0.0	0.8101566879993127	0.6741677578458646	0.6157267781810941	0.6425359946193877
CS17_00699_1-68	0.5442643863354257	0.6701374437968092	-1	0.5317624165641069	0.33526247419136906	0.25821913366274074	0.7499429776251308	0.6198643028228492	0.8101566879993127	0.0	0.4173587280816682	0.5059678863333503	0.4689162848758705
SL1344_0689_1-68	0.21781096597555444	0.43384965655260477	-1	0.19635356092397552	0.12350175927021984	0.21453720585261468	0.5708216454499306	0.347564761546048	0.6741677578458646	0.4173587280816682	0.0	0.1520818426747195	0.0884893660630157
ENC_20280_1-68	0.0775182400954527	0.332305437079811	-1	0.052212254056345664	0.2568012268215547	0.33399183493898293	0.4938445994553376	0.23054456044197771	0.6157267781810941	0.5059678863333503	0.1520818426747195	0.0	0.06976602822178393
SEN0671_1-68	0.14187612859103424	0.3788878348000326	-1	0.11833564068811163	0.20106253294774662	0.2840423105728018	0.5291570514143449	0.28422641035358787	0.6425359946193877	0.4689162848758705	0.0884893660630157	0.06976602822178393	0.0
