STM_MW12101_1-334	0.0	-1	0.09256231150953127	0.03879658691579696	0.05923814329852871	0.019760598518396386	0.002709107422454754	0.0325945720129957	0.026562427279964114	0.0328332094375677	0.06271055749710656	0.014357406686814816	0.03679915814050509	0.050442213362977384
b1099_1-334	-1	-1	-1	-1	-1	-1	-1	-1	-1	-1	-1	-1	-1	-1
CS17_01237_1-334	0.09256231150953127	-1	0.0	0.05376572459373431	0.033324168211002564	0.11232291002792766	0.08985320408707652	0.059967739496535576	0.06599988422956715	0.05972910207196357	0.02985175401242471	0.07820490482271646	0.05576315336902618	0.04212009814655389
ERS227112_03575_1-334	0.03879658691579696	-1	0.05376572459373431	0.0	0.02044155638273175	0.058557185434193346	0.036087479493342206	0.006202014902801263	0.012234159635832846	0.005963377478229261	0.023913970581309604	0.024439180228982144	0.001997428775291868	0.011645626447180424
t1719_1-334	0.05923814329852871	-1	0.033324168211002564	0.02044155638273175	0.0	0.0789987418169251	0.056529035876073955	0.026643571285533012	0.032675716018564595	0.02640493386096101	0.0034724141985778556	0.04488073661171389	0.022438985158023617	0.008795929935551325
BN373_17111_1-334	0.019760598518396386	-1	0.11232291002792766	0.058557185434193346	0.0789987418169251	0.0	0.02246970594085114	0.05235517053139208	0.0463230257983605	0.052593807955964085	0.08247115601550295	0.0341180052052112	0.05655975665890148	0.07020281188137377
NCTC13441_02813_1-334	0.002709107422454754	-1	0.08985320408707652	0.036087479493342206	0.056529035876073955	0.02246970594085114	0.0	0.029885464590540943	0.02385331985750936	0.030124102015112945	0.06000145007465181	0.011648299264360062	0.03409005071805034	0.04773310594052263
SL1344_1138_1-334	0.0325945720129957	-1	0.059967739496535576	0.006202014902801263	0.026643571285533012	0.05235517053139208	0.029885464590540943	0.0	0.006032144733031583	0.00023863742457200243	0.030115985484110867	0.01823716532618088	0.004204586127509395	0.017847641349981687
ENC_15390_1-334	0.026562427279964114	-1	0.06599988422956715	0.012234159635832846	0.032675716018564595	0.0463230257983605	0.02385331985750936	0.006032144733031583	0.0	0.0062707821576035855	0.03614813021714245	0.012205020593149297	0.010236730860540978	0.02387978608301327
STMMW_12101_1-334	0.0328332094375677	-1	0.05972910207196357	0.005963377478229261	0.02640493386096101	0.052593807955964085	0.030124102015112945	0.00023863742457200243	0.0062707821576035855	0.0	0.029877348059538865	0.018475802750752883	0.003965948702937393	0.017609003925409684
ETEC_1164_1-334	0.06271055749710656	-1	0.02985175401242471	0.023913970581309604	0.0034724141985778556	0.08247115601550295	0.06000145007465181	0.030115985484110867	0.03614813021714245	0.029877348059538865	0.0	0.04835315081029175	0.025911399356601472	0.01226834413412918
Ecoli9000q_54590_1-334	0.014357406686814816	-1	0.07820490482271646	0.024439180228982144	0.04488073661171389	0.0341180052052112	0.011648299264360062	0.01823716532618088	0.012205020593149297	0.018475802750752883	0.04835315081029175	0.0	0.022441751453690276	0.03608480667616257
SEN1848_1-334	0.03679915814050509	-1	0.05576315336902618	0.001997428775291868	0.022438985158023617	0.05655975665890148	0.03409005071805034	0.004204586127509395	0.010236730860540978	0.003965948702937393	0.025911399356601472	0.022441751453690276	0.0	0.013643055222472292
ROD_11611_1-334	0.050442213362977384	-1	0.04212009814655389	0.011645626447180424	0.008795929935551325	0.07020281188137377	0.04773310594052263	0.017847641349981687	0.02387978608301327	0.017609003925409684	0.01226834413412918	0.03608480667616257	0.013643055222472292	0.0
