ROD_02281_1-379	0.0	0.4634402493681681	0.5507055311267286	2.5445860627122383	0.08752306141095989	1.923296976340958	0.4548047255184444	1.4473626829475634	0.15243785212150018	0.03273384964793635	0.2111099742300228	0.4786151867939478	0.05712186743177983	0.17348402572889804	0.10756611338968369	-1	0.7752937258467338	0.11031082069992104	0.17699349119845992	0.29084105926645054	3.1501977159627286	0.28496320305088313	0.13631814928624142	2.398696106949212	0.28127244759743175
STM_MW18971_1-383	0.4634402493681681	0.0	1.0141457804948966	3.0080263120804065	0.3759171879572082	2.386737225709126	0.9182449748866125	1.9108029323157314	0.6158781014896683	0.49617409901610443	0.2523302751381452	0.015174937425779772	0.40631838193638825	0.28995622363927	0.3558741359784844	-1	1.2387339752149018	0.35312942866824704	0.2864467581697081	0.7542813086346186	3.6136379653308968	0.17847704631728492	0.32712210008192666	2.86213635631738	0.7447126969655998
SEN1623_1-352	0.5507055311267286	1.0141457804948966	0.0	1.9938805315855097	0.6382285925376885	1.3725914452142294	0.09590080560828418	0.8966571518208348	0.3982676790052284	0.5179716814787922	0.7618155053567515	1.0293207179206765	0.6078273985585084	0.7241895568556267	0.6582716445164123	-1	0.22458819472000524	0.6610163518266496	0.7276990223251885	0.25986447186027806	2.599492184836	0.8356687341776117	0.68702368041297	1.8479905758224833	0.26943308352929685
t2789_1-356	2.5445860627122383	3.0080263120804065	1.9938805315855097	0.0	2.632109124123198	0.6212890863712803	2.089781337193794	1.0972233797646749	2.3921482105907383	2.511852213064302	2.755696036942261	3.023201249506186	2.601707930144018	2.718070088441136	2.652152176101922	-1	1.7692923368655045	2.6548968834121593	2.7215795539106984	2.253745003445788	0.6056116532504903	2.8295492657631214	2.6809042119984796	0.14588995576302644	2.2633136151148063
CS17_02069_1-382	0.08752306141095989	0.3759171879572082	0.6382285925376885	2.632109124123198	0.0	2.010820037751918	0.5423277869294043	1.5348857443585233	0.23996091353246007	0.12025691105889624	0.12358691281906292	0.39109212538298793	0.030401193979180063	0.08596096431793815	0.020043051978723803	-1	0.8628167872576937	0.02278775928896115	0.08947042978750003	0.37836412067741043	3.2377207773736885	0.19744014163992324	0.04879508787528153	2.4862191683601718	0.36879550900839164
SEN2728_1-356	1.923296976340958	2.386737225709126	1.3725914452142294	0.6212890863712803	2.010820037751918	0.0	1.4684922508225136	0.47593429339339455	1.7708591242194578	1.8905631266930216	2.134406950570981	2.401912163134906	1.9804188437727377	2.096781002069856	2.0308630897306417	-1	1.1480032504942241	2.033607797040879	2.100290467539418	1.6324559170745074	1.2269007396217706	2.208260179391841	2.0596151256271993	0.4753991306082539	1.6420245287435262
STMMW_28491_1-356	0.4548047255184444	0.9182449748866125	0.09590080560828418	2.089781337193794	0.5423277869294043	1.4684922508225136	0.0	0.992557957429119	0.30236687339694424	0.42207087587050807	0.6659146997484673	0.9334199123123923	0.5119265929502242	0.6282887512473425	0.5623708389081281	-1	0.3204890003282894	0.5651155462183655	0.6317982167169043	0.16396366625199388	2.695392990444284	0.7397679285693275	0.5911228748046858	1.9438913814307675	0.17353227792101267
t1290_1-352	1.4473626829475634	1.9108029323157314	0.8966571518208348	1.0972233797646749	1.5348857443585233	0.47593429339339455	0.992557957429119	0.0	1.2949248308260632	1.414628833299627	1.6584726571775863	1.9259778697415113	1.5044845503793431	1.6208467086764615	1.5549287963372471	-1	0.6720689571008296	1.5576735036474845	1.6243561741460233	1.1565216236811129	1.7028350330151651	1.7323258859984465	1.5836808322338047	0.9513334240016484	1.1660902353501317
STM_MW14271_1-353	0.15243785212150018	0.6158781014896683	0.3982676790052284	2.3921482105907383	0.23996091353246007	1.7708591242194578	0.30236687339694424	1.2949248308260632	0.0	0.11970400247356383	0.363547826351523	0.6310530389154481	0.20955971955328	0.3259218778503982	0.2600039655111839	-1	0.6228558737252337	0.2627486728214212	0.3294313433199601	0.13840320714495036	2.997759863841228	0.4374010551723833	0.2887560014077416	2.246258254827712	0.12883459547593157
NCTC13441_03750_1-379	0.03273384964793635	0.49617409901610443	0.5179716814787922	2.511852213064302	0.12025691105889624	1.8905631266930216	0.42207087587050807	1.414628833299627	0.11970400247356383	0.0	0.24384382387795916	0.5113490364418842	0.08985571707971618	0.2062178753768344	0.14029996303762005	-1	0.7425598761987975	0.1430446703478574	0.20972734084639627	0.2581072096185142	3.117463866314792	0.3176970526988195	0.16905199893417777	2.3659622573012755	0.2485385979494954
STMMW_14271_1-352	0.2111099742300228	0.2523302751381452	0.7618155053567515	2.755696036942261	0.12358691281906292	2.134406950570981	0.6659146997484673	1.6584726571775863	0.363547826351523	0.24384382387795916	0.0	0.267505212563925	0.15398810679824299	0.03762594850112477	0.10354386084033912	-1	0.9864037000767567	0.10079915353010177	0.034116483031562894	0.5019510334964734	3.3613076901927514	0.07385322882086032	0.0747918249437814	2.6098060811792347	0.49238242182745456
SL1344_1356_1-352	0.4786151867939478	0.015174937425779772	1.0293207179206765	3.023201249506186	0.39109212538298793	2.401912163134906	0.9334199123123923	1.9259778697415113	0.6310530389154481	0.5113490364418842	0.267505212563925	0.0	0.421493319362168	0.3051311610650498	0.37104907340426413	-1	1.2539089126406817	0.3683043660940268	0.3016216955954879	0.7694562460603984	3.6288129027566765	0.1936519837430647	0.3422970375077064	2.8773112937431597	0.7598876343913796
SL1344_1849_1-383	0.05712186743177983	0.40631838193638825	0.6078273985585084	2.601707930144018	0.030401193979180063	1.9804188437727377	0.5119265929502242	1.5044845503793431	0.20955971955328	0.08985571707971618	0.15398810679824299	0.421493319362168	0.0	0.11636215829711821	0.050444245957903866	-1	0.8324155932785137	0.053188953268141215	0.11987162376668009	0.34796292669823037	3.2073195833945083	0.2278413356191033	0.07919628185446159	2.4558179743809916	0.3383943150292116
ETEC_1913_1-382	0.17348402572889804	0.28995622363927	0.7241895568556267	2.718070088441136	0.08596096431793815	2.096781002069856	0.6282887512473425	1.6208467086764615	0.3259218778503982	0.2062178753768344	0.03762594850112477	0.3051311610650498	0.11636215829711821	0.0	0.06591791233921435	-1	0.9487777515756319	0.063173205028977	0.0035094654695618788	0.4643250849953486	3.3236817416916264	0.11147917732198509	0.03716587644265662	2.5721801326781097	0.4547564733263298
ROD_19251_1-382	0.10756611338968369	0.3558741359784844	0.6582716445164123	2.652152176101922	0.020043051978723803	2.0308630897306417	0.5623708389081281	1.5549287963372471	0.2600039655111839	0.14029996303762005	0.10354386084033912	0.37104907340426413	0.050444245957903866	0.06591791233921435	0.0	-1	0.8828598392364175	0.0027447073102373487	0.06942737780877622	0.39840717265613423	3.2577638293524123	0.17739708966119944	0.028752035896557726	2.5062622203388956	0.38883856098711544
b1880_1-382	-1	-1	-1	-1	-1	-1	-1	-1	-1	-1	-1	-1	-1	-1	-1	-1	-1	-1	-1	-1	-1	-1	-1	-1	-1
SL1344_2866_1-356	0.7752937258467338	1.2387339752149018	0.22458819472000524	1.7692923368655045	0.8628167872576937	1.1480032504942241	0.3204890003282894	0.6720689571008296	0.6228558737252337	0.7425598761987975	0.9864037000767567	1.2539089126406817	0.8324155932785137	0.9487777515756319	0.8828598392364175	-1	0.0	0.8856045465466549	0.9522872170451937	0.4844526665802833	2.3749039901159947	1.060256928897617	0.9116118751329753	1.623402381102478	0.4940212782493021
NCTC13441_02002_1-382	0.11031082069992104	0.35312942866824704	0.6610163518266496	2.6548968834121593	0.02278775928896115	2.033607797040879	0.5651155462183655	1.5576735036474845	0.2627486728214212	0.1430446703478574	0.10079915353010177	0.3683043660940268	0.053188953268141215	0.063173205028977	0.0027447073102373487	-1	0.8856045465466549	0.0	0.06668267049853888	0.4011518799663716	3.2605085366626496	0.1746523823509621	0.026007328586320377	2.509006927649133	0.3915832682973528
SEN1089_1-383	0.17699349119845992	0.2864467581697081	0.7276990223251885	2.7215795539106984	0.08947042978750003	2.100290467539418	0.6317982167169043	1.6243561741460233	0.3294313433199601	0.20972734084639627	0.034116483031562894	0.3016216955954879	0.11987162376668009	0.0035094654695618788	0.06942737780877622	-1	0.9522872170451937	0.06668267049853888	0.0	0.46783455046491046	3.3271912071611887	0.10796971185242321	0.0406753419122185	2.575689598147672	0.45826593879589167
ENC_28790_1-381	0.29084105926645054	0.7542813086346186	0.25986447186027806	2.253745003445788	0.37836412067741043	1.6324559170745074	0.16396366625199388	1.1565216236811129	0.13840320714495036	0.2581072096185142	0.5019510334964734	0.7694562460603984	0.34796292669823037	0.4643250849953486	0.39840717265613423	-1	0.4844526665802833	0.4011518799663716	0.46783455046491046	0.0	2.859356656696278	0.5758042623173336	0.42715920855269196	2.1078550476827616	0.00956861166901879
Ecoli9000q_32630_1-346	3.1501977159627286	3.6136379653308968	2.599492184836	0.6056116532504903	3.2377207773736885	1.2269007396217706	2.695392990444284	1.7028350330151651	2.997759863841228	3.117463866314792	3.3613076901927514	3.6288129027566765	3.2073195833945083	3.3236817416916264	3.2577638293524123	-1	2.3749039901159947	3.2605085366626496	3.3271912071611887	2.859356656696278	0.0	3.4351609190136116	3.28651586524897	0.7515016090135167	2.868925268365297
STMMW_18971_1-383	0.28496320305088313	0.17847704631728492	0.8356687341776117	2.8295492657631214	0.19744014163992324	2.208260179391841	0.7397679285693275	1.7323258859984465	0.4374010551723833	0.3176970526988195	0.07385322882086032	0.1936519837430647	0.2278413356191033	0.11147917732198509	0.17739708966119944	-1	1.060256928897617	0.1746523823509621	0.10796971185242321	0.5758042623173336	3.4351609190136116	0.0	0.1486450537646417	2.683659310000095	0.5662356506483148
t0963_1-383	0.13631814928624142	0.32712210008192666	0.68702368041297	2.6809042119984796	0.04879508787528153	2.0596151256271993	0.5911228748046858	1.5836808322338047	0.2887560014077416	0.16905199893417777	0.0747918249437814	0.3422970375077064	0.07919628185446159	0.03716587644265662	0.028752035896557726	-1	0.9116118751329753	0.026007328586320377	0.0406753419122185	0.42715920855269196	3.28651586524897	0.1486450537646417	0.0	2.535014256235453	0.41759059688367317
STM_MW28491_1-357	2.398696106949212	2.86213635631738	1.8479905758224833	0.14588995576302644	2.4862191683601718	0.4753991306082539	1.9438913814307675	0.9513334240016484	2.246258254827712	2.3659622573012755	2.6098060811792347	2.8773112937431597	2.4558179743809916	2.5721801326781097	2.5062622203388956	-1	1.623402381102478	2.509006927649133	2.575689598147672	2.1078550476827616	0.7515016090135167	2.683659310000095	2.535014256235453	0.0	2.11742365935178
ROD_30081_1-345	0.28127244759743175	0.7447126969655998	0.26943308352929685	2.2633136151148063	0.36879550900839164	1.6420245287435262	0.17353227792101267	1.1660902353501317	0.12883459547593157	0.2485385979494954	0.49238242182745456	0.7598876343913796	0.3383943150292116	0.4547564733263298	0.38883856098711544	-1	0.4940212782493021	0.3915832682973528	0.45826593879589167	0.00956861166901879	2.868925268365297	0.5662356506483148	0.41759059688367317	2.11742365935178	0.0
