Ecoli9000q_51400_1-220	0.0	-1	0.2735656902601506	0.4120981305785166	0.5889262760068527	0.11406864236804014	0.11709973093718123	0.30053931601044803	0.2574578285642732	0.2760201541846686	0.039559289394322565	0.24272556999156839
b0964_1-220	-1	-1	-1	-1	-1	-1	-1	-1	-1	-1	-1	-1
ENC_16640_1-220	0.2735656902601506	-1	0.0	0.19070195124453468	0.7013819430588486	0.3564290657417396	0.17721815793425333	0.49188776083588687	0.4605918902403589	0.47407620043957716	0.3023029153451143	0.040725157283125035
CS17_01027_1-220	0.4120981305785166	-1	0.19070195124453468	0.0	0.7583289891943777	0.479159298669058	0.3341242606647638	0.588785756295713	0.5634580692886486	0.5743708952216894	0.4353551107664243	0.2236607415690272
STMMW_10901_1-220	0.5889262760068527	-1	0.7013819430588486	0.7583289891943777	0.0	0.5359982232800494	0.6370628984817953	0.4122990278045597	0.4463967976413725	0.43220280734444416	0.5719946900898087	0.688704379971646
ROD_10261_1-220	0.11406864236804014	-1	0.3564290657417396	0.479159298669058	0.5359982232800494	0.0	0.21781096597555433	0.21047982107872618	0.16185134995052386	0.18280367933867347	0.07757829520442772	0.3291068361226616
SL1344_1017_1-220	0.11709973093718123	-1	0.17721815793425333	0.3341242606647638	0.6370628984817953	0.21781096597555433	0.0	0.3824459739067613	0.3444093170489071	0.36079799933358586	0.15202663818736253	0.1422876891721151
t1843_1-220	0.30053931601044803	-1	0.49188776083588687	0.588785756295713	0.4122990278045597	0.21047982107872618	0.3824459739067613	0.0	0.058018910040995436	0.03386718838584028	0.27172945058893333	0.4703163092185043
SEN0942_1-220	0.2574578285642732	-1	0.4605918902403589	0.5634580692886486	0.4463967976413725	0.16185134995052386	0.3444093170489071	0.058018910040995436	0.0	0.024998345325632644	0.2268734933492547	0.43769180036878685
STM_MW10901_1-220	0.2760201541846686	-1	0.47407620043957716	0.5743708952216894	0.43220280734444416	0.18280367933867347	0.36079799933358586	0.03386718838584028	0.024998345325632644	0.0	0.24620037674291004	0.4517485749226027
NCTC13441_02932_1-220	0.039559289394322565	-1	0.3023029153451143	0.4353551107664243	0.5719946900898087	0.07757829520442772	0.15202663818736253	0.27172945058893333	0.2268734933492547	0.24620037674291004	0.0	0.2726828083191926
ETEC_1034_1-220	0.24272556999156839	-1	0.040725157283125035	0.2236607415690272	0.688704379971646	0.3291068361226616	0.1422876891721151	0.4703163092185043	0.43769180036878685	0.4517485749226027	0.2726828083191926	0.0
