SL1344_1750_7-108	0.0	0.08943369781233457	0.08848388087278924	-1	1.0736259558627494	0.8110627944823094	1.3318459161592662	1.0304533898329298	0.19191835306606614	0.40845566223444546	0.2531989037975103	1.3167988487277733	0.21103711043562534	1.2849350796891263	0.24186589887969268	0.21429317326898895	0.1552375302841646	0.23339518674345527	0.15831546917758943	0.15895216116226835	0.6582902928013361	0.4147799651946149	0.2326181286977878	0.6943816366031534	0.9131907104646786	0.482864307093981	0.31564584728089323	0.4792115335854412	1.016254070235385	0.24341312997513687
SL1344_1750_177-354	0.08943369781233457	0.0	0.1779175786851238	-1	0.9841922580504149	0.7216290966699749	1.2424122183469315	0.9410196920205952	0.2813520508784007	0.49788936004678	0.3426326016098449	1.2273651509154386	0.12160341262329077	1.1955013818767917	0.33129959669202724	0.3037268710813235	0.24467122809649916	0.32282888455578984	0.247749166989924	0.2483858589746029	0.5688565949890015	0.5042136630069495	0.3220518265101224	0.6049479387908189	0.823757012652344	0.5722980049063155	0.4050795450932278	0.5686452313977758	0.9268203724230505	0.1539794321628023
SL1344_1750_361-608	0.08848388087278924	0.1779175786851238	0.0	-1	1.1621098367355387	0.8995466753550987	1.4203297970320554	1.118937270705719	0.1034344721932769	0.3199717813616562	0.16471502292472107	1.4052827296005626	0.2995209913084146	1.3734189605619156	0.15338201800690343	0.1258092923961997	0.06675364941137535	0.14491130587066603	0.06983158830480019	0.0704682802894791	0.7467741736741254	0.32629608432182566	0.14413424782499856	0.7828655174759427	1.0016745913374678	0.39438042622119174	0.227161966408104	0.390727652712652	1.1047379511081743	0.3318970108479261
b3822_1-609	-1	-1	-1	-1	-1	-1	-1	-1	-1	-1	-1	-1	-1	-1	-1	-1	-1	-1	-1	-1	-1	-1	-1	-1	-1	-1	-1	-1	-1	-1
SL1344_3912_7-615	1.0736259558627494	0.9841922580504149	1.1621098367355387	-1	0.0	0.26256316138044	0.2582199602965167	0.04317256602981967	1.2655443089288156	1.482081618097195	1.3268248596602596	0.24317289286502386	0.8625888454271241	0.2113091238263769	1.3154918547424421	1.2879191291317384	1.228863486146914	1.3070211426062048	1.2319414250403389	1.2325781170250178	0.41533566306141334	1.4884059210573644	1.3062440845605372	0.379244319259596	0.16043524539807086	1.5564902629567303	1.3892718031436426	1.5528374894481907	0.057371885627364394	0.8302128258876126
NCTC13441_04697_3-611	0.8110627944823094	0.7216290966699749	0.8995466753550987	-1	0.26256316138044	0.0	0.5207831216769567	0.21939059535062033	1.0029811475483756	1.219518456716755	1.0642616982798199	0.5057360542454639	0.6000256840466841	0.4738722852068169	1.0529286933620021	1.0253559677512984	0.9663003247664741	1.0444579812257646	0.9693782636598989	0.9700149556445778	0.15277250168097334	1.2258427596769244	1.0436809231800972	0.116681157879156	0.10212791598236914	1.2939271015762903	1.1267086417632026	1.2902743280677507	0.2051912757530756	0.5676496645071726
STMMW_39291_7-615	1.3318459161592662	1.2424122183469315	1.4203297970320554	-1	0.2582199602965167	0.5207831216769567	0.0	0.3013925263263364	1.5237642692253324	1.7403015783937117	1.5850448199567766	0.015047067431492867	1.120808805723641	0.04691083647013983	1.5737118150389589	1.5461390894282552	1.4870834464434308	1.5652411029027213	1.4901613853368556	1.4907980773215346	0.6735556233579301	1.746625881353881	1.564464044857054	0.6374642795561127	0.4186552056945876	1.814710223253247	1.6474917634401594	1.8110574497447074	0.3155918459238811	1.0884327861841294
CS17_04275_3-611	1.0304533898329298	0.9410196920205952	1.118937270705719	-1	0.04317256602981967	0.21939059535062033	0.3013925263263364	0.0	1.222371742898996	1.4389090520673753	1.28365229363044	0.28634545889484353	0.8194162793973044	0.25448168985619657	1.2723192887126225	1.2447465631019188	1.1856909201170944	1.2638485765763852	1.1887688590105192	1.1894055509951982	0.37216309703159367	1.4452333550275447	1.2630715185307175	0.33607175322977634	0.11726267936825119	1.5133176969269106	1.346099237113823	1.509664923418371	0.014199319597544724	0.7870402598577929
t1056_7-108	0.19191835306606614	0.2813520508784007	0.1034344721932769	-1	1.2655443089288156	1.0029811475483756	1.5237642692253324	1.222371742898996	0.0	0.21653730916837932	0.06128055073144417	1.5087172017938395	0.4029554635016915	1.4768534327551925	0.04994754581362654	0.022374820202922807	0.036680822781901545	0.041476833677389136	0.03360288388847671	0.03296619190379779	0.8502086458674023	0.2228616121285488	0.04069977563172167	0.8862999896692196	1.1051090635307448	0.2909459540279148	0.1237274942148271	0.2872931805193751	1.2081724233014512	0.435331483041203
t1056_177-354	0.40845566223444546	0.49788936004678	0.3199717813616562	-1	1.482081618097195	1.219518456716755	1.7403015783937117	1.4389090520673753	0.21653730916837932	0.0	0.15525675843693515	1.7252545109622188	0.6194927726700707	1.6933907419235719	0.16658976335475278	0.19416248896545651	0.25321813195028087	0.17506047549099019	0.25014019305685603	0.24950350107217711	1.0667459550357816	0.006324302960169476	0.17583753353665765	1.102837298837599	1.321646372699124	0.0744086448595355	0.09280981495355223	0.07075587135099576	1.4247097324698306	0.6518687922095823
t1056_361-608	0.2531989037975103	0.3426326016098449	0.16471502292472107	-1	1.3268248596602596	1.0642616982798199	1.5850448199567766	1.28365229363044	0.06128055073144417	0.15525675843693515	0.0	1.5699977525252837	0.46423601423313565	1.5381339834866368	0.011333004917817635	0.038905730528521365	0.09796137351334572	0.019803717054055037	0.09488343461992088	0.09424674263524196	0.9114891965988464	0.16158106139710463	0.020580775099722504	0.9475805404006638	1.1663896142621888	0.22966540329647064	0.06244694348338292	0.2260126297879309	1.2694529740328955	0.4966120337726472
STM_MW39291_7-615	1.3167988487277733	1.2273651509154386	1.4052827296005626	-1	0.24317289286502386	0.5057360542454639	0.015047067431492867	0.28634545889484353	1.5087172017938395	1.7252545109622188	1.5699977525252837	0.0	1.105761738292148	0.03186376903864696	1.558664747607466	1.5310920219967623	1.472036379011938	1.5501940354712285	1.4751143179053627	1.4757510098900417	0.6585085559264372	1.7315788139223882	1.549416977425561	0.6224172121246199	0.4036081382630947	1.7996631558217542	1.6324446960086665	1.7960103823132145	0.30054477849238825	1.0733857187526366
Ecoli9000q_34390_3-611	0.21103711043562534	0.12160341262329077	0.2995209913084146	-1	0.8625888454271241	0.6000256840466841	1.120808805723641	0.8194162793973044	0.4029554635016915	0.6194927726700707	0.46423601423313565	1.105761738292148	0.0	1.0738979692535011	0.452903009315318	0.4253302837046143	0.36627464071978993	0.4444322971790806	0.36935257961321477	0.3699892715978937	0.44725318236571077	0.6258170756302402	0.44365523913341315	0.4833445261675281	0.7021536000290532	0.6939014175296063	0.5266829577165186	0.6902486440210666	0.8052169597997597	0.032376019539511525
BN373_49421_1-608	1.2849350796891263	1.1955013818767917	1.3734189605619156	-1	0.2113091238263769	0.4738722852068169	0.04691083647013983	0.25448168985619657	1.4768534327551925	1.6933907419235719	1.5381339834866368	0.03186376903864696	1.0738979692535011	0.0	1.526800978568819	1.4992282529581153	1.440172609973291	1.5183302664325815	1.4432505488667158	1.4438872408513947	0.6266447868877902	1.6997150448837413	1.517553208386914	0.5905534430859729	0.37174436922444776	1.7677993867831072	1.6005809269700195	1.7641466132745676	0.2686810094537413	1.0415219497139896
SEN1216_7-108	0.24186589887969268	0.33129959669202724	0.15338201800690343	-1	1.3154918547424421	1.0529286933620021	1.5737118150389589	1.2723192887126225	0.04994754581362654	0.16658976335475278	0.011333004917817635	1.558664747607466	0.452903009315318	1.526800978568819	0.0	0.02757272561070373	0.08662836859552808	0.008470712136237402	0.08355042970210325	0.08291373771742433	0.9001561916810288	0.17291406631492226	0.009247770181904869	0.9362475354828461	1.1550566093443713	0.24099840821428828	0.07377994840120056	0.23734563470574854	1.2581199691150777	0.48527902885482954
SEN1216_177-354	0.21429317326898895	0.3037268710813235	0.1258092923961997	-1	1.2879191291317384	1.0253559677512984	1.5461390894282552	1.2447465631019188	0.022374820202922807	0.19416248896545651	0.038905730528521365	1.5310920219967623	0.4253302837046143	1.4992282529581153	0.02757272561070373	0.0	0.05905564298482435	0.01910201347446633	0.055977704091399516	0.0553410121067206	0.8725834660703251	0.200486791925626	0.01832495542879886	0.9086748098721424	1.1274838837336676	0.268571133824992	0.10135267401190429	0.2649183603164523	1.230547243504374	0.4577063032441258
SEN1216_361-608	0.1552375302841646	0.24467122809649916	0.06675364941137535	-1	1.228863486146914	0.9663003247664741	1.4870834464434308	1.1856909201170944	0.036680822781901545	0.25321813195028087	0.09796137351334572	1.472036379011938	0.36627464071978993	1.440172609973291	0.08662836859552808	0.05905564298482435	0.0	0.07815765645929068	0.0030779388934248364	0.003714630878103753	0.8135278230855008	0.25954243491045037	0.07738059841362321	0.8496191668873181	1.0684282407488432	0.32762677680981633	0.16040831699672864	0.3239740033012766	1.1714916005195497	0.39865066025930146
STMMW_18131_7-108	0.23339518674345527	0.32282888455578984	0.14491130587066603	-1	1.3070211426062048	1.0444579812257646	1.5652411029027213	1.2638485765763852	0.041476833677389136	0.17506047549099019	0.019803717054055037	1.5501940354712285	0.4444322971790806	1.5183302664325815	0.008470712136237402	0.01910201347446633	0.07815765645929068	0.0	0.07507971756586584	0.07444302558118693	0.8916854795447914	0.18138477845115966	0.0007770580456674669	0.9277768233466087	1.146585897208134	0.24946912035052568	0.08225066053743796	0.24581634684198594	1.2496492569788402	0.47680831671859214
STMMW_18131_177-354	0.15831546917758943	0.247749166989924	0.06983158830480019	-1	1.2319414250403389	0.9693782636598989	1.4901613853368556	1.1887688590105192	0.03360288388847671	0.25014019305685603	0.09488343461992088	1.4751143179053627	0.36935257961321477	1.4432505488667158	0.08355042970210325	0.055977704091399516	0.0030779388934248364	0.07507971756586584	0.0	0.0006366919846789165	0.8166057619789255	0.2564644960170255	0.07430265952019838	0.8526971057807429	1.071506179642268	0.32454883791639155	0.1573303781033038	0.3208960644078518	1.1745695394129745	0.4017285991527263
STMMW_18131_361-608	0.15895216116226835	0.2483858589746029	0.0704682802894791	-1	1.2325781170250178	0.9700149556445778	1.4907980773215346	1.1894055509951982	0.03296619190379779	0.24950350107217711	0.09424674263524196	1.4757510098900417	0.3699892715978937	1.4438872408513947	0.08291373771742433	0.0553410121067206	0.003714630878103753	0.07444302558118693	0.0006366919846789165	0.0	0.8172424539636045	0.2558278040323466	0.07366596753551946	0.8533337977654218	1.072142871626947	0.3239121459317126	0.1566936861186249	0.32025937242317287	1.1752062313976535	0.4023652911374052
ROD_39321_1-609	0.6582902928013361	0.5688565949890015	0.7467741736741254	-1	0.41533566306141334	0.15277250168097334	0.6735556233579301	0.37216309703159367	0.8502086458674023	1.0667459550357816	0.9114891965988464	0.6585085559264372	0.44725318236571077	0.6266447868877902	0.9001561916810288	0.8725834660703251	0.8135278230855008	0.8916854795447914	0.8166057619789255	0.8172424539636045	0.0	1.073070257995951	0.8909084214991239	0.03609134380181733	0.2549004176633425	1.141154599895317	0.9739361400822293	1.1375018263867773	0.35796377743404895	0.41487716282619924
NCTC13441_02078_8-102	0.4147799651946149	0.5042136630069495	0.32629608432182566	-1	1.4884059210573644	1.2258427596769244	1.746625881353881	1.4452333550275447	0.2228616121285488	0.006324302960169476	0.16158106139710463	1.7315788139223882	0.6258170756302402	1.6997150448837413	0.17291406631492226	0.200486791925626	0.25954243491045037	0.18138477845115966	0.2564644960170255	0.2558278040323466	1.073070257995951	0.0	0.18216183649682713	1.1091616017977683	1.3279706756592935	0.06808434189936602	0.0991341179137217	0.06443156839082628	1.43103403543	0.6581930951697518
NCTC13441_02078_182-606	0.2326181286977878	0.3220518265101224	0.14413424782499856	-1	1.3062440845605372	1.0436809231800972	1.564464044857054	1.2630715185307175	0.04069977563172167	0.17583753353665765	0.020580775099722504	1.549416977425561	0.44365523913341315	1.517553208386914	0.009247770181904869	0.01832495542879886	0.07738059841362321	0.0007770580456674669	0.07430265952019838	0.07366596753551946	0.8909084214991239	0.18216183649682713	0.0	0.9269997653009412	1.1458088391624663	0.2502461783961931	0.08302771858310543	0.2465934048876534	1.2488721989331728	0.4760312586729247
ETEC_4100_1-609	0.6943816366031534	0.6049479387908189	0.7828655174759427	-1	0.379244319259596	0.116681157879156	0.6374642795561127	0.33607175322977634	0.8862999896692196	1.102837298837599	0.9475805404006638	0.6224172121246199	0.4833445261675281	0.5905534430859729	0.9362475354828461	0.9086748098721424	0.8496191668873181	0.9277768233466087	0.8526971057807429	0.8533337977654218	0.03609134380181733	1.1091616017977683	0.9269997653009412	0.0	0.21880907386152515	1.1772459436971343	1.0100274838840466	1.1735931701885947	0.3218724336322316	0.4509685066280166
ERS227112_01789_1-609	0.9131907104646786	0.823757012652344	1.0016745913374678	-1	0.16043524539807086	0.10212791598236914	0.4186552056945876	0.11726267936825119	1.1051090635307448	1.321646372699124	1.1663896142621888	0.4036081382630947	0.7021536000290532	0.37174436922444776	1.1550566093443713	1.1274838837336676	1.0684282407488432	1.146585897208134	1.071506179642268	1.072142871626947	0.2549004176633425	1.3279706756592935	1.1458088391624663	0.21880907386152515	0.0	1.3960550175586595	1.2288365577455718	1.3924022440501198	0.10306335977070646	0.6697775804895417
STM_MW18131_7-108	0.482864307093981	0.5722980049063155	0.39438042622119174	-1	1.5564902629567303	1.2939271015762903	1.814710223253247	1.5133176969269106	0.2909459540279148	0.0744086448595355	0.22966540329647064	1.7996631558217542	0.6939014175296063	1.7677993867831072	0.24099840821428828	0.268571133824992	0.32762677680981633	0.24946912035052568	0.32454883791639155	0.3239121459317126	1.141154599895317	0.06808434189936602	0.2502461783961931	1.1772459436971343	1.3960550175586595	0.0	0.16721845981308772	0.003652773508539736	1.499118377329366	0.7262774370691178
STM_MW18131_177-354	0.31564584728089323	0.4050795450932278	0.227161966408104	-1	1.3892718031436426	1.1267086417632026	1.6474917634401594	1.346099237113823	0.1237274942148271	0.09280981495355223	0.06244694348338292	1.6324446960086665	0.5266829577165186	1.6005809269700195	0.07377994840120056	0.10135267401190429	0.16040831699672864	0.08225066053743796	0.1573303781033038	0.1566936861186249	0.9739361400822293	0.0991341179137217	0.08302771858310543	1.0100274838840466	1.2288365577455718	0.16721845981308772	0.0	0.16356568630454799	1.3318999175162782	0.5590589772560302
STM_MW18131_361-608	0.4792115335854412	0.5686452313977758	0.390727652712652	-1	1.5528374894481907	1.2902743280677507	1.8110574497447074	1.509664923418371	0.2872931805193751	0.07075587135099576	0.2260126297879309	1.7960103823132145	0.6902486440210666	1.7641466132745676	0.23734563470574854	0.2649183603164523	0.3239740033012766	0.24581634684198594	0.3208960644078518	0.32025937242317287	1.1375018263867773	0.06443156839082628	0.2465934048876534	1.1735931701885947	1.3924022440501198	0.003652773508539736	0.16356568630454799	0.0	1.4954656038208263	0.7226246635605781
SEN3753_7-615	1.016254070235385	0.9268203724230505	1.1047379511081743	-1	0.057371885627364394	0.2051912757530756	0.3155918459238811	0.014199319597544724	1.2081724233014512	1.4247097324698306	1.2694529740328955	0.30054477849238825	0.8052169597997597	0.2686810094537413	1.2581199691150777	1.230547243504374	1.1714916005195497	1.2496492569788402	1.1745695394129745	1.1752062313976535	0.35796377743404895	1.43103403543	1.2488721989331728	0.3218724336322316	0.10306335977070646	1.499118377329366	1.3318999175162782	1.4954656038208263	0.0	0.7728409402602482
t3339_1-609	0.24341312997513687	0.1539794321628023	0.3318970108479261	-1	0.8302128258876126	0.5676496645071726	1.0884327861841294	0.7870402598577929	0.435331483041203	0.6518687922095823	0.4966120337726472	1.0733857187526366	0.032376019539511525	1.0415219497139896	0.48527902885482954	0.4577063032441258	0.39865066025930146	0.47680831671859214	0.4017285991527263	0.4023652911374052	0.41487716282619924	0.6581930951697518	0.4760312586729247	0.4509685066280166	0.6697775804895417	0.7262774370691178	0.5590589772560302	0.7226246635605781	0.7728409402602482	0.0
