STMMW_03691_1-172	0.0	0.182056064622522	0.46986696072290496	0.05870374454728	0.23965950994517693	0.15741065561157996
BN373_33771_1-192	0.182056064622522	0.0	0.28781089610038296	0.123352320075242	0.057603445322654934	0.024645409010942032
CS17_01285_1-181	0.46986696072290496	0.28781089610038296	0.0	0.41116321617562496	0.23020745077772803	0.312456305111325
SEN1391_1-218	0.05870374454728	0.123352320075242	0.41116321617562496	0.0	0.18095576539789693	0.09870691106429996
ETEC_1208_1-184	0.23965950994517693	0.057603445322654934	0.23020745077772803	0.18095576539789693	0.0	0.08224885433359697
STM_MW03691_1-192	0.15741065561157996	0.024645409010942032	0.312456305111325	0.09870691106429996	0.08224885433359697	0.0
