ROD_10661_1-216	0.0	0.04510902188653232	0.22183569763939603	0.33201609756926476	0.20436909775238532	0.08609651095349968	-1	0.487797768652944	0.3907350494750341	0.021193118521888432	0.1428045149016165	0.2188178754615422	0.2735840687414961	0.19819972596133806
ETEC_1082_1-212	0.04510902188653232	0.0	0.26694471952592835	0.3771251194557971	0.24947811963891764	0.131205532840032	-1	0.5329067905394763	0.43584407136156644	0.06630214040842075	0.09769549301508418	0.17370885357500987	0.22847504685496378	0.24330874784787038
Ecoli9000q_52520_1-212	0.22183569763939603	0.26694471952592835	0.0	0.11018039992986872	0.017466599887010714	0.13573918668589635	-1	0.26596207101354796	0.1688993518356381	0.2006425791175076	0.36464021254101253	0.4406535731009382	0.49541976638089213	0.023635971678057976
STM_MW11311_1-212	0.33201609756926476	0.3771251194557971	0.11018039992986872	0.0	0.12764699981687944	0.24591958661576507	-1	0.15578167108367924	0.05871895190576937	0.3108229790473763	0.47482061247088125	0.550833973030807	0.6056001663107609	0.1338163716079267
SEN0985_1-212	0.20436909775238532	0.24947811963891764	0.017466599887010714	0.12764699981687944	0.0	0.11827258679888564	-1	0.2834286709005587	0.1863659517226488	0.1831759792304969	0.3471736126540018	0.4231869732139275	0.4779531664938814	0.006169371791047262
NCTC13441_02892_1-212	0.08609651095349968	0.131205532840032	0.13573918668589635	0.24591958661576507	0.11827258679888564	0.0	-1	0.4017012576994443	0.30463853852153444	0.06490339243161125	0.22890102585511618	0.30491438641504187	0.3596805796949958	0.11210321500783837
b1013_1-212	-1	-1	-1	-1	-1	-1	-1	-1	-1	-1	-1	-1	-1	-1
t1799_1-212	0.487797768652944	0.5329067905394763	0.26596207101354796	0.15578167108367924	0.2834286709005587	0.4017012576994443	-1	0.0	0.09706271917790987	0.46660465013105556	0.6306022835545605	0.7066156441144862	0.7613818373944401	0.28959804269160594
STMMW_11311_1-212	0.3907350494750341	0.43584407136156644	0.1688993518356381	0.05871895190576937	0.1863659517226488	0.30463853852153444	-1	0.09706271917790987	0.0	0.3695419309531457	0.5335395643766506	0.6095529249365763	0.6643191182165302	0.19253532351369607
BN373_16541_1-212	0.021193118521888432	0.06630214040842075	0.2006425791175076	0.3108229790473763	0.1831759792304969	0.06490339243161125	-1	0.46660465013105556	0.3695419309531457	0.0	0.16399763342350493	0.24001099398343062	0.29477718726338453	0.17700660743944963
SL1344_1060_1-212	0.1428045149016165	0.09769549301508418	0.36464021254101253	0.47482061247088125	0.3471736126540018	0.22890102585511618	-1	0.6306022835545605	0.5335395643766506	0.16399763342350493	0.0	0.07601336055992569	0.1307795538398796	0.34100424086295456
ENC_16220_1-212	0.2188178754615422	0.17370885357500987	0.4406535731009382	0.550833973030807	0.4231869732139275	0.30491438641504187	-1	0.7066156441144862	0.6095529249365763	0.24001099398343062	0.07601336055992569	0.0	0.05476619327995391	0.41701760142288025
CS17_01075_1-212	0.2735840687414961	0.22847504685496378	0.49541976638089213	0.6056001663107609	0.4779531664938814	0.3596805796949958	-1	0.7613818373944401	0.6643191182165302	0.29477718726338453	0.1307795538398796	0.05476619327995391	0.0	0.47178379470283416
ERS227112_03517_1-212	0.19819972596133806	0.24330874784787038	0.023635971678057976	0.1338163716079267	0.006169371791047262	0.11210321500783837	-1	0.28959804269160594	0.19253532351369607	0.17700660743944963	0.34100424086295456	0.41701760142288025	0.47178379470283416	0.0
