CS17_00225_4-246	0.0	0.0951012109919212	0.0581829066048663	0.030056775771854505	0.0951012109919212	0.0237660666155545	0.0827354815209268	6.904898789008079	0.21363688306680678	0.0691329551235211	0.0951012109919212	0.0713862590503143	0.0951012109919212
t2601_1-243	0.0951012109919212	0.0	0.0369183043870549	0.0650444352200667	0.0	0.0713351443763667	0.0123657294709944	7.0	0.308738094058728	0.0259682558684001	0.0	0.0237149519416069	0.0
BN373_07151_1-243	0.0581829066048663	0.0369183043870549	0.0	0.028126130833011798	0.0369183043870549	0.034416839989311804	0.0245525749160605	6.963081695612945	0.2718197896716731	0.0109500485186548	0.0369183043870549	0.013203352445448	0.0369183043870549
STMMW_02631_1-243	0.030056775771854505	0.0650444352200667	0.028126130833011798	0.0	0.0650444352200667	0.006290709156300006	0.052678705749072297	6.9349555647799335	0.2436936588386613	0.0390761793516666	0.0650444352200667	0.0413294832784598	0.0650444352200667
ROD_02201_1-243	0.0951012109919212	0.0	0.0369183043870549	0.0650444352200667	0.0	0.0713351443763667	0.0123657294709944	7.0	0.308738094058728	0.0259682558684001	0.0	0.0237149519416069	0.0
SL1344_0259_1-243	0.0237660666155545	0.0713351443763667	0.034416839989311804	0.006290709156300006	0.0713351443763667	0.0	0.0589694149053723	6.928664855623634	0.23740294968236128	0.04536688850796661	0.0713351443763667	0.0476201924347598	0.0713351443763667
ETEC_0205_1-243	0.0827354815209268	0.0123657294709944	0.0245525749160605	0.052678705749072297	0.0123657294709944	0.0589694149053723	0.0	6.987634270529005	0.2963723645877336	0.0136025263974057	0.0123657294709944	0.011349222470612501	0.0123657294709944
b0215_1-243	6.904898789008079	7.0	6.963081695612945	6.9349555647799335	7.0	6.928664855623634	6.987634270529005	0.0	6.691261905941272	6.9740317441316	7.0	6.976285048058393	7.0
SEN0266_1-243	0.21363688306680678	0.308738094058728	0.2718197896716731	0.2436936588386613	0.308738094058728	0.23740294968236128	0.2963723645877336	6.691261905941272	0.0	0.28276983819032786	0.308738094058728	0.2850231421171211	0.308738094058728
NCTC13441_03761_4-246	0.0691329551235211	0.0259682558684001	0.0109500485186548	0.0390761793516666	0.0259682558684001	0.04536688850796661	0.0136025263974057	6.9740317441316	0.28276983819032786	0.0	0.0259682558684001	0.0022533039267931994	0.0259682558684001
ERS227112_02570_4-246	0.0951012109919212	0.0	0.0369183043870549	0.0650444352200667	0.0	0.0713351443763667	0.0123657294709944	7.0	0.308738094058728	0.0259682558684001	0.0	0.0237149519416069	0.0
ENC_24790_4-246	0.0713862590503143	0.0237149519416069	0.013203352445448	0.0413294832784598	0.0237149519416069	0.0476201924347598	0.011349222470612501	6.976285048058393	0.2850231421171211	0.0022533039267931994	0.0237149519416069	0.0	0.0237149519416069
STM_MW02631_1-243	0.0951012109919212	0.0	0.0369183043870549	0.0650444352200667	0.0	0.0713351443763667	0.0123657294709944	7.0	0.308738094058728	0.0259682558684001	0.0	0.0237149519416069	0.0
