t1952_1-94	0.0	0.24537779271712212	-1	0.9297622962876118	0.302973518411215	0.28921991930880836	0.21245049341763955	0.6250829299809861	0.23690737527440364	0.42713943184620207	0.11399590909654067	0.25948104580414966	0.1288835393710367	0.1807796714608152
STM_MW09931_1-94	0.24537779271712212	0.0	-1	1.1751400890047339	0.05759572569409288	0.04384212659168624	0.4578282861347617	0.379705137263864	0.48228516799152576	0.18176163912907994	0.13138188362058145	0.5048588385212718	0.3742613320881588	0.06459812125630693
b0912_1-94	-1	-1	-1	-1	-1	-1	-1	-1	-1	-1	-1	-1	-1	-1
CS17_00975_1-94	0.9297622962876118	1.1751400890047339	-1	0.0	1.2327358146988268	1.21898221559642	0.7173118028699722	1.554845226268598	0.6928549210132081	1.3569017281338138	1.0437582053841523	0.6702812504834621	0.8008787569165751	1.110541967748427
Ecoli9000q_50870_1-94	0.302973518411215	0.05759572569409288	-1	1.2327358146988268	0.0	0.013753599102406644	0.5154240118288546	0.32210941156977113	0.5398808936856186	0.12416591343498706	0.18897760931467433	0.5624545642153647	0.4318570577822517	0.12219384695039981
ERS227112_03427_1-95	0.28921991930880836	0.04384212659168624	-1	1.21898221559642	0.013753599102406644	0.0	0.501670412726448	0.3358630106721778	0.5261272945832121	0.1379195125373937	0.1752240102122677	0.548700965112958	0.41810345867984505	0.10844024784799317
ETEC_0980_1-94	0.21245049341763955	0.4578282861347617	-1	0.7173118028699722	0.5154240118288546	0.501670412726448	0.0	0.8375334233986257	0.02445688185676409	0.6395899252638416	0.3264464025141802	0.047030552386510105	0.08356695404660286	0.39323016487845475
ROD_09801_1-94	0.6250829299809861	0.379705137263864	-1	1.554845226268598	0.32210941156977113	0.3358630106721778	0.8375334233986257	0.0	0.8619903052553898	0.19794349813478407	0.5110870208844455	0.8845639757851358	0.7539664693520228	0.44430325852017094
SL1344_0919_1-94	0.23690737527440364	0.48228516799152576	-1	0.6928549210132081	0.5398808936856186	0.5261272945832121	0.02445688185676409	0.8619903052553898	0.0	0.6640468071206057	0.3509032843709443	0.022573670529746015	0.10802383590336695	0.41768704673521884
NCTC13441_02977_1-94	0.42713943184620207	0.18176163912907994	-1	1.3569017281338138	0.12416591343498706	0.1379195125373937	0.6395899252638416	0.19794349813478407	0.6640468071206057	0.0	0.3131435227496614	0.6866204776503517	0.5560229712172388	0.24635976038538687
SEN0886_1-94	0.11399590909654067	0.13138188362058145	-1	1.0437582053841523	0.18897760931467433	0.1752240102122677	0.3264464025141802	0.5110870208844455	0.3509032843709443	0.3131435227496614	0.0	0.3734769549006903	0.24287944846757736	0.06678376236427452
BN373_15551_1-94	0.25948104580414966	0.5048588385212718	-1	0.6702812504834621	0.5624545642153647	0.548700965112958	0.047030552386510105	0.8845639757851358	0.022573670529746015	0.6866204776503517	0.3734769549006903	0.0	0.13059750643311296	0.44026071726496485
ENC_17710_1-94	0.1288835393710367	0.3742613320881588	-1	0.8008787569165751	0.4318570577822517	0.41810345867984505	0.08356695404660286	0.7539664693520228	0.10802383590336695	0.5560229712172388	0.24287944846757736	0.13059750643311296	0.0	0.3096632108318519
STMMW_09931_1-94	0.1807796714608152	0.06459812125630693	-1	1.110541967748427	0.12219384695039981	0.10844024784799317	0.39323016487845475	0.44430325852017094	0.41768704673521884	0.24635976038538687	0.06678376236427452	0.44026071726496485	0.3096632108318519	0.0
