SL1344_2162_3-81	0.0	0.41006809639829866	0.8556930007493014	0.28607025390085117	1.034532162810486	0.7520139692563471	-1	0.32716923035895273	0.39735159606833637	0.13150718907109704
t0670_3-81	0.41006809639829866	0.0	0.44562490435100277	0.1239978424974475	0.6244640664121872	0.34194587285804845	-1	0.08289886603934593	0.0127165003299623	0.2785609073272016
CS17_02395_1-79	0.8556930007493014	0.44562490435100277	0.0	0.5696227468484503	0.17883916206118444	0.10367903149295432	-1	0.5285237703903487	0.45834140468096507	0.7241858116782044
NCTC13441_01564_1-79	0.28607025390085117	0.1239978424974475	0.5696227468484503	0.0	0.7484619089096347	0.46594371535549595	-1	0.041098976458101566	0.1112813421674852	0.15456306482975413
SEN2178_3-81	1.034532162810486	0.6244640664121872	0.17883916206118444	0.7484619089096347	0.0	0.28251819355413876	-1	0.7073629324515331	0.6371805667421495	0.9030249737393888
ETEC_2280_1-79	0.7520139692563471	0.34194587285804845	0.10367903149295432	0.46594371535549595	0.28251819355413876	0.0	-1	0.4248447388973944	0.35466237318801075	0.6205067801852501
b2145_1-79	-1	-1	-1	-1	-1	-1	-1	-1	-1	-1
STM_MW22171_3-81	0.32716923035895273	0.08289886603934593	0.5285237703903487	0.041098976458101566	0.7073629324515331	0.4248447388973944	-1	0.0	0.07018236570938363	0.1956620412878557
STMMW_22171_3-81	0.39735159606833637	0.0127165003299623	0.45834140468096507	0.1112813421674852	0.6371805667421495	0.35466237318801075	-1	0.07018236570938363	0.0	0.2658444069972393
ROD_22741_1-79	0.13150718907109704	0.2785609073272016	0.7241858116782044	0.15456306482975413	0.9030249737393888	0.6205067801852501	-1	0.1956620412878557	0.2658444069972393	0.0
