ETEC_2865_1-174	0.0	0.13170065124164898	0.4544281601580039	0.23524052849557398	0.37392237184502386	0.30375257704050007	0.724181927791704	0.308396172060584	0.7181992422373639	0.199058449701771	0.04838446965149601	6.077936426692134
CS17_02985_1-174	0.13170065124164898	0.0	0.5861288113996529	0.36694117973722296	0.5056230230866728	0.1720519257988511	0.855882579033353	0.440096823302233	0.8498998934790128	0.06735779846012202	0.180085120893145	6.209637077933783
SEN2642_1-174	0.4544281601580039	0.5861288113996529	0.0	0.21918763166242994	0.08050578831298005	0.758180737198504	0.26975376763370007	0.1460319880974199	0.26377108207935995	0.6534866098597749	0.4060436905065079	5.62350826653413
ROD_31401_1-174	0.23524052849557398	0.36694117973722296	0.21918763166242994	0.0	0.13868184334944988	0.538993105536074	0.48894139929613	0.07315564356501003	0.4829587137417899	0.434298978197345	0.18685605884407797	5.84269589819656
BN373_36321_1-174	0.37392237184502386	0.5056230230866728	0.08050578831298005	0.13868184334944988	0.0	0.6776749488855239	0.3502595559466801	0.06552619978443985	0.34427687039234	0.5729808215467949	0.32553790219352785	5.70401405484711
STM_MW27651_1-174	0.30375257704050007	0.1720519257988511	0.758180737198504	0.538993105536074	0.6776749488855239	0.0	1.0279345048322042	0.6121487491010841	1.0219518192778638	0.10469412733872907	0.3521370466919961	6.381689003732634
SL1344_2782_1-174	0.724181927791704	0.855882579033353	0.26975376763370007	0.48894139929613	0.3502595559466801	1.0279345048322042	0.0	0.41578575573112	0.005982685554340117	0.923240377493475	0.675797458140208	5.35375449890043
t2693_1-174	0.308396172060584	0.440096823302233	0.1460319880974199	0.07315564356501003	0.06552619978443985	0.6121487491010841	0.41578575573112	0.0	0.40980307017677986	0.507454621762355	0.260011702409088	5.76954025463155
NCTC13441_01111_1-174	0.7181992422373639	0.8498998934790128	0.26377108207935995	0.4829587137417899	0.34427687039234	1.0219518192778638	0.005982685554340117	0.40980307017677986	0.0	0.9172576919391349	0.6698147725858679	5.3597371844547705
ERS227112_01667_1-174	0.199058449701771	0.06735779846012202	0.6534866098597749	0.434298978197345	0.5729808215467949	0.10469412733872907	0.923240377493475	0.507454621762355	0.9172576919391349	0.0	0.247442919353267	6.276994876393905
STMMW_27651_1-174	0.04838446965149601	0.180085120893145	0.4060436905065079	0.18685605884407797	0.32553790219352785	0.3521370466919961	0.675797458140208	0.260011702409088	0.6698147725858679	0.247442919353267	0.0	6.029551957040638
b2668_1-174	6.077936426692134	6.209637077933783	5.62350826653413	5.84269589819656	5.70401405484711	6.381689003732634	5.35375449890043	5.76954025463155	5.3597371844547705	6.276994876393905	6.029551957040638	0.0
