ETEC_0658_1-213	0.0	0.7116467031655419	0.39343213600251714	0.510454010970863	0.9177770189949436	0.48574183428898954	0.23734783064776926	0.3272937819020287	0.1969280925856544	0.20763421534266346	0.37784024828227303	0.020223515352874033	0.27363422644720753	-1
t2232_1-191	0.7116467031655419	0.0	1.105078839168059	0.20119269219467895	0.20613031582940167	1.1973885374545314	0.9489945338133112	1.0389404850675705	0.9085747957511963	0.9192809185082054	0.3338064548832689	0.6914231878126679	0.9852809296127494	-1
STM_MW07001_1-191	0.39343213600251714	1.105078839168059	0.0	0.9038861469733801	1.3112091549974607	0.09230969828647242	0.15608430535474785	0.06613835410048843	0.1965040434168627	0.18579792065985365	0.7712723842847902	0.4136556513553912	0.11979790955530958	-1
SEN0604_1-213	0.510454010970863	0.20119269219467895	0.9038861469733801	0.0	0.4073230080240806	0.9961958452598525	0.7478018416186323	0.8377477928728916	0.7073821035565173	0.7180882263135264	0.13261376268858993	0.4902304956179889	0.7840882374180704	-1
ROD_06481_1-213	0.9177770189949436	0.20613031582940167	1.3112091549974607	0.4073230080240806	0.0	1.403518853283933	1.155124849642713	1.2450708008969722	1.114705111580598	1.125411234337607	0.5399367707126705	0.8975535036420695	1.191411245442151	-1
ERS227112_03104_1-213	0.48574183428898954	1.1973885374545314	0.09230969828647242	0.9961958452598525	1.403518853283933	0.0	0.24839400364122027	0.15844805238696086	0.2888137417033351	0.2781076189463261	0.8635820825712626	0.5059653496418636	0.212107607841782	-1
STMMW_07001_1-191	0.23734783064776926	0.9489945338133112	0.15608430535474785	0.7478018416186323	1.155124849642713	0.24839400364122027	0.0	0.08994595125425942	0.04041973806211485	0.0297136153051058	0.6151880789300423	0.2575713460006433	0.036286395799438265	-1
BN373_12421_1-213	0.3272937819020287	1.0389404850675705	0.06613835410048843	0.8377477928728916	1.2450708008969722	0.15844805238696086	0.08994595125425942	0.0	0.13036568931637427	0.11965956655936522	0.7051340301843017	0.3475172972549027	0.05365955545482115	-1
NCTC13441_03365_1-213	0.1969280925856544	0.9085747957511963	0.1965040434168627	0.7073821035565173	1.114705111580598	0.2888137417033351	0.04041973806211485	0.13036568931637427	0.0	0.010706122757009051	0.5747683408679274	0.21715160793852845	0.07670613386155312	-1
ENC_20790_1-191	0.20763421534266346	0.9192809185082054	0.18579792065985365	0.7180882263135264	1.125411234337607	0.2781076189463261	0.0297136153051058	0.11965956655936522	0.010706122757009051	0.0	0.5854744636249365	0.2278577306955375	0.06600001110454407	-1
Ecoli9000q_47340_1-213	0.37784024828227303	0.3338064548832689	0.7712723842847902	0.13261376268858993	0.5399367707126705	0.8635820825712626	0.6151880789300423	0.7051340301843017	0.5747683408679274	0.5854744636249365	0.0	0.357616732929399	0.6514744747294805	-1
CS17_00636_1-213	0.020223515352874033	0.6914231878126679	0.4136556513553912	0.4902304956179889	0.8975535036420695	0.5059653496418636	0.2575713460006433	0.3475172972549027	0.21715160793852845	0.2278577306955375	0.357616732929399	0.0	0.29385774180008156	-1
SL1344_0623_1-213	0.27363422644720753	0.9852809296127494	0.11979790955530958	0.7840882374180704	1.191411245442151	0.212107607841782	0.036286395799438265	0.05365955545482115	0.07670613386155312	0.06600001110454407	0.6514744747294805	0.29385774180008156	0.0	-1
b0630_1-213	-1	-1	-1	-1	-1	-1	-1	-1	-1	-1	-1	-1	-1	-1
