t0548_1-425	0.0	0.07315428923949185	0.1233427739680758	0.5953991047872539	-1	0.22709254010235103	0.28923803727066844	0.5599807863974103	-1	0.2963863661516365	0.17578731854111862	0.258837022703313	0.6475493182243331	0.03866510103384649	0.032341822362288886	0.664681994178466
SEN2298_1-485	0.07315428923949185	0.0	0.05018848472858395	0.522244815547762	-1	0.15393825086285917	0.21608374803117658	0.4868264971579185	-1	0.22323207691214464	0.10263302930162677	0.18568273346382114	0.5743950289848413	0.11181939027333834	0.10549611160178074	0.5915277049389741
ETEC_2411_1-425	0.1233427739680758	0.05018848472858395	0.0	0.4720563308191781	-1	0.10374976613427522	0.16589526330259263	0.43663801242933453	-1	0.1730435921835607	0.05244454457304282	0.1354942487352372	0.5242065442562573	0.1620078750019223	0.1556845963303647	0.5413392202103902
BN373_32771_1-485	0.5953991047872539	0.522244815547762	0.4720563308191781	0.0	-1	0.36830656468490286	0.30616106751658545	0.03541831838984355	-1	0.2990127386356174	0.41961178624613527	0.3365620820839409	0.05215021343707926	0.6340642058211003	0.6277409271495428	0.06928288939121208
b2276_1-485	-1	-1	-1	-1	-1	-1	-1	-1	-1	-1	-1	-1	-1	-1	-1	-1
ETEC_2591_5-498	0.22709254010235103	0.15393825086285917	0.10374976613427522	0.36830656468490286	-1	0.0	0.06214549716831741	0.3328882462950593	-1	0.06929382604928547	0.051305221561232406	0.031744482600961965	0.4204567781219821	0.2657576411361975	0.2594343624646399	0.43758945407611494
CS17_02522_1-486	0.28923803727066844	0.21608374803117658	0.16589526330259263	0.30616106751658545	-1	0.06214549716831741	0.0	0.2707427491267419	-1	0.007148328880968058	0.11345071872954982	0.030401014567355444	0.3583112809536647	0.3279031383045149	0.3215798596329573	0.3754439569077975
ENC_39350_2-485	0.5599807863974103	0.4868264971579185	0.43663801242933453	0.03541831838984355	-1	0.3328882462950593	0.2707427491267419	0.0	-1	0.26359442024577384	0.3841934678562917	0.30114376369409734	0.08756853182692281	0.5986458874312568	0.5923226087596992	0.10470120778105563
b2486_5-499	-1	-1	-1	-1	-1	-1	-1	-1	-1	-1	-1	-1	-1	-1	-1	-1
ERS227112_03912_1-486	0.2963863661516365	0.22323207691214464	0.1730435921835607	0.2990127386356174	-1	0.06929382604928547	0.007148328880968058	0.26359442024577384	-1	0.0	0.12059904761051787	0.0375493434483235	0.35116295207269665	0.33505146718548295	0.3287281885139254	0.36829562802682947
STMMW_23391_1-425	0.17578731854111862	0.10263302930162677	0.05244454457304282	0.41961178624613527	-1	0.051305221561232406	0.11345071872954982	0.3841934678562917	-1	0.12059904761051787	0.0	0.08304970416219437	0.47176199968321453	0.2144524195749651	0.2081291409034075	0.48889467563734734
SL1344_2285_1-485	0.258837022703313	0.18568273346382114	0.1354942487352372	0.3365620820839409	-1	0.031744482600961965	0.030401014567355444	0.30114376369409734	-1	0.0375493434483235	0.08304970416219437	0.0	0.38871229552102016	0.29750212373715945	0.2911788450656019	0.40584497147515297
ROD_26781_1-485	0.6475493182243331	0.5743950289848413	0.5242065442562573	0.05215021343707926	-1	0.4204567781219821	0.3583112809536647	0.08756853182692281	-1	0.35116295207269665	0.47176199968321453	0.38871229552102016	0.0	0.6862144192581796	0.679891140586622	0.017132675954132814
STM_MW23391_1-425	0.03866510103384649	0.11181939027333834	0.1620078750019223	0.6340642058211003	-1	0.2657576411361975	0.3279031383045149	0.5986458874312568	-1	0.33505146718548295	0.2144524195749651	0.29750212373715945	0.6862144192581796	0.0	0.006323278671557603	0.7033470952123124
NCTC13441_01435_1-486	0.032341822362288886	0.10549611160178074	0.1556845963303647	0.6277409271495428	-1	0.2594343624646399	0.3215798596329573	0.5923226087596992	-1	0.3287281885139254	0.2081291409034075	0.2911788450656019	0.679891140586622	0.006323278671557603	0.0	0.6970238165407548
CS17_02771_1-494	0.664681994178466	0.5915277049389741	0.5413392202103902	0.06928288939121208	-1	0.43758945407611494	0.3754439569077975	0.10470120778105563	-1	0.36829562802682947	0.48889467563734734	0.40584497147515297	0.017132675954132814	0.7033470952123124	0.6970238165407548	0.0
