SL1344_2011_4-60	0.0	0.0	0.0	0.24592265427506	0.24592265427506	0.24592265427506	0.18481697669115804	0.18481697669115804	0.18481697669115804	0.10051817275567299	0.10051817275567299	0.10051817275567299	0.22491641735757706	0.09652464759426393	0.14902094788559794	0.14902094788559794	0.14902094788559794	0.17130845270125206	0.4652903190485941	0.5196786843275439	0.5196786843275439	0.5196786843275439	0.7156349904195841	0.19018805919217807	0.04968024822882	0.04968024822882	0.04968024822882	0.610819485103424	0.10027818946210199
SL1344_2011_70-233	0.0	0.0	0.0	0.24592265427506	0.24592265427506	0.24592265427506	0.18481697669115804	0.18481697669115804	0.18481697669115804	0.10051817275567299	0.10051817275567299	0.10051817275567299	0.22491641735757706	0.09652464759426393	0.14902094788559794	0.14902094788559794	0.14902094788559794	0.17130845270125206	0.4652903190485941	0.5196786843275439	0.5196786843275439	0.5196786843275439	0.7156349904195841	0.19018805919217807	0.04968024822882	0.04968024822882	0.04968024822882	0.610819485103424	0.10027818946210199
SL1344_2011_246-452	0.0	0.0	0.0	0.24592265427506	0.24592265427506	0.24592265427506	0.18481697669115804	0.18481697669115804	0.18481697669115804	0.10051817275567299	0.10051817275567299	0.10051817275567299	0.22491641735757706	0.09652464759426393	0.14902094788559794	0.14902094788559794	0.14902094788559794	0.17130845270125206	0.4652903190485941	0.5196786843275439	0.5196786843275439	0.5196786843275439	0.7156349904195841	0.19018805919217807	0.04968024822882	0.04968024822882	0.04968024822882	0.610819485103424	0.10027818946210199
STMMW_20661_4-60	0.24592265427506	0.24592265427506	0.24592265427506	0.0	0.0	0.0	0.06110567758390195	0.06110567758390195	0.06110567758390195	0.145404481519387	0.145404481519387	0.145404481519387	0.021006236917482934	0.34244730186932393	0.39494360216065794	0.39494360216065794	0.39494360216065794	0.07461420157380794	0.2193676647735341	0.27375603005248395	0.27375603005248395	0.27375603005248395	0.4697123361445241	0.05573459508288192	0.29560290250388	0.29560290250388	0.29560290250388	0.364896830828364	0.346200843737162
STMMW_20661_70-233	0.24592265427506	0.24592265427506	0.24592265427506	0.0	0.0	0.0	0.06110567758390195	0.06110567758390195	0.06110567758390195	0.145404481519387	0.145404481519387	0.145404481519387	0.021006236917482934	0.34244730186932393	0.39494360216065794	0.39494360216065794	0.39494360216065794	0.07461420157380794	0.2193676647735341	0.27375603005248395	0.27375603005248395	0.27375603005248395	0.4697123361445241	0.05573459508288192	0.29560290250388	0.29560290250388	0.29560290250388	0.364896830828364	0.346200843737162
STMMW_20661_246-452	0.24592265427506	0.24592265427506	0.24592265427506	0.0	0.0	0.0	0.06110567758390195	0.06110567758390195	0.06110567758390195	0.145404481519387	0.145404481519387	0.145404481519387	0.021006236917482934	0.34244730186932393	0.39494360216065794	0.39494360216065794	0.39494360216065794	0.07461420157380794	0.2193676647735341	0.27375603005248395	0.27375603005248395	0.27375603005248395	0.4697123361445241	0.05573459508288192	0.29560290250388	0.29560290250388	0.29560290250388	0.364896830828364	0.346200843737162
ERS227112_01470_3-61	0.18481697669115804	0.18481697669115804	0.18481697669115804	0.06110567758390195	0.06110567758390195	0.06110567758390195	0.0	0.0	0.0	0.08429880393548506	0.08429880393548506	0.08429880393548506	0.04009944066641902	0.281341624285422	0.333837924576756	0.333837924576756	0.333837924576756	0.013508523989905985	0.28047334235743604	0.3348617076363859	0.3348617076363859	0.3348617076363859	0.5308180137284261	0.00537108250102003	0.23449722491997804	0.23449722491997804	0.23449722491997804	0.42600250841226595	0.28509516615326
ERS227112_01470_68-234	0.18481697669115804	0.18481697669115804	0.18481697669115804	0.06110567758390195	0.06110567758390195	0.06110567758390195	0.0	0.0	0.0	0.08429880393548506	0.08429880393548506	0.08429880393548506	0.04009944066641902	0.281341624285422	0.333837924576756	0.333837924576756	0.333837924576756	0.013508523989905985	0.28047334235743604	0.3348617076363859	0.3348617076363859	0.3348617076363859	0.5308180137284261	0.00537108250102003	0.23449722491997804	0.23449722491997804	0.23449722491997804	0.42600250841226595	0.28509516615326
ERS227112_01470_244-456	0.18481697669115804	0.18481697669115804	0.18481697669115804	0.06110567758390195	0.06110567758390195	0.06110567758390195	0.0	0.0	0.0	0.08429880393548506	0.08429880393548506	0.08429880393548506	0.04009944066641902	0.281341624285422	0.333837924576756	0.333837924576756	0.333837924576756	0.013508523989905985	0.28047334235743604	0.3348617076363859	0.3348617076363859	0.3348617076363859	0.5308180137284261	0.00537108250102003	0.23449722491997804	0.23449722491997804	0.23449722491997804	0.42600250841226595	0.28509516615326
SEN2033_4-60	0.10051817275567299	0.10051817275567299	0.10051817275567299	0.145404481519387	0.145404481519387	0.145404481519387	0.08429880393548506	0.08429880393548506	0.08429880393548506	0.0	0.0	0.0	0.12439824460190407	0.19704282034993692	0.24953912064127093	0.24953912064127093	0.24953912064127093	0.07079027994557907	0.3647721462929211	0.41916051157187095	0.41916051157187095	0.41916051157187095	0.6151168176639111	0.08966988643650509	0.150198420984493	0.150198420984493	0.150198420984493	0.510301312347751	0.20079636221777497
SEN2033_70-233	0.10051817275567299	0.10051817275567299	0.10051817275567299	0.145404481519387	0.145404481519387	0.145404481519387	0.08429880393548506	0.08429880393548506	0.08429880393548506	0.0	0.0	0.0	0.12439824460190407	0.19704282034993692	0.24953912064127093	0.24953912064127093	0.24953912064127093	0.07079027994557907	0.3647721462929211	0.41916051157187095	0.41916051157187095	0.41916051157187095	0.6151168176639111	0.08966988643650509	0.150198420984493	0.150198420984493	0.150198420984493	0.510301312347751	0.20079636221777497
SEN2033_246-452	0.10051817275567299	0.10051817275567299	0.10051817275567299	0.145404481519387	0.145404481519387	0.145404481519387	0.08429880393548506	0.08429880393548506	0.08429880393548506	0.0	0.0	0.0	0.12439824460190407	0.19704282034993692	0.24953912064127093	0.24953912064127093	0.24953912064127093	0.07079027994557907	0.3647721462929211	0.41916051157187095	0.41916051157187095	0.41916051157187095	0.6151168176639111	0.08966988643650509	0.150198420984493	0.150198420984493	0.150198420984493	0.510301312347751	0.20079636221777497
STM_MW20501_1-506	0.22491641735757706	0.22491641735757706	0.22491641735757706	0.021006236917482934	0.021006236917482934	0.021006236917482934	0.04009944066641902	0.04009944066641902	0.04009944066641902	0.12439824460190407	0.12439824460190407	0.12439824460190407	0.0	0.321441064951841	0.373937365243175	0.373937365243175	0.373937365243175	0.053607964656325	0.24037390169101702	0.2947622669699669	0.2947622669699669	0.2947622669699669	0.49071857306200706	0.03472835816539899	0.27459666558639706	0.27459666558639706	0.27459666558639706	0.38590306774584693	0.32519460681967904
SEN2017_1-506	0.09652464759426393	0.09652464759426393	0.09652464759426393	0.34244730186932393	0.34244730186932393	0.34244730186932393	0.281341624285422	0.281341624285422	0.281341624285422	0.19704282034993692	0.19704282034993692	0.19704282034993692	0.321441064951841	0.0	0.05249630029133401	0.05249630029133401	0.05249630029133401	0.267833100295516	0.561814966642858	0.6162033319218079	0.6162033319218079	0.6162033319218079	0.812159638013848	0.286712706786442	0.046844399365443934	0.046844399365443934	0.046844399365443934	0.7073441326976879	0.0037535418678380505
STM_MW20661_4-60	0.14902094788559794	0.14902094788559794	0.14902094788559794	0.39494360216065794	0.39494360216065794	0.39494360216065794	0.333837924576756	0.333837924576756	0.333837924576756	0.24953912064127093	0.24953912064127093	0.24953912064127093	0.373937365243175	0.05249630029133401	0.0	0.0	0.0	0.32032940058685	0.614311266934192	0.6686996322131419	0.6686996322131419	0.6686996322131419	0.8646559383051821	0.339209007077776	0.09934069965677794	0.09934069965677794	0.09934069965677794	0.7598404329890219	0.04874275842349596
STM_MW20661_70-233	0.14902094788559794	0.14902094788559794	0.14902094788559794	0.39494360216065794	0.39494360216065794	0.39494360216065794	0.333837924576756	0.333837924576756	0.333837924576756	0.24953912064127093	0.24953912064127093	0.24953912064127093	0.373937365243175	0.05249630029133401	0.0	0.0	0.0	0.32032940058685	0.614311266934192	0.6686996322131419	0.6686996322131419	0.6686996322131419	0.8646559383051821	0.339209007077776	0.09934069965677794	0.09934069965677794	0.09934069965677794	0.7598404329890219	0.04874275842349596
STM_MW20661_246-453	0.14902094788559794	0.14902094788559794	0.14902094788559794	0.39494360216065794	0.39494360216065794	0.39494360216065794	0.333837924576756	0.333837924576756	0.333837924576756	0.24953912064127093	0.24953912064127093	0.24953912064127093	0.373937365243175	0.05249630029133401	0.0	0.0	0.0	0.32032940058685	0.614311266934192	0.6686996322131419	0.6686996322131419	0.6686996322131419	0.8646559383051821	0.339209007077776	0.09934069965677794	0.09934069965677794	0.09934069965677794	0.7598404329890219	0.04874275842349596
ROD_21041_1-506	0.17130845270125206	0.17130845270125206	0.17130845270125206	0.07461420157380794	0.07461420157380794	0.07461420157380794	0.013508523989905985	0.013508523989905985	0.013508523989905985	0.07079027994557907	0.07079027994557907	0.07079027994557907	0.053607964656325	0.267833100295516	0.32032940058685	0.32032940058685	0.32032940058685	0.0	0.293981866347342	0.3483702316262919	0.3483702316262919	0.3483702316262919	0.5443265377183321	0.018879606490926015	0.22098870093007206	0.22098870093007206	0.22098870093007206	0.43951103240217193	0.27158664216335404
STMMW_20501_1-506	0.4652903190485941	0.4652903190485941	0.4652903190485941	0.2193676647735341	0.2193676647735341	0.2193676647735341	0.28047334235743604	0.28047334235743604	0.28047334235743604	0.3647721462929211	0.3647721462929211	0.3647721462929211	0.24037390169101702	0.561814966642858	0.614311266934192	0.614311266934192	0.614311266934192	0.293981866347342	0.0	0.05438836527894986	0.05438836527894986	0.05438836527894986	0.25034467137099004	0.275102259856416	0.5149705672774141	0.5149705672774141	0.5149705672774141	0.1455291660548299	0.5655685085106961
BN373_38301_3-61	0.5196786843275439	0.5196786843275439	0.5196786843275439	0.27375603005248395	0.27375603005248395	0.27375603005248395	0.3348617076363859	0.3348617076363859	0.3348617076363859	0.41916051157187095	0.41916051157187095	0.41916051157187095	0.2947622669699669	0.6162033319218079	0.6686996322131419	0.6686996322131419	0.6686996322131419	0.3483702316262919	0.05438836527894986	0.0	0.0	0.0	0.19595630609204018	0.32949062513536587	0.5693589325563639	0.5693589325563639	0.5693589325563639	0.09114080077588005	0.6199568737896459
BN373_38301_68-234	0.5196786843275439	0.5196786843275439	0.5196786843275439	0.27375603005248395	0.27375603005248395	0.27375603005248395	0.3348617076363859	0.3348617076363859	0.3348617076363859	0.41916051157187095	0.41916051157187095	0.41916051157187095	0.2947622669699669	0.6162033319218079	0.6686996322131419	0.6686996322131419	0.6686996322131419	0.3483702316262919	0.05438836527894986	0.0	0.0	0.0	0.19595630609204018	0.32949062513536587	0.5693589325563639	0.5693589325563639	0.5693589325563639	0.09114080077588005	0.6199568737896459
BN373_38301_244-456	0.5196786843275439	0.5196786843275439	0.5196786843275439	0.27375603005248395	0.27375603005248395	0.27375603005248395	0.3348617076363859	0.3348617076363859	0.3348617076363859	0.41916051157187095	0.41916051157187095	0.41916051157187095	0.2947622669699669	0.6162033319218079	0.6686996322131419	0.6686996322131419	0.6686996322131419	0.3483702316262919	0.05438836527894986	0.0	0.0	0.0	0.19595630609204018	0.32949062513536587	0.5693589325563639	0.5693589325563639	0.5693589325563639	0.09114080077588005	0.6199568737896459
BN373_38141_1-505	0.7156349904195841	0.7156349904195841	0.7156349904195841	0.4697123361445241	0.4697123361445241	0.4697123361445241	0.5308180137284261	0.5308180137284261	0.5308180137284261	0.6151168176639111	0.6151168176639111	0.6151168176639111	0.49071857306200706	0.812159638013848	0.8646559383051821	0.8646559383051821	0.8646559383051821	0.5443265377183321	0.25034467137099004	0.19595630609204018	0.19595630609204018	0.19595630609204018	0.0	0.525446931227406	0.7653152386484041	0.7653152386484041	0.7653152386484041	0.10481550531616013	0.8159131798816861
ERS227112_01486_1-506	0.19018805919217807	0.19018805919217807	0.19018805919217807	0.05573459508288192	0.05573459508288192	0.05573459508288192	0.00537108250102003	0.00537108250102003	0.00537108250102003	0.08966988643650509	0.08966988643650509	0.08966988643650509	0.03472835816539899	0.286712706786442	0.339209007077776	0.339209007077776	0.339209007077776	0.018879606490926015	0.275102259856416	0.32949062513536587	0.32949062513536587	0.32949062513536587	0.525446931227406	0.0	0.23986830742099807	0.23986830742099807	0.23986830742099807	0.4206314259112459	0.29046624865428006
t0840_19-75	0.04968024822882	0.04968024822882	0.04968024822882	0.29560290250388	0.29560290250388	0.29560290250388	0.23449722491997804	0.23449722491997804	0.23449722491997804	0.150198420984493	0.150198420984493	0.150198420984493	0.27459666558639706	0.046844399365443934	0.09934069965677794	0.09934069965677794	0.09934069965677794	0.22098870093007206	0.5149705672774141	0.5693589325563639	0.5693589325563639	0.5693589325563639	0.7653152386484041	0.23986830742099807	0.0	0.0	0.0	0.660499733332244	0.050597941233281984
t0840_85-244	0.04968024822882	0.04968024822882	0.04968024822882	0.29560290250388	0.29560290250388	0.29560290250388	0.23449722491997804	0.23449722491997804	0.23449722491997804	0.150198420984493	0.150198420984493	0.150198420984493	0.27459666558639706	0.046844399365443934	0.09934069965677794	0.09934069965677794	0.09934069965677794	0.22098870093007206	0.5149705672774141	0.5693589325563639	0.5693589325563639	0.5693589325563639	0.7653152386484041	0.23986830742099807	0.0	0.0	0.0	0.660499733332244	0.050597941233281984
t0840_261-467	0.04968024822882	0.04968024822882	0.04968024822882	0.29560290250388	0.29560290250388	0.29560290250388	0.23449722491997804	0.23449722491997804	0.23449722491997804	0.150198420984493	0.150198420984493	0.150198420984493	0.27459666558639706	0.046844399365443934	0.09934069965677794	0.09934069965677794	0.09934069965677794	0.22098870093007206	0.5149705672774141	0.5693589325563639	0.5693589325563639	0.5693589325563639	0.7653152386484041	0.23986830742099807	0.0	0.0	0.0	0.660499733332244	0.050597941233281984
SL1344_1995_1-506	0.610819485103424	0.610819485103424	0.610819485103424	0.364896830828364	0.364896830828364	0.364896830828364	0.42600250841226595	0.42600250841226595	0.42600250841226595	0.510301312347751	0.510301312347751	0.510301312347751	0.38590306774584693	0.7073441326976879	0.7598404329890219	0.7598404329890219	0.7598404329890219	0.43951103240217193	0.1455291660548299	0.09114080077588005	0.09114080077588005	0.09114080077588005	0.10481550531616013	0.4206314259112459	0.660499733332244	0.660499733332244	0.660499733332244	0.0	0.711097674565526
t0855_1-506	0.10027818946210199	0.10027818946210199	0.10027818946210199	0.346200843737162	0.346200843737162	0.346200843737162	0.28509516615326	0.28509516615326	0.28509516615326	0.20079636221777497	0.20079636221777497	0.20079636221777497	0.32519460681967904	0.0037535418678380505	0.04874275842349596	0.04874275842349596	0.04874275842349596	0.27158664216335404	0.5655685085106961	0.6199568737896459	0.6199568737896459	0.6199568737896459	0.8159131798816861	0.29046624865428006	0.050597941233281984	0.050597941233281984	0.050597941233281984	0.711097674565526	0.0
