Ecoli9000q_32750_1-301	0.0	5.338056987155954	3.865507282763474	5.267851448814168	5.427787073832436	3.844810559566733	5.495559236579418	4.713526918745341	5.1742443449308695	5.000707980335431	4.46364681840579	1.9992214323685458	-1	4.582094342838823
ROD_41211_1-300	5.338056987155954	0.0	1.4725497043924802	0.07020553834178589	0.08973008667648164	1.4932464275892214	0.15750224942346436	0.6245300684106136	0.16381264222508496	0.33734900682052293	0.8744101687501646	3.3388355547874085	-1	0.7559626443171312
STM_MW37541_1-300	3.865507282763474	1.4725497043924802	0.0	1.4023441660506943	1.5622797910689619	0.020696723196741207	1.6300519538159446	0.8480196359818666	1.3087370621673953	1.1352006975719573	0.5981395356423156	1.8662858503949282	-1	0.716587060075349
BN373_46871_1-300	5.267851448814168	0.07020553834178589	1.4023441660506943	0.0	0.15993562501826752	1.4230408892474355	0.22770778776525025	0.5543245300688278	0.09360710388329907	0.26714346847873705	0.8042046304083788	3.2686300164456226	-1	0.6857571059753453
CS17_04110_1-301	5.427787073832436	0.08973008667648164	1.5622797910689619	0.15993562501826752	0.0	1.582976514265703	0.06777216274698272	0.7142601550870953	0.2535427289015666	0.42707909349700457	0.9641402554266463	3.42856564146389	-1	0.8456927309936129
ETEC_3953_1-301	3.844810559566733	1.4932464275892214	0.020696723196741207	1.4230408892474355	1.582976514265703	0.0	1.6507486770126858	0.8687163591786078	1.3294337853641365	1.1558974207686985	0.6188362588390568	1.845589127198187	-1	0.7372837832720902
ERS227112_00534_1-300	5.495559236579418	0.15750224942346436	1.6300519538159446	0.22770778776525025	0.06777216274698272	1.6507486770126858	0.0	0.782032317834078	0.3213148916485493	0.4948512562439873	1.031912418173629	3.4963378042108726	-1	0.9134648937405956
t3753_1-300	4.713526918745341	0.6245300684106136	0.8480196359818666	0.5543245300688278	0.7142601550870953	0.8687163591786078	0.782032317834078	0.0	0.4607174261855287	0.2871810615900907	0.249880100339551	2.714305486376795	-1	0.13143257590651758
ENC_03500_14-313	5.1742443449308695	0.16381264222508496	1.3087370621673953	0.09360710388329907	0.2535427289015666	1.3294337853641365	0.3213148916485493	0.4607174261855287	0.0	0.17353636459543798	0.7105975265250797	3.1750229125623237	-1	0.5921500020920463
SL1344_3730_1-300	5.000707980335431	0.33734900682052293	1.1352006975719573	0.26714346847873705	0.42707909349700457	1.1558974207686985	0.4948512562439873	0.2871810615900907	0.17353636459543798	0.0	0.5370611619296417	3.0014865479668855	-1	0.4186136374966083
SEN3587_1-300	4.46364681840579	0.8744101687501646	0.5981395356423156	0.8042046304083788	0.9641402554266463	0.6188362588390568	1.031912418173629	0.249880100339551	0.7105975265250797	0.5370611619296417	0.0	2.464425386037244	-1	0.11844752443303341
NCTC13441_04855_1-301	1.9992214323685458	3.3388355547874085	1.8662858503949282	3.2686300164456226	3.42856564146389	1.845589127198187	3.4963378042108726	2.714305486376795	3.1750229125623237	3.0014865479668855	2.464425386037244	0.0	-1	2.582872910470277
b3660_1-301	-1	-1	-1	-1	-1	-1	-1	-1	-1	-1	-1	-1	-1	-1
STMMW_37541_1-300	4.582094342838823	0.7559626443171312	0.716587060075349	0.6857571059753453	0.8456927309936129	0.7372837832720902	0.9134648937405956	0.13143257590651758	0.5921500020920463	0.4186136374966083	0.11844752443303341	2.582872910470277	-1	0.0
