CS17_04721_1-450	0.0	0.47673690980986994	0.7046265239986951	0.40053936963317005	0.653928929726142	0.4362428494500401	0.010350629322249949	0.021450123019270073	0.26767230305046996	0.25000804665237	5.51107069468016	0.550598693413278	0.498691614418721	0.24367626623368	0.6804937377103102	0.675184457512851	0.6236762195770991	0.07016779383841998	0.025246648910419944	0.24161855672864996	0.27701034118472	5.51107069468016	0.22255726588405	0.3975976581284	0.37243584515463013	0.33575853026326996
ROD_45711_1-481	0.47673690980986994	0.0	0.22788961418882514	0.07619754017669988	0.1771920199162721	0.04049406035982983	0.4870875391321199	0.45528678679059986	0.7444092128603399	0.22672886315749996	5.98780760449003	0.07386178360340812	0.021954704608851072	0.23306064357618994	1.1572306475201801	0.19844754770298112	0.14693930976722913	0.5469047036482899	0.5019835587202899	0.7183554665385199	0.19972656862514993	5.98780760449003	0.25417964392581993	0.07913925168146996	0.1043010646552398	0.14097837954659997
STM_MW43801_1-450	0.7046265239986951	0.22788961418882514	0.0	0.304087154365525	0.05069759427255305	0.26838367454865497	0.714977153320945	0.683176400979425	0.972298827049165	0.4546184773463251	6.215697218678855	0.15402783058541702	0.20593490957997407	0.4609502577650151	1.3851202617090053	0.02944206648584402	0.08095030442159601	0.774794317837115	0.729873172909115	0.946245080727345	0.42761618281397507	6.215697218678855	0.48206925811464507	0.3070288658702951	0.33219067884406495	0.3688679937354251
ERS227112_02107_1-446	0.40053936963317005	0.07619754017669988	0.304087154365525	0.0	0.253389560092972	0.035703479816870054	0.41088999895542	0.3790892466139	0.66821167268364	0.15053132298080008	5.91161006431333	0.150059323780108	0.09815224478555096	0.15686310339949006	1.0810331073434802	0.274645087879681	0.22313684994392902	0.47070716347159003	0.42578601854359	0.64215792636182	0.12352902844845004	5.91161006431333	0.17798210374912005	0.0029417115047700726	0.02810352447853992	0.06478083936990009
t4472_1-450	0.653928929726142	0.1771920199162721	0.05069759427255305	0.253389560092972	0.0	0.21768608027610192	0.664279559048392	0.632478806706872	0.921601232776612	0.40392088307377205	6.164999624406302	0.10333023631286398	0.15523731530742102	0.41025266349246203	1.3344226674364523	0.021255527786709028	0.03025271014904296	0.724096723564562	0.679175578636562	0.895547486454792	0.376918588541422	6.164999624406302	0.431371663842092	0.25633127159774205	0.2814930845715119	0.31817039946287207
SEN4187_1-450	0.4362428494500401	0.04049406035982983	0.26838367454865497	0.035703479816870054	0.21768608027610192	0.0	0.44659347877229005	0.41479272643077003	0.7039151525005101	0.18623480279767013	5.9473135441302	0.11435584396323795	0.0624487649686809	0.1925665832163601	1.1167365871603503	0.23894160806281095	0.18743337012705896	0.5064106432884601	0.46148949836046005	0.6778614061786901	0.1592325082653201	5.9473135441302	0.2136855835659901	0.03864519132164013	0.06380700429540997	0.10048431918677014
ERS227112_00953_1-481	0.010350629322249949	0.4870875391321199	0.714977153320945	0.41088999895542	0.664279559048392	0.44659347877229005	0.0	0.03180075234152002	0.25732167372822	0.2603586759746199	5.5007200653579105	0.560949322735528	0.509042243740971	0.25402689555592994	0.6701431083880602	0.685535086835101	0.634026848899349	0.05981716451617003	0.014896019588169995	0.2312679274064	0.28736097050696996	5.5007200653579105	0.23290789520629995	0.4079482874506499	0.3827864744768801	0.3461091595855199
STMMW_33661_1-481	0.021450123019270073	0.45528678679059986	0.683176400979425	0.3790892466139	0.632478806706872	0.41479272643077003	0.03180075234152002	0.0	0.28912242606974004	0.2285579236330999	5.53252081769943	0.529148570394008	0.47724149139945093	0.22222614321440992	0.7019438607295803	0.653734334493581	0.602226096557829	0.09161791685769005	0.04669677192969002	0.26306867974792003	0.25556021816544994	5.53252081769943	0.20110714286477993	0.3761475351091299	0.35098572213536006	0.3143084072439999
BN373_42941_1-481	0.26767230305046996	0.7444092128603399	0.972298827049165	0.66821167268364	0.921601232776612	0.7039151525005101	0.25732167372822	0.28912242606974004	0.0	0.5176803497028399	5.24339839162969	0.818270996463748	0.766363917469191	0.51134856928415	0.4128214346598402	0.942856760563321	0.891348522627569	0.19750450921204998	0.24242565414005002	0.026053746321820004	0.54468264423519	5.24339839162969	0.49022956893451997	0.6652699611788699	0.6401081482051001	0.6034308333137399
SL1344_4368_1-450	0.25000804665237	0.22672886315749996	0.4546184773463251	0.15053132298080008	0.40392088307377205	0.18623480279767013	0.2603586759746199	0.2285579236330999	0.5176803497028399	0.0	5.76107874133253	0.3005906467609081	0.24868356776635103	0.006331780418689981	0.9305017843626802	0.4251764108604811	0.3736681729247291	0.32017584049078995	0.2752546955627899	0.49162660338101993	0.027002294532350035	5.76107874133253	0.02745078076831997	0.14758961147603	0.12242779850226015	0.08575048361089999
b4235_1-450	5.51107069468016	5.98780760449003	6.215697218678855	5.91161006431333	6.164999624406302	5.9473135441302	5.5007200653579105	5.53252081769943	5.24339839162969	5.76107874133253	0.0	6.0616693880934385	6.009762309098881	5.75474696091384	4.83057695696985	6.186255152193011	6.134746914257259	5.44090290084174	5.48582404576974	5.26945213795151	5.78808103586488	0.0	5.73362796056421	5.90866835280856	5.88350653983479	5.84682922494343
ETEC_4583_1-450	0.550598693413278	0.07386178360340812	0.15402783058541702	0.150059323780108	0.10333023631286398	0.11435584396323795	0.560949322735528	0.529148570394008	0.818270996463748	0.3005906467609081	6.0616693880934385	0.0	0.05190707899455704	0.30692242717959806	1.2310924311235882	0.124585764099573	0.07307752616382102	0.620766487251698	0.575845342323698	0.792217250141928	0.27358835222855804	6.0616693880934385	0.32804142752922805	0.15300103528487807	0.17816284825864792	0.2148401631500081
NCTC13441_04212_1-450	0.498691614418721	0.021954704608851072	0.20593490957997407	0.09815224478555096	0.15523731530742102	0.0624487649686809	0.509042243740971	0.47724149139945093	0.766363917469191	0.24868356776635103	6.009762309098881	0.05190707899455704	0.0	0.255015348185041	1.1791853521290312	0.17649284309413005	0.12498460515837806	0.568859408257141	0.523938263329141	0.740310171147371	0.221681273234001	6.009762309098881	0.276134348534671	0.10109395629032103	0.12625576926409088	0.16293308415545105
BN373_02421_1-450	0.24367626623368	0.23306064357618994	0.4609502577650151	0.15686310339949006	0.41025266349246203	0.1925665832163601	0.25402689555592994	0.22222614321440992	0.51134856928415	0.006331780418689981	5.75474696091384	0.30692242717959806	0.255015348185041	0.0	0.9241700039439902	0.43150819127917106	0.3799999533434191	0.3138440600721	0.26892291514409994	0.48529482296232995	0.033334074951040016	5.75474696091384	0.02111900034962999	0.15392139189471998	0.12875957892095014	0.09208226402958997
ENC_34890_1-481	0.6804937377103102	1.1572306475201801	1.3851202617090053	1.0810331073434802	1.3344226674364523	1.1167365871603503	0.6701431083880602	0.7019438607295803	0.4128214346598402	0.9305017843626802	4.83057695696985	1.2310924311235882	1.1791853521290312	0.9241700039439902	0.0	1.3556781952231614	1.3041699572874093	0.6103259438718902	0.6552470887998902	0.43887518098166023	0.9575040788950302	4.83057695696985	0.9030510035943602	1.0780913958387102	1.0529295828649403	1.0162522679735801
t3283_1-481	0.675184457512851	0.19844754770298112	0.02944206648584402	0.274645087879681	0.021255527786709028	0.23894160806281095	0.685535086835101	0.653734334493581	0.942856760563321	0.4251764108604811	6.186255152193011	0.124585764099573	0.17649284309413005	0.43150819127917106	1.3556781952231614	0.0	0.05150823793575199	0.745352251351271	0.700431106423271	0.916803014241501	0.39817411632813104	6.186255152193011	0.45262719162880105	0.2775867993844511	0.3027486123582209	0.3394259272495811
NCTC13441_00455_1-481	0.6236762195770991	0.14693930976722913	0.08095030442159601	0.22313684994392902	0.03025271014904296	0.18743337012705896	0.634026848899349	0.602226096557829	0.891348522627569	0.3736681729247291	6.134746914257259	0.07307752616382102	0.12498460515837806	0.3799999533434191	1.3041699572874093	0.05150823793575199	0.0	0.693844013415519	0.648922868487519	0.865294776305749	0.34666587839237906	6.134746914257259	0.40111895369304906	0.2260785614486991	0.25124037442246894	0.2879176893138291
CS17_03681_1-481	0.07016779383841998	0.5469047036482899	0.774794317837115	0.47070716347159003	0.724096723564562	0.5064106432884601	0.05981716451617003	0.09161791685769005	0.19750450921204998	0.32017584049078995	5.44090290084174	0.620766487251698	0.568859408257141	0.3138440600721	0.6103259438718902	0.745352251351271	0.693844013415519	0.0	0.044921144928000034	0.17145076289022998	0.34717813502314	5.44090290084174	0.29272505972247	0.46776545196681996	0.4426036389930501	0.40592632410168994
ENC_43430_1-450	0.025246648910419944	0.5019835587202899	0.729873172909115	0.42578601854359	0.679175578636562	0.46148949836046005	0.014896019588169995	0.04669677192969002	0.24242565414005002	0.2752546955627899	5.48582404576974	0.575845342323698	0.523938263329141	0.26892291514409994	0.6552470887998902	0.700431106423271	0.648922868487519	0.044921144928000034	0.0	0.21637190781823	0.30225699009513995	5.48582404576974	0.24780391479446995	0.4228443070388199	0.3976824940650501	0.3610051791736899
SL1344_3340_1-481	0.24161855672864996	0.7183554665385199	0.946245080727345	0.64215792636182	0.895547486454792	0.6778614061786901	0.2312679274064	0.26306867974792003	0.026053746321820004	0.49162660338101993	5.26945213795151	0.792217250141928	0.740310171147371	0.48529482296232995	0.43887518098166023	0.916803014241501	0.865294776305749	0.17145076289022998	0.21637190781823	0.0	0.51862889791337	5.26945213795151	0.46417582261269996	0.6392162148570499	0.6140544018832801	0.5773770869919199
STMMW_43801_1-450	0.27701034118472	0.19972656862514993	0.42761618281397507	0.12352902844845004	0.376918588541422	0.1592325082653201	0.28736097050696996	0.25556021816544994	0.54468264423519	0.027002294532350035	5.78808103586488	0.27358835222855804	0.221681273234001	0.033334074951040016	0.9575040788950302	0.39817411632813104	0.34666587839237906	0.34717813502314	0.30225699009513995	0.51862889791337	0.0	5.78808103586488	0.054453075300670006	0.12058731694367997	0.09542550396991012	0.05874818907854995
b3244_1-481	5.51107069468016	5.98780760449003	6.215697218678855	5.91161006431333	6.164999624406302	5.9473135441302	5.5007200653579105	5.53252081769943	5.24339839162969	5.76107874133253	0.0	6.0616693880934385	6.009762309098881	5.75474696091384	4.83057695696985	6.186255152193011	6.134746914257259	5.44090290084174	5.48582404576974	5.26945213795151	5.78808103586488	0.0	5.73362796056421	5.90866835280856	5.88350653983479	5.84682922494343
SEN3201_1-481	0.22255726588405	0.25417964392581993	0.48206925811464507	0.17798210374912005	0.431371663842092	0.2136855835659901	0.23290789520629995	0.20110714286477993	0.49022956893451997	0.02745078076831997	5.73362796056421	0.32804142752922805	0.276134348534671	0.02111900034962999	0.9030510035943602	0.45262719162880105	0.40111895369304906	0.29272505972247	0.24780391479446995	0.46417582261269996	0.054453075300670006	5.73362796056421	0.0	0.17504039224434997	0.14987857927058013	0.11320126437921996
STM_MW33661_1-481	0.3975976581284	0.07913925168146996	0.3070288658702951	0.0029417115047700726	0.25633127159774205	0.03864519132164013	0.4079482874506499	0.3761475351091299	0.6652699611788699	0.14758961147603	5.90866835280856	0.15300103528487807	0.10109395629032103	0.15392139189471998	1.0780913958387102	0.2775867993844511	0.2260785614486991	0.46776545196681996	0.4228443070388199	0.6392162148570499	0.12058731694367997	5.90866835280856	0.17504039224434997	0.0	0.025161812973769848	0.06183912786513002
ROD_32961_1-450	0.37243584515463013	0.1043010646552398	0.33219067884406495	0.02810352447853992	0.2814930845715119	0.06380700429540997	0.3827864744768801	0.35098572213536006	0.6401081482051001	0.12242779850226015	5.88350653983479	0.17816284825864792	0.12625576926409088	0.12875957892095014	1.0529295828649403	0.3027486123582209	0.25124037442246894	0.4426036389930501	0.3976824940650501	0.6140544018832801	0.09542550396991012	5.88350653983479	0.14987857927058013	0.025161812973769848	0.0	0.03667731489136017
ETEC_3505_1-481	0.33575853026326996	0.14097837954659997	0.3688679937354251	0.06478083936990009	0.31817039946287207	0.10048431918677014	0.3461091595855199	0.3143084072439999	0.6034308333137399	0.08575048361089999	5.84682922494343	0.2148401631500081	0.16293308415545105	0.09208226402958997	1.0162522679735801	0.3394259272495811	0.2879176893138291	0.40592632410168994	0.3610051791736899	0.5773770869919199	0.05874818907854995	5.84682922494343	0.11320126437921996	0.06183912786513002	0.03667731489136017	0.0
