ETEC_0861_2-271	0.0	0.07538818033747963	0.2888023095534336	0.2485411318415653	-1	-1	0.10806747438884512	0.042557148413510326	0.18574609822515864	0.05758314683874621	0.18032420357351497	0.3670791061160728	0.03935135544102253	0.31286260268903626	0.2963849115348748	0.20948092659532036	0.11755947437497882	0.1896584246921773	0.2814245085348761	0.1456487316792172	0.28388814941984913	0.15558423177109637	0.2824767001032861	0.1117932250490371	0.24010946649270504	0.47601766632943376	0.20919412113977698	0.05308011542178426	0.05775033273628227	0.47236997057626096
ETEC_0861_327-575	0.07538818033747963	0.0	0.36419048989091324	0.3239293121790449	-1	-1	0.18345565472632475	0.11794532875098995	0.26113427856263827	0.13297132717622584	0.2557123839109946	0.44246728645355243	0.11473953577850216	0.3882507830265159	0.3717730918723544	0.13409274625784073	0.19294765471245845	0.11427024435469768	0.20603632819739648	0.07026055134173759	0.35927632975732876	0.230972412108576	0.35786488044076575	0.18718140538651673	0.1647212861552254	0.40062948599195414	0.2845823014772566	0.12846829575926388	0.017637847601197354	0.39698179023878133
STM_MW08691_2-274	0.2888023095534336	0.36419048989091324	0.0	0.04026117771186832	-1	-1	0.1807348351645885	0.24624516113992329	0.10305621132827497	0.2312191627146874	0.10847810597991864	0.0782767965626392	0.24945095411241108	0.02406029313560265	0.007582601981441173	0.49828323614875397	0.1712428351784548	0.4784607342456109	0.5702268180883097	0.4344510412326508	0.0049141601335844776	0.13321807778233724	0.006325609450147485	0.1770090845043965	0.5289117760461386	0.7648199758828673	0.07960818841365663	0.23572219413164935	0.3465526422897159	0.7611722801296945
STM_MW08691_327-577	0.2485411318415653	0.3239293121790449	0.04026117771186832	0.0	-1	-1	0.14047365745272017	0.20598398342805496	0.06279503361640665	0.19095798500281908	0.06821692826805031	0.11853797427450752	0.20918977640054276	0.06432147084747097	0.047843779693309496	0.45802205843688565	0.13098165746658647	0.4381995565337426	0.5299656403764414	0.3941898635207825	0.035347017578283846	0.09295690007046892	0.03393556826172084	0.13674790679252818	0.4886505983342703	0.7245587981709991	0.03934701070178831	0.19546101641978103	0.30629146457784756	0.7209111024178263
b0794_2-271	-1	-1	-1	-1	-1	-1	-1	-1	-1	-1	-1	-1	-1	-1	-1	-1	-1	-1	-1	-1	-1	-1	-1	-1	-1	-1	-1	-1	-1	-1
b0794_327-575	-1	-1	-1	-1	-1	-1	-1	-1	-1	-1	-1	-1	-1	-1	-1	-1	-1	-1	-1	-1	-1	-1	-1	-1	-1	-1	-1	-1	-1	-1
SEN0763_2-274	0.10806747438884512	0.18345565472632475	0.1807348351645885	0.14047365745272017	-1	-1	0.0	0.0655103259753348	0.07767862383631352	0.050484327550098906	0.07225672918466985	0.2590116317272277	0.06871611894782259	0.20479512830019114	0.18831743714602966	0.3175484009841655	0.009491999986133703	0.2977258990810224	0.3894919829237212	0.25371620606806233	0.17582067503100401	0.04751675738225125	0.174409225714441	0.0037257506601919843	0.34817694088155016	0.5840851407182789	0.10112664675093186	0.05498735896706086	0.1658178071251274	0.5804374449651061
SEN0763_327-577	0.042557148413510326	0.11794532875098995	0.24624516113992329	0.20598398342805496	-1	-1	0.0655103259753348	0.0	0.14318894981164831	0.015025998425235887	0.13776705516000465	0.3245219577025625	0.0032057929724877976	0.27030545427552594	0.25382776312136446	0.2520380750088307	0.0750023259614685	0.23221557310568763	0.32398165694838643	0.18820588009272754	0.2413310010063388	0.11302708335758604	0.2399195516897758	0.06923607663552678	0.28266661490621536	0.5185748147429441	0.16663697272626665	0.010522967008273931	0.1003074811497926	0.5149271189897713
ROD_07941_2-272	0.18574609822515864	0.26113427856263827	0.10305621132827497	0.06279503361640665	-1	-1	0.07767862383631352	0.14318894981164831	0.0	0.12816295138641243	0.005421894651643666	0.18133300789091417	0.1463947427841361	0.12711650446387762	0.11063881330971614	0.395227024820479	0.06818662385017982	0.37540452291733595	0.46717060676003475	0.33139482990437585	0.0981420511946905	0.03016186645406227	0.09673060187812749	0.07395287317612154	0.4258555647178637	0.6617637645545924	0.02344802291461834	0.13266598280337438	0.2434964309614409	0.6581160688014196
ROD_07941_327-575	0.05758314683874621	0.13297132717622584	0.2312191627146874	0.19095798500281908	-1	-1	0.050484327550098906	0.015025998425235887	0.12816295138641243	0.0	0.12274105673476876	0.3094959592773266	0.018231791397723685	0.25527945585029005	0.23880176469612857	0.2670640734340666	0.05997632753623261	0.24724157153092352	0.3390076553736223	0.20323187851796343	0.22630500258110292	0.09800108493235016	0.2248935532645399	0.05421007821029089	0.29769261333145125	0.53360081316818	0.15161097430103077	0.004503031416961956	0.11533347957502849	0.5299531174150072
t2071_2-274	0.18032420357351497	0.2557123839109946	0.10847810597991864	0.06821692826805031	-1	-1	0.07225672918466985	0.13776705516000465	0.005421894651643666	0.12274105673476876	0.0	0.18675490254255783	0.14097284813249245	0.1325383991155213	0.11606070796135981	0.38980513016883533	0.06276472919853615	0.3699826282656923	0.4617487121083911	0.3259729352527322	0.10356394584633416	0.024739971802418603	0.10215249652977115	0.06853097852447787	0.42043367006622	0.6563418699029487	0.028869917566262004	0.12724408815173072	0.23807453630979725	0.6526941741497759
t2071_327-577	0.3670791061160728	0.44246728645355243	0.0782767965626392	0.11853797427450752	-1	-1	0.2590116317272277	0.3245219577025625	0.18133300789091417	0.3094959592773266	0.18675490254255783	0.0	0.3277277506750503	0.054216503427036544	0.07069419458119802	0.5765600327113931	0.24951963174109398	0.5567375308082501	0.6485036146509489	0.51272783779529	0.08319095669622367	0.21149487434497644	0.08460240601278668	0.2552858810670357	0.6071885726087778	0.8430967724455065	0.15788498497629583	0.31399899069428855	0.4248294388523551	0.8394490766923337
NCTC13441_03200_2-271	0.03935135544102253	0.11473953577850216	0.24945095411241108	0.20918977640054276	-1	-1	0.06871611894782259	0.0032057929724877976	0.1463947427841361	0.018231791397723685	0.14097284813249245	0.3277277506750503	0.0	0.27351124724801373	0.25703355609385226	0.2488322820363429	0.0782081189339563	0.22900978013319984	0.32077586397589863	0.18500008712023974	0.2445367939788266	0.11623287633007384	0.2431253446622636	0.07244186960801458	0.27946082193372757	0.5153690217704563	0.16984276569875445	0.013728759980761729	0.0971016881773048	0.5117213260172835
NCTC13441_03200_327-576	0.31286260268903626	0.3882507830265159	0.02406029313560265	0.06432147084747097	-1	-1	0.20479512830019114	0.27030545427552594	0.12711650446387762	0.25527945585029005	0.1325383991155213	0.054216503427036544	0.27351124724801373	0.0	0.016477691154161478	0.5223435292843566	0.19530312831405744	0.5025210273812135	0.5942871112239123	0.4585113343682535	0.028974453269187128	0.1572783709179399	0.030385902585750135	0.20106937763999916	0.5529720691817412	0.78888026901847	0.10366848154925928	0.259782487267252	0.37061293542531853	0.7852325732652972
BN373_13851_2-274	0.2963849115348748	0.3717730918723544	0.007582601981441173	0.047843779693309496	-1	-1	0.18831743714602966	0.25382776312136446	0.11063881330971614	0.23880176469612857	0.11606070796135981	0.07069419458119802	0.25703355609385226	0.016477691154161478	0.0	0.5058658381301951	0.17882543715989596	0.4860433362270521	0.5778094200697509	0.442033643214092	0.01249676211502565	0.1408006797637784	0.013908211431588657	0.18459168648583768	0.5364943780275798	0.7724025778643085	0.0871907903950978	0.24330479611309053	0.35413524427115706	0.7687548821111357
BN373_13851_327-576	0.20948092659532036	0.13409274625784073	0.49828323614875397	0.45802205843688565	-1	-1	0.3175484009841655	0.2520380750088307	0.395227024820479	0.2670640734340666	0.38980513016883533	0.5765600327113931	0.2488322820363429	0.5223435292843566	0.5058658381301951	0.0	0.3270404009702992	0.019822501903143053	0.07194358193955575	0.06383219491610315	0.4933690760151695	0.36506515836641673	0.4919576266986065	0.32127415164435746	0.030628539897384677	0.2665367397341134	0.41867504773509734	0.2625610420171046	0.1517305938590381	0.2628890439809406
STMMW_08691_2-274	0.11755947437497882	0.19294765471245845	0.1712428351784548	0.13098165746658647	-1	-1	0.009491999986133703	0.0750023259614685	0.06818662385017982	0.05997632753623261	0.06276472919853615	0.24951963174109398	0.0782081189339563	0.19530312831405744	0.17882543715989596	0.3270404009702992	0.0	0.30721789906715613	0.39898398290985493	0.26320820605419604	0.1663286750448703	0.03802475739611755	0.1649172257283073	0.005766249325941719	0.35766894086768386	0.5935771407044126	0.09163464676479816	0.06447935895319457	0.1753098071112611	0.5899294449512398
STMMW_08691_327-577	0.1896584246921773	0.11427024435469768	0.4784607342456109	0.4381995565337426	-1	-1	0.2977258990810224	0.23221557310568763	0.37540452291733595	0.24724157153092352	0.3699826282656923	0.5567375308082501	0.22900978013319984	0.5025210273812135	0.4860433362270521	0.019822501903143053	0.30721789906715613	0.0	0.0917660838426988	0.044009693012960094	0.47354657411202644	0.3452426564632737	0.47213512479546343	0.3014516497412144	0.05045104180052773	0.28635924163725646	0.3988525458319543	0.24273854011396157	0.13190809195589503	0.28271154588408365
ENC_19440_2-274	0.2814245085348761	0.20603632819739648	0.5702268180883097	0.5299656403764414	-1	-1	0.3894919829237212	0.32398165694838643	0.46717060676003475	0.3390076553736223	0.4617487121083911	0.6485036146509489	0.32077586397589863	0.5942871112239123	0.5778094200697509	0.07194358193955575	0.39898398290985493	0.0917660838426988	0.0	0.1357757768556589	0.5653126579547252	0.4370087403059725	0.5639012086381623	0.3932177335839132	0.04131504204217107	0.19459315779455766	0.4906186296746531	0.33450462395666036	0.22367417579859383	0.19094546204138485
ENC_19440_327-577	0.1456487316792172	0.07026055134173759	0.4344510412326508	0.3941898635207825	-1	-1	0.25371620606806233	0.18820588009272754	0.33139482990437585	0.20323187851796343	0.3259729352527322	0.51272783779529	0.18500008712023974	0.4585113343682535	0.442033643214092	0.06383219491610315	0.26320820605419604	0.044009693012960094	0.1357757768556589	0.0	0.42953688109906635	0.3012329634503136	0.42812543178250334	0.2574419567282543	0.09446073481348782	0.33036893465021655	0.3548428528189942	0.19872884710100147	0.08789839894293494	0.32672123889704374
Ecoli9000q_49420_2-271	0.28388814941984913	0.35927632975732876	0.0049141601335844776	0.035347017578283846	-1	-1	0.17582067503100401	0.2413310010063388	0.0981420511946905	0.22630500258110292	0.10356394584633416	0.08319095669622367	0.2445367939788266	0.028974453269187128	0.01249676211502565	0.4933690760151695	0.1663286750448703	0.47354657411202644	0.5653126579547252	0.42953688109906635	0.0	0.12830391764875276	0.001411449316563007	0.17209492437081203	0.5239976159125541	0.7599058157492828	0.07469402828007216	0.23080803399806488	0.3416384821561314	0.75625811999611
Ecoli9000q_49420_327-576	0.15558423177109637	0.230972412108576	0.13321807778233724	0.09295690007046892	-1	-1	0.04751675738225125	0.11302708335758604	0.03016186645406227	0.09800108493235016	0.024739971802418603	0.21149487434497644	0.11623287633007384	0.1572783709179399	0.1408006797637784	0.36506515836641673	0.03802475739611755	0.3452426564632737	0.4370087403059725	0.3012329634503136	0.12830391764875276	0.0	0.12689246833218976	0.04379100672205927	0.3956936982638014	0.6316018981005301	0.05360988936868061	0.10250411634931211	0.21333456450737864	0.6279542023473573
ERS227112_03257_2-274	0.2824767001032861	0.35786488044076575	0.006325609450147485	0.03393556826172084	-1	-1	0.174409225714441	0.2399195516897758	0.09673060187812749	0.2248935532645399	0.10215249652977115	0.08460240601278668	0.2431253446622636	0.030385902585750135	0.013908211431588657	0.4919576266986065	0.1649172257283073	0.47213512479546343	0.5639012086381623	0.42812543178250334	0.001411449316563007	0.12689246833218976	0.0	0.17068347505424902	0.5225861665959912	0.75849436643272	0.07328257896350915	0.22939658468150187	0.3402270328395684	0.7548466706795471
ERS227112_03257_327-577	0.1117932250490371	0.18718140538651673	0.1770090845043965	0.13674790679252818	-1	-1	0.0037257506601919843	0.06923607663552678	0.07395287317612154	0.05421007821029089	0.06853097852447787	0.2552858810670357	0.07244186960801458	0.20106937763999916	0.18459168648583768	0.32127415164435746	0.005766249325941719	0.3014516497412144	0.3932177335839132	0.2574419567282543	0.17209492437081203	0.04379100672205927	0.17068347505424902	0.0	0.35190269154174214	0.5878108913784709	0.09740089609073987	0.058713109627252846	0.16954355778531938	0.5841631956252981
SL1344_0793_2-274	0.24010946649270504	0.1647212861552254	0.5289117760461386	0.4886505983342703	-1	-1	0.34817694088155016	0.28266661490621536	0.4258555647178637	0.29769261333145125	0.42043367006622	0.6071885726087778	0.27946082193372757	0.5529720691817412	0.5364943780275798	0.030628539897384677	0.35766894086768386	0.05045104180052773	0.04131504204217107	0.09446073481348782	0.5239976159125541	0.3956936982638014	0.5225861665959912	0.35190269154174214	0.0	0.23590819983672873	0.449303587632482	0.2931895819144893	0.18235913375642276	0.23226050408355592
SL1344_0793_327-577	0.47601766632943376	0.40062948599195414	0.7648199758828673	0.7245587981709991	-1	-1	0.5840851407182789	0.5185748147429441	0.6617637645545924	0.53360081316818	0.6563418699029487	0.8430967724455065	0.5153690217704563	0.78888026901847	0.7724025778643085	0.2665367397341134	0.5935771407044126	0.28635924163725646	0.19459315779455766	0.33036893465021655	0.7599058157492828	0.6316018981005301	0.75849436643272	0.5878108913784709	0.23590819983672873	0.0	0.6852117874692107	0.529097781751218	0.4182673335931515	0.0036476957531728083
ERS227112_03079_13-514	0.20919412113977698	0.2845823014772566	0.07960818841365663	0.03934701070178831	-1	-1	0.10112664675093186	0.16663697272626665	0.02344802291461834	0.15161097430103077	0.028869917566262004	0.15788498497629583	0.16984276569875445	0.10366848154925928	0.0871907903950978	0.41867504773509734	0.09163464676479816	0.3988525458319543	0.4906186296746531	0.3548428528189942	0.07469402828007216	0.05360988936868061	0.07328257896350915	0.09740089609073987	0.449303587632482	0.6852117874692107	0.0	0.15611400571799272	0.26694445387605925	0.6815640917160379
BN373_12191_13-513	0.05308011542178426	0.12846829575926388	0.23572219413164935	0.19546101641978103	-1	-1	0.05498735896706086	0.010522967008273931	0.13266598280337438	0.004503031416961956	0.12724408815173072	0.31399899069428855	0.013728759980761729	0.259782487267252	0.24330479611309053	0.2625610420171046	0.06447935895319457	0.24273854011396157	0.33450462395666036	0.19872884710100147	0.23080803399806488	0.10250411634931211	0.22939658468150187	0.058713109627252846	0.2931895819144893	0.529097781751218	0.15611400571799272	0.0	0.11083044815806653	0.5254500859980452
CS17_00853_2-271	0.05775033273628227	0.017637847601197354	0.3465526422897159	0.30629146457784756	-1	-1	0.1658178071251274	0.1003074811497926	0.2434964309614409	0.11533347957502849	0.23807453630979725	0.4248294388523551	0.0971016881773048	0.37061293542531853	0.35413524427115706	0.1517305938590381	0.1753098071112611	0.13190809195589503	0.22367417579859383	0.08789839894293494	0.3416384821561314	0.21333456450737864	0.3402270328395684	0.16954355778531938	0.18235913375642276	0.4182673335931515	0.26694445387605925	0.11083044815806653	0.0	0.4146196378399787
CS17_00853_327-576	0.47236997057626096	0.39698179023878133	0.7611722801296945	0.7209111024178263	-1	-1	0.5804374449651061	0.5149271189897713	0.6581160688014196	0.5299531174150072	0.6526941741497759	0.8394490766923337	0.5117213260172835	0.7852325732652972	0.7687548821111357	0.2628890439809406	0.5899294449512398	0.28271154588408365	0.19094546204138485	0.32672123889704374	0.75625811999611	0.6279542023473573	0.7548466706795471	0.5841631956252981	0.23226050408355592	0.0036476957531728083	0.6815640917160379	0.5254500859980452	0.4146196378399787	0.0
