b3642_1-213	0.0	6.211316633320867	6.247976670552831	6.578891613049082	5.74852534329196	5.98404353313546	6.098673279823614	6.00841838831068	6.223905138085942	6.12628816908415	6.063486804297334	6.267260952170245	5.87214230209825
SL1344_3699_1-213	6.211316633320867	0.0	0.03666003723196398	0.36757497972821496	0.46279129002890695	0.22727310018540703	0.11264335349725307	0.20289824501018705	0.012588504765075004	0.08502846423671706	0.14782982902353303	0.055944318849378005	0.3391743312226171
STM_MW37221_1-213	6.247976670552831	0.03666003723196398	0.0	0.330914942496251	0.49945132726087094	0.263933137417371	0.14930339072921706	0.23955828224215103	0.02407153246688898	0.12168850146868104	0.18448986625549701	0.019284281617414023	0.37583436845458107
ERS227112_00595_1-213	6.578891613049082	0.36757497972821496	0.330914942496251	0.0	0.8303662697571219	0.594848079913622	0.48021833322546803	0.570473224738402	0.35498647496313995	0.452603443964932	0.515404808751748	0.31163066087883695	0.706749310950832
ENC_02610_1-213	5.74852534329196	0.46279129002890695	0.49945132726087094	0.8303662697571219	0.0	0.23551818984349993	0.3501479365316539	0.2598930450187199	0.47537979479398196	0.3777628257921899	0.3149614610053739	0.518735608878285	0.12361695880628987
ETEC_3883_1-213	5.98404353313546	0.22727310018540703	0.263933137417371	0.594848079913622	0.23551818984349993	0.0	0.11462974668815396	0.024374855175219978	0.23986160495048203	0.14224463594868997	0.079443271161874	0.28321741903478503	0.11190123103721006
SEN3555_1-213	6.098673279823614	0.11264335349725307	0.14930339072921706	0.48021833322546803	0.3501479365316539	0.11462974668815396	0.0	0.09025489151293398	0.12523185826232808	0.027614889260536013	0.03518647552627996	0.16858767234663108	0.226530977725364
CS17_04090_1-213	6.00841838831068	0.20289824501018705	0.23955828224215103	0.570473224738402	0.2598930450187199	0.024374855175219978	0.09025489151293398	0.0	0.21548674977526205	0.11786978077346999	0.05506841598665402	0.25884256385956506	0.13627608621243004
STMMW_37221_1-213	6.223905138085942	0.012588504765075004	0.02407153246688898	0.35498647496313995	0.47537979479398196	0.23986160495048203	0.12523185826232808	0.21548674977526205	0.0	0.09761696900179206	0.16041833378860804	0.043355814084303	0.3517628359876921
NCTC13441_00041_1-213	6.12628816908415	0.08502846423671706	0.12168850146868104	0.452603443964932	0.3777628257921899	0.14224463594868997	0.027614889260536013	0.11786978077346999	0.09761696900179206	0.0	0.06280136478681597	0.14097278308609507	0.2541458669859
ROD_41731_1-213	6.063486804297334	0.14782982902353303	0.18448986625549701	0.515404808751748	0.3149614610053739	0.079443271161874	0.03518647552627996	0.05506841598665402	0.16041833378860804	0.06280136478681597	0.0	0.20377414787291104	0.19134450219908405
BN373_46261_1-213	6.267260952170245	0.055944318849378005	0.019284281617414023	0.31163066087883695	0.518735608878285	0.28321741903478503	0.16858767234663108	0.25884256385956506	0.043355814084303	0.14097278308609507	0.20377414787291104	0.0	0.3951186500719951
t3785_1-213	5.87214230209825	0.3391743312226171	0.37583436845458107	0.706749310950832	0.12361695880628987	0.11190123103721006	0.226530977725364	0.13627608621243004	0.3517628359876921	0.2541458669859	0.19134450219908405	0.3951186500719951	0.0
