ROD_03891_1-1023	0.0	-1	0.7758445549699748	-1	0.17117660908194443	0.03188741659100636	0.1533918896114853	1.3710582258068615	1.645269893411666	2.17089982819246	0.014031267212738951	1.8899295859941676	1.142153534194101	0.26963467603468194	-1	0.15466060036341145	1.3183672718946486	1.337402852144067	0.504802364649743	0.16286796680434545	0.2508101951104562	0.08252926126622717	0.9559548884175897	0.2643895149467357	1.4982917367653583	0.23983284148435968	0.1411877904111778	0.21733151320210264	0.027516617171265745
b4491_8-882	-1	-1	-1	-1	-1	-1	-1	-1	-1	-1	-1	-1	-1	-1	-1	-1	-1	-1	-1	-1	-1	-1	-1	-1	-1	-1	-1	-1	-1
ROD_38761_1-920	0.7758445549699748	-1	0.0	-1	0.6046679458880304	0.7439571383789685	0.6224526653584895	0.5952136708368867	0.8694253384416912	1.3950552732224848	0.7618132877572359	1.1140850310241928	0.3663089792241261	0.5062098789352929	-1	0.6211839546065634	0.5425227169246738	0.5615582971740922	1.2806469196197179	0.9387125217743203	0.5250343598595186	0.6933152937037477	0.18011033344761485	0.5114550400232392	0.7224471817953835	1.0156773964543344	0.9170323453811526	0.9931760681720775	0.8033611721412406
b1202_14-955	-1	-1	-1	-1	-1	-1	-1	-1	-1	-1	-1	-1	-1	-1	-1	-1	-1	-1	-1	-1	-1	-1	-1	-1	-1	-1	-1	-1	-1
ROD_16841_1-945	0.17117660908194443	-1	0.6046679458880304	-1	0.0	0.13928919249093807	0.01778471947045912	1.199881616724917	1.4740932843297216	1.9997232191105152	0.15714534186920548	1.7187529769122232	0.9709769251121565	0.09845806695273751	-1	0.016516008718532982	1.1471906628127042	1.1662262430621226	0.6759789737316875	0.3340445758862899	0.07963358602851178	0.08864734781571726	0.7847782793356453	0.09321290586479125	1.3271151276834139	0.4110094505663041	0.3123643994931222	0.3885081222840471	0.19869322625321018
ROD_03921_1-884	0.03188741659100636	-1	0.7439571383789685	-1	0.13928919249093807	0.0	0.12150447302047895	1.3391708092158552	1.6133824768206597	2.1390124116014535	0.017856149378267405	1.8580421694031612	1.1102661176030946	0.23774725944367558	-1	0.12277318377240509	1.2864798553036423	1.3055154355530607	0.5366897812407494	0.1947553833953518	0.21892277851944986	0.050641844675220815	0.9240674718265833	0.23250209835572933	1.466404320174352	0.27172025807536604	0.17307520700218415	0.249218929793109	0.0594040337622721
ETEC_1306_14-955	0.1533918896114853	-1	0.6224526653584895	-1	0.01778471947045912	0.12150447302047895	0.0	1.2176663361953763	1.4918780038001809	2.0175079385809744	0.13936062239874636	1.7365376963826824	0.9887616445826156	0.11624278642319663	-1	0.0012687107519261387	1.1649753822831634	1.1840109625325819	0.6581942542612285	0.31625985641583076	0.0974183054989709	0.07086262834525814	0.8025629988061044	0.11099762533525037	1.3448998471538731	0.393224731095845	0.2945796800226631	0.37072340281358795	0.18090850678275106
Ecoli9000q_44760_61-980	1.3710582258068615	-1	0.5952136708368867	-1	1.199881616724917	1.3391708092158552	1.2176663361953763	0.0	0.27421166760480453	0.7998416023855981	1.3570269585941226	0.5188713601873061	0.2289046916127606	1.1014235497721796	-1	1.21639762544345	0.0526909539122129	0.033655373662794474	1.8758605904566046	1.533926192611207	1.1202480306964053	1.2885289645406344	0.41510333738927185	1.1066687108601259	0.12723351095849678	1.6108910672912211	1.5122460162180393	1.588389739008964	1.3985748429781273
ROD_16391_47-1079	1.645269893411666	-1	0.8694253384416912	-1	1.4740932843297216	1.6133824768206597	1.4918780038001809	0.27421166760480453	0.0	0.5256299347807936	1.6312386261989271	0.24465969258250153	0.5031163592175651	1.3756352173769841	-1	1.4906092930482546	0.32690262151701743	0.307867041267599	2.1500722580614093	1.8081378602160116	1.3944596983012099	1.562740632145439	0.6893150049940764	1.3808803784649304	0.14697815664630776	1.8851027348960256	1.7864576838228439	1.8626014066137686	1.6727865105829318
t2491_132-961	2.17089982819246	-1	1.3950552732224848	-1	1.9997232191105152	2.1390124116014535	2.0175079385809744	0.7998416023855981	0.5256299347807936	0.0	2.1568685609797207	0.28097024219829203	1.0287462939983587	1.9012651521577777	-1	2.016239227829048	0.852532556297811	0.8334969760483926	2.675702192842203	2.333767794996805	1.9200896330820034	2.0883705669262325	1.21494493977487	1.906510313245724	0.6726080914271013	2.410732669676819	2.3120876186036377	2.388231341394562	2.1984164453637254
ROD_11911_1-945	0.014031267212738951	-1	0.7618132877572359	-1	0.15714534186920548	0.017856149378267405	0.13936062239874636	1.3570269585941226	1.6312386261989271	2.1568685609797207	0.0	1.8758983187814287	1.128122266981362	0.255603408821943	-1	0.1406293331506725	1.3043360046819097	1.3233715849313281	0.518833631862482	0.1768992340170844	0.23677892789771726	0.06849799405348822	0.9419236212048507	0.25035824773399673	1.4842604695526194	0.25386410869709863	0.15521905762391675	0.2313627804148416	0.041547884384004696
STM_MW37461_48-955	1.8899295859941676	-1	1.1140850310241928	-1	1.7187529769122232	1.8580421694031612	1.7365376963826824	0.5188713601873061	0.24465969258250153	0.28097024219829203	1.8758983187814287	0.0	0.7477760518000667	1.6202949099594857	-1	1.7352689856307562	0.571562314099519	0.5525267338501005	2.394731950643911	2.052797552798513	1.6391193908837114	1.8074003247279404	0.9339746975765779	1.625540071047432	0.3916378492288093	2.129762427478527	2.031117376405345	2.10726109919627	1.9174462031654333
SEN3580_48-955	1.142153534194101	-1	0.3663089792241261	-1	0.9709769251121565	1.1102661176030946	0.9887616445826156	0.2289046916127606	0.5031163592175651	1.0287462939983587	1.128122266981362	0.7477760518000667	0.0	0.872518858159419	-1	0.9874929338306895	0.1762137377005477	0.19524931794996614	1.646955898843844	1.3050215009984463	0.8913433390836447	1.0596242729278738	0.18619864577651124	0.8777640192473652	0.3561382025712574	1.3819863756784607	1.2833413246052787	1.3594850473962037	1.1696701513653667
ROD_02111_1-1003	0.26963467603468194	-1	0.5062098789352929	-1	0.09845806695273751	0.23774725944367558	0.11624278642319663	1.1014235497721796	1.3756352173769841	1.9012651521577777	0.255603408821943	1.6202949099594857	0.872518858159419	0.0	-1	0.11497407567127049	1.0487325958599667	1.0677681761093851	0.774437040684425	0.4325026428390274	0.01882448092422573	0.18710541476845477	0.6863202123829077	0.00524516108794626	1.2286570607306764	0.5094675175190416	0.41082246644585974	0.4869661892367846	0.2971512932059477
b2190_20-863	-1	-1	-1	-1	-1	-1	-1	-1	-1	-1	-1	-1	-1	-1	-1	-1	-1	-1	-1	-1	-1	-1	-1	-1	-1	-1	-1	-1	-1
ROD_27631_1-969	0.15466060036341145	-1	0.6211839546065634	-1	0.016516008718532982	0.12277318377240509	0.0012687107519261387	1.21639762544345	1.4906092930482546	2.016239227829048	0.1406293331506725	1.7352689856307562	0.9874929338306895	0.11497407567127049	-1	0.0	1.1637066715312372	1.1827422517806556	0.6594629650131545	0.3175285671677569	0.09614959474704476	0.07213133909718428	0.8012942880541782	0.10972891458332423	1.3436311364019469	0.39449344184777113	0.29584839077458924	0.3719921135655141	0.1821772175346772
STMMW_37461_48-955	1.3183672718946486	-1	0.5425227169246738	-1	1.1471906628127042	1.2864798553036423	1.1649753822831634	0.0526909539122129	0.32690262151701743	0.852532556297811	1.3043360046819097	0.571562314099519	0.1762137377005477	1.0487325958599667	-1	1.1637066715312372	0.0	0.019035580249418427	1.8231696365443917	1.4812352386989942	1.0675570767841924	1.2358380106284215	0.36241238347705895	1.053977756947913	0.17992446487070968	1.5582001133790082	1.4595550623058264	1.5356987850967512	1.3458838890659144
ROD_03611_60-937	1.337402852144067	-1	0.5615582971740922	-1	1.1662262430621226	1.3055154355530607	1.1840109625325819	0.033655373662794474	0.307867041267599	0.8334969760483926	1.3233715849313281	0.5525267338501005	0.19524931794996614	1.0677681761093851	-1	1.1827422517806556	0.019035580249418427	0.0	1.84220521679381	1.5002708189484126	1.0865926570336109	1.25487359087784	0.3814479637264774	1.0730133371973314	0.16088888462129125	1.5772356936284266	1.4785906425552449	1.5547343653461696	1.3649194693153328
CS17_01346_8-892	0.504802364649743	-1	1.2806469196197179	-1	0.6759789737316875	0.5366897812407494	0.6581942542612285	1.8758605904566046	2.1500722580614093	2.675702192842203	0.518833631862482	2.394731950643911	1.646955898843844	0.774437040684425	-1	0.6594629650131545	1.8231696365443917	1.84220521679381	0.0	0.34193439784539764	0.7556125597601993	0.5873316259159702	1.4607572530673327	0.7691918795964787	2.0030941014151016	0.2649695231653834	0.3636145742385653	0.28747085144764045	0.47728574747847735
CS17_01379_14-955	0.16286796680434545	-1	0.9387125217743203	-1	0.3340445758862899	0.1947553833953518	0.31625985641583076	1.533926192611207	1.8081378602160116	2.333767794996805	0.1768992340170844	2.052797552798513	1.3050215009984463	0.4325026428390274	-1	0.3175285671677569	1.4812352386989942	1.5002708189484126	0.34193439784539764	0.0	0.41367816191480167	0.24539722807057263	1.1188228552219353	0.42725748175108114	1.6611597035697039	0.07696487468001423	0.02168017639316766	0.05446354639775719	0.1353513496330797
ROD_00511_1-955	0.2508101951104562	-1	0.5250343598595186	-1	0.07963358602851178	0.21892277851944986	0.0974183054989709	1.1202480306964053	1.3944596983012099	1.9200896330820034	0.23677892789771726	1.6391193908837114	0.8913433390836447	0.01882448092422573	-1	0.09614959474704476	1.0675570767841924	1.0865926570336109	0.7556125597601993	0.41367816191480167	0.0	0.16828093384422904	0.7051446933071335	0.013579319836279469	1.247481541654902	0.4906430365948159	0.391997985521634	0.46814170831255886	0.27832681228172196
ETEC_2326_4-836	0.08252926126622717	-1	0.6933152937037477	-1	0.08864734781571726	0.050641844675220815	0.07086262834525814	1.2885289645406344	1.562740632145439	2.0883705669262325	0.06849799405348822	1.8074003247279404	1.0596242729278738	0.18710541476845477	-1	0.07213133909718428	1.2358380106284215	1.25487359087784	0.5873316259159702	0.24539722807057263	0.16828093384422904	0.0	0.8734256271513625	0.1818602536805085	1.4157624754991311	0.32236210275058685	0.22371705167740497	0.2998607744683298	0.11004587843749292
SL1344_3723_48-955	0.9559548884175897	-1	0.18011033344761485	-1	0.7847782793356453	0.9240674718265833	0.8025629988061044	0.41510333738927185	0.6893150049940764	1.21494493977487	0.9419236212048507	0.9339746975765779	0.18619864577651124	0.6863202123829077	-1	0.8012942880541782	0.36241238347705895	0.3814479637264774	1.4607572530673327	1.1188228552219353	0.7051446933071335	0.8734256271513625	0.0	0.691565373470854	0.5423368483477686	1.1957877299019493	1.0971426788287675	1.1732864016196922	0.9834715055888554
CS17_03917_285-1240	0.2643895149467357	-1	0.5114550400232392	-1	0.09321290586479125	0.23250209835572933	0.11099762533525037	1.1066687108601259	1.3808803784649304	1.906510313245724	0.25035824773399673	1.625540071047432	0.8777640192473652	0.00524516108794626	-1	0.10972891458332423	1.053977756947913	1.0730133371973314	0.7691918795964787	0.42725748175108114	0.013579319836279469	0.1818602536805085	0.691565373470854	0.0	1.2339022218186226	0.5042223564310954	0.4055773053579135	0.4817210281488383	0.2919061321180014
ROD_15731_1-994	1.4982917367653583	-1	0.7224471817953835	-1	1.3271151276834139	1.466404320174352	1.3448998471538731	0.12723351095849678	0.14697815664630776	0.6726080914271013	1.4842604695526194	0.3916378492288093	0.3561382025712574	1.2286570607306764	-1	1.3436311364019469	0.17992446487070968	0.16088888462129125	2.0030941014151016	1.6611597035697039	1.247481541654902	1.4157624754991311	0.5423368483477686	1.2339022218186226	0.0	1.7381245782497179	1.6394795271765361	1.7156232499674609	1.525808353936624
CS17_02441_16-772	0.23983284148435968	-1	1.0156773964543344	-1	0.4110094505663041	0.27172025807536604	0.393224731095845	1.6108910672912211	1.8851027348960256	2.410732669676819	0.25386410869709863	2.129762427478527	1.3819863756784607	0.5094675175190416	-1	0.39449344184777113	1.5582001133790082	1.5772356936284266	0.2649695231653834	0.07696487468001423	0.4906430365948159	0.32236210275058685	1.1957877299019493	0.5042223564310954	1.7381245782497179	0.0	0.09864505107318189	0.022501328282257038	0.21231622431309394
ETEC_2141_18-989	0.1411877904111778	-1	0.9170323453811526	-1	0.3123643994931222	0.17307520700218415	0.2945796800226631	1.5122460162180393	1.7864576838228439	2.3120876186036377	0.15521905762391675	2.031117376405345	1.2833413246052787	0.41082246644585974	-1	0.29584839077458924	1.4595550623058264	1.4785906425552449	0.3636145742385653	0.02168017639316766	0.391997985521634	0.22371705167740497	1.0971426788287675	0.4055773053579135	1.6394795271765361	0.09864505107318189	0.0	0.07614372279092485	0.11367117323991205
NCTC13441_01475_379-1254	0.21733151320210264	-1	0.9931760681720775	-1	0.3885081222840471	0.249218929793109	0.37072340281358795	1.588389739008964	1.8626014066137686	2.388231341394562	0.2313627804148416	2.10726109919627	1.3594850473962037	0.4869661892367846	-1	0.3719921135655141	1.5356987850967512	1.5547343653461696	0.28747085144764045	0.05446354639775719	0.46814170831255886	0.2998607744683298	1.1732864016196922	0.4817210281488383	1.7156232499674609	0.022501328282257038	0.07614372279092485	0.0	0.1898148960308369
ROD_11971_1-960	0.027516617171265745	-1	0.8033611721412406	-1	0.19869322625321018	0.0594040337622721	0.18090850678275106	1.3985748429781273	1.6727865105829318	2.1984164453637254	0.041547884384004696	1.9174462031654333	1.1696701513653667	0.2971512932059477	-1	0.1821772175346772	1.3458838890659144	1.3649194693153328	0.47728574747847735	0.1353513496330797	0.27832681228172196	0.11004587843749292	0.9834715055888554	0.2919061321180014	1.525808353936624	0.21231622431309394	0.11367117323991205	0.1898148960308369	0.0
