BN373_16011_1-198	0.0	0.25845877617965707	0.39553762657537694	0.2377579641660159	0.009675547226040915	0.1000654015710879	0.215338516102353	0.2192522765092969	0.2049672854516671	0.1849323597585999	0.05852180471440094	6.168393178136587	0.6285205033417471
ERS227112_03472_1-199	0.25845877617965707	0.0	0.13707885039571988	0.496216740345673	0.268134323405698	0.35852417775074497	0.47379729228201006	0.477711052688954	0.053491490727989977	0.44339113593825696	0.316980580894058	5.90993440195693	0.37006172716209007
ROD_10211_1-209	0.39553762657537694	0.13707885039571988	0.0	0.6332955907413929	0.40521317380141786	0.49560302814646484	0.6108761426777299	0.6147899030846738	0.19057034112370985	0.5804699863339768	0.4540594312897779	5.77285555156121	0.2329828767663702
NCTC13441_02937_1-209	0.2377579641660159	0.496216740345673	0.6332955907413929	0.0	0.228082416939975	0.13769256259492801	0.022419448063662917	0.018505687656719005	0.442725249617683	0.052825604407416016	0.17923615945161497	6.406151142302603	0.866278467507763
SEN0937_1-201	0.009675547226040915	0.268134323405698	0.40521317380141786	0.228082416939975	0.0	0.09038985434504698	0.20566296887631208	0.209576729283256	0.214642832677708	0.17525681253255898	0.04884625748836002	6.178068725362628	0.638196050567788
CS17_01022_1-209	0.1000654015710879	0.35852417775074497	0.49560302814646484	0.13769256259492801	0.09038985434504698	0.0	0.1152731145312651	0.11918687493820901	0.305032687022755	0.084866958187512	0.04154359685668696	6.268458579707675	0.728585904912835
t1848_1-201	0.215338516102353	0.47379729228201006	0.6108761426777299	0.022419448063662917	0.20566296887631208	0.1152731145312651	0.0	0.003913760406943911	0.4203058015540201	0.0304061563437531	0.15681671138795206	6.38373169423894	0.8438590194441001
STMMW_10851_1-201	0.2192522765092969	0.477711052688954	0.6147899030846738	0.018505687656719005	0.209576729283256	0.11918687493820901	0.003913760406943911	0.0	0.424219561960964	0.03431991675069701	0.16073047179489597	6.387645454645884	0.847772779851044
STM_MW10851_1-202	0.2049672854516671	0.053491490727989977	0.19057034112370985	0.442725249617683	0.214642832677708	0.305032687022755	0.4203058015540201	0.424219561960964	0.0	0.389899645210267	0.26348909016606803	5.96342589268492	0.42355321789008005
SL1344_1012_1-201	0.1849323597585999	0.44339113593825696	0.5804699863339768	0.052825604407416016	0.17525681253255898	0.084866958187512	0.0304061563437531	0.03431991675069701	0.389899645210267	0.0	0.12641055504419896	6.353325537895187	0.813452863100347
ETEC_1029_1-209	0.05852180471440094	0.316980580894058	0.4540594312897779	0.17923615945161497	0.04884625748836002	0.04154359685668696	0.15681671138795206	0.16073047179489597	0.26348909016606803	0.12641055504419896	0.0	6.226914982850988	0.6870423080561481
b0959_1-209	6.168393178136587	5.90993440195693	5.77285555156121	6.406151142302603	6.178068725362628	6.268458579707675	6.38373169423894	6.387645454645884	5.96342589268492	6.353325537895187	6.226914982850988	0.0	5.5398726747948395
ENC_16690_8-214	0.6285205033417471	0.37006172716209007	0.2329828767663702	0.866278467507763	0.638196050567788	0.728585904912835	0.8438590194441001	0.847772779851044	0.42355321789008005	0.813452863100347	0.6870423080561481	5.5398726747948395	0.0
