CS17_03790_1-457	0.0	1.07682317903954	1.5423173392199208	0.9350542142239098	0.7957889793145998	1.1153620641237598	1.34213116842748	0.5690036911475398	1.0096673526215498	0.4950560143507199	1.0358255204090898	4.56631654410257	0.9030636186608998	1.2738138310788198
SEN3304_1-457	1.07682317903954	0.0	0.4654941601803809	0.14176896481563017	0.28103419972494015	0.038538885084219876	0.26530798938794	0.5078194878920002	0.06715582641799012	0.5817671646888201	0.04099765863045013	5.64313972314211	0.17375956037864015	0.1969906520392799
ERS227112_01545_1-457	1.5423173392199208	0.4654941601803809	0.0	0.6072631249960111	0.7465283599053211	0.42695527509616105	0.20018617079244094	0.9733136480723811	0.532649986598371	1.047261324869201	0.506491818810831	6.108633883322491	0.6392537205590211	0.268503508141101
BN373_43911_1-457	0.9350542142239098	0.14176896481563017	0.6072631249960111	0.0	0.13926523490930998	0.18030784989985005	0.40707695420357015	0.36605052307637	0.07461313839764006	0.4399981998731899	0.10077130618518004	5.50137075832648	0.03199059556300998	0.3387596168549101
STMMW_34681_1-457	0.7957889793145998	0.28103419972494015	0.7465283599053211	0.13926523490930998	0.0	0.31957308480916	0.5463421891128801	0.22678528816706	0.21387837330695003	0.3007329649638799	0.24003654109449002	5.36210552341717	0.1072746393463	0.47802485176422005
SL1344_3444_1-457	1.1153620641237598	0.038538885084219876	0.42695527509616105	0.18030784989985005	0.31957308480916	0.0	0.2267691043037201	0.54635837297622	0.10569471150220999	0.6203060497730399	0.07953654371467	5.6816786082263295	0.21229844546286003	0.15845176695506002
STM_MW34681_1-457	1.34213116842748	0.26530798938794	0.20018617079244094	0.40707695420357015	0.5463421891128801	0.2267691043037201	0.0	0.7731274772799401	0.3324638158059301	0.84707515407676	0.3063056480183901	5.90844771253005	0.43906754976658013	0.06831733734866008
NCTC13441_00326_1-457	0.5690036911475398	0.5078194878920002	0.9733136480723811	0.36605052307637	0.22678528816706	0.54635837297622	0.7731274772799401	0.0	0.44066366147401004	0.0739476767968199	0.46682182926155	5.13532023525011	0.33405992751336	0.70481013993128
ROD_44411_1-457	1.0096673526215498	0.06715582641799012	0.532649986598371	0.07461313839764006	0.21387837330695003	0.10569471150220999	0.3324638158059301	0.44066366147401004	0.0	0.5146113382708299	0.026158167787539988	5.57598389672412	0.10660373396065004	0.26414647845727
ETEC_3619_1-457	0.4950560143507199	0.5817671646888201	1.047261324869201	0.4399981998731899	0.3007329649638799	0.6203060497730399	0.84707515407676	0.0739476767968199	0.5146113382708299	0.0	0.5407695060583699	5.06137255845329	0.4080076043101799	0.7787578167281
t4028_1-457	1.0358255204090898	0.04099765863045013	0.506491818810831	0.10077130618518004	0.24003654109449002	0.07953654371467	0.3063056480183901	0.46682182926155	0.026158167787539988	0.5407695060583699	0.0	5.60214206451166	0.13276190174819003	0.23798831066973003
b3368_1-457	4.56631654410257	5.64313972314211	6.108633883322491	5.50137075832648	5.36210552341717	5.6816786082263295	5.90844771253005	5.13532023525011	5.57598389672412	5.06137255845329	5.60214206451166	0.0	5.4693801627634695	5.84013037518139
ERS227112_00831_1-457	0.9030636186608998	0.17375956037864015	0.6392537205590211	0.03199059556300998	0.1072746393463	0.21229844546286003	0.43906754976658013	0.33405992751336	0.10660373396065004	0.4080076043101799	0.13276190174819003	5.4693801627634695	0.0	0.37075021241792006
BN373_37591_1-457	1.2738138310788198	0.1969906520392799	0.268503508141101	0.3387596168549101	0.47802485176422005	0.15845176695506002	0.06831733734866008	0.70481013993128	0.26414647845727	0.7787578167281	0.23798831066973003	5.84013037518139	0.37075021241792006	0.0
