ERS227112_00431_1-622	0.0	0.506164202312607	0.04433573766592902	-1	0.44068289957427065	0.7795731406927828	0.027852387646286392	0.0008932152789236092	0.07487815900972428	0.4516368850885002	0.45185917526012465	0.04195074475849503	0.04692928976119193	0.9076722725461789
STMMW_38641_1-622	0.506164202312607	0.0	0.4618284646466779	-1	0.0654813027383363	1.2857373430053898	0.5340165899588933	0.5070574175915306	0.5810423613223312	0.05452731722410675	0.0543050270524823	0.548114947071102	0.459234912551415	1.413836474858786
SL1344_3847_1-622	0.04433573766592902	0.4618284646466779	0.0	-1	0.3963471619083416	0.8239088783587118	0.07218812531221541	0.04522895294485263	0.1192138966756533	0.4073011474225712	0.4075234375941956	0.08628648242442405	0.0025935520952629076	0.9520080102121079
b3747_1-622	-1	-1	-1	-1	-1	-1	-1	-1	-1	-1	-1	-1	-1	-1
BN373_47891_1-622	0.44068289957427065	0.0654813027383363	0.3963471619083416	-1	0.0	1.2202560402670535	0.46853528722055704	0.44157611485319426	0.5155610585839949	0.010953985514229547	0.011176275685853998	0.4826336443327657	0.3937536098130787	1.3483551721204496
t3639_1-622	0.7795731406927828	1.2857373430053898	0.8239088783587118	-1	1.2202560402670535	0.0	0.7517207530464964	0.7786799254138592	0.7046949816830586	1.231210025781283	1.2314323159529075	0.7376223959342878	0.8265024304539748	0.12809913185339605
ROD_39921_1-622	0.027852387646286392	0.5340165899588933	0.07218812531221541	-1	0.46853528722055704	0.7517207530464964	0.0	0.026959172367362783	0.047025771363437885	0.4794892727347866	0.47971156290641104	0.014098357112208637	0.07478167740747832	0.8798198848998925
ETEC_4038_1-622	0.0008932152789236092	0.5070574175915306	0.04522895294485263	-1	0.44157611485319426	0.7786799254138592	0.026959172367362783	0.0	0.07398494373080067	0.4525301003674238	0.45275239053904826	0.04105752947957142	0.04782250504011554	0.9067790572672553
SEN3694_1-622	0.07487815900972428	0.5810423613223312	0.1192138966756533	-1	0.5155610585839949	0.7046949816830586	0.047025771363437885	0.07398494373080067	0.0	0.5265150440982245	0.5267373342698489	0.03292741425122925	0.1218074487709162	0.8327941135364546
ENC_04330_1-622	0.4516368850885002	0.05452731722410675	0.4073011474225712	-1	0.010953985514229547	1.231210025781283	0.4794892727347866	0.4525301003674238	0.5265150440982245	0.0	0.00022229017162445075	0.4935876298469952	0.40470759532730827	1.3593091576346792
STM_MW38641_1-622	0.45185917526012465	0.0543050270524823	0.4075234375941956	-1	0.011176275685853998	1.2314323159529075	0.47971156290641104	0.45275239053904826	0.5267373342698489	0.00022229017162445075	0.0	0.4938099200186197	0.4049298854989327	1.3595314478063036
CS17_04203_1-622	0.04195074475849503	0.548114947071102	0.08628648242442405	-1	0.4826336443327657	0.7376223959342878	0.014098357112208637	0.04105752947957142	0.03292741425122925	0.4935876298469952	0.4938099200186197	0.0	0.08888003451968696	0.8657215277876839
NCTC13441_04769_1-622	0.04692928976119193	0.459234912551415	0.0025935520952629076	-1	0.3937536098130787	0.8265024304539748	0.07478167740747832	0.04782250504011554	0.1218074487709162	0.40470759532730827	0.4049298854989327	0.08888003451968696	0.0	0.9546015623073708
Ecoli9000q_33710_1-622	0.9076722725461789	1.413836474858786	0.9520080102121079	-1	1.3483551721204496	0.12809913185339605	0.8798198848998925	0.9067790572672553	0.8327941135364546	1.3593091576346792	1.3595314478063036	0.8657215277876839	0.9546015623073708	0.0
