ROD_07871_1-234	0.0	0.17399756249801057	0.6095454488146075	0.9953011078033476	1.1302729979017254	-1	0.24356237025491256	0.5427395685789109	0.6902022952245548	0.06235172612638373	2.552686818193843	2.175349276458756	0.8131286074532378	2.7777376493641617	0.7657297212061815	0.2352243019042457	-1	0.724383792060942	2.462532308790128	0.2415726066095254	0.13282984383113217	0.7663597209538331	0.42900895802290107
ENC_19510_1-235	0.17399756249801057	0.0	0.4355478863165969	0.821303545305337	0.9562754354037148	-1	0.06956480775690199	0.36874200608090035	0.5162047327265442	0.2363492886243943	2.378689255695832	2.0013517139607453	0.6391310449552272	2.6037400868661513	0.591732158708171	0.06122673940623513	-1	0.5503862295629314	2.2885347462921173	0.41557016910753597	0.30682740632914274	0.5923621584558225	0.2550113955248905
ETEC_0851_1-234	0.6095454488146075	0.4355478863165969	0.0	0.3857556589887401	0.5207275490871179	-1	0.3659830785596949	0.06680588023569656	0.0806568464099473	0.6718971749409912	1.9431413693792352	1.5658038276441484	0.2035831586386303	2.168192200549554	0.15618427239157406	0.3743211469103618	-1	0.11483834324633446	1.8529868599755204	0.8511180554241329	0.7423752926457396	0.1568142721392256	0.18053649079170642
Ecoli9000q_49340_1-214	0.9953011078033476	0.821303545305337	0.3857556589887401	0.0	0.13497189009837784	-1	0.751738737548435	0.45256153922443665	0.3050988125787928	1.0576528339297313	1.5573857103904951	1.1800481686554083	0.1821725003501098	1.7824365415608143	0.22957138659716603	0.7600768058991019	-1	0.27091731574240563	1.4672312009867803	1.236873714412873	1.1281309516344797	0.22894138684951448	0.5662921497804465
CS17_00845_1-234	1.1302729979017254	0.9562754354037148	0.5207275490871179	0.13497189009837784	0.0	-1	0.8867106276468129	0.5875334293228145	0.44007070267717063	1.1926247240281092	1.4224138202921173	1.0450762785570304	0.31714439044848763	1.6474646514624365	0.36454327669554387	0.8950486959974797	-1	0.4058892058407835	1.3322593108884024	1.3718456045112508	1.2631028417328576	0.36391327694789233	0.7012640398788244
b0786_1-234	-1	-1	-1	-1	-1	-1	-1	-1	-1	-1	-1	-1	-1	-1	-1	-1	-1	-1	-1	-1	-1	-1	-1
STMMW_08601_7-224	0.24356237025491256	0.06956480775690199	0.3659830785596949	0.751738737548435	0.8867106276468129	-1	0.0	0.29917719832399836	0.4466399249696422	0.3059140963812963	2.30912444793893	1.9317869062038433	0.5695662371983252	2.5341752791092493	0.522167350951269	0.00833806835066686	-1	0.4808214218060294	2.2189699385352153	0.48513497686443796	0.37639221408604473	0.5227973506989205	0.1854465877679885
NCTC13441_03208_1-234	0.5427395685789109	0.36874200608090035	0.06680588023569656	0.45256153922443665	0.5875334293228145	-1	0.29917719832399836	0.0	0.14746272664564386	0.6050912947052947	2.0099472496149318	1.632609707879845	0.27038903887432686	2.234998080785251	0.22299015262727062	0.3075152666746652	-1	0.18164422348203102	1.919792740211217	0.7843121751884363	0.6755694124100431	0.22362015237492217	0.11373061055600986
SL1344_0783_1-234	0.6902022952245548	0.5162047327265442	0.0806568464099473	0.3050988125787928	0.44007070267717063	-1	0.4466399249696422	0.14746272664564386	0.0	0.7525540213509385	1.862484522969288	1.485146981234201	0.122926312228683	2.0875353541396073	0.07552742598162676	0.4549779933203091	-1	0.03418149683638716	1.772330013565573	0.9317749018340802	0.823032139055687	0.0761574257292783	0.2611933372016537
BN373_13781_1-234	0.06235172612638373	0.2363492886243943	0.6718971749409912	1.0576528339297313	1.1926247240281092	-1	0.3059140963812963	0.6050912947052947	0.7525540213509385	0.0	2.6150385443202264	2.2377010025851396	0.8754803335796215	2.8400893754905456	0.8280814473325653	0.29757602803062944	-1	0.7867355181873257	2.5248840349165116	0.17922088048314166	0.07047811770474843	0.8287114470802168	0.4913606841492848
STM_MW08601_7-224	2.552686818193843	2.378689255695832	1.9431413693792352	1.5573857103904951	1.4224138202921173	-1	2.30912444793893	2.0099472496149318	1.862484522969288	2.6150385443202264	0.0	0.3773375417350868	1.739558210740605	0.2250508311703192	1.7869570969876611	2.3174625162895968	-1	1.8283030261329007	0.09015450940371483	2.794259424803368	2.685516662024975	1.7863270972400096	2.1236778601709414
SEN0754_7-224	2.175349276458756	2.0013517139607453	1.5658038276441484	1.1800481686554083	1.0450762785570304	-1	1.9317869062038433	1.632609707879845	1.485146981234201	2.2377010025851396	0.3773375417350868	0.0	1.362220669005518	0.602388372905406	1.4096195552525743	1.9401249745545102	-1	1.450965484397814	0.287183032331372	2.416921883068281	2.3081791202898883	1.4089895555049228	1.7463403184358548
STMMW_08591_1-234	0.8131286074532378	0.6391310449552272	0.2035831586386303	0.1821725003501098	0.31714439044848763	-1	0.5695662371983252	0.27038903887432686	0.122926312228683	0.8754803335796215	1.739558210740605	1.362220669005518	0.0	1.9646090419109241	0.04739888624705624	0.5779043055489921	-1	0.08874481539229584	1.64940370133689	1.0547012140627632	0.94595845128437	0.046768886499404694	0.3841196494303367
t2079_7-224	2.7777376493641617	2.6037400868661513	2.168192200549554	1.7824365415608143	1.6474646514624365	-1	2.5341752791092493	2.234998080785251	2.0875353541396073	2.8400893754905456	0.2250508311703192	0.602388372905406	1.9646090419109241	0.0	2.0120079281579804	2.5425133474599164	-1	2.05335385730322	0.31520534057403404	3.0193102559736875	2.910567493195294	2.0113779284103286	2.348728691341261
ETEC_0854_6-226	0.7657297212061815	0.591732158708171	0.15618427239157406	0.22957138659716603	0.36454327669554387	-1	0.522167350951269	0.22299015262727062	0.07552742598162676	0.8280814473325653	1.7869570969876611	1.4096195552525743	0.04739888624705624	2.0120079281579804	0.0	0.5305054193019358	-1	0.0413459291452396	1.6968025875839463	1.007302327815707	0.8985595650373137	0.000629999747651544	0.3367207631832805
NCTC13441_03207_6-226	0.2352243019042457	0.06122673940623513	0.3743211469103618	0.7600768058991019	0.8950486959974797	-1	0.00833806835066686	0.3075152666746652	0.4549779933203091	0.29757602803062944	2.3174625162895968	1.9401249745545102	0.5779043055489921	2.5425133474599164	0.5305054193019358	0.0	-1	0.48915949015669624	2.227308006885882	0.4767969085137711	0.36805414573537787	0.5311354190495874	0.19378465611865536
b0787_6-226	-1	-1	-1	-1	-1	-1	-1	-1	-1	-1	-1	-1	-1	-1	-1	-1	-1	-1	-1	-1	-1	-1	-1
SL1344_0784_7-224	0.724383792060942	0.5503862295629314	0.11483834324633446	0.27091731574240563	0.4058892058407835	-1	0.4808214218060294	0.18164422348203102	0.03418149683638716	0.7867355181873257	1.8283030261329007	1.450965484397814	0.08874481539229584	2.05335385730322	0.0413459291452396	0.48915949015669624	-1	0.0	1.738148516729186	0.9659563986704673	0.8572136358920741	0.041975928892891146	0.2953748340380409
Ecoli9000q_49350_1-195	2.462532308790128	2.2885347462921173	1.8529868599755204	1.4672312009867803	1.3322593108884024	-1	2.2189699385352153	1.919792740211217	1.772330013565573	2.5248840349165116	0.09015450940371483	0.287183032331372	1.64940370133689	0.31520534057403404	1.6968025875839463	2.227308006885882	-1	1.738148516729186	0.0	2.704104915399653	2.5953621526212602	1.6961725878362948	2.0335233507672266
ERS227112_03250_1-234	0.2415726066095254	0.41557016910753597	0.8511180554241329	1.236873714412873	1.3718456045112508	-1	0.48513497686443796	0.7843121751884363	0.9317749018340802	0.17922088048314166	2.794259424803368	2.416921883068281	1.0547012140627632	3.0193102559736875	1.007302327815707	0.4767969085137711	-1	0.9659563986704673	2.704104915399653	0.0	0.10874276277839323	1.0079323275633585	0.6705815646324265
CS17_00846_6-226	0.13282984383113217	0.30682740632914274	0.7423752926457396	1.1281309516344797	1.2631028417328576	-1	0.37639221408604473	0.6755694124100431	0.823032139055687	0.07047811770474843	2.685516662024975	2.3081791202898883	0.94595845128437	2.910567493195294	0.8985595650373137	0.36805414573537787	-1	0.8572136358920741	2.5953621526212602	0.10874276277839323	0.0	0.8991895647849653	0.5618388018540332
SEN0753_1-234	0.7663597209538331	0.5923621584558225	0.1568142721392256	0.22894138684951448	0.36391327694789233	-1	0.5227973506989205	0.22362015237492217	0.0761574257292783	0.8287114470802168	1.7863270972400096	1.4089895555049228	0.046768886499404694	2.0113779284103286	0.000629999747651544	0.5311354190495874	-1	0.041975928892891146	1.6961725878362948	1.0079323275633585	0.8991895647849653	0.0	0.337350762930932
STM_MW08591_1-234	0.42900895802290107	0.2550113955248905	0.18053649079170642	0.5662921497804465	0.7012640398788244	-1	0.1854465877679885	0.11373061055600986	0.2611933372016537	0.4913606841492848	2.1236778601709414	1.7463403184358548	0.3841196494303367	2.348728691341261	0.3367207631832805	0.19378465611865536	-1	0.2953748340380409	2.0335233507672266	0.6705815646324265	0.5618388018540332	0.337350762930932	0.0
