ETEC_3254_2-354	0.0	0.77718375970868	0.7372207195772623	0.7300085713080614	0.77718375970868	0.77718375970868	0.16846708441605807	0.7562848993861434	0.77718375970868	0.17311392350422805	0.77718375970868	0.7695555323971626	0.7199644197099193	0.77718375970868	0.7674539030225577
BN373_02831_1-365	0.77718375970868	0.0	0.0399630401314177	0.0471751884006186	0.0	0.0	0.608716675292622	0.0208988603225366	0.0	0.604069836204452	0.0	0.0076282273115175	0.0572193399987607	0.0	0.00972985668612237
ROD_33271_1-366	0.7372207195772623	0.0399630401314177	0.0	0.007212148269200899	0.0399630401314177	0.0399630401314177	0.5687536351612043	0.0190641798088811	0.0399630401314177	0.5641067960730343	0.0399630401314177	0.0323348128199002	0.017256299867343	0.0399630401314177	0.030233183445295332
STMMW_44251_1-366	0.7300085713080614	0.0471751884006186	0.007212148269200899	0.0	0.0471751884006186	0.0471751884006186	0.5615414868920033	0.026276328078082	0.0471751884006186	0.5568946478038334	0.0471751884006186	0.0395469610891011	0.0100441515981421	0.0471751884006186	0.03744533171449623
ERS227112_02148_1-366	0.77718375970868	0.0	0.0399630401314177	0.0471751884006186	0.0	0.0	0.608716675292622	0.0208988603225366	0.0	0.604069836204452	0.0	0.0076282273115175	0.0572193399987607	0.0	0.00972985668612237
t4513_1-366	0.77718375970868	0.0	0.0399630401314177	0.0471751884006186	0.0	0.0	0.608716675292622	0.0208988603225366	0.0	0.604069836204452	0.0	0.0076282273115175	0.0572193399987607	0.0	0.00972985668612237
CS17_03404_2-355	0.16846708441605807	0.608716675292622	0.5687536351612043	0.5615414868920033	0.608716675292622	0.608716675292622	0.0	0.5878178149700853	0.608716675292622	0.004646839088169985	0.608716675292622	0.6010884479811045	0.5514973352938612	0.608716675292622	0.5989868186064996
CS17_04746_1-366	0.7562848993861434	0.0208988603225366	0.0190641798088811	0.026276328078082	0.0208988603225366	0.0208988603225366	0.5878178149700853	0.0	0.0208988603225366	0.5831709758819154	0.0208988603225366	0.0132706330110191	0.0363204796762241	0.0208988603225366	0.01116900363641423
STM_MW44251_1-366	0.77718375970868	0.0	0.0399630401314177	0.0471751884006186	0.0	0.0	0.608716675292622	0.0208988603225366	0.0	0.604069836204452	0.0	0.0076282273115175	0.0572193399987607	0.0	0.00972985668612237
NCTC13441_00724_2-355	0.17311392350422805	0.604069836204452	0.5641067960730343	0.5568946478038334	0.604069836204452	0.604069836204452	0.004646839088169985	0.5831709758819154	0.604069836204452	0.0	0.604069836204452	0.5964416088929345	0.5468504962056913	0.604069836204452	0.5943399795183296
b4261_1-366	0.77718375970868	0.0	0.0399630401314177	0.0471751884006186	0.0	0.0	0.608716675292622	0.0208988603225366	0.0	0.604069836204452	0.0	0.0076282273115175	0.0572193399987607	0.0	0.00972985668612237
SL1344_4409_1-359	0.7695555323971626	0.0076282273115175	0.0323348128199002	0.0395469610891011	0.0076282273115175	0.0076282273115175	0.6010884479811045	0.0132706330110191	0.0076282273115175	0.5964416088929345	0.0076282273115175	0.0	0.0495911126872432	0.0076282273115175	0.0021016293746048695
SEN4232_1-366	0.7199644197099193	0.0572193399987607	0.017256299867343	0.0100441515981421	0.0572193399987607	0.0572193399987607	0.5514973352938612	0.0363204796762241	0.0572193399987607	0.5468504962056913	0.0572193399987607	0.0495911126872432	0.0	0.0572193399987607	0.04748948331263833
ETEC_4607_1-366	0.77718375970868	0.0	0.0399630401314177	0.0471751884006186	0.0	0.0	0.608716675292622	0.0208988603225366	0.0	0.604069836204452	0.0	0.0076282273115175	0.0572193399987607	0.0	0.00972985668612237
NCTC13441_04187_1-359	0.7674539030225577	0.00972985668612237	0.030233183445295332	0.03744533171449623	0.00972985668612237	0.00972985668612237	0.5989868186064996	0.01116900363641423	0.00972985668612237	0.5943399795183296	0.00972985668612237	0.0021016293746048695	0.04748948331263833	0.00972985668612237	0.0
