ROD_08441_1-208	0.0	0.08877196719273384	0.1698868481005391	0.22544627277099105	0.3892351283436549	0.5991511652362332	0.05506645538529942	0.12583056717533625	0.03984465406951143	0.04628855085757522	0.08103791139539618	0.10874011050392396	0.18330630463176995	0.42252940273614376	0.1689620958791399	0.7323117476314128	-1	0.3502381238387243
ETEC_0905_1-208	0.08877196719273384	0.0	0.08111488090780528	0.13667430557825722	0.47800709553638876	0.5103791980434994	0.03370551180743442	0.037058599982602414	0.12861662126224527	0.04248341633515862	0.16980987858813001	0.1975120776966578	0.2720782718245038	0.5113013699288775	0.25773406307187374	0.643539780438679	-1	0.2614661566459905
ERS227112_03308_1-208	0.1698868481005391	0.08111488090780528	0.0	0.05555942467045194	0.559121976444194	0.42926431713569413	0.1148203927152397	0.04405628092520286	0.20973150217005054	0.1235982972429639	0.2509247594959353	0.27862695860446307	0.35319315273230906	0.5924162508366828	0.338848943979679	0.5624248995308737	-1	0.1803512757381852
CS17_00898_1-208	0.22544627277099105	0.13667430557825722	0.05555942467045194	0.0	0.614681401114646	0.3737048924652422	0.17037981738569163	0.0996157055956548	0.2652909268405025	0.17915772191341583	0.30648418416638723	0.334186383274915	0.408752577402761	0.6479756755071349	0.39440836865013096	0.5068654748604218	-1	0.12479185106773327
STMMW_09131_1-208	0.3892351283436549	0.47800709553638876	0.559121976444194	0.614681401114646	0.0	0.9883862935798882	0.44430158372895434	0.5150656955189912	0.3493904742741435	0.43552367920123014	0.30819721694825875	0.28049501783973096	0.20592882371188498	0.03329427439248883	0.22027303246451502	1.1215468759750677	-1	0.7394732521823792
ERS227112_00717_1-207	0.5991511652362332	0.5103791980434994	0.42926431713569413	0.3737048924652422	0.9883862935798882	0.0	0.5440847098509338	0.473320598060897	0.6389958193057447	0.552862614378658	0.6801890766316294	0.7078912757401572	0.7824574698680031	1.021680567972377	0.7681132611153731	0.13316058239517958	-1	0.24891304139750892
ENC_18740_1-208	0.05506645538529942	0.03370551180743442	0.1148203927152397	0.17037981738569163	0.44430158372895434	0.5440847098509338	0.0	0.07076411179003683	0.09491110945481085	0.0087779045277242	0.1361043667806956	0.16380656588922338	0.23837276001706936	0.4775958581214432	0.22402855126443932	0.6772452922461134	-1	0.2951716684534249
BN373_14361_1-208	0.12583056717533625	0.037058599982602414	0.04405628092520286	0.0996157055956548	0.5150656955189912	0.473320598060897	0.07076411179003683	0.0	0.16567522124484768	0.07954201631776103	0.20686847857073243	0.2345706776792602	0.3091368718071062	0.5483599699114801	0.29479266305447616	0.6064811804560766	-1	0.22440755666338807
SL1344_0838_1-208	0.03984465406951143	0.12861662126224527	0.20973150217005054	0.2652909268405025	0.3493904742741435	0.6389958193057447	0.09491110945481085	0.16567522124484768	0.0	0.08613320492708665	0.04119325732588475	0.06889545643441253	0.1434616505622585	0.3826847486666323	0.12911744180962847	0.7721564017009243	-1	0.39008277790823576
ERS227112_02601_1-212	0.04628855085757522	0.04248341633515862	0.1235982972429639	0.17915772191341583	0.43552367920123014	0.552862614378658	0.0087779045277242	0.07954201631776103	0.08613320492708665	0.0	0.1273264622529714	0.15502866136149918	0.22959485548934516	0.468817953593719	0.21525064673671512	0.6860231967738376	-1	0.3039495729811491
NCTC13441_03157_1-208	0.08103791139539618	0.16980987858813001	0.2509247594959353	0.30648418416638723	0.30819721694825875	0.6801890766316294	0.1361043667806956	0.20686847857073243	0.04119325732588475	0.1273264622529714	0.0	0.02770219910852778	0.10226839323637377	0.3414914913407476	0.08792418448374373	0.813349659026809	-1	0.4312760352341205
SEN0808_1-208	0.10874011050392396	0.1975120776966578	0.27862695860446307	0.334186383274915	0.28049501783973096	0.7078912757401572	0.16380656588922338	0.2345706776792602	0.06889545643441253	0.15502866136149918	0.02770219910852778	0.0	0.07456619412784599	0.3137892922322198	0.06022198537521595	0.8410518581353368	-1	0.4589782343426483
Ecoli9000q_49920_1-208	0.18330630463176995	0.2720782718245038	0.35319315273230906	0.408752577402761	0.20592882371188498	0.7824574698680031	0.23837276001706936	0.3091368718071062	0.1434616505622585	0.22959485548934516	0.10226839323637377	0.07456619412784599	0.0	0.2392230981043738	0.014344208752630039	0.9156180522631827	-1	0.5335444284704942
STM_MW09131_1-208	0.42252940273614376	0.5113013699288775	0.5924162508366828	0.6479756755071349	0.03329427439248883	1.021680567972377	0.4775958581214432	0.5483599699114801	0.3826847486666323	0.468817953593719	0.3414914913407476	0.3137892922322198	0.2392230981043738	0.0	0.25356730685700385	1.1548411503675566	-1	0.7727675265748681
t2034_1-208	0.1689620958791399	0.25773406307187374	0.338848943979679	0.39440836865013096	0.22027303246451502	0.7681132611153731	0.22402855126443932	0.29479266305447616	0.12911744180962847	0.21525064673671512	0.08792418448374373	0.06022198537521595	0.014344208752630039	0.25356730685700385	0.0	0.9012738435105527	-1	0.5192002197178642
BN373_45031_1-206	0.7323117476314128	0.643539780438679	0.5624248995308737	0.5068654748604218	1.1215468759750677	0.13316058239517958	0.6772452922461134	0.6064811804560766	0.7721564017009243	0.6860231967738376	0.813349659026809	0.8410518581353368	0.9156180522631827	1.1548411503675566	0.9012738435105527	0.0	-1	0.3820736237926885
b0838_1-208	-1	-1	-1	-1	-1	-1	-1	-1	-1	-1	-1	-1	-1	-1	-1	-1	-1	-1
BN373_07451_1-212	0.3502381238387243	0.2614661566459905	0.1803512757381852	0.12479185106773327	0.7394732521823792	0.24891304139750892	0.2951716684534249	0.22440755666338807	0.39008277790823576	0.3039495729811491	0.4312760352341205	0.4589782343426483	0.5335444284704942	0.7727675265748681	0.5192002197178642	0.3820736237926885	-1	0.0
