STMMW_19991_1-107	0.0	0.2845865176603546	0.28797497609885137	0.026286748806520155	0.014388053926009947	0.024189606643515438	0.5656835577262005	0.7192624098449023	0.4620166528527597
ERS227112_00929_1-100	0.2845865176603546	0.0	0.572561493759206	0.31087326646687474	0.27019846373434464	0.30877612430387	0.8502700753865551	1.003848927505257	0.7466031705131143
SEN1935A_1-107	0.28797497609885137	0.572561493759206	0.0	0.2616882272923312	0.3023630300248613	0.2637853694553359	0.2777085816273491	0.43128743374605094	0.17404167675390836
ETEC_0293_1-103	0.026286748806520155	0.31087326646687474	0.2616882272923312	0.0	0.0406748027325301	0.002097142163004717	0.5393968089196803	0.6929756610383822	0.43572990404623957
ETEC_4339_1-122	0.014388053926009947	0.27019846373434464	0.3023630300248613	0.0406748027325301	0.0	0.038577660569525385	0.5800716116522104	0.7336504637709123	0.47640470677876967
SL1344_1945_1-107	0.024189606643515438	0.30877612430387	0.2637853694553359	0.002097142163004717	0.038577660569525385	0.0	0.541493951082685	0.6950728032013869	0.4378270462092443
STM_MW19991_1-122	0.5656835577262005	0.8502700753865551	0.2777085816273491	0.5393968089196803	0.5800716116522104	0.541493951082685	0.0	0.15357885211870181	0.10366690487344077
NCTC13441_01831_1-106	0.7192624098449023	1.003848927505257	0.43128743374605094	0.6929756610383822	0.7336504637709123	0.6950728032013869	0.15357885211870181	0.0	0.2572457569921426
BN373_33591_1-106	0.4620166528527597	0.7466031705131143	0.17404167675390836	0.43572990404623957	0.47640470677876967	0.4378270462092443	0.10366690487344077	0.2572457569921426	0.0
