b1581_1-404	-1	-1	-1	-1	-1	-1	-1	-1	-1	-1	-1	-1	-1	-1	-1	-1	-1	-1	-1	-1	-1	-1	-1	-1	-1	-1	-1	-1	-1	-1	-1	-1	-1	-1	-1	-1	-1	-1	-1	-1	-1	-1	-1	-1	-1	-1	-1	-1	-1	-1	-1	-1	-1	-1	-1
BN373_31421_1-384	-1	0.0	0.21878608038026992	0.17663227801394	0.609488384944909	0.530616310796354	0.551168943241533	0.24732873255384002	0.727300844459282	0.4809684533954469	1.0884314757381401	0.5975481897151329	0.19476953368357997	0.690008408975607	0.5909059658629809	0.30980655425506987	0.021422377895129907	0.0069190906365099725	0.1942625621123799	0.26918174965053	0.792772163962978	0.580102018238838	0.12094993625239003	0.6575645228128202	0.4489080937604799	0.0829619622878599	0.515404612644261	0.7999245087170039	0.42902677593191196	0.7535609092523801	0.07779529320215994	0.11532721191929984	0.3393633364085	0.595380850529242	-1	0.593773272317774	0.2241896076374199	0.6258121972518319	-1	0.17081169472338997	2.0954134035682	0.043734493768250005	0.1922216506224399	0.18966931232884	0.880282122687724	0.39058853512621994	0.036111570116980074	0.852670823848818	0.5190800731676589	0.16595144745700985	0.4866799026367149	0.37041518273857	0.29047141237109986	0.541415167715833	0.545313975514128
SEN3650_2-396	-1	0.21878608038026992	0.0	0.3954183583942099	0.39070230456463906	0.31183023041608404	0.33238286286126306	0.028542652173570104	0.5085147640790121	0.262182373015177	1.30721755611841	0.378762109334863	0.024016546696689955	0.4712223285953371	0.372119885482711	0.09102047387479995	0.19736370248514	0.2257051710167799	0.02452351826789001	0.4879678300307999	0.5739860835827081	0.3613159378585681	0.33973601663265995	0.8763506031930901	0.23012201338021	0.13582411809241002	0.29661853226399104	0.581138428336734	0.21024069555164204	0.97234698963265	0.29658137358242986	0.10345886846097008	0.55814941678877	0.376594770148972	-1	0.37498719193750407	0.005403527257149987	0.407026116871562	-1	0.3895977751036599	2.31419948394847	0.2625205741485199	0.02656442975783002	0.4084553927091099	0.6614960423074541	0.17180245474595002	0.25489765049725	0.6338847434685481	0.300293992787389	0.05283463292326007	0.267893822256445	0.15162910235830007	0.07168533199082994	0.32262908733556306	0.32652789513385805
STMMW_38121_1-382	-1	0.17663227801394	0.3954183583942099	0.0	0.786120662958849	0.707248588810294	0.727801221255473	0.42396101056778	0.903933122473222	0.6576007314093869	0.9117991977242002	0.7741804677290729	0.37140181169751996	0.866640686989547	0.7675382438769209	0.48643883226900986	0.1980546559090699	0.16971318737743002	0.3708948401263199	0.09254947163659	0.969404441976918	0.756734296252778	0.05568234176154996	0.4809322447988802	0.6255403717744199	0.2595942403017999	0.692036890658201	0.9765567867309439	0.605659053945852	0.5769286312384401	0.09883698481178005	0.29195948993323984	0.16273105839456004	0.7720131285431819	-1	0.770405550331714	0.4008218856513599	0.8024444752657719	-1	0.005820583290550019	1.9187811255542602	0.13289778424569	0.3688539286363799	0.013037034314899998	1.056914400701664	0.5672208131401599	0.14052070789695992	1.0293031018627579	0.6957123511815989	0.34258372547094984	0.6633121806506549	0.54704746075251	0.46710369038503985	0.718047445729773	0.721946253528068
SL1344_3800_2-396	-1	0.609488384944909	0.39070230456463906	0.786120662958849	0.0	0.07887207414855502	0.058319441703375996	0.36215965239106895	0.11781245951437302	0.12851993154946206	1.697919860683049	0.011940195229776074	0.414718851261329	0.08052002403069802	0.018582419081928037	0.2996818306898391	0.5880660070497791	0.616407475581419	0.41522582283252907	0.878670134595439	0.18328377901806903	0.029386366706070977	0.730438321197299	1.267052907757729	0.16058029118442907	0.5265264226570491	0.09408377230064802	0.19043612377209496	0.18046160901299702	1.363049294197289	0.6872836781470689	0.49416117302560914	0.948851721353409	0.014107534415667033	-1	0.015715112627134986	0.38529877730748907	0.016323812306922925	-1	0.780300079668299	2.704901788513109	0.653222878713159	0.4172667343224691	0.799157697273749	0.270793737742815	0.21889984981868904	0.645599955061889	0.243182438903909	0.09040831177725006	0.44353693748789913	0.12280848230819408	0.23907320220633899	0.3190169725738091	0.068073217229076	0.06417440943078101
SL1344_1435_1-404	-1	0.530616310796354	0.31183023041608404	0.707248588810294	0.07887207414855502	0.0	0.02055263244517902	0.28328757824251394	0.19668453366292804	0.04964785740090705	1.619047786534494	0.06693187891877894	0.335846777112774	0.15939209817925304	0.06028965506662698	0.2208097565412841	0.5091939329012241	0.5375354014328639	0.33635374868397405	0.799798060446884	0.26215585316662404	0.04948570744248404	0.651566247048744	1.1881808336091741	0.08170821703587405	0.44765434850849406	0.015211698152093	0.26930819792064997	0.101589534864442	1.284177220048734	0.6084116039985139	0.4152890988770541	0.869979647204854	0.06476453973288798	-1	0.06315696152142003	0.30642670315893406	0.09519588645547794	-1	0.7014280055197439	2.626029714364554	0.574350804564604	0.33839466017391406	0.720285623125194	0.34966581189137	0.14002777567013402	0.566727880913334	0.322054513052464	0.011536237628695045	0.3646648633393441	0.04393640815963906	0.16020112805778397	0.2401448984252541	0.010798856919479016	0.014697664717774006
NCTC13441_01461_1-401	-1	0.551168943241533	0.33238286286126306	0.727801221255473	0.058319441703375996	0.02055263244517902	0.0	0.30384021068769296	0.17613190121774902	0.07020048984608607	1.6396004189796731	0.04637924647359992	0.356399409557953	0.13883946573407402	0.03973702262144796	0.24136238898646312	0.5297465653464031	0.558088033878043	0.35690638112915307	0.820350692892063	0.24160322072144502	0.02893307499730502	0.672118879493923	1.2087334660543532	0.10226084948105307	0.4682069809536731	0.03576433059727202	0.24875556547547095	0.12214216730962102	1.304729852493913	0.6289642364436929	0.43584173132223314	0.890532279650033	0.04421190728770896	-1	0.04260432907624101	0.3269793356041131	0.07464325401029892	-1	0.721980637964923	2.6465823468097334	0.594903437009783	0.3589472926190931	0.740838255570373	0.329113179446191	0.16058040811531304	0.5872805133585131	0.301501880607285	0.032088870073874065	0.38521749578452313	0.06448904060481808	0.180753760502963	0.2606975308704331	0.009753775525700004	0.005854967727405014
STM_MW36851_1-398	-1	0.24732873255384002	0.028542652173570104	0.42396101056778	0.36215965239106895	0.28328757824251394	0.30384021068769296	0.0	0.479972111905442	0.2336397208416069	1.3357602082919802	0.3502194571612929	0.05255919887026006	0.442679676421767	0.3435772333091409	0.06247782170122984	0.22590635465871012	0.25424782319035	0.053066170441460114	0.51651048220437	0.545443431409138	0.332773285684998	0.36827866880623006	0.9048932553666602	0.20157936120663988	0.16436677026598012	0.26807588009042094	0.5525957761631639	0.18169804337807194	1.00088964180622	0.32512402575599997	0.13200152063454018	0.58669206896234	0.3480521179754019	-1	0.34644453976393397	0.023139124916420117	0.3784834646979919	-1	0.41814042727723	2.34274213612204	0.29106322632209003	0.055107081931400126	0.43699804488268	0.632953390133884	0.1432598025723799	0.2834403026708201	0.605342091294978	0.2717513406138189	0.08137728509683018	0.23935117008287488	0.12308645018472997	0.04314267981725983	0.29408643516199295	0.29798524296028794
CS17_04420_1-404	-1	0.727300844459282	0.5085147640790121	0.903933122473222	0.11781245951437302	0.19668453366292804	0.17613190121774902	0.479972111905442	0.0	0.2463323910638351	1.815732320197422	0.1297526547441491	0.532531310775702	0.037292435483675	0.13639487859630106	0.41749429020421214	0.7058784665641521	0.734219935095792	0.5330382823469021	0.996482594109812	0.065471319503696	0.147198826220444	0.848250780711672	1.384865367272102	0.2783927506988021	0.6443388821714221	0.21189623181502104	0.07262366425772193	0.29827406852737004	1.480861753711662	0.805096137661442	0.6119736325399822	1.066664180867782	0.13191999393004006	-1	0.133527572141508	0.5031112368218621	0.1014886472074501	-1	0.898112539182672	2.822714248027482	0.771035338227532	0.5350791938368421	0.916970156788122	0.15298127822844199	0.33671230933306207	0.7634124145762621	0.12536997938953598	0.20822077129162309	0.5613493970022722	0.2406209418225671	0.356885661720712	0.43682943208818215	0.18588567674344902	0.18198686894515403
STMMW_36851_1-398	-1	0.4809684533954469	0.262182373015177	0.6576007314093869	0.12851993154946206	0.04964785740090705	0.07020048984608607	0.2336397208416069	0.2463323910638351	0.0	1.5693999291335872	0.11657973631968599	0.28619891971186695	0.2090399555801601	0.10993751246753403	0.17116189914037705	0.459546075500317	0.4878875440319569	0.286705891283067	0.7501502030459769	0.3118037105675311	0.09913356484339109	0.601918389647837	1.1385329762082672	0.032060359634967006	0.398006491107587	0.03443615924881405	0.318956055321557	0.05194167746353495	1.234529362647827	0.5587637465976069	0.36564124147614707	0.8203317898039469	0.11441239713379503	-1	0.11280481892232708	0.256778845758027	0.144843743856385	-1	0.6517801481188369	2.576381856963647	0.5247029471636969	0.288746802773007	0.6706377657242869	0.3993136692922771	0.09037991826922698	0.517080023512427	0.37170237045337107	0.038111619772212	0.31501700593843707	0.005711449241267985	0.11055327065687692	0.19049704102434706	0.060446714320386064	0.06434552211868105
STM_MW22971_1-400	-1	1.0884314757381401	1.30721755611841	0.9117991977242002	1.697919860683049	1.619047786534494	1.6396004189796731	1.3357602082919802	1.815732320197422	1.5693999291335872	0.0	1.685979665453273	1.28320100942172	1.7784398847137473	1.679337441601121	1.39823802999321	1.10985385363327	1.0815123851016302	1.28269403785052	0.8192497260876102	1.881203639701118	1.668533493976978	0.9674815394857501	0.43086695292531996	1.53733956949862	1.171393438026	1.6038360883824012	1.888355984455144	1.517458251670052	0.3348705664857601	1.0106361825359802	1.20375868765744	0.7490681393296401	1.683812326267382	-1	1.6822047480559141	1.31262108337556	1.714243672989972	-1	0.9176197810147502	1.00698192783006	1.0446969819698901	1.28065312636058	0.8987621634093002	1.9687135984258641	1.47902001086436	1.05231990562116	1.9411022995869582	1.6075115489057992	1.25438292319515	1.5751113783748552	1.4588466584767101	1.37890288810924	1.6298466434539731	1.6337454512522682
ETEC_1615_1-404	-1	0.5975481897151329	0.378762109334863	0.7741804677290729	0.011940195229776074	0.06693187891877894	0.04637924647359992	0.3502194571612929	0.1297526547441491	0.11657973631968599	1.685979665453273	0.0	0.40277865603155294	0.0924602192604741	0.006642223852151963	0.28774163546006304	0.576125811820003	0.6044672803516429	0.403285627602753	0.8667299393656629	0.1952239742478451	0.017446171476294903	0.7184981259675229	1.255112712527953	0.148640095954653	0.514586227427273	0.08214357707087194	0.20237631900187103	0.16852141378322094	1.351109098967513	0.6753434829172928	0.48222097779583306	0.9369115261236329	0.0021673391858909596	-1	0.0037749173973589123	0.373358582077713	0.028264007536699	-1	0.7683598844385229	2.692961593283333	0.6412826834833829	0.405326539092693	0.7872175020439729	0.2827339329725911	0.20695965458891297	0.633659759832113	0.2551226341336851	0.07846811654747399	0.43159674225812306	0.110868287078418	0.2271330069765629	0.30707677734403305	0.056133021999299926	0.052234214201004936
BN373_32631_1-401	-1	0.19476953368357997	0.024016546696689955	0.37140181169751996	0.414718851261329	0.335846777112774	0.356399409557953	0.05255919887026006	0.532531310775702	0.28619891971186695	1.28320100942172	0.40277865603155294	0.0	0.49523887529202704	0.396136432179401	0.1150370205714899	0.17334715578845006	0.20168862432008994	0.0005069715712000544	0.46395128333410995	0.598002630279398	0.38533248455525804	0.31571946993597	0.8523340564964001	0.25413856007689994	0.11180757139572006	0.320635078960681	0.605154975033424	0.234257242248332	0.94833044293596	0.2725648268857399	0.07944232176428012	0.53413287009208	0.400611316845662	-1	0.399003738634194	0.029420073953839943	0.43104266356825194	-1	0.36558122840696994	2.29018293725178	0.23850402745182997	0.002547883061140066	0.38443884601241995	0.685512589004144	0.19581900144263997	0.23088110380056004	0.657901290165238	0.32431053948407895	0.028818086226570117	0.29191036895313494	0.17564564905499003	0.09570187868751989	0.346645634032253	0.350544441830548
t0572_1-405	-1	0.690008408975607	0.4712223285953371	0.866640686989547	0.08052002403069802	0.15939209817925304	0.13883946573407402	0.442679676421767	0.037292435483675	0.2090399555801601	1.7784398847137473	0.0924602192604741	0.49523887529202704	0.0	0.09910244311262606	0.38020185472053714	0.6685860310804771	0.696927499612117	0.4957458468632271	0.959190158626137	0.102763754987371	0.109906390736769	0.810958345227997	1.3475729317884273	0.2411003152151271	0.6070464466877471	0.17460379633134604	0.10991609974139693	0.26098163304369504	1.4435693182279872	0.767803702177767	0.5746811970563072	1.0293717453841071	0.09462755844636506	-1	0.09623513665783301	0.4658188013381871	0.0641962117237751	-1	0.860820103698997	2.7854218125438073	0.733742902743857	0.4977867583531671	0.879677721304447	0.190273713712117	0.29941987384938706	0.7261199790925871	0.16266241487321098	0.17092833580794808	0.5240569615185972	0.2033285063388921	0.319593226237037	0.39953699660450714	0.14859324125977402	0.14469443346147903
STM_MW15051_1-404	-1	0.5909059658629809	0.372119885482711	0.7675382438769209	0.018582419081928037	0.06028965506662698	0.03973702262144796	0.3435772333091409	0.13639487859630106	0.10993751246753403	1.679337441601121	0.006642223852151963	0.396136432179401	0.09910244311262606	0.0	0.2810994116079111	0.569483587967851	0.5978250564994909	0.39664340375060103	0.8600877155135109	0.20186619809999706	0.01080394762414294	0.711855902115371	1.2484704886758011	0.14199787210250103	0.507944003575121	0.07550135321871998	0.209018542854023	0.16187918993106898	1.344466875115361	0.6687012590651409	0.4755787539436811	0.930269302271481	0.004474884666261003	-1	0.0028673064547930505	0.36671635822556103	0.03490623138885096	-1	0.7617176605863709	2.686319369431181	0.634640459631231	0.39868431524054104	0.7805752781918209	0.28937615682474305	0.200317430736761	0.627017535979961	0.26176485798583704	0.07182589269532202	0.4249545184059711	0.10422606322626604	0.22049078312441095	0.3004345534918811	0.04949079814714796	0.04559199034885297
STMMW_22971_1-399	-1	0.30980655425506987	0.09102047387479995	0.48643883226900986	0.2996818306898391	0.2208097565412841	0.24136238898646312	0.06247782170122984	0.41749429020421214	0.17116189914037705	1.39823802999321	0.28774163546006304	0.1150370205714899	0.38020185472053714	0.2810994116079111	0.0	0.28838417635993996	0.31672564489157984	0.11554399214268996	0.5789883039055999	0.48296560970790814	0.27029546398376814	0.4307564905074599	0.96737107706789	0.13910153950541004	0.22684459196720996	0.2055980583891911	0.49011795446193407	0.1192202216768421	1.06336746350745	0.3876018474572298	0.19447934233577002	0.6491698906635699	0.2855742962741721	-1	0.2839667180627041	0.08561694661764996	0.31600564299676204	-1	0.48061824897845984	2.4052199578232702	0.35354104802331987	0.11758490363262997	0.49947586658390986	0.5704755684326541	0.08078198087115007	0.34591812437204994	0.5428642695937481	0.20927351891258905	0.14385510679806002	0.17687334838164503	0.06060862848350013	0.01933514188397001	0.2316086134607631	0.2355074212590581
STMMW_23151_1-405	-1	0.021422377895129907	0.19736370248514	0.1980546559090699	0.5880660070497791	0.5091939329012241	0.5297465653464031	0.22590635465871012	0.7058784665641521	0.459546075500317	1.10985385363327	0.576125811820003	0.17334715578845006	0.6685860310804771	0.569483587967851	0.28838417635993996	0.0	0.02834146853163988	0.17284018421725	0.2906041275456599	0.7713497860678481	0.5586796403437081	0.14237231414751994	0.6789869007079501	0.42748571586535	0.061539584392729996	0.49398223474913106	0.778502130821874	0.40760439803678206	0.77498328714751	0.09921767109728985	0.09390483402416994	0.36078571430362993	0.573958472634112	-1	0.5723508944226441	0.20276722974229	0.604389819356702	-1	0.19223407261851988	2.11683578146333	0.06515687166337991	0.17079927272731	0.2110916902239699	0.8588597447925941	0.36916615723109003	0.05753394801210998	0.8312484459536881	0.497657695272529	0.14452906956187994	0.465257524741585	0.3489928048434401	0.26904903447596995	0.5199927898207031	0.5238915976189981
SL1344_3794_1-382	-1	0.0069190906365099725	0.2257051710167799	0.16971318737743002	0.616407475581419	0.5375354014328639	0.558088033878043	0.25424782319035	0.734219935095792	0.4878875440319569	1.0815123851016302	0.6044672803516429	0.20168862432008994	0.696927499612117	0.5978250564994909	0.31672564489157984	0.02834146853163988	0.0	0.20118165274888988	0.26226265901402	0.799691254599488	0.587021108875348	0.11403084561588006	0.6506454321763102	0.4558271843969899	0.08988105292436988	0.5223237032807709	0.8068435993535139	0.43594586656842194	0.7466418186158701	0.07087620256564997	0.12224630255580982	0.33244424577199005	0.6022999411657519	-1	0.600692362954284	0.23110869827392988	0.6327312878883419	-1	0.16389260408688	2.08849431293169	0.03681540313174003	0.19914074125894987	0.18275022169233002	0.887201213324234	0.3975076257627299	0.0291924794804701	0.859589914485328	0.5259991638041689	0.17287053809351982	0.4935989932732249	0.37733427337507996	0.29739050300760983	0.548334258352343	0.5522330661506379
ROD_26601_1-405	-1	0.1942625621123799	0.02452351826789001	0.3708948401263199	0.41522582283252907	0.33635374868397405	0.35690638112915307	0.053066170441460114	0.5330382823469021	0.286705891283067	1.28269403785052	0.403285627602753	0.0005069715712000544	0.4957458468632271	0.39664340375060103	0.11554399214268996	0.17284018421725	0.20118165274888988	0.0	0.4634443117629099	0.5985096018505981	0.3858394561264581	0.31521249836476994	0.8518270849252001	0.2546455316481	0.11130059982452001	0.32114205053188105	0.605661946604624	0.23476421381953205	0.94782347136476	0.27205785531453985	0.07893535019308007	0.5336258985208799	0.40111828841686203	-1	0.3995107102053941	0.029927045525039997	0.431549635139452	-1	0.3650742568357699	2.28967596568058	0.23799705588062992	0.0020409114899400116	0.3839318744412199	0.6860195605753441	0.19632597301384003	0.23037413222935998	0.6584082617364381	0.324817511055279	0.028311114655370062	0.292417340524335	0.17615262062619008	0.09620885025871995	0.34715260560345307	0.35105141340174806
SEN2255_1-399	-1	0.26918174965053	0.4879678300307999	0.09254947163659	0.878670134595439	0.799798060446884	0.820350692892063	0.51651048220437	0.996482594109812	0.7501502030459769	0.8192497260876102	0.8667299393656629	0.46395128333410995	0.959190158626137	0.8600877155135109	0.5789883039055999	0.2906041275456599	0.26226265901402	0.4634443117629099	0.0	1.0619539136135079	0.849283767889368	0.14823181339813996	0.3883827731622902	0.7180898434110099	0.3521437119383899	0.784586362294791	1.069106258367534	0.698208525582442	0.4843791596018501	0.19138645644837005	0.38450896156982983	0.07018158675797004	0.8645626001797719	-1	0.862955021968304	0.4933713572879499	0.8949939469023619	-1	0.09837005492714002	1.8262316539176702	0.22544725588227998	0.4614034002729699	0.07951243732169	1.149463872338254	0.6597702847767499	0.23307017953354991	1.121852573499348	0.7882618228181889	0.43513319710753984	0.7558616522872449	0.6395969323891	0.5596531620216298	0.810596917366363	0.814495725164658
t1426_1-404	-1	0.792772163962978	0.5739860835827081	0.969404441976918	0.18328377901806903	0.26215585316662404	0.24160322072144502	0.545443431409138	0.065471319503696	0.3118037105675311	1.881203639701118	0.1952239742478451	0.598002630279398	0.102763754987371	0.20186619809999706	0.48296560970790814	0.7713497860678481	0.799691254599488	0.5985096018505981	1.0619539136135079	0.0	0.21267014572414	0.913722100215368	1.450336686775798	0.3438640702024981	0.7098102016751181	0.27736755131871704	0.00715234475402593	0.36374538803106604	1.546333073215358	0.870567457165138	0.6774449520436782	1.132135500371478	0.19739131343373606	-1	0.198998891645204	0.5685825563255581	0.1669599667111461	-1	0.963583858686368	2.888185567531178	0.836506657731228	0.6005505133405381	0.982441476291818	0.08750995872474598	0.40218362883675807	0.8288837340799581	0.05989865988583998	0.2736920907953191	0.6268207165059682	0.3060922613262631	0.422356981224408	0.5023007515918781	0.251356996247145	0.24745818844885004
ETEC_2381_1-405	-1	0.580102018238838	0.3613159378585681	0.756734296252778	0.029386366706070977	0.04948570744248404	0.02893307499730502	0.332773285684998	0.147198826220444	0.09913356484339109	1.668533493976978	0.017446171476294903	0.38533248455525804	0.109906390736769	0.01080394762414294	0.27029546398376814	0.5586796403437081	0.587021108875348	0.3858394561264581	0.849283767889368	0.21267014572414	0.0	0.701051954491228	1.237666541051658	0.1311939244783581	0.4971400559509781	0.06469740559457704	0.21982249047816593	0.15107524230692604	1.333662927491218	0.657897311440998	0.46477480631953816	0.919465354647338	0.015278832290403943	-1	0.01367125407893599	0.3559124106014181	0.0457101790129939	-1	0.750913712962228	2.675515421807038	0.623836512007088	0.3878803676163981	0.769771330567678	0.300180104448886	0.18951348311261806	0.6162135883558181	0.27256880560998	0.061021945071179085	0.41415057078182815	0.0934221156021231	0.209686835500268	0.28963060586773814	0.03868685052300502	0.03478804272471003
ERS227112_03926_1-334	-1	0.12094993625239003	0.33973601663265995	0.05568234176154996	0.730438321197299	0.651566247048744	0.672118879493923	0.36827866880623006	0.848250780711672	0.601918389647837	0.9674815394857501	0.7184981259675229	0.31571946993597	0.810958345227997	0.711855902115371	0.4307564905074599	0.14237231414751994	0.11403084561588006	0.31521249836476994	0.14823181339813996	0.913722100215368	0.701051954491228	0.0	0.5366145865604302	0.5698580300128699	0.20391189854024994	0.636354548896651	0.920874444969394	0.549976712184302	0.63261097299999	0.04315464305023009	0.23627714817168988	0.21841340015611	0.716330786781632	-1	0.714723208570164	0.34513954388980994	0.7467621335042219	-1	0.04986175847099994	1.9744634673158101	0.07721544248414003	0.31317158687482993	0.06871937607644996	1.001232058940114	0.51153847137861	0.08483836613540996	0.973620760101208	0.640030009420049	0.2869013837093999	0.6076298388891049	0.49136511899096	0.4114213486234899	0.662365103968223	0.666263911766518
BN373_47391_1-382	-1	0.6575645228128202	0.8763506031930901	0.4809322447988802	1.267052907757729	1.1881808336091741	1.2087334660543532	0.9048932553666602	1.384865367272102	1.1385329762082672	0.43086695292531996	1.255112712527953	0.8523340564964001	1.3475729317884273	1.2484704886758011	0.96737107706789	0.6789869007079501	0.6506454321763102	0.8518270849252001	0.3883827731622902	1.450336686775798	1.237666541051658	0.5366145865604302	0.0	1.1064726165733	0.7405264851006801	1.1729691354570813	1.4574890315298241	1.0865912987447321	0.09599638643955988	0.5797692296106602	0.77289173473212	0.31820118640432016	1.2529453733420621	-1	1.2513377951305942	0.8817541304502401	1.283376720064652	-1	0.4867528280894302	1.43784888075538	0.6138300290445702	0.8497861734352601	0.4678952104839802	1.5378466455005442	1.0481530579390401	0.6214529526958401	1.5102353466616383	1.1766445959804792	0.82351597026983	1.1442444254495352	1.0279797055513902	0.94803593518392	1.1989796905286532	1.2028784983269483
ETEC_3982_1-382	-1	0.4489080937604799	0.23012201338021	0.6255403717744199	0.16058029118442907	0.08170821703587405	0.10226084948105307	0.20157936120663988	0.2783927506988021	0.032060359634967006	1.53733956949862	0.148640095954653	0.25413856007689994	0.2411003152151271	0.14199787210250103	0.13910153950541004	0.42748571586535	0.4558271843969899	0.2546455316481	0.7180898434110099	0.3438640702024981	0.1311939244783581	0.5698580300128699	1.1064726165733	0.0	0.36594613147262	0.06649651888378105	0.351016414956524	0.019881317828567946	1.20246900301286	0.5267033869626399	0.33358088184118007	0.7882714301689799	0.14647275676876204	-1	0.14486517855729408	0.22471848612306	0.176904103491352	-1	0.6197197884838699	2.54432149732868	0.4926425875287299	0.25668644313804	0.6385774060893199	0.4313740289272441	0.05831955863425997	0.48501966387746	0.4037627300883381	0.07017197940717901	0.28295664630347006	0.03777180887623499	0.07849291102190992	0.15843668138938005	0.09250707395535307	0.09640588175364806
NCTC13441_04824_1-382	-1	0.0829619622878599	0.13582411809241002	0.2595942403017999	0.5265264226570491	0.44765434850849406	0.4682069809536731	0.16436677026598012	0.6443388821714221	0.398006491107587	1.171393438026	0.514586227427273	0.11180757139572006	0.6070464466877471	0.507944003575121	0.22684459196720996	0.061539584392729996	0.08988105292436988	0.11130059982452001	0.3521437119383899	0.7098102016751181	0.4971400559509781	0.20391189854024994	0.7405264851006801	0.36594613147262	0.0	0.43244265035640106	0.716962546429144	0.34606481364405206	0.83652287154024	0.16075725549001985	0.03236524963143994	0.42232529869635993	0.512418888241382	-1	0.5108113100299141	0.14122764534956	0.542850234963972	-1	0.2537736570112499	2.17837536585606	0.1266964560561099	0.10925968833458	0.2726312746166999	0.7973201603998641	0.30762657283836004	0.11907353240483998	0.7697088615609581	0.436118110879799	0.08298948516914995	0.403717940348855	0.2874532204507101	0.20750945008323995	0.4584532054279731	0.46235201322626807
STM_MW38181_2-396	-1	0.515404612644261	0.29661853226399104	0.692036890658201	0.09408377230064802	0.015211698152093	0.03576433059727202	0.26807588009042094	0.21189623181502104	0.03443615924881405	1.6038360883824012	0.08214357707087194	0.320635078960681	0.17460379633134604	0.07550135321871998	0.2055980583891911	0.49398223474913106	0.5223237032807709	0.32114205053188105	0.784586362294791	0.27736755131871704	0.06469740559457704	0.636354548896651	1.1729691354570813	0.06649651888378105	0.43244265035640106	0.0	0.284519896072743	0.086377836712349	1.2689655218966411	0.5931999058464209	0.4000774007249611	0.854767949052761	0.07997623788498098	-1	0.07836865967351303	0.29121500500684105	0.11040758460757094	-1	0.6862163073676509	2.6108180162124612	0.559139106412511	0.32318296202182106	0.705073924973101	0.364877510043463	0.12481607751804102	0.551516182761241	0.337266211204557	0.0036754605233979554	0.3494531651872511	0.02872471000754606	0.14498942990569097	0.2249332002731611	0.026010555071572017	0.029909362869867007
NCTC13441_02303_1-404	-1	0.7999245087170039	0.581138428336734	0.9765567867309439	0.19043612377209496	0.26930819792064997	0.24875556547547095	0.5525957761631639	0.07262366425772193	0.318956055321557	1.888355984455144	0.20237631900187103	0.605154975033424	0.10991609974139693	0.209018542854023	0.49011795446193407	0.778502130821874	0.8068435993535139	0.605661946604624	1.069106258367534	0.00715234475402593	0.21982249047816593	0.920874444969394	1.4574890315298241	0.351016414956524	0.716962546429144	0.284519896072743	0.0	0.37089773278509197	1.553485417969384	0.8777198019191639	0.6845972967977041	1.139287845125504	0.204543658187762	-1	0.20615123639922994	0.575734901079584	0.17411231146517203	-1	0.9707362034403939	2.8953379122852043	0.8436590024852539	0.607702858094564	0.9895938210458439	0.08035761397072005	0.409335973590784	0.836036078833984	0.05274631513181405	0.280844435549345	0.6339730612599941	0.31324460608028903	0.42950932597843394	0.5094530963459041	0.25850934100117096	0.25461053320287597
STMMW_38181_2-396	-1	0.42902677593191196	0.21024069555164204	0.605659053945852	0.18046160901299702	0.101589534864442	0.12214216730962102	0.18169804337807194	0.29827406852737004	0.05194167746353495	1.517458251670052	0.16852141378322094	0.234257242248332	0.26098163304369504	0.16187918993106898	0.1192202216768421	0.40760439803678206	0.43594586656842194	0.23476421381953205	0.698208525582442	0.36374538803106604	0.15107524230692604	0.549976712184302	1.0865912987447321	0.019881317828567946	0.34606481364405206	0.086377836712349	0.37089773278509197	0.0	1.182587685184292	0.5068220691340719	0.3136995640126121	0.768390112340412	0.16635407459732998	-1	0.16474649638586203	0.20483716829449206	0.19678542131991994	-1	0.5998384706553019	2.524440179500112	0.47276126970016197	0.23680512530947206	0.618696088260752	0.451255346755812	0.038438240805692026	0.46513834604889204	0.423644047916906	0.09005329723574695	0.2630753284749021	0.05765312670480294	0.05861159319334197	0.1385553635608121	0.11238839178392102	0.116287199582216
SL1344_2260_1-405	-1	0.7535609092523801	0.97234698963265	0.5769286312384401	1.363049294197289	1.284177220048734	1.304729852493913	1.00088964180622	1.480861753711662	1.234529362647827	0.3348705664857601	1.351109098967513	0.94833044293596	1.4435693182279872	1.344466875115361	1.06336746350745	0.77498328714751	0.7466418186158701	0.94782347136476	0.4843791596018501	1.546333073215358	1.333662927491218	0.63261097299999	0.09599638643955988	1.20246900301286	0.83652287154024	1.2689655218966411	1.553485417969384	1.182587685184292	0.0	0.6757656160502201	0.8688881211716799	0.41419757284388004	1.348941759781622	-1	1.347334181570154	0.9777505168898	1.3793731065042119	-1	0.5827492145289901	1.34185249431582	0.7098264154841301	0.94578255987482	0.5638915969235401	1.633843031940104	1.1441494443786	0.7174493391354	1.6062317331011982	1.272640982420039	0.9195123567093899	1.240240811889095	1.12397609199095	1.04403232162348	1.294976076968213	1.2988748847665081
ROD_40331_1-382	-1	0.07779529320215994	0.29658137358242986	0.09883698481178005	0.6872836781470689	0.6084116039985139	0.6289642364436929	0.32512402575599997	0.805096137661442	0.5587637465976069	1.0106361825359802	0.6753434829172928	0.2725648268857399	0.767803702177767	0.6687012590651409	0.3876018474572298	0.09921767109728985	0.07087620256564997	0.27205785531453985	0.19138645644837005	0.870567457165138	0.657897311440998	0.04315464305023009	0.5797692296106602	0.5267033869626399	0.16075725549001985	0.5931999058464209	0.8777198019191639	0.5068220691340719	0.6757656160502201	0.0	0.1931225051214598	0.2615680432063401	0.6731761437314019	-1	0.6715685655199339	0.30198490083957985	0.7036074904539918	-1	0.09301640152123003	2.0176181103660404	0.03406079943390994	0.27001694382459984	0.11187401912668005	0.9580774158898839	0.4683838283283799	0.04168372308517987	0.9304661170509779	0.5968753663698189	0.2437467406591698	0.5644751958388748	0.44821047594072994	0.3682667055732598	0.6192104609179929	0.6231092687162879
SEN2273_1-405	-1	0.11532721191929984	0.10345886846097008	0.29195948993323984	0.49416117302560914	0.4152890988770541	0.43584173132223314	0.13200152063454018	0.6119736325399822	0.36564124147614707	1.20375868765744	0.48222097779583306	0.07944232176428012	0.5746811970563072	0.4755787539436811	0.19447934233577002	0.09390483402416994	0.12224630255580982	0.07893535019308007	0.38450896156982983	0.6774449520436782	0.46477480631953816	0.23627714817168988	0.77289173473212	0.33358088184118007	0.03236524963143994	0.4000774007249611	0.6845972967977041	0.3136995640126121	0.8688881211716799	0.1931225051214598	0.0	0.45469054832779987	0.4800536386099421	-1	0.47844606039847415	0.10886239571812006	0.5104849853325321	-1	0.2861389066426898	2.2107406154875	0.15906170568754985	0.07689443870314006	0.30499652424813983	0.7649549107684241	0.2752613232069201	0.15143878203627992	0.7373436119295181	0.4037528612483591	0.050624235537710005	0.37135269071741506	0.25508797081927015	0.17514420045180001	0.42608795579653314	0.4299867635948281
ENC_03830_1-382	-1	0.3393633364085	0.55814941678877	0.16273105839456004	0.948851721353409	0.869979647204854	0.890532279650033	0.58669206896234	1.066664180867782	0.8203317898039469	0.7490681393296401	0.9369115261236329	0.53413287009208	1.0293717453841071	0.930269302271481	0.6491698906635699	0.36078571430362993	0.33244424577199005	0.5336258985208799	0.07018158675797004	1.132135500371478	0.919465354647338	0.21841340015611	0.31820118640432016	0.7882714301689799	0.42232529869635993	0.854767949052761	1.139287845125504	0.768390112340412	0.41419757284388004	0.2615680432063401	0.45469054832779987	0.0	0.934744186937742	-1	0.933136608726274	0.5635529440459199	0.9651755336603319	-1	0.16855164168511005	1.7560500671597001	0.29562884264025	0.5315849870309399	0.14969402407966004	1.219645459096224	0.72995187153472	0.30325176629151995	1.1920341602573181	0.858443409576159	0.5053147838655099	0.8260432390452149	0.70977851914707	0.6298347487795999	0.880778504124333	0.884677311922628
ENC_40760_1-384	-1	0.595380850529242	0.376594770148972	0.7720131285431819	0.014107534415667033	0.06476453973288798	0.04421190728770896	0.3480521179754019	0.13191999393004006	0.11441239713379503	1.683812326267382	0.0021673391858909596	0.400611316845662	0.09462755844636506	0.004474884666261003	0.2855742962741721	0.573958472634112	0.6022999411657519	0.40111828841686203	0.8645626001797719	0.19739131343373606	0.015278832290403943	0.716330786781632	1.2529453733420621	0.14647275676876204	0.512418888241382	0.07997623788498098	0.204543658187762	0.16635407459732998	1.348941759781622	0.6731761437314019	0.4800536386099421	0.934744186937742	0.0	-1	0.0016075782114679527	0.37119124289182204	0.030431346722589958	-1	0.7661925452526319	2.690794254097442	0.639115344297492	0.40315919990680205	0.7850501628580819	0.28490127215848204	0.204792315403022	0.631492420646222	0.25728997331957604	0.07630077736158303	0.4294294030722321	0.10870094789252704	0.22496566779067195	0.3049094381581421	0.053965682813408966	0.050066875015113976
b4478_1-382	-1	-1	-1	-1	-1	-1	-1	-1	-1	-1	-1	-1	-1	-1	-1	-1	-1	-1	-1	-1	-1	-1	-1	-1	-1	-1	-1	-1	-1	-1	-1	-1	-1	-1	-1	-1	-1	-1	-1	-1	-1	-1	-1	-1	-1	-1	-1	-1	-1	-1	-1	-1	-1	-1	-1
SEN1436_2-418	-1	0.593773272317774	0.37498719193750407	0.770405550331714	0.015715112627134986	0.06315696152142003	0.04260432907624101	0.34644453976393397	0.133527572141508	0.11280481892232708	1.6822047480559141	0.0037749173973589123	0.399003738634194	0.09623513665783301	0.0028673064547930505	0.2839667180627041	0.5723508944226441	0.600692362954284	0.3995107102053941	0.862955021968304	0.198998891645204	0.01367125407893599	0.714723208570164	1.2513377951305942	0.14486517855729408	0.5108113100299141	0.07836865967351303	0.20615123639922994	0.16474649638586203	1.347334181570154	0.6715685655199339	0.47844606039847415	0.933136608726274	0.0016075782114679527	-1	0.0	0.3695836646803541	0.03203892493405791	-1	0.764584967041164	2.689186675885974	0.637507766086024	0.4015516216953341	0.783442584646614	0.28650885036995	0.20318473719155405	0.6298848424347541	0.258897551531044	0.07469319915011507	0.42782182486076414	0.10709336968105909	0.223358089579204	0.30330185994667413	0.05235810460194101	0.048459296803646024
t3686_2-396	-1	0.2241896076374199	0.005403527257149987	0.4008218856513599	0.38529877730748907	0.30642670315893406	0.3269793356041131	0.023139124916420117	0.5031112368218621	0.256778845758027	1.31262108337556	0.373358582077713	0.029420073953839943	0.4658188013381871	0.36671635822556103	0.08561694661764996	0.20276722974229	0.23110869827392988	0.029927045525039997	0.4933713572879499	0.5685825563255581	0.3559124106014181	0.34513954388980994	0.8817541304502401	0.22471848612306	0.14122764534956	0.29121500500684105	0.575734901079584	0.20483716829449206	0.9777505168898	0.30198490083957985	0.10886239571812006	0.5635529440459199	0.37119124289182204	-1	0.3695836646803541	0.0	0.401622589614412	-1	0.3950013023608099	2.3196030112056203	0.2679241014056699	0.03196795701498001	0.4138589199662599	0.6560925150503041	0.16639892748880003	0.2603011777544	0.6284812162113981	0.294890465530239	0.05823816018041006	0.262490294999295	0.14622557510115008	0.06628180473367995	0.31722556007841307	0.32112436787670806
STMMW_15051_1-404	-1	0.6258121972518319	0.407026116871562	0.8024444752657719	0.016323812306922925	0.09519588645547794	0.07464325401029892	0.3784834646979919	0.1014886472074501	0.144843743856385	1.714243672989972	0.028264007536699	0.43104266356825194	0.0641962117237751	0.03490623138885096	0.31600564299676204	0.604389819356702	0.6327312878883419	0.431549635139452	0.8949939469023619	0.1669599667111461	0.0457101790129939	0.7467621335042219	1.283376720064652	0.176904103491352	0.542850234963972	0.11040758460757094	0.17411231146517203	0.19678542131991994	1.3793731065042119	0.7036074904539918	0.5104849853325321	0.9651755336603319	0.030431346722589958	-1	0.03203892493405791	0.401622589614412	0.0	-1	0.7966238919752219	2.721225600820032	0.6695466910200819	0.433590546629392	0.8154815095806719	0.2544699254358921	0.23522366212561197	0.661923767368812	0.22685862659698608	0.10673212408417299	0.45986074979482205	0.139132294615117	0.2553970145132619	0.33534078488073205	0.08439702953599892	0.08049822173770393
b2247_1-401	-1	-1	-1	-1	-1	-1	-1	-1	-1	-1	-1	-1	-1	-1	-1	-1	-1	-1	-1	-1	-1	-1	-1	-1	-1	-1	-1	-1	-1	-1	-1	-1	-1	-1	-1	-1	-1	-1	-1	-1	-1	-1	-1	-1	-1	-1	-1	-1	-1	-1	-1	-1	-1	-1	-1
t0591_1-399	-1	0.17081169472338997	0.3895977751036599	0.005820583290550019	0.780300079668299	0.7014280055197439	0.721980637964923	0.41814042727723	0.898112539182672	0.6517801481188369	0.9176197810147502	0.7683598844385229	0.36558122840696994	0.860820103698997	0.7617176605863709	0.48061824897845984	0.19223407261851988	0.16389260408688	0.3650742568357699	0.09837005492714002	0.963583858686368	0.750913712962228	0.04986175847099994	0.4867528280894302	0.6197197884838699	0.2537736570112499	0.6862163073676509	0.9707362034403939	0.5998384706553019	0.5827492145289901	0.09301640152123003	0.2861389066426898	0.16855164168511005	0.7661925452526319	-1	0.764584967041164	0.3950013023608099	0.7966238919752219	-1	0.0	1.9246017088448102	0.12707720095513997	0.36303334534582987	0.018857617605450017	1.051093817411114	0.5614002298496099	0.1347001246064099	1.0234825185722078	0.6898917678910489	0.3367631421803998	0.6574915973601049	0.54122687746196	0.46128310709448983	0.712226862439223	0.7161256702375179
ERS227112_00480_1-382	-1	2.0954134035682	2.31419948394847	1.9187811255542602	2.704901788513109	2.626029714364554	2.6465823468097334	2.34274213612204	2.822714248027482	2.576381856963647	1.00698192783006	2.692961593283333	2.29018293725178	2.7854218125438073	2.686319369431181	2.4052199578232702	2.11683578146333	2.08849431293169	2.28967596568058	1.8262316539176702	2.888185567531178	2.675515421807038	1.9744634673158101	1.43784888075538	2.54432149732868	2.17837536585606	2.6108180162124612	2.8953379122852043	2.524440179500112	1.34185249431582	2.0176181103660404	2.2107406154875	1.7560500671597001	2.690794254097442	-1	2.689186675885974	2.3196030112056203	2.721225600820032	-1	1.9246017088448102	0.0	2.05167890979995	2.2876350541906403	1.9057440912393602	2.975695526255924	2.48600193869442	2.05930183345122	2.9480842274170183	2.614493476735859	2.26136485102521	2.582093306204915	2.4658285863067704	2.3858848159393	2.636828571284033	2.6407273790823282
STM_MW38121_1-382	-1	0.043734493768250005	0.2625205741485199	0.13289778424569	0.653222878713159	0.574350804564604	0.594903437009783	0.29106322632209003	0.771035338227532	0.5247029471636969	1.0446969819698901	0.6412826834833829	0.23850402745182997	0.733742902743857	0.634640459631231	0.35354104802331987	0.06515687166337991	0.03681540313174003	0.23799705588062992	0.22544725588227998	0.836506657731228	0.623836512007088	0.07721544248414003	0.6138300290445702	0.4926425875287299	0.1266964560561099	0.559139106412511	0.8436590024852539	0.47276126970016197	0.7098264154841301	0.03406079943390994	0.15906170568754985	0.29562884264025	0.639115344297492	-1	0.637507766086024	0.2679241014056699	0.6695466910200819	-1	0.12707720095513997	2.05167890979995	0.0	0.2359561443906899	0.14593481856058999	0.924016616455974	0.43432302889446994	0.0076229236512699305	0.896405317617068	0.5628145669359089	0.20968594122525985	0.5304143964049649	0.41414967650682	0.33420590613934986	0.585149661484083	0.589048469282378
