STMMW_35411_1-127	0.0	0.2371757040883269	0.32251845238430565	0.9515814687180453	0.694486688011583	1.1512545884112644	-1	0.8670952108937588	0.722983617097702	1.2279047536464724	0.16671406935398303	0.002890111511440363
ENC_26380_1-123	0.2371757040883269	0.0	0.08534274829597877	1.1887571728063722	0.9316623920999099	1.3884302924995913	-1	1.1042709149820857	0.9601593211860289	1.4650804577347993	0.4038897734423099	0.23428559257688653
STM_MW35411_1-127	0.32251845238430565	0.08534274829597877	0.0	1.274099921102351	1.0170051403958886	1.47377304079557	-1	1.1896136632780645	1.0455020694820076	1.550423206030778	0.4892325217382887	0.3196283408728653
ETEC_3694_1-133	0.9515814687180453	1.1887571728063722	1.274099921102351	0.0	0.2570947807064623	0.199673119693219	-1	0.08448625782428643	0.2285978516203433	0.2763232849284273	0.7848673993640622	0.9544715802294856
NCTC13441_00254_1-133	0.694486688011583	0.9316623920999099	1.0170051403958886	0.2570947807064623	0.0	0.4567679003996813	-1	0.17260852288217587	0.028496929086119005	0.5334180656348896	0.5277726186576	0.6973767995230233
ROD_43801_1-125	1.1512545884112644	1.3884302924995913	1.47377304079557	0.199673119693219	0.4567679003996813	0.0	-1	0.2841593775175054	0.4282709713135623	0.07665016523520829	0.9845405190572812	1.1541446999227047
b3448_1-133	-1	-1	-1	-1	-1	-1	-1	-1	-1	-1	-1	-1
SEN3375_1-127	0.8670952108937588	1.1042709149820857	1.1896136632780645	0.08448625782428643	0.17260852288217587	0.2841593775175054	-1	0.0	0.14411159379605687	0.3608095427527137	0.7003811415397758	0.8699853224051992
CS17_03866_1-133	0.722983617097702	0.9601593211860289	1.0455020694820076	0.2285978516203433	0.028496929086119005	0.4282709713135623	-1	0.14411159379605687	0.0	0.5049211365487706	0.556269547743719	0.7258737286091423
t3969_1-112	1.2279047536464724	1.4650804577347993	1.550423206030778	0.2763232849284273	0.5334180656348896	0.07665016523520829	-1	0.3608095427527137	0.5049211365487706	0.0	1.0611906842924896	1.2307948651579128
ERS227112_00776_1-107	0.16671406935398303	0.4038897734423099	0.4892325217382887	0.7848673993640622	0.5277726186576	0.9845405190572812	-1	0.7003811415397758	0.556269547743719	1.0611906842924896	0.0	0.1696041808654234
SL1344_3518_1-127	0.002890111511440363	0.23428559257688653	0.3196283408728653	0.9544715802294856	0.6973767995230233	1.1541446999227047	-1	0.8699853224051992	0.7258737286091423	1.2307948651579128	0.1696041808654234	0.0
