BN373_39261_1-408	0.0	0.6951103814337398	0.8221693221159898	-1	0.010053875795019929	0.07641766372131109	0.1447878262803901
ETEC_0371_7-360	0.6951103814337398	0.0	0.12705894068225	-1	0.6850565056387199	0.7715280451550509	0.8398982077141299
NCTC13441_03646_7-360	0.8221693221159898	0.12705894068225	0.0	-1	0.8121154463209699	0.8985869858373009	0.9669571483963799
b0315_7-360	-1	-1	-1	-1	-1	-1	-1
ROD_29191_1-419	0.010053875795019929	0.6850565056387199	0.8121154463209699	-1	0.0	0.08647153951633102	0.15484170207541004
CS17_00357_7-360	0.07641766372131109	0.7715280451550509	0.8985869858373009	-1	0.08647153951633102	0.0	0.06837016255907902
ERS227112_01370_58-441	0.1447878262803901	0.8398982077141299	0.9669571483963799	-1	0.15484170207541004	0.06837016255907902	0.0
