b1882_1-129	-1	-1	-1	-1	-1	-1	-1	-1	-1	-1	-1	-1	-1
SEN1087_1-129	-1	0.0	0.4210194289279856	0.38480820735599386	1.037396489854823	0.2586243449301303	0.06310645583073404	0.24648729441067674	0.06368835749845037	0.12184561219923884	0.06920378569411684	0.16534520638096056	0.01768504145509525
STM_MW18991_1-129	-1	0.4210194289279856	0	0.8058276362839795	1.4584159187828085	0.6796437738581159	0.48412588475871965	0.17453213451730887	0.48470778642643597	0.5428650411272244	0.49022321462210244	0.25567422254702504	0.40333438747289035
ENC_28770_1-128	-1	0.38480820735599386	0.8058276362839795	0.0	0.652588282498829	0.12618386242586355	0.3217017515252598	0.6312955017666706	0.3211198498575435	0.262962595156755	0.315604421661877	0.5501534137369544	0.4024932488110891
ENC_44290_4-125	-1	1.037396489854823	1.4584159187828085	0.652588282498829	0.0	0.7787721449246926	0.9742900340240889	1.2838837842654995	0.9737081323563725	0.9155508776555841	0.9681927041607061	1.2027416962357835	1.0550815313099182
ENC_06120_1-129	-1	0.2586243449301303	0.6796437738581159	0.12618386242586355	0.7787721449246926	0.0	0.19551788909939627	0.505111639340807	0.19493598743167995	0.13677873273089147	0.18942055923601347	0.4239695513110909	0.27630938638522556
SL1344_1851_1-129	-1	0.06310645583073404	0.48412588475871965	0.3217017515252598	0.9742900340240889	0.19551788909939627	0.0	0.3095937502414108	0.0005819016677163225	0.0587391563685048	0.006097329863382794	0.2284516622116946	0.0807914972858293
NCTC13441_02000_1-129	-1	0.24648729441067674	0.17453213451730887	0.6312955017666706	1.2838837842654995	0.505111639340807	0.3095937502414108	0.0	0.3101756519091271	0.3683329066099156	0.3156910801047936	0.08114208802971618	0.2288022529555815
ROD_19301_1-129	-1	0.06368835749845037	0.48470778642643597	0.3211198498575435	0.9737081323563725	0.19493598743167995	0.0005819016677163225	0.3101756519091271	0.0	0.058157254700788474	0.005515428195666472	0.22903356387941093	0.08137339895354562
CS17_02071_1-129	-1	0.12184561219923884	0.5428650411272244	0.262962595156755	0.9155508776555841	0.13677873273089147	0.0587391563685048	0.3683329066099156	0.058157254700788474	0.0	0.052641826505122	0.2871908185801994	0.1395306536543341
STMMW_18991_1-129	-1	0.06920378569411684	0.49022321462210244	0.315604421661877	0.9681927041607061	0.18942055923601347	0.006097329863382794	0.3156910801047936	0.005515428195666472	0.052641826505122	0.0	0.2345489920750774	0.08688882714921209
t0961_1-129	-1	0.16534520638096056	0.25567422254702504	0.5501534137369544	1.2027416962357835	0.4239695513110909	0.2284516622116946	0.08114208802971618	0.22903356387941093	0.2871908185801994	0.2345489920750774	0.0	0.1476601649258653
ETEC_1915_1-129	-1	0.01768504145509525	0.40333438747289035	0.4024932488110891	1.0550815313099182	0.27630938638522556	0.0807914972858293	0.2288022529555815	0.08137339895354562	0.1395306536543341	0.08688882714921209	0.1476601649258653	0.0
