STM_MW10121_1-154	0.0	0.26594652151164583	0.8516755427128688	1.0645712440418387	0.14288437748885902	0.030676486258422675	1.0372915227883726
SEN0905_1-153	0.26594652151164583	0.0	0.5857290212012229	0.7986247225301928	0.12306214402278681	0.23527003525322315	0.7713450012767267
BN373_15741_1-153	0.8516755427128688	0.5857290212012229	0.0	0.21289570132896984	0.7087911652240098	0.820999056454446	0.18561598007550373
ERS227112_03447_1-155	1.0645712440418387	0.7986247225301928	0.21289570132896984	0.0	0.9216868665529796	1.0338947577834159	0.027279721253466116
SL1344_0938_1-153	0.14288437748885902	0.12306214402278681	0.7087911652240098	0.9216868665529796	0.0	0.11220789123043634	0.8944071452995135
STMMW_10121_1-153	0.030676486258422675	0.23527003525322315	0.820999056454446	1.0338947577834159	0.11220789123043634	0.0	1.0066150365299498
t1933_1-153	1.0372915227883726	0.7713450012767267	0.18561598007550373	0.027279721253466116	0.8944071452995135	1.0066150365299498	0.0
