ETEC_0981_1-754	0.0	0.38148172561035726	0.4059840211909241	0.3844386266324149	-1	0.37798393493111154	0.3901770499342682	0.19023925197081737	0.06480744679201006	0.033954352672073966	0.2972314419899547	0.1710083121757098	0.31060816389085366	0.5814933624856503
STM_MW09941_1-754	0.38148172561035726	0.0	0.0396145054966174	0.004780620305803436	-1	0.0056233124442828545	0.014058314335969331	0.23617157796916058	0.42156631576774994	0.3597421859924953	0.1198833992501957	0.2538908610616354	0.10280591966320114	0.32337223515774954
NCTC13441_02976_1-754	0.4059840211909241	0.0396145054966174	0.0	0.035001212698970406	-1	0.045015053199167016	0.025920590976367938	0.2664302631921739	0.44448068013119707	0.3851056826847479	0.15474878316826304	0.2834476056471857	0.13834781949023586	0.29546232349944423
BN373_15561_1-754	0.3844386266324149	0.004780620305803436	0.035001212698970406	0.0	-1	0.010377049828429274	0.009322260216653612	0.23982315163367102	0.4243315875841513	0.36280301549908894	0.1240909025432149	0.25745772556158963	0.10709506390190589	0.3201219965690786
b0913_1-754	-1	-1	-1	-1	-1	-1	-1	-1	-1	-1	-1	-1	-1	-1
SEN0887_1-754	0.37798393493111154	0.0056233124442828545	0.045015053199167016	0.010377049828429274	-1	0.0	0.01960257248630109	0.2318520419978768	0.418295207971839	0.3561214557620755	0.11490624049803118	0.24967152963694308	0.09773218583573534	0.32717712448793423
t1951_1-754	0.3901770499342682	0.014058314335969331	0.025920590976367938	0.009322260216653612	-1	0.01960257248630109	0.0	0.24690971802481756	0.4296981183231997	0.3687431315978734	0.13225635507584127	0.2643798978657703	0.11541895606494677	0.31372435643945573
STMMW_09941_1-754	0.19023925197081737	0.23617157796916058	0.2664302631921739	0.23982315163367102	-1	0.2318520419978768	0.24690971802481756	0.0	0.2427177785629769	0.1617779653901719	0.13212815054266064	0.023197988686207052	0.148647501392224	0.48317248207828994
SL1344_0920_1-754	0.06480744679201006	0.42156631576774994	0.44448068013119707	0.4243315875841513	-1	0.418295207971839	0.4296981183231997	0.2427177785629769	0.0	0.09656130455993145	0.34277607792028836	0.2247331468754011	0.35528588862834326	0.6086157091284646
CS17_00976_1-754	0.033954352672073966	0.3597421859924953	0.3851056826847479	0.36280301549908894	-1	0.3561214557620755	0.3687431315978734	0.1617779653901719	0.09656130455993145	0.0	0.2725306925672745	0.14187110089748442	0.28637757644682915	0.5667837863853168
ROD_09811_1-754	0.2972314419899547	0.1198833992501957	0.15474878316826304	0.1240909025432149	-1	0.11490624049803118	0.13225635507584127	0.13212815054266064	0.34277607792028836	0.2725306925672745	0.0	0.15226103188744958	0.019034320400981488	0.40448867163410057
ENC_17700_1-698	0.1710083121757098	0.2538908610616354	0.2834476056471857	0.25745772556158963	-1	0.24967152963694308	0.2643798978657703	0.023197988686207052	0.2247331468754011	0.14187110089748442	0.15226103188744958	0.0	0.1683971670229013	0.49516184099175825
ERS227112_03428_1-754	0.31060816389085366	0.10280591966320114	0.13834781949023586	0.10709506390190589	-1	0.09773218583573534	0.11541895606494677	0.148647501392224	0.35528588862834326	0.28637757644682915	0.019034320400981488	0.1683971670229013	0.0	0.3929335747920133
Ecoli9000q_50880_1-754	0.5814933624856503	0.32337223515774954	0.29546232349944423	0.3201219965690786	-1	0.32717712448793423	0.31372435643945573	0.48317248207828994	0.6086157091284646	0.5667837863853168	0.40448867163410057	0.49516184099175825	0.3929335747920133	0.0
