Ecoli9000q_35210_1-464	0.0	5.628946722474223	5.697001678196731	6.226176518854903	5.50008414617569	4.79416420020377	6.008498243458659	4.789704199544063	6.800444452806818	6.278017384947862	2.403102773676059
SEN2661_1-456	5.628946722474223	0.0	0.06805495572250808	0.5972297963806796	0.12886257629853204	0.8347825222704519	0.37955152098443645	0.8392425229301601	1.1714977303325957	0.6490706624736391	3.225843948798164
BN373_38911_3-447	5.697001678196731	0.06805495572250808	0.0	0.5291748406581716	0.19691753202104012	0.90283747799296	0.31149656526192837	0.9072974786526682	1.1034427746100877	0.581015706751131	3.293898904520672
ENC_07140_14-448	6.226176518854903	0.5972297963806796	0.5291748406581716	0.0	0.7260923726792117	1.4320123186511315	0.21767827539624318	1.4364723193108397	0.5742679339519161	0.05184086609295946	3.8230737451788435
ROD_38521_1-463	5.50008414617569	0.12886257629853204	0.19691753202104012	0.7260923726792117	0.0	0.7059199459719199	0.5084140972829685	0.7103799466316281	1.3003603066311278	0.7779332387721711	3.0969813724996316
t2713_1-456	4.79416420020377	0.8347825222704519	0.90283747799296	1.4320123186511315	0.7059199459719199	0.0	1.2143340432548884	0.0044600006597081965	2.0062802526030477	1.483853184744091	2.391061426527712
STM_MW27831_1-456	6.008498243458659	0.37955152098443645	0.31149656526192837	0.21767827539624318	0.5084140972829685	1.2143340432548884	0.0	1.2187940439145966	0.7919462093481593	0.26951914148920264	3.6053954697826
ERS227112_01406_3-447	4.789704199544063	0.8392425229301601	0.9072974786526682	1.4364723193108397	0.7103799466316281	0.0044600006597081965	1.2187940439145966	0.0	2.010740253262756	1.4883131854037992	2.3866014258680037
SL1344_2801_1-456	6.800444452806818	1.1714977303325957	1.1034427746100877	0.5742679339519161	1.3003603066311278	2.0062802526030477	0.7919462093481593	2.010740253262756	0.0	0.5224270678589567	4.39734167913076
STMMW_27831_1-456	6.278017384947862	0.6490706624736391	0.581015706751131	0.05184086609295946	0.7779332387721711	1.483853184744091	0.26951914148920264	1.4883131854037992	0.5224270678589567	0.0	3.874914611271803
NCTC13441_04599_1-464	2.403102773676059	3.225843948798164	3.293898904520672	3.8230737451788435	3.0969813724996316	2.391061426527712	3.6053954697826	2.3866014258680037	4.39734167913076	3.874914611271803	0.0
