ROD_42241_7-358	0.0	0.7056622543528248	-1	0.6438169041514508	0.08353730356513078	0.556313197256725	0.006537176428201397	0.3784124765982848	0.14732080243663548
CS17_04043_7-358	0.7056622543528248	0.0	-1	0.06184535020137405	0.622124950787694	0.1493490570960998	0.7121994307810262	0.32724977775454	0.8529830567894603
b3597_7-358	-1	-1	-1	-1	-1	-1	-1	-1	-1
ERS227112_02233_6-338	0.6438169041514508	0.06184535020137405	-1	0.0	0.56027960058632	0.08750370689472575	0.6503540805796522	0.26540442755316596	0.7911377065880862
ETEC_3839_7-358	0.08353730356513078	0.622124950787694	-1	0.56027960058632	0.0	0.47277589369159423	0.09007447999333218	0.294875173033154	0.23085810600176626
ERS227112_02943_15-359	0.556313197256725	0.1493490570960998	-1	0.08750370689472575	0.47277589369159423	0.0	0.5628503736849264	0.1779007206584402	0.7036339996933605
BN373_03861_6-338	0.006537176428201397	0.7121994307810262	-1	0.6503540805796522	0.09007447999333218	0.5628503736849264	0.0	0.3849496530264862	0.14078362600843408
BN373_10811_15-359	0.3784124765982848	0.32724977775454	-1	0.26540442755316596	0.294875173033154	0.1779007206584402	0.3849496530264862	0.0	0.5257332790349203
NCTC13441_00089_7-358	0.14732080243663548	0.8529830567894603	-1	0.7911377065880862	0.23085810600176626	0.7036339996933605	0.14078362600843408	0.5257332790349203	0.0
