SEN3619_1-440	0.0	0.3195012858078865	0.36791253841287297	0.6805344552487749	0.6087694654302447	0.20468134134289373	0.19266647276827886	0.23496157703695553	0.041988993721990164	0.0982125753814479	-1	0.3012207867358474
t3715_1-440	0.3195012858078865	0.0	0.6874138242207595	1.0000357410566614	0.2892681796223581	0.11481994446499277	0.12683481303960764	0.554462862844842	0.36149027952987667	0.2212887104264386	-1	0.6207220725437339
ENC_03710_1-428	0.36791253841287297	0.6874138242207595	0.0	0.3126219168359019	0.9766820038431177	0.5725938797557667	0.5605790111811518	0.13295096137591744	0.3259235446908828	0.46612511379432087	-1	0.06669175167702557
STMMW_37931_1-440	0.6805344552487749	1.0000357410566614	0.3126219168359019	0.0	1.2893039206790196	0.8852157965916686	0.8732009280170537	0.44557287821181935	0.6385454615267847	0.7787470306302228	-1	0.37931366851292747
CS17_02655_1-442	0.6087694654302447	0.2892681796223581	0.9766820038431177	1.2893039206790196	0.0	0.4040881240873509	0.41610299266196576	0.8437310424672002	0.6507584591522348	0.5105568900487967	-1	0.9099902521660921
ETEC_2485_1-442	0.20468134134289373	0.11481994446499277	0.5725938797557667	0.8852157965916686	0.4040881240873509	0.0	0.012014868574614868	0.43964291837984926	0.2466703350648839	0.10646876596144583	-1	0.5059021280787411
NCTC13441_01350_1-442	0.19266647276827886	0.12683481303960764	0.5605790111811518	0.8732009280170537	0.41610299266196576	0.012014868574614868	0.0	0.4276280498052344	0.23465546649026903	0.09445389738683097	-1	0.49388725950412626
BN373_47251_4-443	0.23496157703695553	0.554462862844842	0.13295096137591744	0.44557287821181935	0.8437310424672002	0.43964291837984926	0.4276280498052344	0.0	0.19297258331496536	0.3331741524184034	-1	0.06625920969889187
ERS227112_00494_3-442	0.041988993721990164	0.36149027952987667	0.3259235446908828	0.6385454615267847	0.6507584591522348	0.2466703350648839	0.23465546649026903	0.19297258331496536	0.0	0.14020156910343806	-1	0.25923179301385724
ROD_40531_1-440	0.0982125753814479	0.2212887104264386	0.46612511379432087	0.7787470306302228	0.5105568900487967	0.10646876596144583	0.09445389738683097	0.3331741524184034	0.14020156910343806	0.0	-1	0.3994333621172953
b2366_1-442	-1	-1	-1	-1	-1	-1	-1	-1	-1	-1	-1	-1
SL1344_3770_1-440	0.3012207867358474	0.6207220725437339	0.06669175167702557	0.37931366851292747	0.9099902521660921	0.5059021280787411	0.49388725950412626	0.06625920969889187	0.25923179301385724	0.3994333621172953	-1	0.0
