ROD_10051_1-379	0.0	0.6763208668270737	-1	0.2798265525031926	0.41811833749284516	0.15760452965804383	0.15479883825331026	0.36946052827752535	0.09099138453991878	0.0872762512951859	0.1706552608070782	0.04343625246735905	0.20156784770891506	0.4188526401992802	0.179447641035485	0.07535416840644871	0.16507976468416236	0.251471194548567	0.1524801306395634	-1	0.28578733210531665	0.4269741235195877	0.24929977540740084	0.6269896544393472
BN373_37861_2-312	0.6763208668270737	0.0	-1	0.39649431432388105	0.2582025293342285	0.8339253964851174	0.5215220285737634	0.3068603385495483	0.5853294822871549	0.7635971181222596	0.5056656060199954	0.7197571192944328	0.4747530191181586	0.25746822662779345	0.49687322579158866	0.7516750352335224	0.5112411021429113	0.4248496722785067	0.5238407361875103	-1	0.390533534721757	0.24934674330748596	0.4270210914196728	0.04933121238772653
b0936_1-319	-1	-1	-1	-1	-1	-1	-1	-1	-1	-1	-1	-1	-1	-1	-1	-1	-1	-1	-1	-1	-1	-1	-1	-1
ERS227112_01518_2-312	0.2798265525031926	0.39649431432388105	-1	0.0	0.13829178498965256	0.43743108216123644	0.12502771424988235	0.08963397577433274	0.18883516796327382	0.3671028037983785	0.10917129169611439	0.32326280497055165	0.07825870479427754	0.1390260876960876	0.10037891146770761	0.3551807209096413	0.11474678781903025	0.028355357954625626	0.1273464218636292	-1	0.0059607796021240445	0.14714757101639508	0.03052677709579177	0.3471631019361545
BN373_07991_1-320	0.41811833749284516	0.2582025293342285	-1	0.13829178498965256	0.0	0.5757228671508889	0.2633194992395349	0.048657809215319814	0.3271269529529264	0.5053945887880311	0.24746307668576695	0.4615545899602042	0.2165504897839301	0.0007343027064350416	0.23867069645736017	0.49347250589929387	0.2530385728086828	0.16664714294427818	0.26563820685328177	-1	0.1323310053875285	0.00885578602674253	0.16881856208544432	0.20887131694650196
Ecoli9000q_51120_1-319	0.15760452965804383	0.8339253964851174	-1	0.43743108216123644	0.5757228671508889	0.0	0.3124033679113541	0.5270650579355691	0.24859591419796262	0.07032827836285793	0.32825979046512205	0.11416827719068479	0.3591723773669589	0.576457169857324	0.33705217069352883	0.08225036125159513	0.3226842943422062	0.4090757242066108	0.31008466029760723	-1	0.4433918617633605	0.5845786531776316	0.40690430506544467	0.7845941840973909
ENC_16870_2-320	0.15479883825331026	0.5215220285737634	-1	0.12502771424988235	0.2633194992395349	0.3124033679113541	0.0	0.2146616900242151	0.06380745371339147	0.24207508954849616	0.015856422553767957	0.1982350907206693	0.046769009455604804	0.26405380194596995	0.02464880278217474	0.23015300665975896	0.0102809264308521	0.09667235629525672	0.002318707613746862	-1	0.1309884938520064	0.27217528526627743	0.09450093715409058	0.47219081618603687
CS17_00401_1-320	0.36946052827752535	0.3068603385495483	-1	0.08963397577433274	0.048657809215319814	0.5270650579355691	0.2146616900242151	0.0	0.27846914373760656	0.45673677957271125	0.19880526747044713	0.4128967807448844	0.1678926805686103	0.049392111921754855	0.19001288724204035	0.44481469668397405	0.204380763593363	0.11798933372895837	0.21698039763796195	-1	0.0836731961722087	0.05751359524206234	0.12016075287012451	0.2575291261618218
ERS227112_04859_5-309	0.09099138453991878	0.5853294822871549	-1	0.18883516796327382	0.3271269529529264	0.24859591419796262	0.06380745371339147	0.27846914373760656	0.0	0.1782676358351047	0.07966387626715943	0.13442763700727783	0.11057646316899628	0.3278612556593614	0.08845625649556621	0.1663455529463675	0.07408838014424357	0.1604798100086482	0.06148874609964461	-1	0.19479594756539786	0.3359827389796689	0.15830839086748205	0.5359982698994283
Ecoli9000q_44710_1-320	0.0872762512951859	0.7635971181222596	-1	0.3671028037983785	0.5053945887880311	0.07032827836285793	0.24207508954849616	0.45673677957271125	0.1782676358351047	0.0	0.2579315121022641	0.043839998827826854	0.28884409900410096	0.5061288914944662	0.2667238923306709	0.011922082888737195	0.25235601597934826	0.3387474458437529	0.2397563819347493	-1	0.37306358340050255	0.5142503748147735	0.33657602670258674	0.7142659057345331
BN373_15841_2-320	0.1706552608070782	0.5056656060199954	-1	0.10917129169611439	0.24746307668576695	0.32825979046512205	0.015856422553767957	0.19880526747044713	0.07966387626715943	0.2579315121022641	0.0	0.21409151327443726	0.030912586901836847	0.248197379392202	0.008792380228406782	0.24600942921352692	0.005575496122915857	0.08081593374148877	0.01817513016751482	-1	0.11513207129823844	0.2563188627125095	0.07864451460032262	0.4563343936322689
NCTC13441_02953_1-319	0.04343625246735905	0.7197571192944328	-1	0.32326280497055165	0.4615545899602042	0.11416827719068479	0.1982350907206693	0.4128967807448844	0.13442763700727783	0.043839998827826854	0.21409151327443726	0.0	0.2450041001762741	0.46228889266663925	0.22288389350284404	0.03191791593908966	0.2085160171515214	0.294907447015926	0.19591638310692244	-1	0.3292235845726757	0.47041037598694674	0.2927360278747599	0.6704259069067062
NCTC13441_03610_1-320	0.20156784770891506	0.4747530191181586	-1	0.07825870479427754	0.2165504897839301	0.3591723773669589	0.046769009455604804	0.1678926805686103	0.11057646316899628	0.28884409900410096	0.030912586901836847	0.2450041001762741	0.0	0.21728479249036514	0.022120206673430065	0.27692201611536377	0.036488083024752704	0.04990334683965192	0.049087717069351666	-1	0.08421948439640159	0.22540627581067263	0.04773192769848578	0.42542180673043206
ENC_23970_1-320	0.4188526401992802	0.25746822662779345	-1	0.1390260876960876	0.0007343027064350416	0.576457169857324	0.26405380194596995	0.049392111921754855	0.3278612556593614	0.5061288914944662	0.248197379392202	0.46228889266663925	0.21728479249036514	0.0	0.2394049991637952	0.4942068086057289	0.25377287551511785	0.16738144565071322	0.2663725095597168	-1	0.13306530809396355	0.008121483320307488	0.16955286479187937	0.20813701424006692
ROD_04101_1-320	0.179447641035485	0.49687322579158866	-1	0.10037891146770761	0.23867069645736017	0.33705217069352883	0.02464880278217474	0.19001288724204035	0.08845625649556621	0.2667238923306709	0.008792380228406782	0.22288389350284404	0.022120206673430065	0.2394049991637952	0.0	0.2548018094419337	0.01436787635132264	0.07202355351308198	0.0269675103959216	-1	0.10633969106983165	0.2475264824841027	0.06985213437191584	0.4475420134038621
ERS227112_04568_2-311	0.07535416840644871	0.7516750352335224	-1	0.3551807209096413	0.49347250589929387	0.08225036125159513	0.23015300665975896	0.44481469668397405	0.1663455529463675	0.011922082888737195	0.24600942921352692	0.03191791593908966	0.27692201611536377	0.4942068086057289	0.2548018094419337	0.0	0.24043393309061106	0.3268253629550157	0.2278342990460121	-1	0.36114150051176536	0.5023282919260363	0.32465394381384954	0.7023438228457959
BN373_26941_2-311	0.16507976468416236	0.5112411021429113	-1	0.11474678781903025	0.2530385728086828	0.3226842943422062	0.0102809264308521	0.204380763593363	0.07408838014424357	0.25235601597934826	0.005575496122915857	0.2085160171515214	0.036488083024752704	0.25377287551511785	0.01436787635132264	0.24043393309061106	0.0	0.08639142986440462	0.012599634044598962	-1	0.1207075674211543	0.26189435883542533	0.08422001072323848	0.46190988975518477
ERS227112_03457_2-320	0.251471194548567	0.4248496722785067	-1	0.028355357954625626	0.16664714294427818	0.4090757242066108	0.09667235629525672	0.11798933372895837	0.1604798100086482	0.3387474458437529	0.08081593374148877	0.294907447015926	0.04990334683965192	0.16738144565071322	0.07202355351308198	0.3268253629550157	0.08639142986440462	0.0	0.09899106390900358	-1	0.03431613755674967	0.1755029289710207	0.002171419141166142	0.37551845989078014
CS17_00999_1-319	0.1524801306395634	0.5238407361875103	-1	0.1273464218636292	0.26563820685328177	0.31008466029760723	0.002318707613746862	0.21698039763796195	0.06148874609964461	0.2397563819347493	0.01817513016751482	0.19591638310692244	0.049087717069351666	0.2663725095597168	0.0269675103959216	0.2278342990460121	0.012599634044598962	0.09899106390900358	0.0	-1	0.13330720146575326	0.2744939928800243	0.09681964476783744	0.47450952379978373
b0365_1-320	-1	-1	-1	-1	-1	-1	-1	-1	-1	-1	-1	-1	-1	-1	-1	-1	-1	-1	-1	-1	-1	-1	-1	-1
ETEC_1004_1-319	0.28578733210531665	0.390533534721757	-1	0.0059607796021240445	0.1323310053875285	0.4433918617633605	0.1309884938520064	0.0836731961722087	0.19479594756539786	0.37306358340050255	0.11513207129823844	0.3292235845726757	0.08421948439640159	0.13306530809396355	0.10633969106983165	0.36114150051176536	0.1207075674211543	0.03431613755674967	0.13330720146575326	-1	0.0	0.14118679141427104	0.03648755669791581	0.3412023223340305
ETEC_0419_1-320	0.4269741235195877	0.24934674330748596	-1	0.14714757101639508	0.00885578602674253	0.5845786531776316	0.27217528526627743	0.05751359524206234	0.3359827389796689	0.5142503748147735	0.2563188627125095	0.47041037598694674	0.22540627581067263	0.008121483320307488	0.2475264824841027	0.5023282919260363	0.26189435883542533	0.1755029289710207	0.2744939928800243	-1	0.14118679141427104	0.0	0.17767434811218685	0.20001553091975943
ERS227112_02661_1-320	0.24929977540740084	0.4270210914196728	-1	0.03052677709579177	0.16881856208544432	0.40690430506544467	0.09450093715409058	0.12016075287012451	0.15830839086748205	0.33657602670258674	0.07864451460032262	0.2927360278747599	0.04773192769848578	0.16955286479187937	0.06985213437191584	0.32465394381384954	0.08422001072323848	0.002171419141166142	0.09681964476783744	-1	0.03648755669791581	0.17767434811218685	0.0	0.3776898790319463
BN373_23781_5-309	0.6269896544393472	0.04933121238772653	-1	0.3471631019361545	0.20887131694650196	0.7845941840973909	0.47219081618603687	0.2575291261618218	0.5359982698994283	0.7142659057345331	0.4563343936322689	0.6704259069067062	0.42542180673043206	0.20813701424006692	0.4475420134038621	0.7023438228457959	0.46190988975518477	0.37551845989078014	0.47450952379978373	-1	0.3412023223340305	0.20001553091975943	0.3776898790319463	0.0
