SL1344_4225_1-147	0.0	0.013220269041415045	0.41257322987589307	0.33523268357649805	0.297040096077564	0.5957538363826731	0.00742292624298202	0.538590606486433	6.013370280789613	0.033996537380142966	0.048358748991299993	0.18382382109808404
ETEC_4415_1-147	0.013220269041415045	0.0	0.399352960834478	0.3484529526179131	0.31026036511897903	0.582533567341258	0.020643195284397065	0.551810875527848	6.000150011748198	0.02077626833872792	0.06157901803271504	0.19704409013949908
BN373_01131_1-144	0.41257322987589307	0.399352960834478	0.0	0.7478059134523911	0.709613325953457	0.18318060650678003	0.4199961561188751	0.951163836362326	5.6007970509137195	0.3785766924957501	0.46093197886719306	0.5963970509739771
STMMW_42391_1-147	0.33523268357649805	0.3484529526179131	0.7478059134523911	0.0	0.03819258749893406	0.9309865199591711	0.327809757333516	0.20335792290993493	6.348602964366111	0.369229220956641	0.28687393458519805	0.151408862478414
CS17_04584_1-148	0.297040096077564	0.31026036511897903	0.709613325953457	0.03819258749893406	0.0	0.8927939324602371	0.28961716983458197	0.241550510408869	6.310410376867177	0.33103663345770695	0.248681347086264	0.11321627497947995
ENC_05400_1-143	0.5957538363826731	0.582533567341258	0.18318060650678003	0.9309865199591711	0.8927939324602371	0.0	0.6031767626256551	1.134344442869106	5.41761644440694	0.5617572990025301	0.6441125853739731	0.7795776574807571
SEN4059_1-147	0.00742292624298202	0.020643195284397065	0.4199961561188751	0.327809757333516	0.28961716983458197	0.6031767626256551	0.0	0.531167680243451	6.020793207032595	0.041419463623124986	0.040935822748317974	0.17640089485510202
t4195_1-147	0.538590606486433	0.551810875527848	0.951163836362326	0.20335792290993493	0.241550510408869	1.134344442869106	0.531167680243451	0.0	6.551960887276046	0.5725871438665759	0.490231857495133	0.35476678538834894
b4107_1-147	6.013370280789613	6.000150011748198	5.6007970509137195	6.348602964366111	6.310410376867177	5.41761644440694	6.020793207032595	6.551960887276046	0.0	5.97937374340947	6.061729029780913	6.197194101887697
ERS227112_01977_1-145	0.033996537380142966	0.02077626833872792	0.3785766924957501	0.369229220956641	0.33103663345770695	0.5617572990025301	0.041419463623124986	0.5725871438665759	5.97937374340947	0.0	0.08235528637144296	0.217820358478227
NCTC13441_04357_1-148	0.048358748991299993	0.06157901803271504	0.46093197886719306	0.28687393458519805	0.248681347086264	0.6441125853739731	0.040935822748317974	0.490231857495133	6.061729029780913	0.08235528637144296	0.0	0.13546507210678405
STM_MW42391_1-148	0.18382382109808404	0.19704409013949908	0.5963970509739771	0.151408862478414	0.11321627497947995	0.7795776574807571	0.17640089485510202	0.35476678538834894	6.197194101887697	0.217820358478227	0.13546507210678405	0.0
