ERS227112_01932_1-380	0.0	0.21242228567477284	0.3067806608249133	0.559910430403453	0.335173421712065	0.2988007918216159	0.46350106509850486	0.4693215625785926	0.12169598445020302	0.5274612857533447	0.024775907509876793	0.20528395695655566	0.619137993299026	0.6110272679159652	0.5927606872874474	0.3926463418267955
BN373_22981_1-406	0.21242228567477284	0.0	0.5192029464996861	0.34748814472868017	0.12275113603729215	0.08637850614684306	0.251078779423732	0.25689927690381975	0.09072630122456982	0.3150390000785719	0.23719819318464963	0.4177062426313285	0.40671570762425313	0.39860498224119234	0.3803384016126745	0.18022405615202264
BN373_03391_1-355	0.3067806608249133	0.5192029464996861	0.0	0.8666910912283663	0.6419540825369783	0.6055814526465292	0.7702817259234181	0.7761022234035059	0.4284766452751163	0.834241946578258	0.2820047533150365	0.10149670386835763	0.9259186541239393	0.9178079287408785	0.8995413481123606	0.6994270026517088
STM_MW24191_1-398	0.559910430403453	0.34748814472868017	0.8666910912283663	0.0	0.22473700869138802	0.2611096385818371	0.09640936530494815	0.09058886782486042	0.43821444595325	0.032449144650108286	0.5846863379133298	0.7651943873600087	0.05922756289557296	0.05111683751251217	0.032850256883994344	0.16726408857665753
BN373_24671_1-322	0.335173421712065	0.12275113603729215	0.6419540825369783	0.22473700869138802	0.0	0.03637262989044909	0.12832764338643987	0.1341481408665276	0.21347743726186197	0.19228786404127973	0.3599493292219418	0.5404573786686206	0.283964571586961	0.2758538462039002	0.25758726557538236	0.057472920114730486
ERS227112_04945_1-407	0.2988007918216159	0.08637850614684306	0.6055814526465292	0.2611096385818371	0.03637262989044909	0.0	0.16470027327688896	0.1705207707569767	0.17710480737141288	0.22866049393172883	0.3235766993314927	0.5040847487781716	0.32033720147741007	0.3122264760943493	0.29395989546583146	0.09384555000517958
SEN2384_1-397	0.46350106509850486	0.251078779423732	0.7702817259234181	0.09640936530494815	0.12832764338643987	0.16470027327688896	0.0	0.005820497480087727	0.34180508064830184	0.06396022065483986	0.48827697260838165	0.6687850220550605	0.1556369282005211	0.14752620281746032	0.1292596221889425	0.07085472327170939
SL1344_2366_1-397	0.4693215625785926	0.25689927690381975	0.7761022234035059	0.09058886782486042	0.1341481408665276	0.1705207707569767	0.005820497480087727	0.0	0.34762557812838957	0.058139723174752134	0.4940974700884694	0.6746055195351482	0.14981643072043338	0.1417057053373726	0.12343912470885476	0.07667522075179711
BN373_26731_1-362	0.12169598445020302	0.09072630122456982	0.4284766452751163	0.43821444595325	0.21347743726186197	0.17710480737141288	0.34180508064830184	0.34762557812838957	0.0	0.4057653013031417	0.14647189196007981	0.3269799414067587	0.49744200884882295	0.48933128346576216	0.47106470283724433	0.27095035737659245
Ecoli9000q_44670_1-344	0.5274612857533447	0.3150390000785719	0.834241946578258	0.032449144650108286	0.19228786404127973	0.22866049393172883	0.06396022065483986	0.058139723174752134	0.4057653013031417	0.0	0.5522371932632215	0.7327452427099004	0.09167670754568125	0.08356598216262046	0.06529940153410263	0.13481494392654925
BN373_00661_1-379	0.024775907509876793	0.23719819318464963	0.2820047533150365	0.5846863379133298	0.3599493292219418	0.3235766993314927	0.48827697260838165	0.4940974700884694	0.14647189196007981	0.5522371932632215	0.0	0.18050804944667886	0.6439139008089028	0.635803175425842	0.6175365947973241	0.41742224933667227
ERS227112_04589_1-363	0.20528395695655566	0.4177062426313285	0.10149670386835763	0.7651943873600087	0.5404573786686206	0.5040847487781716	0.6687850220550605	0.6746055195351482	0.3269799414067587	0.7327452427099004	0.18050804944667886	0.0	0.8244219502555816	0.8163112248725208	0.798044644244003	0.5979302987833511
ERS227112_04790_1-323	0.619137993299026	0.40671570762425313	0.9259186541239393	0.05922756289557296	0.283964571586961	0.32033720147741007	0.1556369282005211	0.14981643072043338	0.49744200884882295	0.09167670754568125	0.6439139008089028	0.8244219502555816	0.0	0.00811072538306079	0.026377306011578616	0.2264916514722305
ROD_04061_1-343	0.6110272679159652	0.39860498224119234	0.9178079287408785	0.05111683751251217	0.2758538462039002	0.3122264760943493	0.14752620281746032	0.1417057053373726	0.48933128346576216	0.08356598216262046	0.635803175425842	0.8163112248725208	0.00811072538306079	0.0	0.018266580628517826	0.2183809260891697
STMMW_24191_1-397	0.5927606872874474	0.3803384016126745	0.8995413481123606	0.032850256883994344	0.25758726557538236	0.29395989546583146	0.1292596221889425	0.12343912470885476	0.47106470283724433	0.06529940153410263	0.6175365947973241	0.798044644244003	0.026377306011578616	0.018266580628517826	0.0	0.20011434546065188
t0460_1-397	0.3926463418267955	0.18022405615202264	0.6994270026517088	0.16726408857665753	0.057472920114730486	0.09384555000517958	0.07085472327170939	0.07667522075179711	0.27095035737659245	0.13481494392654925	0.41742224933667227	0.5979302987833511	0.2264916514722305	0.2183809260891697	0.20011434546065188	0.0
