NCTC13441_01427_1-445	0.0	0.49375602340863195	0.6484666599681319	0.430746355666132	-1	0.5015937271849109	0.027539964212957013	0.154211793345351	0.9982000035092669	0.093464903377149	0.619660189358628	0.295984264344385	0.5273768599645301
ROD_26861_1-445	0.49375602340863195	0.0	0.15471063655950001	0.06300966774249994	-1	0.007837703776279015	0.521295987621589	0.33954423006328094	0.504443980100635	0.587220926785781	0.1259041659499961	0.19777175906424693	0.03362083655589809
SL1344_2293_1-445	0.6484666599681319	0.15471063655950001	0.0	0.21772030430199996	-1	0.146872932783221	0.6760066241810889	0.49425486662278095	0.34973334354113494	0.741931563345281	0.02880647060950392	0.35248239562374695	0.12108980000360192
ENC_39270_1-445	0.430746355666132	0.06300966774249994	0.21772030430199996	0.0	-1	0.07084737151877896	0.458286319879089	0.276534562320781	0.5674536478431349	0.524211259043281	0.18891383369249604	0.134762091321747	0.09663050429839803
b2284_1-445	-1	-1	-1	-1	-1	-1	-1	-1	-1	-1	-1	-1	-1
STMMW_23461_1-445	0.5015937271849109	0.007837703776279015	0.146872932783221	0.07084737151877896	-1	0.0	0.5291336913978679	0.34738193383955995	0.49660627632435594	0.59505863056206	0.11806646217371708	0.20560946284052595	0.025783132779619078
STM_MW23461_1-445	0.027539964212957013	0.521295987621589	0.6760066241810889	0.458286319879089	-1	0.5291336913978679	0.0	0.18175175755830802	1.0257399677222239	0.06592493916419198	0.647200153571585	0.32352422855734203	0.5549168241774871
SEN2306_1-445	0.154211793345351	0.33954423006328094	0.49425486662278095	0.276534562320781	-1	0.34738193383955995	0.18175175755830802	0.0	0.8439882101639159	0.2476766967225	0.46544839601327703	0.141772470999034	0.37316506661917903
BN373_32851_1-445	0.9982000035092669	0.504443980100635	0.34973334354113494	0.5674536478431349	-1	0.49660627632435594	1.0257399677222239	0.8439882101639159	0.0	1.091664906886416	0.37853981415063886	0.7022157391648819	0.47082314354473687
t0540_1-445	0.093464903377149	0.587220926785781	0.741931563345281	0.524211259043281	-1	0.59505863056206	0.06592493916419198	0.2476766967225	1.091664906886416	0.0	0.7131250927357771	0.38944916772153404	0.6208417633416791
ERS227112_03904_1-445	0.619660189358628	0.1259041659499961	0.02880647060950392	0.18891383369249604	-1	0.11806646217371708	0.647200153571585	0.46544839601327703	0.37853981415063886	0.7131250927357771	0.0	0.323675925014243	0.092283329394098
ETEC_2419_1-445	0.295984264344385	0.19777175906424693	0.35248239562374695	0.134762091321747	-1	0.20560946284052595	0.32352422855734203	0.141772470999034	0.7022157391648819	0.38944916772153404	0.323675925014243	0.0	0.23139259562014503
CS17_02530_1-445	0.5273768599645301	0.03362083655589809	0.12108980000360192	0.09663050429839803	-1	0.025783132779619078	0.5549168241774871	0.37316506661917903	0.47082314354473687	0.6208417633416791	0.092283329394098	0.23139259562014503	0.0
