ENC_08530_1-262	0.0	0.009842169603468452	0.003567244028052162	0.009842169603468452	0.017847706430840042	0.009842169603468452	-1	0.005073695007459564	0.009842169603468452	0.009842169603468452	0.01533491032673478	0.0008293076167923564	0.009249867011965564	0.02520282544637631
SL1344_1631_1-262	0.009842169603468452	0.0	0.013409413631520614	0.0	0.027689876034308496	0.0	-1	0.014915864610928016	0.0	0.0	0.025177079930203232	0.009012861986676095	0.019092036615434016	0.03504499504984476
STMMW_16961_1-262	0.003567244028052162	0.013409413631520614	0.0	0.013409413631520614	0.014280462402787882	0.013409413631520614	-1	0.0015064509794074019	0.013409413631520614	0.013409413631520614	0.011767666298682618	0.004396551644844518	0.005682622983913402	0.021635581418324147
NCTC13441_02474_1-262	0.009842169603468452	0.0	0.013409413631520614	0.0	0.027689876034308496	0.0	-1	0.014915864610928016	0.0	0.0	0.025177079930203232	0.009012861986676095	0.019092036615434016	0.03504499504984476
BN373_19101_1-262	0.017847706430840042	0.027689876034308496	0.014280462402787882	0.027689876034308496	0.0	0.027689876034308496	-1	0.01277401142338048	0.027689876034308496	0.027689876034308496	0.0025127961041052638	0.0186770140476324	0.00859783941887448	0.007355119015536267
Ecoli9000q_3160_1-262	0.009842169603468452	0.0	0.013409413631520614	0.0	0.027689876034308496	0.0	-1	0.014915864610928016	0.0	0.0	0.025177079930203232	0.009012861986676095	0.019092036615434016	0.03504499504984476
b1288_1-262	-1	-1	-1	-1	-1	-1	-1	-1	-1	-1	-1	-1	-1	-1
ROD_17111_1-262	0.005073695007459564	0.014915864610928016	0.0015064509794074019	0.014915864610928016	0.01277401142338048	0.014915864610928016	-1	0.0	0.014915864610928016	0.014915864610928016	0.010261215319275216	0.00590300262425192	0.004176172004506	0.020129130438916745
STM_MW16961_1-262	0.009842169603468452	0.0	0.013409413631520614	0.0	0.027689876034308496	0.0	-1	0.014915864610928016	0.0	0.0	0.025177079930203232	0.009012861986676095	0.019092036615434016	0.03504499504984476
ERS227112_05444_1-262	0.009842169603468452	0.0	0.013409413631520614	0.0	0.027689876034308496	0.0	-1	0.014915864610928016	0.0	0.0	0.025177079930203232	0.009012861986676095	0.019092036615434016	0.03504499504984476
t1613_1-262	0.01533491032673478	0.025177079930203232	0.011767666298682618	0.025177079930203232	0.0025127961041052638	0.025177079930203232	-1	0.010261215319275216	0.025177079930203232	0.025177079930203232	0.0	0.016164217943527136	0.006085043314769216	0.00986791511964153
SEN1332_1-262	0.0008293076167923564	0.009012861986676095	0.004396551644844518	0.009012861986676095	0.0186770140476324	0.009012861986676095	-1	0.00590300262425192	0.009012861986676095	0.009012861986676095	0.016164217943527136	0.0	0.01007917462875792	0.026032133063168667
CS17_01474_1-262	0.009249867011965564	0.019092036615434016	0.005682622983913402	0.019092036615434016	0.00859783941887448	0.019092036615434016	-1	0.004176172004506	0.019092036615434016	0.019092036615434016	0.006085043314769216	0.01007917462875792	0.0	0.015952958434410747
ETEC_1392_1-262	0.02520282544637631	0.03504499504984476	0.021635581418324147	0.03504499504984476	0.007355119015536267	0.03504499504984476	-1	0.020129130438916745	0.03504499504984476	0.03504499504984476	0.00986791511964153	0.026032133063168667	0.015952958434410747	0.0
