NCTC13441_00807_1-152	0.0	0.05295217592980994	0.3981601571505	0.45339721007813805	0.06823856905226	0.26648095637347	0.11544450329326983	5.76125882973679	0.21829629435197018	0.1805376007153099	0.2757250830160298	0.4367594206619698	0.19188592348114986
ETEC_3134_1-165	0.05295217592980994	0.0	0.3452079812206901	0.506349386007948	0.12119074498206994	0.31943313230327997	0.06249232736345989	5.70830665380698	0.2712484702817801	0.12758542478549995	0.22277290708621988	0.3838072447321599	0.13893374755133991
SL1344_3067_1-165	0.3981601571505	0.3452079812206901	0.0	0.8515573672286381	0.46639872620276	0.66464111352397	0.2827156538572302	5.36309867258629	0.6164564515024702	0.21762255643519013	0.12243507413447019	0.038599263511469806	0.20627423366935016
t3004_1-165	0.45339721007813805	0.506349386007948	0.8515573672286381	0.0	0.38515864102587805	0.18691625370466802	0.5688417133714079	6.214656039814928	0.23510091572616787	0.6339348107934479	0.7291222930941679	0.8901566307401079	0.6452831335592879
SEN2935_1-165	0.06823856905226	0.12119074498206994	0.46639872620276	0.38515864102587805	0.0	0.19824238732121002	0.18368307234552983	5.82949739878905	0.15005772529971018	0.2487761697675699	0.3439636520682898	0.5049979897142298	0.26012449253340986
ROD_50421_1-166	0.26648095637347	0.31943313230327997	0.66464111352397	0.18691625370466802	0.19824238732121002	0.0	0.38192545966673985	6.02773978611026	0.04818466202149985	0.4470185570887799	0.5422060393894998	0.7032403770354398	0.4583668798546199
CS17_03306_1-152	0.11544450329326983	0.06249232736345989	0.2827156538572302	0.5688417133714079	0.18368307234552983	0.38192545966673985	0.0	5.64581432644352	0.33374079764524	0.06509309742204006	0.16028057972276	0.3213149173687	0.07644142018788003
b2944_1-165	5.76125882973679	5.70830665380698	5.36309867258629	6.214656039814928	5.82949739878905	6.02773978611026	5.64581432644352	0.0	5.97955512408876	5.58072122902148	5.48553374672076	5.32449940907482	5.56937290625564
ERS227112_01286_1-152	0.21829629435197018	0.2712484702817801	0.6164564515024702	0.23510091572616787	0.15005772529971018	0.04818466202149985	0.33374079764524	5.97955512408876	0.0	0.39883389506728006	0.494021377368	0.65505571501394	0.41018221783312003
ENC_31940_1-165	0.1805376007153099	0.12758542478549995	0.21762255643519013	0.6339348107934479	0.2487761697675699	0.4470185570887799	0.06509309742204006	5.58072122902148	0.39883389506728006	0.0	0.09518748230071994	0.25622181994665993	0.011348322765839969
STMMW_30531_1-165	0.2757250830160298	0.22277290708621988	0.12243507413447019	0.7291222930941679	0.3439636520682898	0.5422060393894998	0.16028057972276	5.48553374672076	0.494021377368	0.09518748230071994	0.0	0.16103433764594	0.08383915953487997
STM_MW30531_1-166	0.4367594206619698	0.3838072447321599	0.038599263511469806	0.8901566307401079	0.5049979897142298	0.7032403770354398	0.3213149173687	5.32449940907482	0.65505571501394	0.25622181994665993	0.16103433764594	0.0	0.24487349718081997
BN373_40301_1-166	0.19188592348114986	0.13893374755133991	0.20627423366935016	0.6452831335592879	0.26012449253340986	0.4583668798546199	0.07644142018788003	5.56937290625564	0.41018221783312003	0.011348322765839969	0.08383915953487997	0.24487349718081997	0.0
