ROD_14551_4-422	0.0	0.4676312786776875	0.529568278918454	0.6563048689815009	0.11908408274655402	0.7603106971468425
BN373_23851_5-430	0.4676312786776875	0.0	0.06193700024076654	0.18867359030381337	0.3485471959311335	0.292679418469155
ENC_10550_4-80	0.529568278918454	0.06193700024076654	0.0	0.12673659006304683	0.4104841961719	0.23074241822838848
ENC_10550_94-427	0.6563048689815009	0.18867359030381337	0.12673659006304683	0.0	0.5372207862349468	0.10400582816534165
ROD_35681_1-448	0.11908408274655402	0.3485471959311335	0.4104841961719	0.5372207862349468	0.0	0.6412266144002885
ERS227112_04854_5-430	0.7603106971468425	0.292679418469155	0.23074241822838848	0.10400582816534165	0.6412266144002885	0.0
