t1474_1-261	0.0	0.039645438419229184	0.4308059709162847	0.22254142943120359	0.09321000853482786	0.27196981255820474
SL1344_1491_1-261	0.039645438419229184	0.0	0.4704514093355139	0.26218686785043277	0.053564570115598675	0.3116152509774339
STM_MW15561_1-262	0.4308059709162847	0.4704514093355139	0.0	0.2082645414850811	0.5240159794511126	0.15883615835807996
SEN1494_1-261	0.22254142943120359	0.26218686785043277	0.2082645414850811	0.0	0.31575143796603145	0.04942838312700115
ROD_15411_1-263	0.09321000853482786	0.053564570115598675	0.5240159794511126	0.31575143796603145	0.0	0.3651798210930326
STMMW_15561_1-261	0.27196981255820474	0.3116152509774339	0.15883615835807996	0.04942838312700115	0.3651798210930326	0.0
