ETEC_3946_1-158	0.0	0.27508261578089543	0.13009913893707448	0.14159955705784616	0.008452114001118144	0.12676056338028163	0.3979887835006789	0.04586901535956638	0.26711677991386995	0.5343154405608153	0.43759946776372005	0.20967741935483875	-1	-1	0.07815953385573636	0.1662558830111773	-1
CS17_00301_1-158	0.27508261578089543	0.0	0.16666666666666674	0.15550208509391983	0.28120970015370766	0.36697355180866925	0.5635916036647511	0.30833386241205823	0.4687202131570883	0.35760326683180677	0.22418672185367852	0.08275759547786767	-1	-1	0.3317418206153804	0.3956043956043956	-1
CS17_01161_1-158	0.13009913893707448	0.16666666666666674	0.0	0.013220377902281208	0.13745164018444914	0.24036826217040302	0.47630992439770126	0.17000063489446982	0.3624642557885059	0.4646693890265057	0.3534889348780655	0.09147971220597272	-1	-1	0.1980901847384564	0.27472527472527464	-1
ROD_49701_1-163	0.14159955705784616	0.15550208509391983	0.013220377902281208	0.0	0.14885485546020355	0.2504108808110769	0.4832333051008379	0.1809735401598184	0.37089271925319395	0.45749729829698327	0.3448273042489807	0.07930781356968643	-1	-1	0.20869173553976253	0.2843136806763797	-1
NCTC13441_04972_1-158	0.008452114001118144	0.28120970015370766	0.13745164018444914	0.14885485546020355	0.0	0.11931692967100624	0.39285714285714285	0.03773584905660364	0.2608695652173913	0.5382514595457557	0.4423529411764706	0.21635731590410953	-1	-1	0.07030161713712416	0.15914891377241774	-1
ETEC_3223_1-158	0.12676056338028163	0.36697355180866925	0.24036826217040302	0.2504108808110769	0.11931692967100624	0.0	0.310600058524971	0.0847803386777125	0.16073050603039948	0.5933458776728245	0.5088896760753612	0.30985915492957744	-1	-1	0.05272173582032734	0.04522851119021923	-1
NCTC13441_04863_1-158	0.3979887835006789	0.5635916036647511	0.47630992439770126	0.4832333051008379	0.39285714285714285	0.310600058524971	0.0	0.3690476190476191	0.17857142857142858	0.719652671867066	0.6614285714285715	0.5242169417989238	-1	-1	0.34694642011396665	0.2779424715180428	-1
NCTC13441_01713_1-158	0.04586901535956638	0.30833386241205823	0.17000063489446982	0.1809735401598184	0.03773584905660364	0.0847803386777125	0.3690476190476191	0.0	0.2318840579710146	0.5556759327704441	0.46339622641509426	0.2459287379454638	-1	-1	0.03384285702485464	0.12617436137133622	-1
NCTC13441_04126_1-158	0.26711677991386995	0.4687202131570883	0.3624642557885059	0.37089271925319395	0.2608695652173913	0.16073050603039948	0.17857142857142858	0.2318840579710146	0.0	0.6587076005338194	0.5878260869565217	0.420785842189994	-1	-1	0.20497825057352456	0.1209734435871825	-1
Ecoli9000q_53870_1-163	0.5343154405608153	0.35760326683180677	0.4646693890265057	0.45749729829698327	0.5382514595457557	0.5933458776728245	0.719652671867066	0.5556759327704441	0.6587076005338194	0.0	0.1719699169069459	0.41076647581164377	-1	-1	0.5707131286503959	0.611738238195048	-1
NCTC13441_02658_1-150	0.43759946776372005	0.22418672185367852	0.3534889348780655	0.3448273042489807	0.4423529411764706	0.5088896760753612	0.6614285714285715	0.46339622641509426	0.5878260869565217	0.1719699169069459	0.0	0.28839116329287023	-1	-1	0.4815564312035257	0.5311018648566188	-1
ETEC_2124_1-158	0.20967741935483875	0.08275759547786767	0.09147971220597272	0.07930781356968643	0.21635731590410953	0.30985915492957744	0.5242169417989238	0.2459287379454638	0.420785842189994	0.41076647581164377	0.28839116329287023	0.0	-1	-1	0.2714486638537272	0.3410731978636724	-1
b2644_1-160	-1	-1	-1	-1	-1	-1	-1	-1	-1	-1	-1	-1	-1	-1	-1	-1	-1
b0247_1-158	-1	-1	-1	-1	-1	-1	-1	-1	-1	-1	-1	-1	-1	-1	-1	-1	-1
ETEC_4454_1-148	0.07815953385573636	0.3317418206153804	0.1980901847384564	0.20869173553976253	0.07030161713712416	0.05272173582032734	0.34694642011396665	0.03384285702485464	0.20497825057352456	0.5707131286503959	0.4815564312035257	0.2714486638537272	-1	-1	0.0	0.09556572139202911	-1
CS17_03370_1-158	0.1662558830111773	0.3956043956043956	0.27472527472527464	0.2843136806763797	0.15914891377241774	0.04522851119021923	0.2779424715180428	0.12617436137133622	0.1209734435871825	0.611738238195048	0.5311018648566188	0.3410731978636724	-1	-1	0.09556572139202911	0.0	-1
b2002_1-148	-1	-1	-1	-1	-1	-1	-1	-1	-1	-1	-1	-1	-1	-1	-1	-1	-1
