STMMW_07681_1-247	0.0	0.046601956979253956	0.15134928010622106	0.03781195121905101	0.12310893551083091	0.07377452794397099	-1	0.38954532017232113	0.08571087955392298	0.275277563640023	0.17088511590606892	0.5043300062485812
STM_MW07681_1-247	0.046601956979253956	0.0	0.19795123708547502	0.08441390819830497	0.07650697853157695	0.12037648492322495	-1	0.4361472771515751	0.039108922574669025	0.22867560666076903	0.12428315892681496	0.5509319632278351
ROD_07101_1-247	0.15134928010622106	0.19795123708547502	0.0	0.11353732888717005	0.27445821561705197	0.07757475216225007	-1	0.23819604006610007	0.23706015966014404	0.42662684374624404	0.32223439601229	0.3529807261423601
BN373_12921_1-247	0.03781195121905101	0.08441390819830497	0.11353732888717005	0.0	0.16092088672988192	0.03596257672491998	-1	0.3517333689532701	0.12352283077297399	0.313089514859074	0.20869706712511993	0.46651805502953014
NCTC13441_03291_1-247	0.12310893551083091	0.07650697853157695	0.27445821561705197	0.16092088672988192	0.0	0.1968834634548019	-1	0.512654255683152	0.03739805595690793	0.15216862812919207	0.04777618039523801	0.6274389417594121
ETEC_0722_1-247	0.07377452794397099	0.12037648492322495	0.07757475216225007	0.03596257672491998	0.1968834634548019	0.0	-1	0.31577079222835014	0.15948540749789397	0.349052091583994	0.2446596438500399	0.43055547830461016
b0710_1-247	-1	-1	-1	-1	-1	-1	-1	-1	-1	-1	-1	-1
SL1344_0692_1-247	0.38954532017232113	0.4361472771515751	0.23819604006610007	0.3517333689532701	0.512654255683152	0.31577079222835014	-1	0.0	0.4752561997262441	0.6648228838123441	0.56043043607839	0.11478468607626002
ERS227112_03162_1-247	0.08571087955392298	0.039108922574669025	0.23706015966014404	0.12352283077297399	0.03739805595690793	0.15948540749789397	-1	0.4752561997262441	0.0	0.1895666840861	0.08517423635214594	0.5900408858025041
t2165_1-247	0.275277563640023	0.22867560666076903	0.42662684374624404	0.313089514859074	0.15216862812919207	0.349052091583994	-1	0.6648228838123441	0.1895666840861	0.0	0.10439244773395406	0.7796075698886041
SEN0674_1-247	0.17088511590606892	0.12428315892681496	0.32223439601229	0.20869706712511993	0.04777618039523801	0.2446596438500399	-1	0.56043043607839	0.08517423635214594	0.10439244773395406	0.0	0.6752151221546501
CS17_00708_1-247	0.5043300062485812	0.5509319632278351	0.3529807261423601	0.46651805502953014	0.6274389417594121	0.43055547830461016	-1	0.11478468607626002	0.5900408858025041	0.7796075698886041	0.6752151221546501	0.0
