ETEC_3995_1-85	0.0	0.10907575736576747	0.14506104032031497	-1	0.2610096821210478	0.3510421476137775	0.19895326372704503	0.15069588740593076
STM_MW38261_1-86	0.10907575736576747	0.0	0.25413679768608244	-1	0.15193392475528034	0.46011790497954497	0.08987750636127756	0.041620130040163295
STMMW_38261_1-85	0.14506104032031497	0.25413679768608244	0.0	-1	0.4060707224413628	0.20598110729346253	0.34401430404736	0.29575692772624573
b4557_1-85	-1	-1	-1	-1	-1	-1	-1	-1
SL1344_3808_1-85	0.2610096821210478	0.15193392475528034	0.4060707224413628	-1	0.0	0.6120518297348253	0.06205641839400278	0.11031379471511704
SEN3658_1-85	0.3510421476137775	0.46011790497954497	0.20598110729346253	-1	0.6120518297348253	0.0	0.5499954113408225	0.5017380350197083
ERS227112_00468A_1-86	0.19895326372704503	0.08987750636127756	0.34401430404736	-1	0.06205641839400278	0.5499954113408225	0.0	0.048257376321114265
BN373_47521_1-85	0.15069588740593076	0.041620130040163295	0.29575692772624573	-1	0.11031379471511704	0.5017380350197083	0.048257376321114265	0.0
