NCTC13441_00170_1-549	0.0	0.7306117872215776	1.1092203565453698	0.7962584432918327	1.3292775606547667	1.2875953458977956	1.2518908066201986	0.9285064335016389	0.22371357792258673	-1	1.3754495013844574	1.024834456466392	1.3896989022157062	0.4934483395493634	1.1125218083002477	0.8215580389356102	0.5498093978798853	0.8295445399591016	0.983414481266735	0.08493261271469321	1.1301020296771456	-1	1.362014279412936	0.8675529008232609	0.4966749092998306
SL1344_3568_1-549	0.7306117872215776	0.0	0.37860856932379217	0.0656466560702551	0.598665773433189	0.556983558676218	0.5212790193986211	0.19789464628006126	0.5068982092989909	-1	0.6448377141628798	0.29422266924481444	0.6590871149941286	0.2371634476722142	0.38191002107867	0.09094625171403259	0.18080238934169235	0.098932752737524	0.25280269404515743	0.6456791745068844	0.39949024245556797	-1	0.6314024921913584	0.13694111360168326	0.233936877921747
t3914_1-549	1.1092203565453698	0.37860856932379217	0.0	0.31296191325353706	0.22005720410939683	0.1783749893524258	0.14267045007482893	0.1807139230437309	0.885506778622783	-1	0.2662291448390877	0.08438590007897773	0.28047854567033653	0.6157720169960064	0.0033014517548778377	0.2876623176097596	0.5594109586654845	0.27967581658626817	0.12580587527863474	1.0242877438306766	0.020881673131775802	-1	0.25279392286756613	0.2416674557221089	0.6125454472455392
STM_MW35921_1-549	0.7962584432918327	0.0656466560702551	0.31296191325353706	0.0	0.533019117362934	0.49133690260596286	0.455632363328366	0.13224799020980615	0.572544865369246	-1	0.5791910580926247	0.22857601317455933	0.5934404589238735	0.3028101037424693	0.3162633650084149	0.025299595643777484	0.24644904541194745	0.033286096667268894	0.18715603797490232	0.7113258305771395	0.33384358638531286	-1	0.5657558361211033	0.07129445753142816	0.2995835339920021
SEN1241_1-570	1.3292775606547667	0.598665773433189	0.22005720410939683	0.533019117362934	0.0	0.04168221475697104	0.0773867540345679	0.40077112715312774	1.10556398273218	-1	0.046171940729690886	0.30444310418837456	0.0604213415609397	0.8358292211054033	0.216755752354519	0.5077195217191564	0.7794681627748814	0.499733020695665	0.34586307938803157	1.2443449479400734	0.19917553097762103	-1	0.0327367187581693	0.46172465983150573	0.832602651354936
CS17_01374_3-563	1.2875953458977956	0.556983558676218	0.1783749893524258	0.49133690260596286	0.04168221475697104	0.0	0.03570453927759687	0.3590889123961567	1.0638817679752088	-1	0.08785415548666192	0.2627608894314035	0.10210355631791074	0.7941470063484322	0.17507353759754796	0.46603730696218537	0.7377859480179103	0.45805080593869396	0.30418086463106053	1.2026627331831024	0.15749331622065	-1	0.07441893351514034	0.4200424450745347	0.790920436597965
Ecoli9000q_1550_1-483	1.2518908066201986	0.5212790193986211	0.14267045007482893	0.455632363328366	0.0773867540345679	0.03570453927759687	0.0	0.32338437311855983	1.0281772286976119	-1	0.12355869476425879	0.22705635015380665	0.1378080955955076	0.7584424670708353	0.1393689983199511	0.4303327676845885	0.7020814087403134	0.4223462666610971	0.26847632535346366	1.1669581939055056	0.12178877694305312	-1	0.11012347279273721	0.38433790579693783	0.7552158973203681
NCTC13441_02677_3-563	0.9285064335016389	0.19789464628006126	0.1807139230437309	0.13224799020980615	0.40077112715312774	0.3590889123961567	0.32338437311855983	0.0	0.7047928555790521	-1	0.4469430678828186	0.09632802296475318	0.46119246871406744	0.43505809395227546	0.18401537479860874	0.10694839456602867	0.3786970356217536	0.09896189354253726	0.05490804776509617	0.8435738207869456	0.2015955961755067	-1	0.43350784591129704	0.060953532678378	0.43183152420180826
ETEC_3765_1-549	0.22371357792258673	0.5068982092989909	0.885506778622783	0.572544865369246	1.10556398273218	1.0638817679752088	1.0281772286976119	0.7047928555790521	0.0	-1	1.1517359234618707	0.8011208785438053	1.1659853242931195	0.2697347616267767	0.8888082303776609	0.5978444610130235	0.3260958199572985	0.6058309620365149	0.7597009033441483	0.13878096520789351	0.9063884517545588	-1	1.1383007014903492	0.6438393229006741	0.2729613313772439
b1197_3-563	-1	-1	-1	-1	-1	-1	-1	-1	-1	-1	-1	-1	-1	-1	-1	-1	-1	-1	-1	-1	-1	-1	-1	-1	-1
ERS227112_04363_1-567	1.3754495013844574	0.6448377141628798	0.2662291448390877	0.5791910580926247	0.046171940729690886	0.08785415548666192	0.12355869476425879	0.4469430678828186	1.1517359234618707	-1	0.0	0.35061504491806544	0.014249400831248815	0.882001161835094	0.2629276930842099	0.5538914624488473	0.8256401035045722	0.5459049614253559	0.39203502011772245	1.2905168886697642	0.24534747170731191	-1	0.013435221971521583	0.5078966005611967	0.8787745920846268
BN373_28861_1-567	1.024834456466392	0.29422266924481444	0.08438590007897773	0.22857601317455933	0.30444310418837456	0.2627608894314035	0.22705635015380665	0.09632802296475318	0.8011208785438053	-1	0.35061504491806544	0.0	0.36486444574931426	0.5313861169170286	0.08768735183385556	0.20327641753078185	0.4750250585865068	0.19528991650729044	0.04141997519965701	0.9399018437516988	0.10526757321075353	-1	0.33717982294654386	0.15728155564313118	0.5281595471665614
STM_MW17881_1-570	1.3896989022157062	0.6590871149941286	0.28047854567033653	0.5934404589238735	0.0604213415609397	0.10210355631791074	0.1378080955955076	0.46119246871406744	1.1659853242931195	-1	0.014249400831248815	0.36486444574931426	0.0	0.8962505626663428	0.2771770939154587	0.5681408632800962	0.839889504335821	0.5601543622566048	0.40628442094897127	1.304766289501013	0.25959687253856073	-1	0.027684622802770398	0.5221460013924455	0.8930239929158756
STMMW_35921_1-549	0.4934483395493634	0.2371634476722142	0.6157720169960064	0.3028101037424693	0.8358292211054033	0.7941470063484322	0.7584424670708353	0.43505809395227546	0.2697347616267767	-1	0.882001161835094	0.5313861169170286	0.8962505626663428	0.0	0.6190734687508842	0.3281096993862468	0.05636105833052185	0.3360962004097382	0.48996614171737163	0.4085157268346702	0.6366536901277822	-1	0.8685659398635726	0.37410456127389746	0.003226569750467201
SL1344_1724_1-570	1.1125218083002477	0.38191002107867	0.0033014517548778377	0.3162633650084149	0.216755752354519	0.17507353759754796	0.1393689983199511	0.18401537479860874	0.8888082303776609	-1	0.2629276930842099	0.08768735183385556	0.2771770939154587	0.6190734687508842	0.0	0.2909637693646374	0.5627124104203624	0.282977268341146	0.12910732703351258	1.0275891955855543	0.017580221376897964	-1	0.2494924711126883	0.24496890747698674	0.615846899000417
ROD_42921_1-549	0.8215580389356102	0.09094625171403259	0.2876623176097596	0.025299595643777484	0.5077195217191564	0.46603730696218537	0.4303327676845885	0.10694839456602867	0.5978444610130235	-1	0.5538914624488473	0.20327641753078185	0.5681408632800962	0.3281096993862468	0.2909637693646374	0.0	0.27174864105572494	0.00798650102349141	0.16185644233112484	0.736625426220917	0.3085439907415354	-1	0.5404562404773257	0.04599486188765067	0.3248831296357796
ERS227112_00715_1-550	0.5498093978798853	0.18080238934169235	0.5594109586654845	0.24644904541194745	0.7794681627748814	0.7377859480179103	0.7020814087403134	0.3786970356217536	0.3260958199572985	-1	0.8256401035045722	0.4750250585865068	0.839889504335821	0.05636105833052185	0.5627124104203624	0.27174864105572494	0.0	0.27973514207921635	0.4336050833868498	0.46487678516519204	0.5802926317972603	-1	0.8122048815330507	0.3177435029433756	0.05313448858005465
CS17_03957_1-549	0.8295445399591016	0.098932752737524	0.27967581658626817	0.033286096667268894	0.499733020695665	0.45805080593869396	0.4223462666610971	0.09896189354253726	0.6058309620365149	-1	0.5459049614253559	0.19528991650729044	0.5601543622566048	0.3360962004097382	0.282977268341146	0.00798650102349141	0.27973514207921635	0.0	0.15386994130763343	0.7446119272444084	0.30055748971804397	-1	0.5324697394538342	0.03800836086415926	0.332869630659271
ETEC_1301_3-563	0.983414481266735	0.25280269404515743	0.12580587527863474	0.18715603797490232	0.34586307938803157	0.30418086463106053	0.26847632535346366	0.05490804776509617	0.7597009033441483	-1	0.39203502011772245	0.04141997519965701	0.40628442094897127	0.48996614171737163	0.12910732703351258	0.16185644233112484	0.4336050833868498	0.15386994130763343	0.0	0.8984818685520418	0.14668754841041054	-1	0.37859979814620087	0.11586158044347417	0.4867395719669044
ENC_27110_1-549	0.08493261271469321	0.6456791745068844	1.0242877438306766	0.7113258305771395	1.2443449479400734	1.2026627331831024	1.1669581939055056	0.8435738207869456	0.13878096520789351	-1	1.2905168886697642	0.9399018437516988	1.304766289501013	0.4085157268346702	1.0275891955855543	0.736625426220917	0.46487678516519204	0.7446119272444084	0.8984818685520418	0.0	1.0451694169624524	-1	1.2770816666982427	0.7826202881085677	0.4117422965851374
ROD_18211_1-568	1.1301020296771456	0.39949024245556797	0.020881673131775802	0.33384358638531286	0.19917553097762103	0.15749331622065	0.12178877694305312	0.2015955961755067	0.9063884517545588	-1	0.24534747170731191	0.10526757321075353	0.25959687253856073	0.6366536901277822	0.017580221376897964	0.3085439907415354	0.5802926317972603	0.30055748971804397	0.14668754841041054	1.0451694169624524	0.0	-1	0.23191224973579033	0.2625491288538847	0.633427120377315
b3519_1-549	-1	-1	-1	-1	-1	-1	-1	-1	-1	-1	-1	-1	-1	-1	-1	-1	-1	-1	-1	-1	-1	-1	-1	-1	-1
STMMW_17881_1-570	1.362014279412936	0.6314024921913584	0.25279392286756613	0.5657558361211033	0.0327367187581693	0.07441893351514034	0.11012347279273721	0.43350784591129704	1.1383007014903492	-1	0.013435221971521583	0.33717982294654386	0.027684622802770398	0.8685659398635726	0.2494924711126883	0.5404562404773257	0.8122048815330507	0.5324697394538342	0.37859979814620087	1.2770816666982427	0.23191224973579033	-1	0.0	0.49446137858967504	0.8653393701131054
SEN3426_1-549	0.8675529008232609	0.13694111360168326	0.2416674557221089	0.07129445753142816	0.46172465983150573	0.4200424450745347	0.38433790579693783	0.060953532678378	0.6438393229006741	-1	0.5078966005611967	0.15728155564313118	0.5221460013924455	0.37410456127389746	0.24496890747698674	0.04599486188765067	0.3177435029433756	0.03800836086415926	0.11586158044347417	0.7826202881085677	0.2625491288538847	-1	0.49446137858967504	0.0	0.37087799152343026
BN373_45051_1-549	0.4966749092998306	0.233936877921747	0.6125454472455392	0.2995835339920021	0.832602651354936	0.790920436597965	0.7552158973203681	0.43183152420180826	0.2729613313772439	-1	0.8787745920846268	0.5281595471665614	0.8930239929158756	0.003226569750467201	0.615846899000417	0.3248831296357796	0.05313448858005465	0.332869630659271	0.4867395719669044	0.4117422965851374	0.633427120377315	-1	0.8653393701131054	0.37087799152343026	0.0
