ERS227112_03138_133-242	0.0	0.42252292983606676	0.7334113292523878	0.5436166958957172	0.40681686749886226	-1	0.6732237663080898
NCTC13441_03325_131-247	0.42252292983606676	0.0	0.5383562663848568	0.20969450098732834	0.0264775943155706	-1	0.434131239879108
CS17_00677_131-247	0.7334113292523878	0.5383562663848568	0.0	0.41586673230557736	0.5505794818818439	-1	0.18418586402168977
Ecoli9000q_47720_131-247	0.5436166958957172	0.20969450098732834	0.41586673230557736	0.0	0.23061988937555045	-1	0.28398731778048913
ENC_20510_131-247	0.40681686749886226	0.0264775943155706	0.5505794818818439	0.23061988937555045	0.0	-1	0.4491140833454439
b0675_131-247	-1	-1	-1	-1	-1	-1	-1
ETEC_0692_131-247	0.6732237663080898	0.434131239879108	0.18418586402168977	0.28398731778048913	0.4491140833454439	-1	0.0
