CS17_01907_1-310	0.0	-1	0.7677947877498461	0.472468633177462	0.3819153165027671	0.40907663642537806	0.19713893556224904	0.6477853893881	0.03529566619567004	0.35743939618600107	0.42418896606006706	0.2344853152379931	0.4639118759457791	0.4885344188131261	0.3663308927003799	0.5841508931056181	0.15608509732763998	0.82175839167833	0.49619586630398305	0.9062526007542597	0.2995305533510799	0.053017046431919956	0.512177182716496	3.4250653458047102	0.16679553568625005	0.50113205784278	0.06301517631955988	-1	0.6966202903174791	0.9558505087291	0.84159938609802
b2168_1-312	-1	-1	-1	-1	-1	-1	-1	-1	-1	-1	-1	-1	-1	-1	-1	-1	-1	-1	-1	-1	-1	-1	-1	-1	-1	-1	-1	-1	-1	-1	-1
SEN2198_1-285	0.7677947877498461	-1	0.0	0.29532615457238404	0.38587947124707894	0.358718151324468	0.5706558521875971	0.12000939836174601	0.7324991215541761	0.410355391563845	0.343605821689779	0.533309472511853	0.30388291180406696	0.27926036893671996	1.134125680450226	0.18364389464422798	0.6117096904222061	1.589553179428176	0.271598921445863	1.6740473885041058	1.067325341100926	0.8208118341817661	0.25561760503335	4.192860133554556	0.6009992520635961	0.266662729907066	0.830809964069406	-1	0.07117449743236698	0.18805572097925402	0.07380459834817399
NCTC13441_01542_1-312	0.472468633177462	-1	0.29532615457238404	0.0	0.0905533166746949	0.06339199675208396	0.275329697615213	0.17531675621063803	0.437172966981792	0.11502923699146095	0.04827966711739495	0.23798331793946892	0.008556757231682921	0.016065785635664076	0.8387995258778419	0.11168225992815606	0.31638353584982204	1.2942270248557919	0.02372723312652103	1.3787212339317216	0.7719991865285419	0.525485679609382	0.03970854953903402	3.897533978982172	0.30567309749121196	0.028663424665318016	0.5354838094970219	-1	0.22415165714001706	0.48338187555163803	0.369130752920558
ENC_40050_1-312	0.3819153165027671	-1	0.38587947124707894	0.0905533166746949	0.0	0.02716131992261095	0.18477638094051807	0.26587007288533293	0.34661965030709707	0.024475920316766042	0.04227364955729995	0.147430001264774	0.08199655944301198	0.10661910231035898	0.748246209203147	0.20223557660285096	0.22583021917512713	1.203673708181097	0.11428054980121594	1.2881679172570268	0.681445869853847	0.43493236293468707	0.13026186621372893	3.806980662307477	0.21511978081651706	0.11921674134001292	0.444930492822327	-1	0.31470497381471196	0.5739351922263329	0.45968406959525293
CS17_02418_1-312	0.40907663642537806	-1	0.358718151324468	0.06339199675208396	0.02716131992261095	0.0	0.21193770086312902	0.23870875296272198	0.373780970229708	0.05163724023937699	0.015112329634689003	0.17459132118738496	0.054835239520401036	0.07945778238774803	0.7754075291257579	0.17507425668024001	0.2529915390977381	1.2308350281037082	0.08711922987860499	1.315329237179638	0.708607189776458	0.462093682857298	0.10310054629111798	3.834141982230088	0.242281100739128	0.09205542141740197	0.47209181274493794	-1	0.287543653892101	0.546773872303722	0.432522749672642
SL1344_3227_1-302	0.19713893556224904	-1	0.5706558521875971	0.275329697615213	0.18477638094051807	0.21193770086312902	0.0	0.450646453825851	0.161843269366579	0.16030046062375203	0.22705003049781802	0.03734637967574406	0.26677294038353006	0.29139548325087705	0.5634698282626289	0.38701195754336903	0.041053838234609064	1.018897327240579	0.299056930741734	1.1033915363165088	0.49666948891332896	0.250155981994169	0.315038247154247	3.622204281366959	0.03034339987599899	0.303993122280531	0.2601541118818089	-1	0.49948135475523003	0.758711573166851	0.644460450535771
t1206_1-310	0.6477853893881	-1	0.12000939836174601	0.17531675621063803	0.26587007288533293	0.23870875296272198	0.450646453825851	0.0	0.61248972319243	0.290345993202099	0.22359642332803298	0.41330007415010694	0.18387351344232095	0.15925097057497395	1.01411628208848	0.06363449628248197	0.49170029206046006	1.46954378106643	0.151589523084117	1.5540379901423598	0.94731594273918	0.70080243582002	0.135608206671604	4.0728507351928105	0.48098985370185	0.14665333154532	0.7108005657076599	-1	0.04883490092937903	0.308065119341	0.19381399670992
STMMW_13331_1-310	0.03529566619567004	-1	0.7324991215541761	0.437172966981792	0.34661965030709707	0.373780970229708	0.161843269366579	0.61248972319243	0.0	0.32214372999033103	0.388893299864397	0.19918964904232306	0.42861620975010906	0.45323875261745605	0.4016265588960499	0.548855226909948	0.12078943113196994	0.857054057874	0.460900200108313	0.9415482669499298	0.33482621954674996	0.08831271262759	0.476881516520826	3.46036101200038	0.13149986949058	0.46583639164711	0.09831084251522992	-1	0.661324624121809	0.92055484253343	0.80630371990235
SL1344_2182_1-285	0.35743939618600107	-1	0.410355391563845	0.11502923699146095	0.024475920316766042	0.05163724023937699	0.16030046062375203	0.290345993202099	0.32214372999033103	0.0	0.066749569874066	0.12295408094800797	0.10647247975977803	0.13109502262712502	0.723770288886381	0.226711496919617	0.2013542988583611	1.179197787864331	0.13875647011798198	1.2636919969402607	0.656969949537081	0.410456442617921	0.15473778653049497	3.782504741990711	0.19064386049975102	0.14369266165677896	0.42045457250556095	-1	0.339180894131478	0.598411112543099	0.484159989912019
ERS227112_04489_1-310	0.42418896606006706	-1	0.343605821689779	0.04827966711739495	0.04227364955729995	0.015112329634689003	0.22705003049781802	0.22359642332803298	0.388893299864397	0.066749569874066	0.0	0.18970365082207397	0.03972290988571203	0.06434545275305903	0.790519858760447	0.159961927045551	0.2681038687324271	1.245947357738397	0.07200690024391598	1.3304415668143268	0.723719519411147	0.477206012491987	0.08798821665642897	3.849254311864777	0.257393430373817	0.07694309178271297	0.48720414237962695	-1	0.272431324257412	0.531661542669033	0.417410420037953
STM_MW13331_1-311	0.2344853152379931	-1	0.533309472511853	0.23798331793946892	0.147430001264774	0.17459132118738496	0.03734637967574406	0.41330007415010694	0.19918964904232306	0.12295408094800797	0.18970365082207397	0.0	0.229426560707786	0.254049103575133	0.600816207938373	0.349665577867625	0.07840021791035312	1.056243706916323	0.26171055106598995	1.1407379159922528	0.534015868589073	0.28750236166991305	0.27769186747850294	3.659550661042703	0.06768977955174305	0.26664674260478693	0.297500491557553	-1	0.462134975079486	0.721365193491107	0.6071140708600269
BN373_32031_1-312	0.4639118759457791	-1	0.30388291180406696	0.008556757231682921	0.08199655944301198	0.054835239520401036	0.26677294038353006	0.18387351344232095	0.42861620975010906	0.10647247975977803	0.03972290988571203	0.229426560707786	0.0	0.024622542867346997	0.830242768646159	0.12023901715983898	0.3078267786181391	1.2856702676241092	0.03228399035820395	1.370164476700039	0.763442429296859	0.516928922377699	0.04826530677071694	3.888977221750489	0.29711634025952904	0.03722018189700094	0.526927052265339	-1	0.23270841437169998	0.49193863278332095	0.37768751015224095
ERS227112_03981_1-312	0.4885344188131261	-1	0.27926036893671996	0.016065785635664076	0.10661910231035898	0.07945778238774803	0.29139548325087705	0.15925097057497395	0.45323875261745605	0.13109502262712502	0.06434545275305903	0.254049103575133	0.024622542867346997	0.0	0.854865311513506	0.09561647429249198	0.3324493214854861	1.3102928104914562	0.007661447490856954	1.394787019567386	0.788064972164206	0.541551465245046	0.023642763903369945	3.913599764617836	0.32173888312687604	0.01259763902965394	0.551549595132686	-1	0.20808587150435298	0.46731608991597395	0.35306496728489395
ROD_13331_1-310	0.3663308927003799	-1	1.134125680450226	0.8387995258778419	0.748246209203147	0.7754075291257579	0.5634698282626289	1.01411628208848	0.4016265588960499	0.723770288886381	0.790519858760447	0.600816207938373	0.830242768646159	0.854865311513506	0.0	0.950481785805998	0.5224159900280199	0.4554274989779501	0.8625267590043629	0.5399217080538798	0.06680033934929996	0.31331384626845993	0.8785080754168759	3.0587344531043303	0.5331264283866299	0.8674629505431599	0.30331571638082	-1	1.062951183017859	1.32218140142948	1.2079302787983999
STMMW_22371_1-285	0.5841508931056181	-1	0.18364389464422798	0.11168225992815606	0.20223557660285096	0.17507425668024001	0.38701195754336903	0.06363449628248197	0.548855226909948	0.226711496919617	0.159961927045551	0.349665577867625	0.12023901715983898	0.09561647429249198	0.950481785805998	0.0	0.4280657957779781	1.405909284783948	0.08795502680163503	1.4904034938598778	0.883681446456698	0.637167939537538	0.07197371038912204	4.009216238910328	0.417355357419368	0.08301883526283804	0.647166069425178	-1	0.112469397211861	0.37169961562348197	0.25744849299240197
NCTC13441_02156_1-310	0.15608509732763998	-1	0.6117096904222061	0.31638353584982204	0.22583021917512713	0.2529915390977381	0.041053838234609064	0.49170029206046006	0.12078943113196994	0.2013542988583611	0.2681038687324271	0.07840021791035312	0.3078267786181391	0.3324493214854861	0.5224159900280199	0.4280657957779781	0.0	0.97784348900597	0.34011076897634307	1.0623376980818997	0.4556156506787199	0.20910214375955993	0.35609208538885606	3.58115044313235	0.010710438358610075	0.34504696051514006	0.21910027364719986	-1	0.5405351929898391	0.7997654114014601	0.68551428877038
STM_MW32541_1-302	0.82175839167833	-1	1.589553179428176	1.2942270248557919	1.203673708181097	1.2308350281037082	1.018897327240579	1.46954378106643	0.857054057874	1.179197787864331	1.245947357738397	1.056243706916323	1.2856702676241092	1.3102928104914562	0.4554274989779501	1.405909284783948	0.97784348900597	0.0	1.3179542579823131	0.08449420907592975	0.5222278383272501	0.76874134524641	1.333935574394826	2.60330695412638	0.98855392736458	1.32289044952111	0.7587432153587701	-1	1.518378681995809	1.77760890040743	1.66335777777635
SEN1717_1-310	0.49619586630398305	-1	0.271598921445863	0.02372723312652103	0.11428054980121594	0.08711922987860499	0.299056930741734	0.151589523084117	0.460900200108313	0.13875647011798198	0.07200690024391598	0.26171055106598995	0.03228399035820395	0.007661447490856954	0.8625267590043629	0.08795502680163503	0.34011076897634307	1.3179542579823131	0.0	1.4024484670582429	0.795726419655063	0.549212912735903	0.01598131641251299	3.921261212108693	0.329400330617733	0.004936191538796986	0.5592110426235429	-1	0.20042442401349603	0.459654642425117	0.345403519794037
t3174_1-302	0.9062526007542597	-1	1.6740473885041058	1.3787212339317216	1.2881679172570268	1.315329237179638	1.1033915363165088	1.5540379901423598	0.9415482669499298	1.2636919969402607	1.3304415668143268	1.1407379159922528	1.370164476700039	1.394787019567386	0.5399217080538798	1.4904034938598778	1.0623376980818997	0.08449420907592975	1.4024484670582429	0.0	0.6067220474031798	0.8532355543223398	1.4184297834707558	2.5188127450504503	1.0730481364405098	1.4073846585970398	0.8432374244346998	-1	1.6028728910717387	1.8621031094833598	1.7478519868522797
ENC_14230_1-311	0.2995305533510799	-1	1.067325341100926	0.7719991865285419	0.681445869853847	0.708607189776458	0.49666948891332896	0.94731594273918	0.33482621954674996	0.656969949537081	0.723719519411147	0.534015868589073	0.763442429296859	0.788064972164206	0.06680033934929996	0.883681446456698	0.4556156506787199	0.5222278383272501	0.795726419655063	0.6067220474031798	0.0	0.24651350691915996	0.811707736067576	3.12553479245363	0.46632608903732997	0.80066261119386	0.23651537703152004	-1	0.996150843668559	1.25538106208018	1.1411299394491
ETEC_1755_1-309	0.053017046431919956	-1	0.8208118341817661	0.525485679609382	0.43493236293468707	0.462093682857298	0.250155981994169	0.70080243582002	0.08831271262759	0.410456442617921	0.477206012491987	0.28750236166991305	0.516928922377699	0.541551465245046	0.31331384626845993	0.637167939537538	0.20910214375955993	0.76874134524641	0.549212912735903	0.8532355543223398	0.24651350691915996	0.0	0.565194229148416	3.37204829937279	0.21981258211817	0.5541491042747	0.009998129887639928	-1	0.749637336749399	1.00886755516102	0.8946164325299399
ROD_22951_1-312	0.512177182716496	-1	0.25561760503335	0.03970854953903402	0.13026186621372893	0.10310054629111798	0.315038247154247	0.135608206671604	0.476881516520826	0.15473778653049497	0.08798821665642897	0.27769186747850294	0.04826530677071694	0.023642763903369945	0.8785080754168759	0.07197371038912204	0.35609208538885606	1.333935574394826	0.01598131641251299	1.4184297834707558	0.811707736067576	0.565194229148416	0.0	3.937242528521206	0.345381647030246	0.011045124873716006	0.5751923590360559	-1	0.18444310760098304	0.443673326012604	0.329422203381524
ERS227112_01057_1-303	3.4250653458047102	-1	4.192860133554556	3.897533978982172	3.806980662307477	3.834141982230088	3.622204281366959	4.0728507351928105	3.46036101200038	3.782504741990711	3.849254311864777	3.659550661042703	3.888977221750489	3.913599764617836	3.0587344531043303	4.009216238910328	3.58115044313235	2.60330695412638	3.921261212108693	2.5188127450504503	3.12553479245363	3.37204829937279	3.937242528521206	0.0	3.59186088149096	3.92619740364749	3.3620501694851503	-1	4.121685636122189	4.38091585453381	4.26666473190273
SL1344_1261_1-310	0.16679553568625005	-1	0.6009992520635961	0.30567309749121196	0.21511978081651706	0.242281100739128	0.03034339987599899	0.48098985370185	0.13149986949058	0.19064386049975102	0.257393430373817	0.06768977955174305	0.29711634025952904	0.32173888312687604	0.5331264283866299	0.417355357419368	0.010710438358610075	0.98855392736458	0.329400330617733	1.0730481364405098	0.46632608903732997	0.21981258211817	0.345381647030246	3.59186088149096	0.0	0.33433652215653	0.22981071200580994	-1	0.529824754631229	0.78905497304285	0.6748038504117699
STMMW_32541_1-302	0.50113205784278	-1	0.266662729907066	0.028663424665318016	0.11921674134001292	0.09205542141740197	0.303993122280531	0.14665333154532	0.46583639164711	0.14369266165677896	0.07694309178271297	0.26664674260478693	0.03722018189700094	0.01259763902965394	0.8674629505431599	0.08301883526283804	0.34504696051514006	1.32289044952111	0.004936191538796986	1.4073846585970398	0.80066261119386	0.5541491042747	0.011045124873716006	3.92619740364749	0.33433652215653	0.0	0.5641472341623399	-1	0.19548823247469904	0.45471845088632	0.34046732825524
BN373_27691_1-309	0.06301517631955988	-1	0.830809964069406	0.5354838094970219	0.444930492822327	0.47209181274493794	0.2601541118818089	0.7108005657076599	0.09831084251522992	0.42045457250556095	0.48720414237962695	0.297500491557553	0.526927052265339	0.551549595132686	0.30331571638082	0.647166069425178	0.21910027364719986	0.7587432153587701	0.5592110426235429	0.8432374244346998	0.23651537703152004	0.009998129887639928	0.5751923590360559	3.3620501694851503	0.22981071200580994	0.5641472341623399	0.0	-1	0.759635466637039	1.01886568504866	0.9046145624175799
b1723_1-309	-1	-1	-1	-1	-1	-1	-1	-1	-1	-1	-1	-1	-1	-1	-1	-1	-1	-1	-1	-1	-1	-1	-1	-1	-1	-1	-1	-1	-1	-1	-1
ETEC_2303_1-312	0.6966202903174791	-1	0.07117449743236698	0.22415165714001706	0.31470497381471196	0.287543653892101	0.49948135475523003	0.04883490092937903	0.661324624121809	0.339180894131478	0.272431324257412	0.462134975079486	0.23270841437169998	0.20808587150435298	1.062951183017859	0.112469397211861	0.5405351929898391	1.518378681995809	0.20042442401349603	1.6028728910717387	0.996150843668559	0.749637336749399	0.18444310760098304	4.121685636122189	0.529824754631229	0.19548823247469904	0.759635466637039	-1	0.0	0.25923021841162097	0.14497909578054097
STM_MW22371_1-285	0.9558505087291	-1	0.18805572097925402	0.48338187555163803	0.5739351922263329	0.546773872303722	0.758711573166851	0.308065119341	0.92055484253343	0.598411112543099	0.531661542669033	0.721365193491107	0.49193863278332095	0.46731608991597395	1.32218140142948	0.37169961562348197	0.7997654114014601	1.77760890040743	0.459654642425117	1.8621031094833598	1.25538106208018	1.00886755516102	0.443673326012604	4.38091585453381	0.78905497304285	0.45471845088632	1.01886568504866	-1	0.25923021841162097	0.0	0.11425112263108003
t0649_1-312	0.84159938609802	-1	0.07380459834817399	0.369130752920558	0.45968406959525293	0.432522749672642	0.644460450535771	0.19381399670992	0.80630371990235	0.484159989912019	0.417410420037953	0.6071140708600269	0.37768751015224095	0.35306496728489395	1.2079302787983999	0.25744849299240197	0.68551428877038	1.66335777777635	0.345403519794037	1.7478519868522797	1.1411299394491	0.8946164325299399	0.329422203381524	4.26666473190273	0.6748038504117699	0.34046732825524	0.9046145624175799	-1	0.14497909578054097	0.11425112263108003	0.0
