ERS227112_00989_1-191	0.0	-1	0.46110311587565195	0.06275735047772121	0.5095506739208957	0.11094283783508095	0.3561175340223679	0.05946777937612381	0.26743898253388054	0.07965963503534765	0.24544493191903938	0.6763791053962227	0.8988364149739608
b3199_1-191	-1	-1	-1	-1	-1	-1	-1	-1	-1	-1	-1	-1	-1
STMMW_33161_1-191	0.46110311587565195	-1	0.0	0.49492285650399553	0.08990135120926906	0.39385575297307673	0.16305084763238625	0.4270298536217232	0.2643658735918585	0.414459145073958	0.593372624910935	0.3994752908441325	0.8122765449081792
ETEC_3464_1-191	0.06275735047772121	-1	0.49492285650399553	0.0	0.5403299741692043	0.166737709755793	0.39652589160618557	0.11849308958140582	0.3134125710533179	0.13741775787822819	0.19492026054772016	0.6966886953007855	0.9051851735350227
ROD_46211_1-191	0.5095506739208957	-1	0.08990135120926906	0.5403299741692043	0.0	0.4483489398085221	0.23829370732368713	0.47854064398370294	0.3305003755516006	0.46710005912003977	0.6299289753701202	0.34015426794249337	0.7937328493551186
SEN3150_1-191	0.11094283783508095	-1	0.39385575297307673	0.166737709755793	0.4483489398085221	0.0	0.27576932802641024	0.054729712954238376	0.1760248399751036	0.0339909059632898	0.32915741247478386	0.6359954023476546	0.8862125076640759
t3234_1-191	0.3561175340223679	-1	0.16305084763238625	0.39652589160618557	0.23829370732368713	0.27576932802641024	0.0	0.31540626481617995	0.12105278519354011	0.3003865846931947	0.514155222048111	0.4973913536961889	0.8428850133813808
SL1344_3289_1-191	0.05946777937612381	-1	0.4270298536217232	0.11849308958140582	0.47854064398370294	0.054729712954238376	0.31540626481617995	0.0	0.22112076396468883	0.02146854218968716	0.290316646234814	0.6559172694911906	0.8924400644574035
NCTC13441_00493_1-191	0.26743898253388054	-1	0.2643658735918585	0.3134125710533179	0.3305003755516006	0.1760248399751036	0.12105278519354011	0.22112076396468883	0.0	0.2040325021555965	0.44724237159239444	0.5582335301936202	0.8619042201072105
STM_MW33161_1-191	0.07965963503534765	-1	0.414459145073958	0.13741775787822819	0.46710005912003977	0.0339909059632898	0.3003865846931947	0.02146854218968716	0.2040325021555965	0.0	0.30555251325644056	0.6483682483966606	0.8900802476158648
CS17_03641_1-191	0.24544493191903938	-1	0.593372624910935	0.19492026054772016	0.6299289753701202	0.32915741247478386	0.514155222048111	0.290316646234814	0.44724237159239444	0.30555251325644056	0.0	0.7558102138398254	0.9236665042133629
ENC_34360_1-191	0.6763791053962227	-1	0.3994752908441325	0.6966886953007855	0.34015426794249337	0.6359954023476546	0.4973913536961889	0.6559172694911906	0.5582335301936202	0.6483682483966606	0.7558102138398254	0.0	0.6874009474885792
BN373_42591_1-191	0.8988364149739608	-1	0.8122765449081792	0.9051851735350227	0.7937328493551186	0.8862125076640759	0.8428850133813808	0.8924400644574035	0.8619042201072105	0.8900802476158648	0.9236665042133629	0.6874009474885792	0.0
