ROD_02111_14-1003	0.0	0.5152077833061297	0.002122237156310325	0.2008474816557081	-1	0.7640411829759124	0.24465780199262366	1.1723833524641323	0.08759556182753903	2.3814934039385474	0.7120138677633052	0.013247847172024763	0.3251638011925315	1.7160020722200302	0.34450157955402894	0.25377805353621696	0.4300759453487273	1.4142564392331358	-1	0.309898842841684	0.9639429026827837	2.9453278771936686	0.48645563972784345	-1	1.635759586965489	0.15349681875419374	0.4126802579955019	1.7580775945415563	1.0287878687284178	1.106527892164152	-1	0.25854668054175245	0.08915884025915322	0.542280688196446	0.38971272930251555	1.3506652988863042
ROD_38761_51-920	0.5152077833061297	0.0	0.51733002046244	0.7160552649618378	-1	0.24883339966978268	0.7598655852987534	0.6571755691580026	0.4276122214785907	1.8662856206324179	0.1968060844571755	0.5284556304781545	0.1900439821135982	1.2007942889139005	0.17070620375210077	0.7689858368423467	0.08513183795740242	0.8990486559270061	-1	0.8251066261478137	0.448735119376654	2.430120093887539	0.02875214357828626	-1	1.1205518036593594	0.6687046020603234	0.9278880413016316	1.2428698112354266	0.5135800854222881	0.5913201088580222	-1	0.7737544638478822	0.6043666235652829	1.0574884715025759	0.12549505400361416	0.8354575155801744
ETEC_2119_51-947	0.002122237156310325	0.51733002046244	0.0	0.19872524449939777	-1	0.7661634201322227	0.24253556483631333	1.1745055896204426	0.08971779898384935	2.383615641094858	0.7141361049196155	0.011125610015714438	0.32728603834884185	1.7181243093763405	0.34662381671033926	0.25165581637990664	0.4321981825050376	1.4163786763894461	-1	0.3077766056853737	0.966065139839094	2.947450114349979	0.4885778768841538	-1	1.6378818241217994	0.15137458159788342	0.4105580208391916	1.7601998316978666	1.030910105884728	1.1086501293204623	-1	0.2564244433854421	0.08703660310284289	0.5401584510401357	0.3918349664588259	1.3527875360426145
ETEC_2326_45-836	0.2008474816557081	0.7160552649618378	0.19872524449939777	0.0	-1	0.9648886646316205	0.043810320336915565	1.3732308341198403	0.2884430434832471	2.5823408855942556	0.9128613494190133	0.18759963448368333	0.5260112828482396	1.9168495538757382	0.545349061209737	0.05293057188050887	0.6309234270044354	1.6151039208888438	-1	0.10905136118597591	1.1647903843384917	3.146175358849377	0.6873031213835515	-1	1.836607068621197	0.04735066290151435	0.2118327763397938	1.9589250761972643	1.2296353503841257	1.30737537381986	-1	0.057699198886044356	0.11168864139655488	0.34143320654073794	0.5905602109582236	1.5515127805420121
b4580_1-968	-1	-1	-1	-1	-1	-1	-1	-1	-1	-1	-1	-1	-1	-1	-1	-1	-1	-1	-1	-1	-1	-1	-1	-1	-1	-1	-1	-1	-1	-1	-1	-1	-1	-1	-1	-1
ENC_23890_1-924	0.7640411829759124	0.24883339966978268	0.7661634201322227	0.9648886646316205	-1	0.0	1.008698984968536	0.4083421694882199	0.6764456211483734	1.6174522209626352	0.05202731521260717	0.7772890301479372	0.43887738178338087	0.9519608892441178	0.41953960342188346	1.0178192365121292	0.3339652376271851	0.6502152562572234	-1	1.0739400258175964	0.19990171970687132	2.1812866942177562	0.27758554324806894	-1	0.8717184039895767	0.9175380017301061	1.1767214409714142	0.9940364115656439	0.2647466857525054	0.34248670918823954	-1	1.0225878635176648	0.8532000232350656	1.3063218711723583	0.37432845367339684	0.5866241159103918
ROD_03921_28-884	0.24465780199262366	0.7598655852987534	0.24253556483631333	0.043810320336915565	-1	1.008698984968536	0.0	1.417041154456756	0.3322533638201627	2.6261512059311714	0.9566716697559289	0.2314099548205989	0.5698216031851552	1.960659874212654	0.5891593815466526	0.009120251543593305	0.6747337473413509	1.6589142412257596	-1	0.06524104084906035	1.2086007046754075	3.1899856791862926	0.7311134417204671	-1	1.8804173889581128	0.09116098323842992	0.16802245600287824	2.00273539653418	1.2734456707210415	1.3511856941567757	-1	0.013888878549128791	0.15549896173347044	0.2976228862038224	0.6343705312951392	1.595323100878928
NCTC13441_04867_128-947	1.1723833524641323	0.6571755691580026	1.1745055896204426	1.3732308341198403	-1	0.4083421694882199	1.417041154456756	0.0	1.0847877906365933	1.2091100514744153	0.46036948470082706	1.185631199636157	0.8472195512716008	0.5436187197558979	0.8278817729101033	1.4261614060003494	0.742307407115405	0.24187308676900354	-1	1.4822821953058163	0.20844044978134857	1.7729445247295366	0.6859277127362888	-1	0.4633762345013568	1.325880171218326	1.5850636104596343	0.585694242077424	0.1435954837357145	0.06585546029998035	-1	1.4309300330058847	1.2615421927232855	1.7146640406605784	0.7826706231616167	0.17828194642217188
NCTC13441_04330_205-565	0.08759556182753903	0.4276122214785907	0.08971779898384935	0.2884430434832471	-1	0.6764456211483734	0.3322533638201627	1.0847877906365933	0.0	2.293897842111009	0.6244183059357662	0.10084340899956379	0.2375682393649925	1.6284065103924912	0.2569060177264899	0.341373615363756	0.34248038352118826	1.3266608774055968	-1	0.39749440466922303	0.8763473408552447	2.85773231536613	0.3988600779003044	-1	1.54816402513795	0.24109238058173277	0.5002758198230409	1.6704820327140173	0.9411923069008787	1.018932330336613	-1	0.3461422423692915	0.17675440208669224	0.6298762500239851	0.3021171674749765	1.2630697370587651
NCTC13441_04330_583-1309	2.3814934039385474	1.8662856206324179	2.383615641094858	2.5823408855942556	-1	1.6174522209626352	2.6261512059311714	1.2091100514744153	2.293897842111009	0.0	1.6694795361752424	2.394741251110572	2.056329602746016	0.6654913317185174	2.0369918243845184	2.6352714574747647	1.9514174585898203	0.9672369647054118	-1	2.6913922467802314	1.4175505012557639	0.5638344732551213	1.8950377642107041	-1	0.7457338169730585	2.534990222692741	2.7941736619340496	0.6234158093969913	1.3527055352101298	1.2749655117743957	-1	2.6400400844803	2.4706522441977006	2.9237740921349937	1.991780674636032	1.0308281050522434
SEN3580_156-955	0.7120138677633052	0.1968060844571755	0.7141361049196155	0.9128613494190133	-1	0.05202731521260717	0.9566716697559289	0.46036948470082706	0.6244183059357662	1.6694795361752424	0.0	0.72526171493533	0.3868500665707737	1.003988204456725	0.3675122882092763	0.9657919212995222	0.28193792241457794	0.7022425714698306	-1	1.0219127106049892	0.2519290349194785	2.2333140094303636	0.22555822803546177	-1	0.9237457192021838	0.865510686517499	1.1246941257588072	1.046063726778251	0.31677400096511255	0.3945140244008467	-1	0.9705605483050577	0.8011727080224584	1.2542945559597514	0.32230113846078967	0.6386514311229989
CS17_00406_1-962	0.013247847172024763	0.5284556304781545	0.011125610015714438	0.18759963448368333	-1	0.7772890301479372	0.2314099548205989	1.185631199636157	0.10084340899956379	2.394741251110572	0.72526171493533	0.0	0.3384116483645563	1.729249919392055	0.3577494267260537	0.2405302063641922	0.44332379252075205	1.4275042864051606	-1	0.29665099566965925	0.9771907498548085	2.9585757243656934	0.4997034868998682	-1	1.6490074341375138	0.14024897158216898	0.39943241082347714	1.771325441713581	1.0420357159004425	1.1197757393361767	-1	0.2452988333697277	0.07591099308712845	0.5290328410244213	0.4029605764745403	1.363913146058329
STMMW_04431_1-978	0.3251638011925315	0.1900439821135982	0.32728603834884185	0.5260112828482396	-1	0.43887738178338087	0.5698216031851552	0.8472195512716008	0.2375682393649925	2.056329602746016	0.3868500665707737	0.3384116483645563	0.0	1.3908382710274987	0.019337778361497415	0.5789418547287485	0.10491214415619576	1.0890926380406043	-1	0.6350626440342155	0.6387791014902522	2.6201640760011373	0.16129183853531193	-1	1.3105957857729575	0.47866061994672526	0.7378440591880334	1.4329137933490248	0.7036240675358862	0.7813640909716204	-1	0.583710481734284	0.41432264145168474	0.8674444893889776	0.06454892810998403	1.0255014976937726
NCTC13441_03605_1-995	1.7160020722200302	1.2007942889139005	1.7181243093763405	1.9168495538757382	-1	0.9519608892441178	1.960659874212654	0.5436187197558979	1.6284065103924912	0.6654913317185174	1.003988204456725	1.729249919392055	1.3908382710274987	0.0	1.3715004926660013	1.9697801257562473	1.285926126871303	0.3017456329868944	-1	2.0259009150617144	0.7520591695372465	1.2293258049736386	1.2295464324921868	-1	0.08024248525454114	1.8694988909742238	2.128682330215532	0.042075522321526115	0.6872142034916124	0.6094741800558783	-1	1.9745487527617827	1.8051609124791834	2.2582827604164764	1.3262893429175147	0.36533677333372605
ROD_04151_1-973	0.34450157955402894	0.17070620375210077	0.34662381671033926	0.545349061209737	-1	0.41953960342188346	0.5891593815466526	0.8278817729101033	0.2569060177264899	2.0369918243845184	0.3675122882092763	0.3577494267260537	0.019337778361497415	1.3715004926660013	0.0	0.5982796330902459	0.08557436579469835	1.0697548596791069	-1	0.6544004223957129	0.6194413231287548	2.6008262976396397	0.1419540601738145	-1	1.2912580074114601	0.4979983983082227	0.7571818375495308	1.4135760149875274	0.6842862891743888	0.762026312610123	-1	0.6030482600957814	0.43366041981318215	0.886782267750475	0.04521114974848661	1.0061637193322752
NCTC13441_04967_221-1034	0.25377805353621696	0.7689858368423467	0.25165581637990664	0.05293057188050887	-1	1.0178192365121292	0.009120251543593305	1.4261614060003494	0.341373615363756	2.6352714574747647	0.9657919212995222	0.2405302063641922	0.5789418547287485	1.9697801257562473	0.5982796330902459	0.0	0.6838539988849442	1.668034492769353	-1	0.056120789305467045	1.2177209562190008	3.199105930729886	0.7402336932640604	-1	1.8895376405017061	0.10028123478202322	0.15890220445928493	2.0118556480777734	1.2825659222646348	1.360305945700369	-1	0.004768627005535486	0.16461921327706375	0.2885026346602291	0.6434907828387325	1.6044433524225212
SL1344_0368_1-978	0.4300759453487273	0.08513183795740242	0.4321981825050376	0.6309234270044354	-1	0.3339652376271851	0.6747337473413509	0.742307407115405	0.34248038352118826	1.9514174585898203	0.28193792241457794	0.44332379252075205	0.10491214415619576	1.285926126871303	0.08557436579469835	0.6838539988849442	0.0	0.9841804938844085	-1	0.7399747881904113	0.5338669573340564	2.515251931844942	0.05637969437911616	-1	1.2056836416167618	0.583572764102921	0.8427562033442292	1.328001649192829	0.5987119233796905	0.6764519468154246	-1	0.6886226258904797	0.5192347856078805	0.9723566335451733	0.040363216046211736	0.9205893535375769
Ecoli9000q_44760_1-980	1.4142564392331358	0.8990486559270061	1.4163786763894461	1.6151039208888438	-1	0.6502152562572234	1.6589142412257596	0.24187308676900354	1.3266608774055968	0.9672369647054118	0.7022425714698306	1.4275042864051606	1.0890926380406043	0.3017456329868944	1.0697548596791069	1.668034492769353	0.9841804938844085	0.0	-1	1.7241552820748198	0.4503135365503521	1.531071437960533	0.9278007995052924	-1	0.22150314773235324	1.5677532579873295	1.8269366972286378	0.3438211553084205	0.38546857050471806	0.3077285470689839	-1	1.6728031197748883	1.503415279492289	1.956537127429582	1.0245437099306203	0.06359114034683166
b2000_13-1038	-1	-1	-1	-1	-1	-1	-1	-1	-1	-1	-1	-1	-1	-1	-1	-1	-1	-1	-1	-1	-1	-1	-1	-1	-1	-1	-1	-1	-1	-1	-1	-1	-1	-1	-1	-1
ROD_11971_33-960	0.309898842841684	0.8251066261478137	0.3077766056853737	0.10905136118597591	-1	1.0739400258175964	0.06524104084906035	1.4822821953058163	0.39749440466922303	2.6913922467802314	1.0219127106049892	0.29665099566965925	0.6350626440342155	2.0259009150617144	0.6544004223957129	0.056120789305467045	0.7399747881904113	1.7241552820748198	-1	0.0	1.2738417455244677	3.2552267200353526	0.7963544825695275	-1	1.945658429807173	0.15640202408749027	0.10278141515381789	2.0679764373832406	1.3386867115701018	1.416426735005836	-1	0.05135216229993156	0.2207400025825308	0.23238184535476203	0.6996115721441996	1.6605641417279882
NCTC13441_04130_127-947	0.9639429026827837	0.448735119376654	0.966065139839094	1.1647903843384917	-1	0.19990171970687132	1.2086007046754075	0.20844044978134857	0.8763473408552447	1.4175505012557639	0.2519290349194785	0.9771907498548085	0.6387791014902522	0.7520591695372465	0.6194413231287548	1.2177209562190008	0.5338669573340564	0.4503135365503521	-1	1.2738417455244677	0.0	1.9813849745108851	0.47748726295494026	-1	0.6718166842827054	1.1174397214369773	1.3766231606782857	0.7941346918587726	0.06484496604563406	0.14258498948136822	-1	1.2224895832245362	1.053101742941937	1.5062235908792299	0.5742301733802682	0.38672239620352045
ROD_15731_36-180	2.9453278771936686	2.430120093887539	2.947450114349979	3.146175358849377	-1	2.1812866942177562	3.1899856791862926	1.7729445247295366	2.85773231536613	0.5638344732551213	2.2333140094303636	2.9585757243656934	2.6201640760011373	1.2293258049736386	2.6008262976396397	3.199105930729886	2.515251931844942	1.531071437960533	-1	3.2552267200353526	1.9813849745108851	0.0	2.458872237465825	-1	1.3095682902281798	3.0988246959478625	3.358008135189171	1.1872502826521125	1.916540008465251	1.838799985029517	-1	3.2038745577354213	3.034486717452822	3.487608565390115	2.555615147891153	1.5946625783073647
ROD_15731_314-994	0.48645563972784345	0.02875214357828626	0.4885778768841538	0.6873031213835515	-1	0.27758554324806894	0.7311134417204671	0.6859277127362888	0.3988600779003044	1.8950377642107041	0.22555822803546177	0.4997034868998682	0.16129183853531193	1.2295464324921868	0.1419540601738145	0.7402336932640604	0.05637969437911616	0.9278007995052924	-1	0.7963544825695275	0.47748726295494026	2.458872237465825	0.0	-1	1.1493039472376456	0.6399524584820372	0.8991358977233453	1.2716219548137129	0.5423322290005743	0.6200722524363085	-1	0.7450023202695959	0.5756144799869967	1.0287363279242894	0.0967429104253279	0.8642096591584607
b2190_72-863	-1	-1	-1	-1	-1	-1	-1	-1	-1	-1	-1	-1	-1	-1	-1	-1	-1	-1	-1	-1	-1	-1	-1	-1	-1	-1	-1	-1	-1	-1	-1	-1	-1	-1	-1	-1
STM_MW04431_1-978	1.635759586965489	1.1205518036593594	1.6378818241217994	1.836607068621197	-1	0.8717184039895767	1.8804173889581128	0.4633762345013568	1.54816402513795	0.7457338169730585	0.9237457192021838	1.6490074341375138	1.3105957857729575	0.08024248525454114	1.2912580074114601	1.8895376405017061	1.2056836416167618	0.22150314773235324	-1	1.945658429807173	0.6718166842827054	1.3095682902281798	1.1493039472376456	-1	0.0	1.7892564057196827	2.048439844960991	0.12231800757606726	0.6069717182370713	0.5292316948013371	-1	1.8943062675072415	1.7249184272246423	2.178040275161935	1.2460468576629735	0.2850942880791849
ROD_16841_31-945	0.15349681875419374	0.6687046020603234	0.15137458159788342	0.04735066290151435	-1	0.9175380017301061	0.09116098323842992	1.325880171218326	0.24109238058173277	2.534990222692741	0.865510686517499	0.14024897158216898	0.47866061994672526	1.8694988909742238	0.4979983983082227	0.10028123478202322	0.583572764102921	1.5677532579873295	-1	0.15640202408749027	1.1174397214369773	3.0988246959478625	0.6399524584820372	-1	1.7892564057196827	0.0	0.25918343924130816	1.91157441329575	1.1822846874826114	1.2600247109183456	-1	0.10504986178755871	0.06433797849504053	0.3887838694422523	0.5432095480567093	1.5041621176404978
ETEC_3216_223-1040	0.4126802579955019	0.9278880413016316	0.4105580208391916	0.2118327763397938	-1	1.1767214409714142	0.16802245600287824	1.5850636104596343	0.5002758198230409	2.7941736619340496	1.1246941257588072	0.39943241082347714	0.7378440591880334	2.128682330215532	0.7571818375495308	0.15890220445928493	0.8427562033442292	1.8269366972286378	-1	0.10278141515381789	1.3766231606782857	3.358008135189171	0.8991358977233453	-1	2.048439844960991	0.25918343924130816	0.0	2.1707578525370583	1.4414681267239198	1.519208150159654	-1	0.15413357745374945	0.3235214177363487	0.12960043020094414	0.8023929872980174	1.7633455568818062
t2491_1-961	1.7580775945415563	1.2428698112354266	1.7601998316978666	1.9589250761972643	-1	0.9940364115656439	2.00273539653418	0.585694242077424	1.6704820327140173	0.6234158093969913	1.046063726778251	1.771325441713581	1.4329137933490248	0.042075522321526115	1.4135760149875274	2.0118556480777734	1.328001649192829	0.3438211553084205	-1	2.0679764373832406	0.7941346918587726	1.1872502826521125	1.2716219548137129	-1	0.12231800757606726	1.91157441329575	2.1707578525370583	0.0	0.7292897258131386	0.6515497023774044	-1	2.0166242750833088	1.8472364348007095	2.3003582827380025	1.3683648652390408	0.40741229565525217
SEN0356_1-1004	1.0287878687284178	0.5135800854222881	1.030910105884728	1.2296353503841257	-1	0.2647466857525054	1.2734456707210415	0.1435954837357145	0.9411923069008787	1.3527055352101298	0.31677400096511255	1.0420357159004425	0.7036240675358862	0.6872142034916124	0.6842862891743888	1.2825659222646348	0.5987119233796905	0.38546857050471806	-1	1.3386867115701018	0.06484496604563406	1.916540008465251	0.5423322290005743	-1	0.6069717182370713	1.1822846874826114	1.4414681267239198	0.7292897258131386	0.0	0.07774002343573416	-1	1.2873345492701702	1.117946708987571	1.571068556924864	0.6390751394259022	0.3218774301578864
ETEC_0427_10-870	1.106527892164152	0.5913201088580222	1.1086501293204623	1.30737537381986	-1	0.34248670918823954	1.3511856941567757	0.06585546029998035	1.018932330336613	1.2749655117743957	0.3945140244008467	1.1197757393361767	0.7813640909716204	0.6094741800558783	0.762026312610123	1.360305945700369	0.6764519468154246	0.3077285470689839	-1	1.416426735005836	0.14258498948136822	1.838799985029517	0.6200722524363085	-1	0.5292316948013371	1.2600247109183456	1.519208150159654	0.6515497023774044	0.07774002343573416	0.0	-1	1.3650745727059044	1.1956867324233051	1.648808580360598	0.7168151628616364	0.24413740672215223
b4491_44-882	-1	-1	-1	-1	-1	-1	-1	-1	-1	-1	-1	-1	-1	-1	-1	-1	-1	-1	-1	-1	-1	-1	-1	-1	-1	-1	-1	-1	-1	-1	-1	-1	-1	-1	-1	-1
ROD_03891_41-1023	0.25854668054175245	0.7737544638478822	0.2564244433854421	0.057699198886044356	-1	1.0225878635176648	0.013888878549128791	1.4309300330058847	0.3461422423692915	2.6400400844803	0.9705605483050577	0.2452988333697277	0.583710481734284	1.9745487527617827	0.6030482600957814	0.004768627005535486	0.6886226258904797	1.6728031197748883	-1	0.05135216229993156	1.2224895832245362	3.2038745577354213	0.7450023202695959	-1	1.8943062675072415	0.10504986178755871	0.15413357745374945	2.0166242750833088	1.2873345492701702	1.3650745727059044	-1	0.0	0.16938784028259923	0.2837340076546936	0.648259409844268	1.6092119794280566
ROD_49731_41-947	0.08915884025915322	0.6043666235652829	0.08703660310284289	0.11168864139655488	-1	0.8532000232350656	0.15549896173347044	1.2615421927232855	0.17675440208669224	2.4706522441977006	0.8011727080224584	0.07591099308712845	0.41432264145168474	1.8051609124791834	0.43366041981318215	0.16461921327706375	0.5192347856078805	1.503415279492289	-1	0.2207400025825308	1.053101742941937	3.034486717452822	0.5756144799869967	-1	1.7249184272246423	0.06433797849504053	0.3235214177363487	1.8472364348007095	1.117946708987571	1.1956867324233051	-1	0.16938784028259923	0.0	0.4531218479372928	0.47887156956166876	1.4398241391454574
CS17_01379_145-955	0.542280688196446	1.0574884715025759	0.5401584510401357	0.34143320654073794	-1	1.3063218711723583	0.2976228862038224	1.7146640406605784	0.6298762500239851	2.9237740921349937	1.2542945559597514	0.5290328410244213	0.8674444893889776	2.2582827604164764	0.886782267750475	0.2885026346602291	0.9723566335451733	1.956537127429582	-1	0.23238184535476203	1.5062235908792299	3.487608565390115	1.0287363279242894	-1	2.178040275161935	0.3887838694422523	0.12960043020094414	2.3003582827380025	1.571068556924864	1.648808580360598	-1	0.2837340076546936	0.4531218479372928	0.0	0.9319934174989616	1.8929459870827503
ROD_03611_97-322	0.38971272930251555	0.12549505400361416	0.3918349664588259	0.5905602109582236	-1	0.37432845367339684	0.6343705312951392	0.7826706231616167	0.3021171674749765	1.991780674636032	0.32230113846078967	0.4029605764745403	0.06454892810998403	1.3262893429175147	0.04521114974848661	0.6434907828387325	0.040363216046211736	1.0245437099306203	-1	0.6996115721441996	0.5742301733802682	2.555615147891153	0.0967429104253279	-1	1.2460468576629735	0.5432095480567093	0.8023929872980174	1.3683648652390408	0.6390751394259022	0.7168151628616364	-1	0.648259409844268	0.47887156956166876	0.9319934174989616	0.0	0.9609525695837886
ROD_03611_325-937	1.3506652988863042	0.8354575155801744	1.3527875360426145	1.5515127805420121	-1	0.5866241159103918	1.595323100878928	0.17828194642217188	1.2630697370587651	1.0308281050522434	0.6386514311229989	1.363913146058329	1.0255014976937726	0.36533677333372605	1.0061637193322752	1.6044433524225212	0.9205893535375769	0.06359114034683166	-1	1.6605641417279882	0.38672239620352045	1.5946625783073647	0.8642096591584607	-1	0.2850942880791849	1.5041621176404978	1.7633455568818062	0.40741229565525217	0.3218774301578864	0.24413740672215223	-1	1.6092119794280566	1.4398241391454574	1.8929459870827503	0.9609525695837886	0.0
