ETEC_0442_1-63	0.0	0.37945567540975733	0.24172173825196389	-1	0.46747576731688706	0.5330259875524054	0.10089741447458275	0.48306693524835526	0.13086409073770824	0.22846084236647501	0.9281181464898524	0.3444350693031436	0.31125844068726666	0.5318175662834487
Ecoli9000q_44930_1-63	0.37945567540975733	0.0	0.18164036094121902	-1	0.14184335980391263	0.24747678136296472	0.30981810687641476	0.16696834655125475	0.28602153244715145	0.19570598789362245	0.8841632246695469	0.59319290285567	0.09901716224376217	0.24552942446826634
ENC_23720_1-63	0.24172173825196389	0.18164036094121902	0.0	-1	0.29771924167323377	0.3841653704128437	0.15662764855145675	0.3182805167591453	0.12754926626878157	0.017187586338667328	0.9052038583508374	0.502899363888216	0.09170341013733126	0.3825717321273797
b0389_1-63	-1	-1	-1	-1	-1	-1	-1	-1	-1	-1	-1	-1	-1	-1
ERS227112_02683_1-63	0.46747576731688706	0.14184335980391263	0.29771924167323377	-1	0.0	0.12309340347808186	0.40771582547288904	0.029277856244987042	0.38729463711249634	0.30978975284095983	0.8650167464718509	0.6508957883066984	0.22681559507677046	0.12082417102856843
t2475_1-63	0.5330259875524054	0.24747678136296472	0.3841653704128437	-1	0.12309340347808186	0.0	0.4806221003416374	0.0966451088363877	0.46271462555959236	0.3947500812792142	0.8460688355367217	0.6938682138925597	0.32198949499494617	0.002581090579080473
NCTC13441_03589_1-63	0.10089741447458275	0.30981810687641476	0.15662764855145675	-1	0.40771582547288904	0.4806221003416374	0.0	0.4250566363908746	0.03332954075047353	0.14187861312549424	0.9200515551090965	0.41057987583066546	0.23396776919482798	0.47927806987346716
SL1344_0384_1-63	0.48306693524835526	0.16696834655125475	0.3182805167591453	-1	0.029277856244987042	0.0966451088363877	0.4250566363908746	0.0	0.40523333664764927	0.3299976292360992	0.860945529679587	0.6611168112311745	0.2494527769349786	0.0943074342874839
BN373_08211_1-63	0.13086409073770824	0.28602153244715145	0.12754926626878157	-1	0.38729463711249634	0.46271462555959236	0.03332954075047353	0.40523333664764927	0.0	0.11229170327527403	0.9172950366632996	0.43022497787831643	0.2075559737287511	0.46132425466813715
SEN0372_1-63	0.22846084236647501	0.19570598789362245	0.017187586338667328	-1	0.30978975284095983	0.3947500812792142	0.14187861312549424	0.3299976292360992	0.11229170327527403	0.0	0.906833175220005	0.4942059855960672	0.10731483619671298	0.39318383378937416
STM_MW04591_1-63	0.9281181464898524	0.8841632246695469	0.9052038583508374	-1	0.8650167464718509	0.8460688355367217	0.9200515551090965	0.860945529679587	0.9172950366632996	0.906833175220005	0.0	0.9528767776852585	0.8956330534462367	0.8464661458151447
CS17_00421_1-63	0.3444350693031436	0.59319290285567	0.502899363888216	-1	0.6508957883066984	0.6938682138925597	0.41057987583066546	0.6611168112311745	0.43022497787831643	0.4942059855960672	0.9528767776852585	0.0	0.5484851874011032	0.6930760152871234
STMMW_04591_1-63	0.31125844068726666	0.09901716224376217	0.09170341013733126	-1	0.22681559507677046	0.32198949499494617	0.23396776919482798	0.2494527769349786	0.2075559737287511	0.10731483619671298	0.8956330534462367	0.5484851874011032	0.0	0.32023495985383665
ROD_04331_1-63	0.5318175662834487	0.24552942446826634	0.3825717321273797	-1	0.12082417102856843	0.002581090579080473	0.47927806987346716	0.0943074342874839	0.46132425466813715	0.39318383378937416	0.8464661458151447	0.6930760152871234	0.32023495985383665	0.0
