NCTC13441_00655_1-224	0.0	0.03550798650807179	0.19818897320228804	0.034592081354444026	0.23426062229010433	0.38061774546448524	0.03489242483989878
ROD_35891_1-225	0.03550798650807179	0.0	0.16867012315139063	0.0009487234731954165	0.2060697579676702	0.357815050958223	0.0006378166372498908
STMMW_31551_1-225	0.19818897320228804	0.16867012315139063	0.0	0.16945882531952555	0.0449877189041412	0.2275209072526536	0.1692003591778876
STM_MW31551_1-225	0.034592081354444026	0.0009487234731954165	0.16945882531952555	0.0	0.206822978224366	0.35842430689351173	0.0003111052640588784
SEN3036_1-225	0.23426062229010433	0.2060697579676702	0.0449877189041412	0.206822978224366	0.0	0.19113177072347065	0.20657613988485424
t3114_1-225	0.38061774546448524	0.357815050958223	0.2275209072526536	0.35842430689351173	0.19113177072347065	0.0	0.35822464720291336
SL1344_3167_1-225	0.03489242483989878	0.0006378166372498908	0.1692003591778876	0.0003111052640588784	0.20657613988485424	0.35822464720291336	0.0
