STMMW_20581_1-241	0.0	0.049018208614956316	0.24385506023696368	0.2937090431344422	0.14411408883810894	0.06551343987565039	0.17221798302440838	0.0019853128663165354	0.4132122794262306	0.02765775616048516	0.06574422268709412	0.21605749126782292	0.12416515187864685	0.3611522784208786	0.18581430091830548	0.26731310898218513
ROD_21141_1-257	0.049018208614956316	0.0	0.29287326885192	0.24469083451948587	0.19313229745306526	0.11453164849060671	0.2212361916393647	0.05100352148127285	0.46223048804118694	0.07667596477544147	0.016726014072137807	0.1670392826528666	0.07514694326369054	0.4101704870358349	0.13679609230334916	0.21829490036722882
SL1344_2003_1-241	0.24385506023696368	0.29287326885192	0.0	0.5375641033714058	0.09974097139885474	0.1783416203613133	0.0716370772125553	0.24186974737064715	0.16935721918926694	0.21619730407647852	0.3095992829240578	0.4599125515047866	0.36802021211561053	0.11729721818391492	0.42966936115526916	0.5111681692191488
SEN2025_1-241	0.2937090431344422	0.24469083451948587	0.5375641033714058	0.0	0.4378231319725511	0.3592224830100926	0.46592702615885057	0.2956943560007587	0.7069213225606727	0.32136679929492734	0.22796482044734806	0.07765155186661926	0.16954389125579533	0.6548613215553207	0.10789474221613671	0.02639593415225705
ERS227112_01478_1-241	0.14411408883810894	0.19313229745306526	0.09974097139885474	0.4378231319725511	0.0	0.07860064896245855	0.02810389418629944	0.1421287759717924	0.2690981905881217	0.11645633267762379	0.20985831152520307	0.36017158010593187	0.2682792407167558	0.21703818958276966	0.3299283897564144	0.4114271978202941
BN373_38221_1-241	0.06551343987565039	0.11453164849060671	0.1783416203613133	0.3592224830100926	0.07860064896245855	0.0	0.10670454314875799	0.06352812700933386	0.34769883955058023	0.037855683715165234	0.13125766256274451	0.2815709311434733	0.18967859175429724	0.2956388385452282	0.25132774079395587	0.3328265488578355
ERS227112_01476_1-257	0.17221798302440838	0.2212361916393647	0.0716370772125553	0.46592702615885057	0.02810389418629944	0.10670454314875799	0.0	0.17023267015809185	0.24099429640182224	0.14456022686392322	0.2379622057115025	0.3882754742922313	0.29638313490305523	0.18893429539647022	0.35803228394271386	0.4395310920065935
STMMW_20601_1-257	0.0019853128663165354	0.05100352148127285	0.24186974737064715	0.2956943560007587	0.1421287759717924	0.06352812700933386	0.17023267015809185	0.0	0.4112269665599141	0.025672443294168623	0.06772953555341066	0.21804280413413946	0.1261504647449634	0.35916696555456207	0.187799613784622	0.26929842184850167
SL1344_2005_1-257	0.4132122794262306	0.46223048804118694	0.16935721918926694	0.7069213225606727	0.2690981905881217	0.34769883955058023	0.24099429640182224	0.4112269665599141	0.0	0.38555452326574546	0.47895650211332474	0.6292697706940535	0.5373774313048775	0.05206000100535202	0.599026580344536	0.6805253884084157
t0845_1-257	0.02765775616048516	0.07667596477544147	0.21619730407647852	0.32136679929492734	0.11645633267762379	0.037855683715165234	0.14456022686392322	0.025672443294168623	0.38555452326574546	0.0	0.09340197884757928	0.24371524742830808	0.151822908039132	0.33349452226039344	0.21347205707879063	0.2949708651426703
t0847_1-241	0.06574422268709412	0.016726014072137807	0.3095992829240578	0.22796482044734806	0.20985831152520307	0.13125766256274451	0.2379622057115025	0.06772953555341066	0.47895650211332474	0.09340197884757928	0.0	0.1503132685807288	0.05842092919155273	0.4268965011079727	0.12007007823121135	0.201568886295091
STM_MW20581_1-241	0.21605749126782292	0.1670392826528666	0.4599125515047866	0.07765155186661926	0.36017158010593187	0.2815709311434733	0.3882754742922313	0.21804280413413946	0.6292697706940535	0.24371524742830808	0.1503132685807288	0.0	0.09189233938917607	0.5772097696887015	0.030243190349517446	0.05125561771436221
ROD_21121_1-241	0.12416515187864685	0.07514694326369054	0.36802021211561053	0.16954389125579533	0.2682792407167558	0.18967859175429724	0.29638313490305523	0.1261504647449634	0.5373774313048775	0.151822908039132	0.05842092919155273	0.09189233938917607	0.0	0.48531743029952545	0.061649149039658624	0.14314795710353828
BN373_38241_1-257	0.3611522784208786	0.4101704870358349	0.11729721818391492	0.6548613215553207	0.21703818958276966	0.2956388385452282	0.18893429539647022	0.35916696555456207	0.05206000100535202	0.33349452226039344	0.4268965011079727	0.5772097696887015	0.48531743029952545	0.0	0.546966579339184	0.6284653874030637
SEN2027_1-257	0.18581430091830548	0.13679609230334916	0.42966936115526916	0.10789474221613671	0.3299283897564144	0.25132774079395587	0.35803228394271386	0.187799613784622	0.599026580344536	0.21347205707879063	0.12007007823121135	0.030243190349517446	0.061649149039658624	0.546966579339184	0.0	0.08149880806387966
STM_MW20601_1-257	0.26731310898218513	0.21829490036722882	0.5111681692191488	0.02639593415225705	0.4114271978202941	0.3328265488578355	0.4395310920065935	0.26929842184850167	0.6805253884084157	0.2949708651426703	0.201568886295091	0.05125561771436221	0.14314795710353828	0.6284653874030637	0.08149880806387966	0.0
