CS17_01160_1-157	0.0	0.8748439157346531	0.279501354646125	0.43650793650793646	0.0673197383702957	0.5098160671045237	0.0527305033209406	0.18409414553497658	0.12634910589578904	0.10390292656441197	0.27475310787897755	0.028318127044241814	0.04846648320289886	-1	-1	0.26545726425109945	0.04885653492324929	0.40098051191175493
Ecoli9000q_53860_1-161	0.8748439157346531	0.0	0.8262924086361382	0.9294755398187332	0.883269390582847	0.9386504983890147	0.8678770036361146	0.8978844181259857	0.8906572750789978	0.887847999167165	0.9092309388565204	0.8783881016292392	0.8809097909904402	-1	-1	0.9080675074681123	0.8809586083364203	0.9250290664722427
ERS227112_00249_2-141	0.279501354646125	0.8262924086361382	0.0	0.5940047315863085	0.32800513494750033	0.6468231403745746	0.2393942295410107	0.4121409371216548	0.3705357142857143	0.354363272484087	0.4774605966796954	0.29990452682046015	0.31442139013888	-1	-1	0.4707629539383878	0.3147024218750104	0.5684072702918478
CS17_03369_1-157	0.43650793650793646	0.9294755398187332	0.5940047315863085	0.0	0.3958357577896476	0.13009611908690122	0.4662211566332284	0.30936631915512314	0.3550146090449156	0.3711707356306106	0.2230341562111331	0.4200858540481181	0.4078063951033488	-1	-1	0.23286687612864745	0.407563544110989	0.059309296780254
ETEC_3222_1-159	0.0673197383702957	0.883269390582847	0.32800513494750033	0.3958357577896476	0.0	0.47443518099229304	0.11650043800353657	0.12520304328156034	0.06329003620420709	0.0392237186730994	0.22240566037735848	0.04013825142936435	0.01981354816681354	-1	-1	0.2124388539482879	0.01941158629056718	0.3577440064598797
NCTC13441_04864_1-161	0.5098160671045237	0.9386504983890147	0.6468231403745746	0.13009611908690122	0.47443518099229304	0.0	0.5356637126059403	0.3992150807437432	0.4389247052759198	0.4529789824933392	0.3241143971511442	0.49553043384005274	0.48484848484848486	-1	-1	0.33266791836732146	0.48463722782774743	0.18168950653027094
ENC_35800_1-142	0.0527305033209406	0.8678770036361146	0.2393942295410107	0.4662211566332284	0.11650043800353657	0.5356637126059403	0.0	0.22711727190341938	0.17241715726869386	0.15115457627109238	0.31299574153246695	0.0795554012730332	0.09864132447035469	-1	-1	0.3041900724178796	0.09901080856716983	0.4325671110177003
NCTC13441_01714_1-157	0.18409414553497658	0.8978844181259857	0.4121409371216548	0.30936631915512314	0.12520304328156034	0.3992150807437432	0.22711727190341938	0.0	0.06609624053369263	0.08948943295073579	0.11111448931009893	0.16031586347996782	0.14253587491968303	-1	-1	0.09972120958670083	0.14218423989362589	0.26582278481012656
ERS227112_05704_2-142	0.12634910589578904	0.8906572750789978	0.3705357142857143	0.3550146090449156	0.06329003620420709	0.4389247052759198	0.17241715726869386	0.06609624053369263	0.0	0.02504882562033108	0.16986647983157283	0.1008879362474334	0.0818495841902092	-1	-1	0.1592262530652401	0.08147306249566319	0.314349138619673
ROD_49711_1-161	0.10390292656441197	0.887847999167165	0.354363272484087	0.3711707356306106	0.0392237186730994	0.4529789824933392	0.15115457627109238	0.08948943295073579	0.02504882562033108	0.0	0.19066034961986336	0.07778759862036824	0.05826010580070194	-1	-1	0.18028664803836128	0.057873910364006784	0.33152388748281864
ETEC_4455_1-157	0.27475310787897755	0.9092309388565204	0.4774605966796954	0.2230341562111331	0.22240566037735848	0.3241143971511442	0.31299574153246695	0.11111448931009893	0.16986647983157283	0.19066034961986336	0.0	0.2536169374911826	0.23781256327971326	-1	-1	0.012655279503105556	0.2375	0.17404749390048224
CS17_00300_1-159	0.028318127044241814	0.8783881016292392	0.29990452682046015	0.4200858540481181	0.04013825142936435	0.49553043384005274	0.0795554012730332	0.16031586347996782	0.1008879362474334	0.07778759862036824	0.2536169374911826	0.0	0.020735548042455275	-1	-1	0.2440501812445099	0.021136967201550966	0.38352303901060925
NCTC13441_04971_1-161	0.04846648320289886	0.8809097909904402	0.31442139013888	0.4078063951033488	0.01981354816681354	0.48484848484848486	0.09864132447035469	0.14253587491968303	0.0818495841902092	0.05826010580070194	0.23781256327971326	0.020735548042455275	0.0	-1	-1	0.2280432346498944	0.0004099190553616587	0.3704693765233116
b2643_1-152	-1	-1	-1	-1	-1	-1	-1	-1	-1	-1	-1	-1	-1	-1	-1	-1	-1	-1
b0248_1-152	-1	-1	-1	-1	-1	-1	-1	-1	-1	-1	-1	-1	-1	-1	-1	-1	-1	-1
ETEC_3945_1-161	0.26545726425109945	0.9080675074681123	0.4707629539383878	0.23286687612864745	0.2124388539482879	0.33266791836732146	0.3041900724178796	0.09972120958670083	0.1592262530652401	0.18028664803836128	0.012655279503105556	0.2440501812445099	0.2280432346498944	-1	-1	0.0	0.22772666509396872	0.18450015372146214
ETEC_2123_25-181	0.04885653492324929	0.8809586083364203	0.3147024218750104	0.407563544110989	0.01941158629056718	0.48463722782774743	0.09901080856716983	0.14218423989362589	0.08147306249566319	0.057873910364006784	0.2375	0.021136967201550966	0.0004099190553616587	-1	-1	0.22772666509396872	0.0	0.37021121409911767
NCTC13441_04127_1-157	0.40098051191175493	0.9250290664722427	0.5684072702918478	0.059309296780254	0.3577440064598797	0.18168950653027094	0.4325671110177003	0.26582278481012656	0.314349138619673	0.33152388748281864	0.17404749390048224	0.38352303901060925	0.3704693765233116	-1	-1	0.18450015372146214	0.37021121409911767	0.0
