ETEC_0721_1-493	0.0	0.574375546448593	0.7060306781175879	0.1639875747672499	0.2478240404760499	0.39746289050139694	0.347964702830319	0.013264205840139986	0.06597278872188994	0.525097312653031	0.0492899441086001	0.5914961475151099	0.365635789022829	1.050639643648258	0.3318586970030789	0.688880600178484	-1	0.28353321400393994	0.24096874165793003	0.25371217591346995	0.37788615345879495	-1	-1	0.8373728971447	0.13385755900382001	0.19199283557986013	0.05191733119230002	-1	0.20224664644630996	0.50894774648595	-1	0.02267593958526004	0.2675041091752499	0.307486613096688	0.11419815754713003	0.7449555004147229	0.30715768541436006	0.42164873103239897	0.14072949644077992	0.787096622545909	0.328426296990039	0.7224748732427	0.43821486842641	0.09161038355674012	0.5839256768581169	0.349028966415063	0.06501885487368009	0.03519338738771993	0.01201472393170988	0.003524635744149851	0.4138724895330369
SL1344_1384_1-501	0.574375546448593	0.0	0.1316551316689949	0.4103879716813431	0.3265515059725431	0.17691265594719607	0.22641084361827402	0.561111340608453	0.640348335170483	0.049278233795562065	0.6236654905571931	0.017120601066516916	0.208739757425764	0.47626409719966495	0.2425168494455141	0.11450505372989095	-1	0.2908423324446531	0.333406804790663	0.32066337053512306	0.19648939298979806	-1	-1	0.26299735069610697	0.708233105452413	0.7663683820284531	0.522458215256293	-1	0.37212890000228305	1.0833232929345429	-1	0.551699606863333	0.3068714372733431	0.266888933351905	0.460177388901463	0.1705799539661299	0.8815332318629531	0.15272681541619404	0.4336460500078131	0.21272107609731594	0.245949249458554	0.14809932679410698	0.136160678022183	0.6659859300053331	0.009550130409523905	0.22534658003353003	0.6393944013222731	0.5391821590608731	0.5623608225168831	0.5708509107044432	0.1605030569155561
STM_MW25771_1-486	0.7060306781175879	0.1316551316689949	0.0	0.542043103350338	0.458206637641538	0.30856778761619097	0.3580659752872689	0.6927664722774479	0.7720034668394778	0.18093336546455696	0.755320622226188	0.11453453060247798	0.3403948890947589	0.34460896553067005	0.374171981114509	0.017150077939103947	-1	0.42249746411364797	0.4650619364596579	0.45231850220411796	0.32814452465879296	-1	-1	0.13134221902711207	0.8398882371214079	0.898023513697448	0.6541133469252879	-1	0.5037840316712779	1.214978424603538	-1	0.6833547385323279	0.438526568942338	0.3985440650208999	0.5918325205704579	0.03892482229713501	1.013188363531948	0.28438194708518894	0.565301181676808	0.08106594442832105	0.3776043811275489	0.016444195125112082	0.2678158096911779	0.797641061674328	0.12210500125947099	0.3570017117025249	0.771049532991268	0.670837290729868	0.694015954185878	0.702506042373438	0.292158188584551
ETEC_3743_1-489	0.1639875747672499	0.4103879716813431	0.542043103350338	0.0	0.08383646570879999	0.23347531573414704	0.1839771280630691	0.1507233689271099	0.22996036348913984	0.36110973788578105	0.21327751887585	0.42750857274786	0.2016482142555791	0.886652068881008	0.167871122235829	0.5248930254112341	-1	0.11954563923669004	0.07698116689068013	0.08972460114622005	0.21389857869154505	-1	-1	0.6733853223774501	0.2978451337710699	0.35598041034711003	0.11207024357494988	-1	0.038259071679060064	0.6729353212531999	-1	0.14131163518198986	0.10351653440800002	0.1434990383294381	0.04978941722011987	0.580967925647473	0.47114526018160996	0.25766115626514907	0.023258078326469978	0.623109047778659	0.1644387222227891	0.5584872984754501	0.2742272936591601	0.25559795832399	0.419938102090867	0.18504139164781308	0.22900642964093	0.12879418737952997	0.15197285083554002	0.16046293902310005	0.249884914765787
SEN3415_1-490	0.2478240404760499	0.3265515059725431	0.458206637641538	0.08383646570879999	0.0	0.14963885002534705	0.1001406623542691	0.2345598346359099	0.31379682919793983	0.27727327217698106	0.29711398458465	0.34367210703906004	0.11781174854677912	0.802815603172208	0.08403465652702902	0.44105655970243407	-1	0.03570917352789005	0.006855298818119859	0.005888135437420061	0.13006211298274506	-1	-1	0.5895488566686501	0.3816815994798699	0.43981687605591	0.19590670928374987	-1	0.045577394029739926	0.7567717869619999	-1	0.22514810089078985	0.019680068699200026	0.05966257262063812	0.13362588292891986	0.497131459938673	0.55498172589041	0.17382469055634908	0.10709454403526997	0.5392725820698591	0.08060225651398911	0.4746508327666501	0.1903908279503601	0.33943442403279	0.336101636382067	0.10120492593901309	0.31284289534973	0.21263065308832996	0.23580931654434	0.24429940473190004	0.166048449056987
STMMW_25771_1-486	0.39746289050139694	0.17691265594719607	0.30856778761619097	0.23347531573414704	0.14963885002534705	0.0	0.04949818767107794	0.38419868466125695	0.4634356792232869	0.127634422151634	0.44675283460999704	0.194033257013713	0.03182710147856793	0.6531767531468611	0.06560419349831803	0.291417709677087	-1	0.113929676497457	0.1564941488434669	0.143750714587927	0.019576737042601988	-1	-1	0.43991000664330304	0.531320449505217	0.5894557260812571	0.3455455593090969	-1	0.19521624405508697	0.9064106369873469	-1	0.3747869509161369	0.12995878132614702	0.08997627740470893	0.2832647329542669	0.347492609913326	0.704620575915757	0.024185840531002034	0.256733394060617	0.389633732044512	0.06903659351135794	0.32501198274130305	0.04075197792501306	0.48907327405813705	0.18646278635671998	0.04843392408633396	0.462481745375077	0.362269503113677	0.38544816656968706	0.3939382547572471	0.016409599031639965
SL1344_2522_1-486	0.347964702830319	0.22641084361827402	0.3580659752872689	0.1839771280630691	0.1001406623542691	0.04949818767107794	0.0	0.334700496990179	0.41393749155220894	0.17713260982271195	0.3972546469389191	0.24353144468479093	0.01767108619251001	0.7026749408179389	0.01610600582724009	0.34091589734816496	-1	0.06443148882637906	0.10699596117238896	0.09425252691684904	0.029921450628475954	-1	-1	0.489408194314381	0.481822261834139	0.5399575384101791	0.296047371638019	-1	0.14571805638400903	0.856912449316269	-1	0.32528876324505895	0.08046059365506908	0.040478089733630984	0.23376654528318896	0.3969907975844039	0.655122388244679	0.07368402820207998	0.20723520638953907	0.43913191971558996	0.019538405840279993	0.374510170412381	0.090250165596091	0.4395750863870591	0.23596097402779792	0.0010642635847439852	0.4129835577039991	0.31277131544259906	0.3359499788986091	0.34444006708616914	0.06590778670271791
ENC_37530_1-513	0.013264205840139986	0.561111340608453	0.6927664722774479	0.1507233689271099	0.2345598346359099	0.38419868466125695	0.334700496990179	0.0	0.07923699456202993	0.511833106812891	0.06255414994874009	0.5782319416749699	0.352371583182689	1.037375437808118	0.3185944911629389	0.675616394338344	-1	0.27026900816379995	0.22770453581779004	0.24044797007332996	0.36462194761865496	-1	-1	0.82410869130456	0.14712176484396	0.20525704142000012	0.038653125352160034	-1	0.18898244060616998	0.52221195232609	-1	0.009411733745120054	0.25423990333510993	0.294222407256548	0.10093395170699004	0.7316912945745829	0.32042189125450005	0.408384525192259	0.12746529060063994	0.773832416705769	0.315162091149899	0.70921066740256	0.42495066258627	0.1048745893968801	0.5706614710179769	0.335764760574923	0.07828306071382007	0.021929181547579946	0.0012494819084301056	0.009739570095990135	0.4006082836928969
BN373_25531_1-501	0.06597278872188994	0.640348335170483	0.7720034668394778	0.22996036348913984	0.31379682919793983	0.4634356792232869	0.41393749155220894	0.07923699456202993	0.0	0.5910701013749209	0.016682844613289838	0.6574689362369999	0.43160857774471895	1.1166124323701478	0.39783148572496885	0.7548533889003739	-1	0.3495060027258299	0.30694153037981997	0.3196849646353599	0.4438589421806849	-1	-1	0.9033456858665899	0.06788477028193007	0.1260200468579702	0.11789011991418996	-1	0.2682194351681999	0.44297495776406004	-1	0.08864872830714998	0.33347689789713986	0.37345940181857795	0.18017094626901997	0.8109282891366129	0.24118489669247012	0.4876215197542889	0.20670228516266986	0.8530694112677989	0.39439908571192894	0.7884476619645899	0.5041876571482999	0.025637594834850175	0.6498984655800069	0.4150017551369529	0.0009539338482098536	0.10116617610960987	0.07798751265359982	0.06949742446603979	0.47984527825492684
STM_MW07671_1-493	0.525097312653031	0.049278233795562065	0.18093336546455696	0.36110973788578105	0.27727327217698106	0.127634422151634	0.17713260982271195	0.511833106812891	0.5910701013749209	0.0	0.574387256761631	0.06639883486207898	0.15946152363020194	0.525542330995227	0.19323861564995204	0.16378328752545301	-1	0.241564098649091	0.2841285709951009	0.271385136739561	0.147211159194236	-1	-1	0.31227558449166903	0.658954871656851	0.7170901482328911	0.4731799814607309	-1	0.322850666206721	1.034045059138981	-1	0.5024213730677709	0.25759320347778103	0.21761069955634293	0.4108991551059009	0.21985818776169197	0.832254998067391	0.10344858162063197	0.384367816212251	0.261999309892878	0.19667101566299194	0.19737756058966904	0.08688244422662095	0.6167076962097711	0.05882836420508597	0.17606834623796797	0.590116167526711	0.489903925265311	0.5130825887213211	0.5215726769088811	0.11122482311999404
NCTC13441_04325_1-486	0.0492899441086001	0.6236654905571931	0.755320622226188	0.21327751887585	0.29711398458465	0.44675283460999704	0.3972546469389191	0.06255414994874009	0.016682844613289838	0.574387256761631	0.0	0.64078609162371	0.4149257331314291	1.099929587756858	0.381148641111679	0.7381705442870841	-1	0.33282315811254004	0.29025868576653013	0.30300212002207005	0.42717609756739505	-1	-1	0.8866628412533001	0.08456761489521991	0.14270289147126003	0.10120727530090012	-1	0.25153659055491007	0.4596578023773499	-1	0.07196588369386014	0.31679405328385	0.3567765572052881	0.16348810165573013	0.794245444523323	0.25786774130575996	0.4709386751409991	0.19001944054938003	0.8363865666545091	0.3777162410986391	0.7717648173513001	0.4875048125350101	0.04232043944814001	0.633215620966717	0.3983189105236631	0.015728910765079984	0.08448333149632004	0.061304668040309984	0.052814579852749954	0.463162433641637
ETEC_1669_1-500	0.5914961475151099	0.017120601066516916	0.11453453060247798	0.42750857274786	0.34367210703906004	0.194033257013713	0.24353144468479093	0.5782319416749699	0.6574689362369999	0.06639883486207898	0.64078609162371	0.0	0.22586035849228092	0.45914349613314803	0.259637450512031	0.09738445266337403	-1	0.30796293351117	0.3505274058571799	0.33778397160164	0.21360999405631498	-1	-1	0.24587674962959005	0.7253537065189299	0.7834889830949701	0.5395788163228099	-1	0.38924950106879996	1.10044389400106	-1	0.5688202079298499	0.32399203833986	0.2840095344184219	0.4772979899679799	0.153459352899613	0.89865383292947	0.16984741648271096	0.45076665107433	0.19560047503079903	0.2630698505250709	0.13097872572759006	0.15328127908869993	0.68310653107185	0.007570470656993011	0.24246718110004695	0.65651500238879	0.55630276012739	0.5794814235834	0.5879715117709601	0.17762365798207302
SEN2540_1-486	0.365635789022829	0.208739757425764	0.3403948890947589	0.2016482142555791	0.11781174854677912	0.03182710147856793	0.01767108619251001	0.352371583182689	0.43160857774471895	0.15946152363020194	0.4149257331314291	0.22586035849228092	0.0	0.6850038546254289	0.0337770920197501	0.32324481115565495	-1	0.08210257501888907	0.12466704736489898	0.11192361310935905	0.012250364435965944	-1	-1	0.471737108121871	0.499493348026649	0.5576286246026891	0.313718457830529	-1	0.16338914257651904	0.874583535508779	-1	0.34295984943756896	0.09813167984757909	0.058149175926140995	0.251437631475699	0.3793197113918939	0.6727934744371891	0.056012942009569966	0.22490629258204908	0.42146083352307995	0.037209492032790004	0.356839084219871	0.07257907940358099	0.4572461725795691	0.2182898878352879	0.016606822607766025	0.4306546438965091	0.3304424016351091	0.3536210650911191	0.36211115327867915	0.0482367005102079
STM_MW14551_1-501	1.050639643648258	0.47626409719966495	0.34460896553067005	0.886652068881008	0.802815603172208	0.6531767531468611	0.7026749408179389	1.037375437808118	1.1166124323701478	0.525542330995227	1.099929587756858	0.45914349613314803	0.6850038546254289	0.0	0.7187809466451791	0.361759043469774	-1	0.767106429644318	0.8096709019903279	0.796927467734788	0.672753490189463	-1	-1	0.21326674650355798	1.184497202652078	1.242632479228118	0.9987223124559579	-1	0.8483929972019479	1.5595873901342079	-1	1.0279637040629979	0.783135534473008	0.7431530305515699	0.9364414861011279	0.30568414323353504	1.357797329062618	0.628990912615859	0.909910147207478	0.263543021102349	0.722213346658219	0.32816477040555797	0.6124247752218479	1.142250027204998	0.46671396679014104	0.7016106772331949	1.115658498521938	1.015446256260538	1.038624919716548	1.047115007904108	0.6367671541152211
SL1344_3557_1-490	0.3318586970030789	0.2425168494455141	0.374171981114509	0.167871122235829	0.08403465652702902	0.06560419349831803	0.01610600582724009	0.3185944911629389	0.39783148572496885	0.19323861564995204	0.381148641111679	0.259637450512031	0.0337770920197501	0.7187809466451791	0.0	0.35702190317540505	-1	0.04832548299913897	0.09088995534514888	0.07814652108960896	0.04602745645571604	-1	-1	0.5055142001416211	0.4657162560068989	0.523851532582939	0.2799413658107789	-1	0.12961205055676894	0.8408064434890289	-1	0.30918275741781887	0.06435458782782899	0.024372083906390896	0.21766053945594888	0.413096803411644	0.639016382417439	0.08979003402932006	0.19112920056229898	0.45523792554283005	0.0034324000130399046	0.3906161762396211	0.10635617142333109	0.423469080559819	0.252066979855038	0.017170269411984074	0.396877551876759	0.296665309615359	0.319843973071369	0.32833406125892906	0.082013792529958
SEN1595_1-501	0.688880600178484	0.11450505372989095	0.017150077939103947	0.5248930254112341	0.44105655970243407	0.291417709677087	0.34091589734816496	0.675616394338344	0.7548533889003739	0.16378328752545301	0.7381705442870841	0.09738445266337403	0.32324481115565495	0.361759043469774	0.35702190317540505	0.0	-1	0.405347386174544	0.44791185852055393	0.435168424265014	0.310994446719689	-1	-1	0.14849229696621602	0.822738159182304	0.8808734357583441	0.6369632689861839	-1	0.486633953732174	1.197828346664434	-1	0.6662046605932239	0.42137649100323404	0.38139398708179595	0.5746824426313539	0.056074900236238956	0.996038285592844	0.267231869146085	0.548151103737704	0.098216022367425	0.36045430318844496	0.03359427306421603	0.25066573175207396	0.7804909837352241	0.10495492332036704	0.339851633763421	0.753899455052164	0.653687212790764	0.6768658762467741	0.6853559644343341	0.27500811064544706
b3496_1-489	-1	-1	-1	-1	-1	-1	-1	-1	-1	-1	-1	-1	-1	-1	-1	-1	-1	-1	-1	-1	-1	-1	-1	-1	-1	-1	-1	-1	-1	-1	-1	-1	-1	-1	-1	-1	-1	-1	-1	-1	-1	-1	-1	-1	-1	-1	-1	-1	-1	-1	-1
STMMW_35811_1-490	0.28353321400393994	0.2908423324446531	0.42249746411364797	0.11954563923669004	0.03570917352789005	0.113929676497457	0.06443148882637906	0.27026900816379995	0.3495060027258299	0.241564098649091	0.33282315811254004	0.30796293351117	0.08210257501888907	0.767106429644318	0.04832548299913897	0.405347386174544	-1	0.0	0.04256447234600991	0.029821038090469987	0.09435293945485501	-1	-1	0.55383968314076	0.41739077300775995	0.47552604958380007	0.23161588281163992	-1	0.08128656755762997	0.7924809604898899	-1	0.2608572744186799	0.01602910482869002	0.023953399092748073	0.1693350564568099	0.461422286410783	0.5906908994183	0.13811551702845903	0.14280371756316002	0.503563408541969	0.044893082986099064	0.43894165923876005	0.15468165442247006	0.37514359756068005	0.300392462854177	0.06549575241112304	0.34855206887762	0.24833982661622	0.27151849007223006	0.2800085782597901	0.13033927552909697
NCTC13441_03292_1-494	0.24096874165793003	0.333406804790663	0.4650619364596579	0.07698116689068013	0.006855298818119859	0.1564941488434669	0.10699596117238896	0.22770453581779004	0.30694153037981997	0.2841285709951009	0.29025868576653013	0.3505274058571799	0.12466704736489898	0.8096709019903279	0.09088995534514888	0.44791185852055393	-1	0.04256447234600991	0.0	0.01274343425553992	0.13691741180086492	-1	-1	0.59640415548677	0.37482630066175004	0.43296157723779016	0.18905141046563	-1	0.03872209521162007	0.74991648814388	-1	0.21829280207267	0.026535367517319886	0.06651787143875798	0.1267705841108	0.5039867587567929	0.5481264270722901	0.18067998937446894	0.10023924521715011	0.5461278808879789	0.08745755533210897	0.48150613158476996	0.19724612676847997	0.33257912521467015	0.3429569352001869	0.10806022475713295	0.3059875965316101	0.2057753542702101	0.22895401772622015	0.23744410591378018	0.17290374787510687
SEN0673_1-493	0.25371217591346995	0.32066337053512306	0.45231850220411796	0.08972460114622005	0.005888135437420061	0.143750714587927	0.09425252691684904	0.24044797007332996	0.3196849646353599	0.271385136739561	0.30300212002207005	0.33778397160164	0.11192361310935905	0.796927467734788	0.07814652108960896	0.435168424265014	-1	0.029821038090469987	0.01274343425553992	0.0	0.124173977545325	-1	-1	0.58366072123123	0.38756973491728997	0.4457050114933301	0.20179484472116993	-1	0.05146552946715999	0.7626599223994199	-1	0.2310362363282099	0.013791933261779965	0.05377443718321806	0.13951401836633992	0.49124332450125296	0.56086986132783	0.16793655511892902	0.11298267947269003	0.533384446632439	0.07471412107656905	0.46876269732923004	0.18450269251294005	0.34532255947021007	0.33021350094464696	0.09531679050159303	0.31873103078715004	0.21851878852575002	0.24169745198176007	0.2501875401693201	0.16016031361956695
STM_MW35811_1-491	0.37788615345879495	0.19648939298979806	0.32814452465879296	0.21389857869154505	0.13006211298274506	0.019576737042601988	0.029921450628475954	0.36462194761865496	0.4438589421806849	0.147211159194236	0.42717609756739505	0.21360999405631498	0.012250364435965944	0.672753490189463	0.04602745645571604	0.310994446719689	-1	0.09435293945485501	0.13691741180086492	0.124173977545325	0.0	-1	-1	0.45948674368590503	0.511743712462615	0.5698789890386551	0.32596882226649493	-1	0.17563950701248499	0.8868338999447449	-1	0.3552102138735349	0.11038204428354503	0.07039954036210694	0.2636879959116649	0.36706934695592797	0.685043838873155	0.04376257757360402	0.23715665701801503	0.409210469087114	0.04945985646875595	0.34458871978390504	0.06032871496761505	0.46949653701553506	0.20603952339932197	0.02885718704373197	0.44290500833247504	0.342692766071075	0.36587142952708507	0.3743615177146451	0.035986336074241954
b0709_1-493	-1	-1	-1	-1	-1	-1	-1	-1	-1	-1	-1	-1	-1	-1	-1	-1	-1	-1	-1	-1	-1	-1	-1	-1	-1	-1	-1	-1	-1	-1	-1	-1	-1	-1	-1	-1	-1	-1	-1	-1	-1	-1	-1	-1	-1	-1	-1	-1	-1	-1	-1
b1634_1-500	-1	-1	-1	-1	-1	-1	-1	-1	-1	-1	-1	-1	-1	-1	-1	-1	-1	-1	-1	-1	-1	-1	-1	-1	-1	-1	-1	-1	-1	-1	-1	-1	-1	-1	-1	-1	-1	-1	-1	-1	-1	-1	-1	-1	-1	-1	-1	-1	-1	-1	-1
t1320_1-501	0.8373728971447	0.26299735069610697	0.13134221902711207	0.6733853223774501	0.5895488566686501	0.43991000664330304	0.489408194314381	0.82410869130456	0.9033456858665899	0.31227558449166903	0.8866628412533001	0.24587674962959005	0.471737108121871	0.21326674650355798	0.5055142001416211	0.14849229696621602	-1	0.55383968314076	0.59640415548677	0.58366072123123	0.45948674368590503	-1	-1	0.0	0.97123045614852	1.02936573272456	0.7854555659524	-1	0.63512625069839	1.34632064363065	-1	0.8146969575594399	0.5698687879694501	0.529886284048012	0.72317473959757	0.09241739672997706	1.1445305825590602	0.415724166112301	0.6966434007039201	0.050276274598791026	0.508946600154661	0.11489802390199999	0.39915802871829	0.9289832807014401	0.25344722028658306	0.488343930729637	0.9023917520183801	0.80217950975698	0.8253581732129901	0.8338482614005501	0.4235004076116631
BN373_44971_1-490	0.13385755900382001	0.708233105452413	0.8398882371214079	0.2978451337710699	0.3816815994798699	0.531320449505217	0.481822261834139	0.14712176484396	0.06788477028193007	0.658954871656851	0.08456761489521991	0.7253537065189299	0.499493348026649	1.184497202652078	0.4657162560068989	0.822738159182304	-1	0.41739077300775995	0.37482630066175004	0.38756973491728997	0.511743712462615	-1	-1	0.97123045614852	0.0	0.05813527657604012	0.18577489019612003	-1	0.33610420545013	0.37509018748212997	-1	0.15653349858908006	0.40136166817906993	0.441344172100508	0.24805571655095005	0.8788130594185429	0.17330012641054005	0.555506290036219	0.27458705544459994	0.920954181549729	0.462283855993859	0.85633243224652	0.57207242743023	0.0422471754470799	0.7177832358619369	0.482886525418883	0.06883870413013993	0.16905094639153995	0.1458722829355299	0.13738219474796987	0.5477300485368569
ERS227112_00723_1-491	0.19199283557986013	0.7663683820284531	0.898023513697448	0.35598041034711003	0.43981687605591	0.5894557260812571	0.5399575384101791	0.20525704142000012	0.1260200468579702	0.7170901482328911	0.14270289147126003	0.7834889830949701	0.5576286246026891	1.242632479228118	0.523851532582939	0.8808734357583441	-1	0.47552604958380007	0.43296157723779016	0.4457050114933301	0.5698789890386551	-1	-1	1.02936573272456	0.05813527657604012	0.0	0.24391016677216015	-1	0.3942394820261701	0.31695491090608985	-1	0.21466877516512017	0.45949694475511005	0.49947944867654814	0.30619099312699016	0.936948335994583	0.11516484983449993	0.6136415666122591	0.33272233202064005	0.9790894581257691	0.5204191325698991	0.9144677088225601	0.6302077040062701	0.10038245202312002	0.775918512437977	0.5410218019949231	0.12697398070618005	0.22718622296758006	0.20400755951157	0.19551747132400998	0.605865325112897
CS17_03931_1-490	0.05191733119230002	0.522458215256293	0.6541133469252879	0.11207024357494988	0.19590670928374987	0.3455455593090969	0.296047371638019	0.038653125352160034	0.11789011991418996	0.4731799814607309	0.10120727530090012	0.5395788163228099	0.313718457830529	0.9987223124559579	0.2799413658107789	0.6369632689861839	-1	0.23161588281163992	0.18905141046563	0.20179484472116993	0.32596882226649493	-1	-1	0.7854555659524	0.18577489019612003	0.24391016677216015	0.0	-1	0.15032931525400994	0.56086507767825	-1	0.02924139160703998	0.2155867779829499	0.255569281904388	0.06228082635483001	0.6930381692224229	0.3590750166066601	0.36973139984009895	0.0888121652484799	0.7351792913536089	0.276508965797739	0.6705575420504	0.38629753723411	0.14352771474904014	0.5320083456658169	0.29711163522276296	0.11693618606598011	0.016723943804580088	0.03990260726059014	0.04839269544815017	0.3619551583407369
b4130_1-485	-1	-1	-1	-1	-1	-1	-1	-1	-1	-1	-1	-1	-1	-1	-1	-1	-1	-1	-1	-1	-1	-1	-1	-1	-1	-1	-1	-1	-1	-1	-1	-1	-1	-1	-1	-1	-1	-1	-1	-1	-1	-1	-1	-1	-1	-1	-1	-1	-1	-1	-1
STMMW_07671_1-493	0.20224664644630996	0.37212890000228305	0.5037840316712779	0.038259071679060064	0.045577394029739926	0.19521624405508697	0.14571805638400903	0.18898244060616998	0.2682194351681999	0.322850666206721	0.25153659055491007	0.38924950106879996	0.16338914257651904	0.8483929972019479	0.12961205055676894	0.486633953732174	-1	0.08128656755762997	0.03872209521162007	0.05146552946715999	0.17563950701248499	-1	-1	0.63512625069839	0.33610420545013	0.3942394820261701	0.15032931525400994	-1	0.0	0.7111943929322599	-1	0.17957070686104992	0.06525746272893995	0.10523996665037805	0.08804848889917993	0.542708853968413	0.50940433186067	0.219402084586089	0.06151715000553004	0.584849976099599	0.12617965054372904	0.52022822679639	0.23596822198010003	0.2938570300030501	0.38167903041180695	0.14678231996875302	0.26726550131999005	0.16705325905859003	0.19023192251460008	0.1987220107021601	0.21162584308672694
ROD_14331_1-499	0.50894774648595	1.0833232929345429	1.214978424603538	0.6729353212531999	0.7567717869619999	0.9064106369873469	0.856912449316269	0.52221195232609	0.44297495776406004	1.034045059138981	0.4596578023773499	1.10044389400106	0.874583535508779	1.5595873901342079	0.8408064434890289	1.197828346664434	-1	0.7924809604898899	0.74991648814388	0.7626599223994199	0.8868338999447449	-1	-1	1.34632064363065	0.37509018748212997	0.31695491090608985	0.56086507767825	-1	0.7111943929322599	0.0	-1	0.53162368607121	0.7764518556611999	0.816434359582638	0.62314590403308	1.253903246900673	0.20179006107158992	0.930596477518349	0.6496772429267299	1.296044369031859	0.837374043475989	1.23142261972865	0.94716261491236	0.41733736292920987	1.092873423344067	0.857976712901013	0.4439288916122699	0.5441411338736699	0.5209624704176599	0.5124723822300998	0.9228202360189869
ROD_43031_1-489	-1	-1	-1	-1	-1	-1	-1	-1	-1	-1	-1	-1	-1	-1	-1	-1	-1	-1	-1	-1	-1	-1	-1	-1	-1	-1	-1	-1	-1	-1	-1	-1	-1	-1	-1	-1	-1	-1	-1	-1	-1	-1	-1	-1	-1	-1	-1	-1	-1	-1	-1
BN373_39341_1-517	0.02267593958526004	0.551699606863333	0.6833547385323279	0.14131163518198986	0.22514810089078985	0.3747869509161369	0.32528876324505895	0.009411733745120054	0.08864872830714998	0.5024213730677709	0.07196588369386014	0.5688202079298499	0.34295984943756896	1.0279637040629979	0.30918275741781887	0.6662046605932239	-1	0.2608572744186799	0.21829280207267	0.2310362363282099	0.3552102138735349	-1	-1	0.8146969575594399	0.15653349858908006	0.21466877516512017	0.02924139160703998	-1	0.17957070686104992	0.53162368607121	-1	0.0	0.24482816958998987	0.28481067351142797	0.09152221796186999	0.7222795608294629	0.3298336249996201	0.39897279144713893	0.11805355685551988	0.7644206829606489	0.30575035740477896	0.69979893365744	0.41553892884114996	0.11428632314200016	0.5612497372728569	0.32635302682980294	0.08769479445894013	0.012517447802459891	0.01066121565355016	0.01915130384111019	0.39119654994777686
ERS227112_04702_1-502	0.2675041091752499	0.3068714372733431	0.438526568942338	0.10351653440800002	0.019680068699200026	0.12995878132614702	0.08046059365506908	0.25423990333510993	0.33347689789713986	0.25759320347778103	0.31679405328385	0.32399203833986	0.09813167984757909	0.783135534473008	0.06435458782782899	0.42137649100323404	-1	0.01602910482869002	0.026535367517319886	0.013791933261779965	0.11038204428354503	-1	-1	0.5698687879694501	0.40136166817906993	0.45949694475511005	0.2155867779829499	-1	0.06525746272893995	0.7764518556611999	-1	0.24482816958998987	0.0	0.039982503921438095	0.15330595162811989	0.477451391239473	0.57466179458961	0.15414462185714906	0.12677461273447	0.519592513370659	0.060922187814789086	0.4549707640674501	0.17071075925116008	0.35911449273199003	0.316421567682867	0.08152485723981306	0.33252296404893	0.23231072178752998	0.25548938524354003	0.26397947343110006	0.146368380357787
ERS227112_03161_1-493	0.307486613096688	0.266888933351905	0.3985440650208999	0.1434990383294381	0.05966257262063812	0.08997627740470893	0.040478089733630984	0.294222407256548	0.37345940181857795	0.21761069955634293	0.3567765572052881	0.2840095344184219	0.058149175926140995	0.7431530305515699	0.024372083906390896	0.38139398708179595	-1	0.023953399092748073	0.06651787143875798	0.05377443718321806	0.07039954036210694	-1	-1	0.529886284048012	0.441344172100508	0.49947944867654814	0.255569281904388	-1	0.10523996665037805	0.816434359582638	-1	0.28481067351142797	0.039982503921438095	0.0	0.19328845554955798	0.4374688873180349	0.6146442985110481	0.11416211793571096	0.1667571166559081	0.47961000944922094	0.02093968389335099	0.414988260146012	0.130728255329722	0.3990969966534281	0.2764390637614289	0.04154235331837497	0.3725054679703681	0.2722932257089681	0.29547188916497813	0.30396197735253816	0.10638587643634889
CS17_00707_1-493	0.11419815754713003	0.460177388901463	0.5918325205704579	0.04978941722011987	0.13362588292891986	0.2832647329542669	0.23376654528318896	0.10093395170699004	0.18017094626901997	0.4108991551059009	0.16348810165573013	0.4772979899679799	0.251437631475699	0.9364414861011279	0.21766053945594888	0.5746824426313539	-1	0.1693350564568099	0.1267705841108	0.13951401836633992	0.2636879959116649	-1	-1	0.72317473959757	0.24805571655095005	0.30619099312699016	0.06228082635483001	-1	0.08804848889917993	0.62314590403308	-1	0.09152221796186999	0.15330595162811989	0.19328845554955798	0.0	0.6307573428675929	0.4213558429614901	0.30745057348526894	0.02653133889364989	0.6728984649987789	0.21422813944290897	0.60827671569557	0.32401671087927997	0.20580854110387015	0.4697275193109869	0.23483080886793295	0.17921701242081012	0.0790047701594101	0.10218343361542015	0.11067352180298018	0.29967433198590687
NCTC13441_02247_1-501	0.7449555004147229	0.1705799539661299	0.03892482229713501	0.580967925647473	0.497131459938673	0.347492609913326	0.3969907975844039	0.7316912945745829	0.8109282891366129	0.21985818776169197	0.794245444523323	0.153459352899613	0.3793197113918939	0.30568414323353504	0.413096803411644	0.056074900236238956	-1	0.461422286410783	0.5039867587567929	0.49124332450125296	0.36706934695592797	-1	-1	0.09241739672997706	0.8788130594185429	0.936948335994583	0.6930381692224229	-1	0.542708853968413	1.253903246900673	-1	0.7222795608294629	0.477451391239473	0.4374688873180349	0.6307573428675929	0.0	1.052113185829083	0.32330676938232394	0.604226003973943	0.04214112213118604	0.4165292034246839	0.022480627172022927	0.3067406319883129	0.836565883971463	0.161029823556606	0.39592653399965994	0.809974355288403	0.709762113027003	0.732940776483013	0.7414308646705731	0.331083010881686
ROD_03881_1-517	0.30715768541436006	0.8815332318629531	1.013188363531948	0.47114526018160996	0.55498172589041	0.704620575915757	0.655122388244679	0.32042189125450005	0.24118489669247012	0.832254998067391	0.25786774130575996	0.89865383292947	0.6727934744371891	1.357797329062618	0.639016382417439	0.996038285592844	-1	0.5906908994183	0.5481264270722901	0.56086986132783	0.685043838873155	-1	-1	1.1445305825590602	0.17330012641054005	0.11516484983449993	0.3590750166066601	-1	0.50940433186067	0.20179006107158992	-1	0.3298336249996201	0.57466179458961	0.6146442985110481	0.4213558429614901	1.052113185829083	0.0	0.728806416446759	0.44788718185514	1.0942543079602691	0.6355839824043991	1.02963255865706	0.7453725538407701	0.21554730185761994	0.891083362272477	0.656186651829423	0.24213883054067997	0.34235107280208	0.31917240934606994	0.3106823211585099	0.721030174947397
ERS227112_01362_1-518	0.42164873103239897	0.15272681541619404	0.28438194708518894	0.25766115626514907	0.17382469055634908	0.024185840531002034	0.07368402820207998	0.408384525192259	0.4876215197542889	0.10344858162063197	0.4709386751409991	0.16984741648271096	0.056012942009569966	0.628990912615859	0.08979003402932006	0.267231869146085	-1	0.13811551702845903	0.18067998937446894	0.16793655511892902	0.04376257757360402	-1	-1	0.415724166112301	0.555506290036219	0.6136415666122591	0.36973139984009895	-1	0.219402084586089	0.930596477518349	-1	0.39897279144713893	0.15414462185714906	0.11416211793571096	0.30745057348526894	0.32330676938232394	0.728806416446759	0.0	0.28091923459161905	0.36544789151351	0.09322243404235997	0.300826142210301	0.016566137394011027	0.5132591145891391	0.16227694582571794	0.07261976461733599	0.48666758590607906	0.38645534364467904	0.4096340071006891	0.4181240952882491	0.007776241499362069
ETEC_4441_1-485	0.14072949644077992	0.4336460500078131	0.565301181676808	0.023258078326469978	0.10709454403526997	0.256733394060617	0.20723520638953907	0.12746529060063994	0.20670228516266986	0.384367816212251	0.19001944054938003	0.45076665107433	0.22490629258204908	0.909910147207478	0.19112920056229898	0.548151103737704	-1	0.14280371756316002	0.10023924521715011	0.11298267947269003	0.23715665701801503	-1	-1	0.6966434007039201	0.27458705544459994	0.33272233202064005	0.0888121652484799	-1	0.06151715000553004	0.6496772429267299	-1	0.11805355685551988	0.12677461273447	0.1667571166559081	0.02653133889364989	0.604226003973943	0.44788718185514	0.28091923459161905	0.0	0.646367126105129	0.18769680054925908	0.5817453768019201	0.2974853719856301	0.23233987999752004	0.443196180417337	0.20829946997428306	0.20574835131446	0.10553610905305999	0.12871477250907004	0.13720486069663007	0.273142993092257
STMMW_14551_1-501	0.787096622545909	0.21272107609731594	0.08106594442832105	0.623109047778659	0.5392725820698591	0.389633732044512	0.43913191971558996	0.773832416705769	0.8530694112677989	0.261999309892878	0.8363865666545091	0.19560047503079903	0.42146083352307995	0.263543021102349	0.45523792554283005	0.098216022367425	-1	0.503563408541969	0.5461278808879789	0.533384446632439	0.409210469087114	-1	-1	0.050276274598791026	0.920954181549729	0.9790894581257691	0.7351792913536089	-1	0.584849976099599	1.296044369031859	-1	0.7644206829606489	0.519592513370659	0.47961000944922094	0.6728984649987789	0.04214112213118604	1.0942543079602691	0.36544789151351	0.646367126105129	0.0	0.45867032555586995	0.06462174930320896	0.34888175411949895	0.8787070061026491	0.20317094568779204	0.438067656130846	0.852115477419589	0.751903235158189	0.7750818986141991	0.7835719868017591	0.37322413301287205
ERS227112_02924_1-492	0.328426296990039	0.245949249458554	0.3776043811275489	0.1644387222227891	0.08060225651398911	0.06903659351135794	0.019538405840279993	0.315162091149899	0.39439908571192894	0.19667101566299194	0.3777162410986391	0.2630698505250709	0.037209492032790004	0.722213346658219	0.0034324000130399046	0.36045430318844496	-1	0.044893082986099064	0.08745755533210897	0.07471412107656905	0.04945985646875595	-1	-1	0.508946600154661	0.462283855993859	0.5204191325698991	0.276508965797739	-1	0.12617965054372904	0.837374043475989	-1	0.30575035740477896	0.060922187814789086	0.02093968389335099	0.21422813944290897	0.4165292034246839	0.6355839824043991	0.09322243404235997	0.18769680054925908	0.45867032555586995	0.0	0.394048576252661	0.109788571436371	0.4200366805467791	0.2554993798680779	0.02060266942502398	0.3934451518637191	0.29323290960231907	0.3164115730583291	0.32490166124588915	0.0854461925429979
t0296_1-486	0.7224748732427	0.14809932679410698	0.016444195125112082	0.5584872984754501	0.4746508327666501	0.32501198274130305	0.374510170412381	0.70921066740256	0.7884476619645899	0.19737756058966904	0.7717648173513001	0.13097872572759006	0.356839084219871	0.32816477040555797	0.3906161762396211	0.03359427306421603	-1	0.43894165923876005	0.48150613158476996	0.46876269732923004	0.34458871978390504	-1	-1	0.11489802390199999	0.85633243224652	0.9144677088225601	0.6705575420504	-1	0.52022822679639	1.23142261972865	-1	0.69979893365744	0.4549707640674501	0.414988260146012	0.60827671569557	0.022480627172022927	1.02963255865706	0.300826142210301	0.5817453768019201	0.06462174930320896	0.394048576252661	0.0	0.28426000481629	0.8140852567994401	0.13854919638458307	0.373445906827637	0.7874937281163801	0.6872814858549801	0.7104601493109901	0.7189502374985501	0.3086023837096631
t2166_1-493	0.43821486842641	0.136160678022183	0.2678158096911779	0.2742272936591601	0.1903908279503601	0.04075197792501306	0.090250165596091	0.42495066258627	0.5041876571482999	0.08688244422662095	0.4875048125350101	0.15328127908869993	0.07257907940358099	0.6124247752218479	0.10635617142333109	0.25066573175207396	-1	0.15468165442247006	0.19724612676847997	0.18450269251294005	0.06032871496761505	-1	-1	0.39915802871829	0.57207242743023	0.6302077040062701	0.38629753723411	-1	0.23596822198010003	0.94716261491236	-1	0.41553892884114996	0.17071075925116008	0.130728255329722	0.32401671087927997	0.3067406319883129	0.7453725538407701	0.016566137394011027	0.2974853719856301	0.34888175411949895	0.109788571436371	0.28426000481629	0.0	0.5298252519831501	0.14571080843170692	0.08918590201134702	0.5032337233000901	0.40302148103869007	0.4262001444947001	0.43469023268226015	0.024342378893373096
SL1344_0691_1-493	0.09161038355674012	0.6659859300053331	0.797641061674328	0.25559795832399	0.33943442403279	0.48907327405813705	0.4395750863870591	0.1048745893968801	0.025637594834850175	0.6167076962097711	0.04232043944814001	0.68310653107185	0.4572461725795691	1.142250027204998	0.423469080559819	0.7804909837352241	-1	0.37514359756068005	0.33257912521467015	0.34532255947021007	0.46949653701553506	-1	-1	0.9289832807014401	0.0422471754470799	0.10038245202312002	0.14352771474904014	-1	0.2938570300030501	0.41733736292920987	-1	0.11428632314200016	0.35911449273199003	0.3990969966534281	0.20580854110387015	0.836565883971463	0.21554730185761994	0.5132591145891391	0.23233987999752004	0.8787070061026491	0.4200366805467791	0.8140852567994401	0.5298252519831501	0.0	0.675536060414857	0.4406393499718031	0.02659152868306003	0.12680377094446005	0.10362510748845	0.09513501930088997	0.505482873089777
BN373_10651_1-491	0.5839256768581169	0.009550130409523905	0.12210500125947099	0.419938102090867	0.336101636382067	0.18646278635671998	0.23596097402779792	0.5706614710179769	0.6498984655800069	0.05882836420508597	0.633215620966717	0.007570470656993011	0.2182898878352879	0.46671396679014104	0.252066979855038	0.10495492332036704	-1	0.300392462854177	0.3429569352001869	0.33021350094464696	0.20603952339932197	-1	-1	0.25344722028658306	0.7177832358619369	0.775918512437977	0.5320083456658169	-1	0.38167903041180695	1.092873423344067	-1	0.5612497372728569	0.316421567682867	0.2764390637614289	0.4697275193109869	0.161029823556606	0.891083362272477	0.16227694582571794	0.443196180417337	0.20317094568779204	0.2554993798680779	0.13854919638458307	0.14571080843170692	0.675536060414857	0.0	0.23489671044305394	0.648944531731797	0.548732289470397	0.571910952926407	0.5804010411139671	0.17005318732508
NCTC13441_00202_1-490	0.349028966415063	0.22534658003353003	0.3570017117025249	0.18504139164781308	0.10120492593901309	0.04843392408633396	0.0010642635847439852	0.335764760574923	0.4150017551369529	0.17606834623796797	0.3983189105236631	0.24246718110004695	0.016606822607766025	0.7016106772331949	0.017170269411984074	0.339851633763421	-1	0.06549575241112304	0.10806022475713295	0.09531679050159303	0.02885718704373197	-1	-1	0.488343930729637	0.482886525418883	0.5410218019949231	0.29711163522276296	-1	0.14678231996875302	0.857976712901013	-1	0.32635302682980294	0.08152485723981306	0.04154235331837497	0.23483080886793295	0.39592653399965994	0.656186651829423	0.07261976461733599	0.20829946997428306	0.438067656130846	0.02060266942502398	0.373445906827637	0.08918590201134702	0.4406393499718031	0.23489671044305394	0.0	0.41404782128874307	0.31383557902734305	0.3370142424833531	0.34550433067091313	0.06484352311797392
BN373_12911_1-492	0.06501885487368009	0.6393944013222731	0.771049532991268	0.22900642964093	0.31284289534973	0.462481745375077	0.4129835577039991	0.07828306071382007	0.0009539338482098536	0.590116167526711	0.015728910765079984	0.65651500238879	0.4306546438965091	1.115658498521938	0.396877551876759	0.753899455052164	-1	0.34855206887762	0.3059875965316101	0.31873103078715004	0.44290500833247504	-1	-1	0.9023917520183801	0.06883870413013993	0.12697398070618005	0.11693618606598011	-1	0.26726550131999005	0.4439288916122699	-1	0.08769479445894013	0.33252296404893	0.3725054679703681	0.17921701242081012	0.809974355288403	0.24213883054067997	0.48666758590607906	0.20574835131446	0.852115477419589	0.3934451518637191	0.7874937281163801	0.5032337233000901	0.02659152868306003	0.648944531731797	0.41404782128874307	0.0	0.10021224226140002	0.07703357880538997	0.06854349061782994	0.478891344406717
ROD_07091_1-493	0.03519338738771993	0.5391821590608731	0.670837290729868	0.12879418737952997	0.21263065308832996	0.362269503113677	0.31277131544259906	0.021929181547579946	0.10116617610960987	0.489903925265311	0.08448333149632004	0.55630276012739	0.3304424016351091	1.015446256260538	0.296665309615359	0.653687212790764	-1	0.24833982661622	0.2057753542702101	0.21851878852575002	0.342692766071075	-1	-1	0.80217950975698	0.16905094639153995	0.22718622296758006	0.016723943804580088	-1	0.16705325905859003	0.5441411338736699	-1	0.012517447802459891	0.23231072178752998	0.2722932257089681	0.0790047701594101	0.709762113027003	0.34235107280208	0.38645534364467904	0.10553610905305999	0.751903235158189	0.29323290960231907	0.6872814858549801	0.40302148103869007	0.12680377094446005	0.548732289470397	0.31383557902734305	0.10021224226140002	0.0	0.02317866345601005	0.03166875164357008	0.37867910214531697
