SL1344_0968_1-177	0.0	0.37613302078958366	0.9065138388305868	0.8724398094973207	0.033604058835351	0.3607059522464706
SEN1164_1-163	0.37613302078958366	0.0	0.5303808180410031	0.496306788707737	0.34252896195423266	0.015427068543113043
Ecoli9000q_48950_1-164	0.9065138388305868	0.5303808180410031	0.0	0.034074029333266115	0.8729097799952358	0.5458078865841162
CS17_01739_1-165	0.8724398094973207	0.496306788707737	0.034074029333266115	0.0	0.8388357506619697	0.5117338572508501
STM_MW10411_37-213	0.033604058835351	0.34252896195423266	0.8729097799952358	0.8388357506619697	0.0	0.3271018934111196
STMMW_10411_1-177	0.3607059522464706	0.015427068543113043	0.5458078865841162	0.5117338572508501	0.3271018934111196	0.0
