CS17_02983_1-52	0.0	-1	0.39545492086669337	0.6183325210668148	0.27784128658764895	0.24029844305723458	0.8285102117997818	0.09189818190179075	0.44550812487854763	0.4933405008200118	0.3450957329969979	0.1529448873434165	0.01834409798692158
b2666_1-52	-1	-1	-1	-1	-1	-1	-1	-1	-1	-1	-1	-1	-1
SL1344_2780_1-52	0.39545492086669337	-1	0.0	0.36866994355432564	0.5634225034533233	0.2042334603523104	0.7163325050200209	0.3342761052946968	0.08279482496758059	0.6937014929745925	0.6040808480799299	0.48791699988875376	0.406544755035826
BN373_20591_1-52	0.6183325210668148	-1	0.36866994355432564	0.0	0.7243755044622754	0.4976086656066452	0.5506827338824973	0.5797084959784667	0.31168066466332417	0.8066245462704237	0.7500443394703786	0.6767066106348967	0.6253338666987865
ETEC_2863_1-52	0.27784128658764895	-1	0.5634225034533233	0.7243755044622754	0.0	0.4513749010608526	0.8761571551899738	0.34420635939478034	0.59956886086469	0.29840976814374226	0.09312973057066311	0.14744778394941163	0.2643463845819878
ENC_29160_1-52	0.24029844305723458	-1	0.2042334603523104	0.4976086656066452	0.4513749010608526	0.0	0.7742668991092538	0.16341808616376394	0.27011881171749813	0.6150899896331212	0.5024682087093588	0.35649091209846395	0.25423448285860956
ERS227112_05182_1-52	0.8285102117997818	-1	0.7163325050200209	0.5506827338824973	0.8761571551899738	0.7742668991092538	0.0	0.8111557704406314	0.6907262380307082	0.9131130697959952	0.887690605960236	0.8547386981366105	0.831656037278283
NCTC13441_01113_1-52	0.09189818190179075	-1	0.3342761052946968	0.5797084959784667	0.34420635939478034	0.16341808616376394	0.8111557704406314	0.0	0.38939459863355846	0.5399015876379246	0.4052802444542987	0.23078771216717306	0.10855649063508593
STMMW_27631_1-52	0.44550812487854763	-1	0.08279482496758059	0.31168066466332417	0.59956886086469	0.27011881171749813	0.6907262380307082	0.38939459863355846	0.0	0.7190614242515924	0.6368609049644651	0.5303148222518379	0.45567977816872746
ROD_31421_1-52	0.4933405008200118	-1	0.6937014929745925	0.8066245462704237	0.29840976814374226	0.6150899896331212	0.9131130697959952	0.5399015876379246	0.7190614242515924	0.0	0.22636097410300482	0.4018576930715013	0.48387260939298254
t2691_1-52	0.3450957329969979	-1	0.6040808480799299	0.7500443394703786	0.09312973057066311	0.5024682087093588	0.887690605960236	0.4052802444542987	0.6368609049644651	0.22636097410300482	0.0	0.22684574212762468	0.3328576075792015
STM_MW27631_1-52	0.1529448873434165	-1	0.48791699988875376	0.6767066106348967	0.14744778394941163	0.35649091209846395	0.8547386981366105	0.23078771216717306	0.5303148222518379	0.4018576930715013	0.22684574212762468	0.0	0.13711605979291677
SEN2640_1-52	0.01834409798692158	-1	0.406544755035826	0.6253338666987865	0.2643463845819878	0.25423448285860956	0.831656037278283	0.10855649063508593	0.45567977816872746	0.48387260939298254	0.3328576075792015	0.13711605979291677	0.0
