NCTC13441_01342_1-222	0.0	0.0	0.23492633426171983	1.544651463888329	1.544651463888329	0.3015763905128501	0.24765600697651013	0.1552658856204201	0.5562615262750901	5.27424985350898	0.06539933251920993	5.27424985350898	5.27424985350898	1.106440040357457	1.106440040357457	5.27424985350898	0.7722435620071652	0.5719007116757302	1.5942389786538331	0.61754782340227	0.5838176865786902	1.168335455389244
NCTC13441_01342_241-415	0.0	0.0	0.23492633426171983	1.544651463888329	1.544651463888329	0.3015763905128501	0.24765600697651013	0.1552658856204201	0.5562615262750901	5.27424985350898	0.06539933251920993	5.27424985350898	5.27424985350898	1.106440040357457	1.106440040357457	5.27424985350898	0.7722435620071652	0.5719007116757302	1.5942389786538331	0.61754782340227	0.5838176865786902	1.168335455389244
ROD_00401_1-405	0.23492633426171983	0.23492633426171983	0.0	1.779577798150049	1.779577798150049	0.53650272477457	0.48258234123822996	0.3901922198821399	0.7911878605368099	5.03932351924726	0.1695270017425099	5.03932351924726	5.03932351924726	1.3413663746191768	1.3413663746191768	5.03932351924726	1.007169896268885	0.80682704593745	1.829165312915553	0.8524741576639898	0.81874402084041	1.4032617896509638
CS17_02663_1-222	1.544651463888329	1.544651463888329	1.779577798150049	0.0	0.0	1.243075073375479	1.296995456911819	1.389385578267909	0.988389937613239	6.818901317397309	1.610050796407539	6.818901317397309	6.818901317397309	0.43821142353087195	0.43821142353087195	6.818901317397309	0.7724079018811639	0.9727507522125989	0.04958751476550399	0.9271036404860591	0.9608337773096389	0.376316008499085
CS17_02663_241-415	1.544651463888329	1.544651463888329	1.779577798150049	0.0	0.0	1.243075073375479	1.296995456911819	1.389385578267909	0.988389937613239	6.818901317397309	1.610050796407539	6.818901317397309	6.818901317397309	0.43821142353087195	0.43821142353087195	6.818901317397309	0.7724079018811639	0.9727507522125989	0.04958751476550399	0.9271036404860591	0.9608337773096389	0.376316008499085
SL1344_0073_19-422	0.3015763905128501	0.3015763905128501	0.53650272477457	1.243075073375479	1.243075073375479	0.0	0.05392038353633999	0.14631050489243003	0.25468513576223994	5.57582624402183	0.36697572303206005	5.57582624402183	5.57582624402183	0.804863649844607	0.804863649844607	5.57582624402183	0.47066717149431503	0.2703243211628801	1.292662588140983	0.31597143288941987	0.28224129606584003	0.866759064876394
STMMW_00741_1-405	0.24765600697651013	0.24765600697651013	0.48258234123822996	1.296995456911819	1.296995456911819	0.05392038353633999	0.0	0.09239012135609004	0.30860551929857993	5.52190586048549	0.31305533949572006	5.52190586048549	5.52190586048549	0.858784033380947	0.858784033380947	5.52190586048549	0.524587555030655	0.32424470469922007	1.346582971677323	0.36989181642575986	0.33616167960218	0.920679448412734
NCTC13441_01345_2-378	0.1552658856204201	0.1552658856204201	0.3901922198821399	1.389385578267909	1.389385578267909	0.14631050489243003	0.09239012135609004	0.0	0.40099564065466997	5.4295157391294	0.22066521813963003	5.4295157391294	5.4295157391294	0.951174154737037	0.951174154737037	5.4295157391294	0.616977676386745	0.4166348260553101	1.438973093033413	0.4622819377818499	0.42855180095827006	1.013069569768824
ETEC_0038_1-405	0.5562615262750901	0.5562615262750901	0.7911878605368099	0.988389937613239	0.988389937613239	0.25468513576223994	0.30860551929857993	0.40099564065466997	0.0	5.83051137978407	0.6216608587943	5.83051137978407	5.83051137978407	0.5501785140823671	0.5501785140823671	5.83051137978407	0.21598203573207508	0.015639185400640132	1.037977452378743	0.06128629712717992	0.027556160303600086	0.612073929114154
b0038_1-405	5.27424985350898	5.27424985350898	5.03932351924726	6.818901317397309	6.818901317397309	5.57582624402183	5.52190586048549	5.4295157391294	5.83051137978407	0.0	5.20885052098977	0.0	0.0	6.380689893866437	6.380689893866437	0.0	6.046493415516145	5.84615056518471	6.868488832162813	5.89179767691125	5.85806754008767	6.442585308898224
STM_MW00741_1-405	0.06539933251920993	0.06539933251920993	0.1695270017425099	1.610050796407539	1.610050796407539	0.36697572303206005	0.31305533949572006	0.22066521813963003	0.6216608587943	5.20885052098977	0.0	5.20885052098977	5.20885052098977	1.1718393728766672	1.1718393728766672	5.20885052098977	0.8376428945263751	0.6373000441949401	1.659638311173043	0.6829471559214799	0.6492170190979001	1.2337347879084541
b2374_1-222	5.27424985350898	5.27424985350898	5.03932351924726	6.818901317397309	6.818901317397309	5.57582624402183	5.52190586048549	5.4295157391294	5.83051137978407	0.0	5.20885052098977	0.0	0.0	6.380689893866437	6.380689893866437	0.0	6.046493415516145	5.84615056518471	6.868488832162813	5.89179767691125	5.85806754008767	6.442585308898224
b2374_241-415	5.27424985350898	5.27424985350898	5.03932351924726	6.818901317397309	6.818901317397309	5.57582624402183	5.52190586048549	5.4295157391294	5.83051137978407	0.0	5.20885052098977	0.0	0.0	6.380689893866437	6.380689893866437	0.0	6.046493415516145	5.84615056518471	6.868488832162813	5.89179767691125	5.85806754008767	6.442585308898224
ETEC_2493_1-222	1.106440040357457	1.106440040357457	1.3413663746191768	0.43821142353087195	0.43821142353087195	0.804863649844607	0.858784033380947	0.951174154737037	0.5501785140823671	6.380689893866437	1.1718393728766672	6.380689893866437	6.380689893866437	0.0	0.0	6.380689893866437	0.334196478350292	0.5345393286817269	0.487798938296376	0.48889221695518714	0.522622353778767	0.06189541503178697
ETEC_2493_241-415	1.106440040357457	1.106440040357457	1.3413663746191768	0.43821142353087195	0.43821142353087195	0.804863649844607	0.858784033380947	0.951174154737037	0.5501785140823671	6.380689893866437	1.1718393728766672	6.380689893866437	6.380689893866437	0.0	0.0	6.380689893866437	0.334196478350292	0.5345393286817269	0.487798938296376	0.48889221695518714	0.522622353778767	0.06189541503178697
b2371_2-378	5.27424985350898	5.27424985350898	5.03932351924726	6.818901317397309	6.818901317397309	5.57582624402183	5.52190586048549	5.4295157391294	5.83051137978407	0.0	5.20885052098977	0.0	0.0	6.380689893866437	6.380689893866437	0.0	6.046493415516145	5.84615056518471	6.868488832162813	5.89179767691125	5.85806754008767	6.442585308898224
t0073_1-405	0.7722435620071652	0.7722435620071652	1.007169896268885	0.7724079018811639	0.7724079018811639	0.47066717149431503	0.524587555030655	0.616977676386745	0.21598203573207508	6.046493415516145	0.8376428945263751	6.046493415516145	6.046493415516145	0.334196478350292	0.334196478350292	6.046493415516145	0.0	0.20034285033143495	0.821995416646668	0.15469573860489516	0.188425875428475	0.39609189338207895
SEN0073_1-405	0.5719007116757302	0.5719007116757302	0.80682704593745	0.9727507522125989	0.9727507522125989	0.2703243211628801	0.32424470469922007	0.4166348260553101	0.015639185400640132	5.84615056518471	0.6373000441949401	5.84615056518471	5.84615056518471	0.5345393286817269	0.5345393286817269	5.84615056518471	0.20034285033143495	0.0	1.022338266978103	0.04564711172653979	0.011916974902959954	0.5964347437135139
CS17_02660_2-378	1.5942389786538331	1.5942389786538331	1.829165312915553	0.04958751476550399	0.04958751476550399	1.292662588140983	1.346582971677323	1.438973093033413	1.037977452378743	6.868488832162813	1.659638311173043	6.868488832162813	6.868488832162813	0.487798938296376	0.487798938296376	6.868488832162813	0.821995416646668	1.022338266978103	0.0	0.9766911552515631	1.010421292075143	0.425903523264589
CS17_00038_1-405	0.61754782340227	0.61754782340227	0.8524741576639898	0.9271036404860591	0.9271036404860591	0.31597143288941987	0.36989181642575986	0.4622819377818499	0.06128629712717992	5.89179767691125	0.6829471559214799	5.89179767691125	5.89179767691125	0.48889221695518714	0.48889221695518714	5.89179767691125	0.15469573860489516	0.04564711172653979	0.9766911552515631	0.0	0.03373013682357984	0.5507876319869741
NCTC13441_03952_1-405	0.5838176865786902	0.5838176865786902	0.81874402084041	0.9608337773096389	0.9608337773096389	0.28224129606584003	0.33616167960218	0.42855180095827006	0.027556160303600086	5.85806754008767	0.6492170190979001	5.85806754008767	5.85806754008767	0.522622353778767	0.522622353778767	5.85806754008767	0.188425875428475	0.011916974902959954	1.010421292075143	0.03373013682357984	0.0	0.584517768810554
ETEC_2490_2-378	1.168335455389244	1.168335455389244	1.4032617896509638	0.376316008499085	0.376316008499085	0.866759064876394	0.920679448412734	1.013069569768824	0.612073929114154	6.442585308898224	1.2337347879084541	6.442585308898224	6.442585308898224	0.06189541503178697	0.06189541503178697	6.442585308898224	0.39609189338207895	0.5964347437135139	0.425903523264589	0.5507876319869741	0.584517768810554	0.0
