t1759_1-85	0.0	0.07684489572687014	0.4057395863711901	0.6954164833627601	0.613844789242355	0.7056698575719202	0.14598664470251	0.3818943029759909	-1	0.60576093258079	0.06714161998337986	0.18082856059089014	1.2273692997446901
ERS227112_03549_1-84	0.07684489572687014	0.0	0.32889469064432	0.6185715876358899	0.6906896849692251	0.6288249618450501	0.22283154042938014	0.45873919870286106	-1	0.5289160368539199	0.14398651571025	0.10398366486402	1.15052440401782
NCTC13441_02852_1-84	0.4057395863711901	0.32889469064432	0.0	0.28967689699156995	1.0195843756135452	0.2999302712007301	0.5517262310737001	0.787633889347181	-1	0.20002134620959988	0.47288120635457	0.22491102578029998	0.8216297133735
STM_MW11691_1-84	0.6954164833627601	0.6185715876358899	0.28967689699156995	0.0	1.3092612726051152	0.010253374209160171	0.8414031280652701	1.077310786338751	-1	0.08965555078197007	0.7625581033461399	0.5145879227718699	0.53195281638193
ROD_11191_1-85	0.613844789242355	0.6906896849692251	1.0195843756135452	1.3092612726051152	0.0	1.3195146468142753	0.467858144539845	0.23195048626636405	-1	1.2196057218231449	0.5467031692589751	0.7946733498332451	1.8412140889870452
CS17_01198_1-84	0.7056698575719202	0.6288249618450501	0.2999302712007301	0.010253374209160171	1.3195146468142753	0.0	0.8516565022744302	1.0875641605479112	-1	0.09990892499113024	0.7728114775553001	0.5248412969810301	0.5216994421727699
ENC_15830_1-84	0.14598664470251	0.22283154042938014	0.5517262310737001	0.8414031280652701	0.467858144539845	0.8516565022744302	0.0	0.23590765827348092	-1	0.7517475772833	0.07884502471913013	0.32681520529340014	1.3733559444472
BN373_16861_1-84	0.3818943029759909	0.45873919870286106	0.787633889347181	1.077310786338751	0.23195048626636405	1.0875641605479112	0.23590765827348092	0.0	-1	0.9876552355567809	0.31475268299261105	0.5627228635668811	1.609263602720681
b1060_1-84	-1	-1	-1	-1	-1	-1	-1	-1	-1	-1	-1	-1	-1
SL1344_1098_1-85	0.60576093258079	0.5289160368539199	0.20002134620959988	0.08965555078197007	1.2196057218231449	0.09990892499113024	0.7517475772833	0.9876552355567809	-1	0.0	0.6729025525641699	0.42493237198989986	0.6216083671639001
SEN1887_1-85	0.06714161998337986	0.14398651571025	0.47288120635457	0.7625581033461399	0.5467031692589751	0.7728114775553001	0.07884502471913013	0.31475268299261105	-1	0.6729025525641699	0.0	0.24797018057427	1.29451091972807
ETEC_1125_1-84	0.18082856059089014	0.10398366486402	0.22491102578029998	0.5145879227718699	0.7946733498332451	0.5248412969810301	0.32681520529340014	0.5627228635668811	-1	0.42493237198989986	0.24797018057427	0.0	1.0465407391538
STMMW_11691_1-84	1.2273692997446901	1.15052440401782	0.8216297133735	0.53195281638193	1.8412140889870452	0.5216994421727699	1.3733559444472	1.609263602720681	-1	0.6216083671639001	1.29451091972807	1.0465407391538	0.0
