ERS227112_03626_1-76	0.0	0.02706734981912351	2.2126986661274515	0.10824762913075292	2.3041767345473803	0.3869753126690726
BN373_40701_1-62	0.02706734981912351	0.0	2.239766015946575	0.08118027931162941	2.331244084366504	0.4140426624881961
ENC_22850_1-71	2.2126986661274515	2.239766015946575	0.0	2.3209462952582047	0.09147806841992878	1.825723353458379
ERS227112_01193_1-63	0.10824762913075292	0.08118027931162941	2.3209462952582047	0.0	2.4124243636781335	0.4952229417998255
ERS227112_02773_1-72	2.3041767345473803	2.331244084366504	0.09147806841992878	2.4124243636781335	0.0	1.9172014218783078
BN373_17801_1-65	0.3869753126690726	0.4140426624881961	1.825723353458379	0.4952229417998255	1.9172014218783078	0.0
