STMMW_22951_70-948	0.0	0.29963531468363	0.103665988149519	6.0502854307287794	0.016582266355382957	0.4485730418191489	0.178721374872989	0.019791402023077054	0.18444419485701502	0.34537476325276195	0.3311853710410091	0.3311853710410091	0.2749099965815289	0.07947575260472894
t0594_70-948	0.29963531468363	0.0	0.403301302833149	6.349920745412409	0.316217581039013	0.748208356502779	0.47835668955661903	0.279843912660553	0.11519111982661501	0.045739448569131924	0.6308206857246391	0.6308206857246391	0.574545311265159	0.37911106728835897
SEN2253_70-948	0.103665988149519	0.403301302833149	0.0	5.9466194425792605	0.08708372179413604	0.3449070536696299	0.07505538672347001	0.12345739017259605	0.288110183006534	0.44904075140228095	0.2275193828914901	0.2275193828914901	0.17124400843200993	0.02419023554479005
b2218_70-948	6.0502854307287794	6.349920745412409	5.9466194425792605	0.0	6.033703164373396	5.60171238890963	5.87156405585579	6.070076832751856	6.2347296255857945	6.395660193981541	5.71910005968777	5.71910005968777	5.77537543414725	5.97080967812405
STM_MW22951_70-948	0.016582266355382957	0.316217581039013	0.08708372179413604	6.033703164373396	0.0	0.43199077546376596	0.16213910851760605	0.03637366837846001	0.20102646121239798	0.3619570296081449	0.31460310468562613	0.31460310468562613	0.25832773022614597	0.06289348624934599
ROD_23521_1-879	0.4485730418191489	0.748208356502779	0.3449070536696299	5.60171238890963	0.43199077546376596	0.0	0.2698516669461599	0.468364443842226	0.6330172366761639	0.7939478050719109	0.11738767077813983	0.11738767077813983	0.17366304523762	0.36909728921442
BN373_32441_70-946	0.178721374872989	0.47835668955661903	0.07505538672347001	5.87156405585579	0.16213910851760605	0.2698516669461599	0.0	0.19851277689606606	0.363165569730004	0.524096138125751	0.1524639961680201	0.1524639961680201	0.09618862170853992	0.09924562226826006
CS17_02469_70-948	0.019791402023077054	0.279843912660553	0.12345739017259605	6.070076832751856	0.03637366837846001	0.468364443842226	0.19851277689606606	0.0	0.16465279283393797	0.3255833612296849	0.35097677306408614	0.35097677306408614	0.294701398604606	0.099267154627806
ETEC_2352_54-932	0.18444419485701502	0.11519111982661501	0.288110183006534	6.2347296255857945	0.20102646121239798	0.6330172366761639	0.363165569730004	0.16465279283393797	0.0	0.16093056839574693	0.5156295658980241	0.5156295658980241	0.45935419143854395	0.26391994746174396
NCTC13441_01489_70-948	0.34537476325276195	0.045739448569131924	0.44904075140228095	6.395660193981541	0.3619570296081449	0.7939478050719109	0.524096138125751	0.3255833612296849	0.16093056839574693	0.0	0.676560134293771	0.676560134293771	0.6202847598342909	0.4248505158574909
ENC_05170_24-228	0.3311853710410091	0.6308206857246391	0.2275193828914901	5.71910005968777	0.31460310468562613	0.11738767077813983	0.1524639961680201	0.35097677306408614	0.5156295658980241	0.676560134293771	0.0	0.0	0.056275374459480165	0.25170961843628015
ENC_05170_234-763	0.3311853710410091	0.6308206857246391	0.2275193828914901	5.71910005968777	0.31460310468562613	0.11738767077813983	0.1524639961680201	0.35097677306408614	0.5156295658980241	0.676560134293771	0.0	0.0	0.056275374459480165	0.25170961843628015
ERS227112_03940_70-946	0.2749099965815289	0.574545311265159	0.17124400843200993	5.77537543414725	0.25832773022614597	0.17366304523762	0.09618862170853992	0.294701398604606	0.45935419143854395	0.6202847598342909	0.056275374459480165	0.056275374459480165	0.0	0.19543424397679998
SL1344_2240_70-948	0.07947575260472894	0.37911106728835897	0.02419023554479005	5.97080967812405	0.06289348624934599	0.36909728921442	0.09924562226826006	0.099267154627806	0.26391994746174396	0.4248505158574909	0.25170961843628015	0.25170961843628015	0.19543424397679998	0.0
