SL1344_0693_1-218	0.0	0.48943820247207537	0.10357456193967929	0.4285963177914866	0.1700598997187457	-1	0.45773638140775047	0.3749402378950808	0.5951597056750741	0.3452846313361079	0.054932596128234645	0.3957307085226298	0.4949103723549955	0.32573313563981454
t2164_1-218	0.48943820247207537	0.0	0.3858636405323961	0.060841884680588765	0.3193783027533297	-1	0.0317018210643249	0.11449796457699457	0.10572150320299883	0.8347228338081832	0.4345056063438407	0.09370749394944555	0.005472169882920153	0.16370506683226083
ROD_07111_1-218	0.10357456193967929	0.3858636405323961	0.0	0.3250217558518073	0.0664853377790664	-1	0.3541618194680712	0.2713656759554015	0.4915851437353949	0.44885919327578716	0.04864196581144464	0.2921561465829505	0.39133581041531623	0.22215857370013525
STMMW_07691_1-218	0.4285963177914866	0.060841884680588765	0.3250217558518073	0.0	0.2585364180727409	-1	0.029140063616263867	0.053656079896405806	0.1665633878835876	0.7738809491275944	0.37366372166325196	0.03286560926885679	0.06631405456350892	0.10286318215167206
ETEC_0723_1-218	0.1700598997187457	0.3193783027533297	0.0664853377790664	0.2585364180727409	0.0	-1	0.2876764816890048	0.2048803381763351	0.4250998059563285	0.5153445310548536	0.11512730359051104	0.22567080880388413	0.32485047263624983	0.15567323592106885
b0711_1-218	-1	-1	-1	-1	-1	-1	-1	-1	-1	-1	-1	-1	-1	-1
Ecoli9000q_48050_1-218	0.45773638140775047	0.0317018210643249	0.3541618194680712	0.029140063616263867	0.2876764816890048	-1	0.0	0.08279614351266967	0.13742332426732373	0.8030210127438584	0.4028037852795158	0.062005672885120655	0.03717399094724505	0.13200324576793593
ERS227112_03163_1-218	0.3749402378950808	0.11449796457699457	0.2713656759554015	0.053656079896405806	0.2048803381763351	-1	0.08279614351266967	0.0	0.2202194677799934	0.7202248692311887	0.32000764176684615	0.020790470627549018	0.11997013445991472	0.049207102255266255
STM_MW07691_1-218	0.5951597056750741	0.10572150320299883	0.4915851437353949	0.1665633878835876	0.4250998059563285	-1	0.13742332426732373	0.2202194677799934	0.0	0.9404443370111821	0.5402271095468396	0.1994289971524444	0.10024933332007868	0.26942657003525966
CS17_00709_1-218	0.3452846313361079	0.8347228338081832	0.44885919327578716	0.7738809491275944	0.5153445310548536	-1	0.8030210127438584	0.7202248692311887	0.9404443370111821	0.0	0.4002172274643425	0.7410153398587377	0.8401950036911034	0.6710177669759224
BN373_07571_20-235	0.054932596128234645	0.4345056063438407	0.04864196581144464	0.37366372166325196	0.11512730359051104	-1	0.4028037852795158	0.32000764176684615	0.5402271095468396	0.4002172274643425	0.0	0.34079811239439517	0.4399777762267609	0.2708005395115799
BN373_12931_1-218	0.3957307085226298	0.09370749394944555	0.2921561465829505	0.03286560926885679	0.22567080880388413	-1	0.062005672885120655	0.020790470627549018	0.1994289971524444	0.7410153398587377	0.34079811239439517	0.0	0.0991796638323657	0.06999757288281527
SEN0675_1-218	0.4949103723549955	0.005472169882920153	0.39133581041531623	0.06631405456350892	0.32485047263624983	-1	0.03717399094724505	0.11997013445991472	0.10024933332007868	0.8401950036911034	0.4399777762267609	0.0991796638323657	0.0	0.16917723671518098
NCTC13441_03290_1-218	0.32573313563981454	0.16370506683226083	0.22215857370013525	0.10286318215167206	0.15567323592106885	-1	0.13200324576793593	0.049207102255266255	0.26942657003525966	0.6710177669759224	0.2708005395115799	0.06999757288281527	0.16917723671518098	0.0
