STMMW_06111_1-185	0.0	0.39994329327573197	0.495544151858638	0.6265027431142602	1.55105657493191	1.0346912842433502	0.32348540094895006	0.674908812540501	0.62619902042873	0.46744532990517795	0.12337278933708995	0.43754992285708394	0.7575099287777299	0.6241808104668201	1.30212471565619	0.13755450616602993	0.667195182377039	0.21744686480659992	2.14399704241853	1.77448999706772	0.607671692845428	0.401050207708473	1.7436094060957599	5.62564568833844
STM_MW06161_1-172	0.39994329327573197	0.0	0.09560085858290601	1.0264460363899923	1.9509998682076422	1.4346345775190823	0.0764578923267819	0.274965519264769	1.026142313704462	0.06750203662944598	0.276570503938642	0.03760662958135197	0.35756663550199796	1.024124103742552	1.702068008931922	0.26238878710970204	0.26725188910130704	0.18249642846913205	2.5439403356942623	2.174433290343452	0.20772839956969602	0.001106914432741024	2.143552699371492	6.025588981614172
t0027_3-172	0.495544151858638	0.09560085858290601	0.0	1.1220468949728981	2.046600726790548	1.530235436101988	0.17205875090968792	0.17936466068186296	1.1217431722873679	0.02809882195346003	0.37217136252154803	0.05799422900155404	0.26196577691909195	1.1197249623254582	1.7976688675148278	0.35798964569260805	0.17165103051840103	0.27809728705203807	2.639541194277168	2.270034148926358	0.11212754098679001	0.09449394415016499	2.2391535579543977	6.121189840197078
SL1344_0536_1-180	0.6265027431142602	1.0264460363899923	1.1220468949728981	0.0	0.9245538318176498	0.40818854112909	0.9499881440632103	1.3014115556547612	0.00030372268553024995	1.0939480730194382	0.7498755324513502	1.064052665971344	1.3840126718919903	0.0023219326474401836	0.6756219725419297	0.7640572492802902	1.2936979254912992	0.8439496079208602	1.51749429930427	1.1479872539534597	1.2341744359596882	1.0275529508227332	1.1171066629814996	4.99914294522418
STM_MW06111_1-185	1.55105657493191	1.9509998682076422	2.046600726790548	0.9245538318176498	0.0	0.5163652906885599	1.8745419758808601	2.225965387472411	0.9248575545031801	2.018501904837088	1.674429364269	1.988606497788994	2.30856650370964	0.92687576446509	0.24893185927572015	1.68861108109794	2.2182517573089493	1.76850343973851	0.5929404674866201	0.22343342213580986	2.158728267777338	1.952106782640383	0.1925528311638498	4.07458911340653
SEN0524_1-180	1.0346912842433502	1.4346345775190823	1.530235436101988	0.40818854112909	0.5163652906885599	0.0	1.3581766851923003	1.7096000967838512	0.4084922638146202	1.5021366141485282	1.1580640735804402	1.472241207100434	1.7922012130210803	0.41051047377653016	0.2674334314128397	1.1722457904093802	1.7018864666203892	1.2521381490499501	1.10930575817518	0.7397987128243697	1.6423629770887782	1.4357414919518232	0.7089181218524097	4.59095440409509
STMMW_06161_1-172	0.32348540094895006	0.0764578923267819	0.17205875090968792	0.9499881440632103	1.8745419758808601	1.3581766851923003	0.0	0.3514234115915509	0.94968442137768	0.1439599289562279	0.20011261161186011	0.11406452190813388	0.43402452782877987	0.9476662114157701	1.62561011660514	0.18593089478292013	0.34370978142808895	0.10603853614235015	2.46748244336748	2.09797539801667	0.2841862918964779	0.07756480675952293	2.06709480704471	5.94913108928739
SEN0025_3-172	0.674908812540501	0.274965519264769	0.17936466068186296	1.3014115556547612	2.225965387472411	1.7096000967838512	0.3514234115915509	0.0	1.301107832969231	0.207463482635323	0.551536023203411	0.237358889683417	0.08260111623722899	1.299089623007321	1.9770335281966909	0.537354306374471	0.0077136301634619375	0.45746194773390103	2.818905854959031	2.449398809608221	0.06723711969507296	0.27385860483202795	2.418518218636261	6.300554500878941
BN373_36261_1-193	0.62619902042873	1.026142313704462	1.1217431722873679	0.00030372268553024995	0.9248575545031801	0.4084922638146202	0.94968442137768	1.301107832969231	0.0	1.093644350333908	0.7495718097658199	1.0637489432858138	1.38370894920646	0.0020182099619099336	0.6759256952274599	0.7637535265947599	1.293394202805769	0.8436458852353299	1.5177980219898002	1.14829097663899	1.233870713274158	1.027249228137203	1.1174103856670299	4.9994466679097105
ERS227112_01373_2-175	0.46744532990517795	0.06750203662944598	0.02809882195346003	1.0939480730194382	2.018501904837088	1.5021366141485282	0.1439599289562279	0.207463482635323	1.093644350333908	0.0	0.344072540568088	0.029895407048094014	0.290064598872552	1.091626140371998	1.7695700455613679	0.329890823739148	0.19974985247186106	0.24999846509857804	2.611442372323708	2.241935326972898	0.14022636294025004	0.06639512219670496	2.211054736000938	6.0930910182436175
BN373_39231_2-175	0.12337278933708995	0.276570503938642	0.37217136252154803	0.7498755324513502	1.674429364269	1.1580640735804402	0.20011261161186011	0.551536023203411	0.7495718097658199	0.344072540568088	0.0	0.314177133519994	0.63413713944064	0.74755359980391	1.4254975049932799	0.014181716828939983	0.5438223930399491	0.09407407546950997	2.2673698317556203	1.8978627864048099	0.48429890350833804	0.27767741837138304	1.8669821954328498	5.74901847767553
SL1344_0026_3-172	0.43754992285708394	0.03760662958135197	0.05799422900155404	1.064052665971344	1.988606497788994	1.472241207100434	0.11406452190813388	0.237358889683417	1.0637489432858138	0.029895407048094014	0.314177133519994	0.0	0.319960005920646	1.061730733323904	1.7396746385132738	0.299995416691054	0.22964525951995507	0.22010305805048402	2.581546965275614	2.2120399199248038	0.17012176998834405	0.036499715148610945	2.1811593289528437	6.063195611195524
CS17_00560_1-171	0.7575099287777299	0.35756663550199796	0.26196577691909195	1.3840126718919903	2.30856650370964	1.7922012130210803	0.43402452782877987	0.08260111623722899	1.38370894920646	0.290064598872552	0.63413713944064	0.319960005920646	0.0	1.3816907392445499	2.05963464443392	0.6199554226117	0.09031474640069093	0.54006306397113	2.90150697119626	2.53199992584545	0.14983823593230194	0.35645972106925694	2.50111933487349	6.38315561711617
t2315_1-172	0.6241808104668201	1.024124103742552	1.1197249623254582	0.0023219326474401836	0.92687576446509	0.41051047377653016	0.9476662114157701	1.299089623007321	0.0020182099619099336	1.091626140371998	0.74755359980391	1.061730733323904	1.3816907392445499	0.0	0.6779439051893699	0.76173531663285	1.291375992843859	0.84162767527342	1.5198162319517101	1.1503091866008999	1.231852503312248	1.025231018175293	1.1194285956289398	5.00146487787162
ENC_04140_2-172	1.30212471565619	1.702068008931922	1.7976688675148278	0.6756219725419297	0.24893185927572015	0.2674334314128397	1.62561011660514	1.9770335281966909	0.6759256952274599	1.7695700455613679	1.4254975049932799	1.7396746385132738	2.05963464443392	0.6779439051893699	0.0	1.4396792218222199	1.969319898033229	1.5195715804627898	0.8418723267623403	0.47236528141153	1.909796408501618	1.703174923364663	0.44148469043956995	4.32352097268225
ETEC_0587_1-171	0.13755450616602993	0.26238878710970204	0.35798964569260805	0.7640572492802902	1.68861108109794	1.1722457904093802	0.18593089478292013	0.537354306374471	0.7637535265947599	0.329890823739148	0.014181716828939983	0.299995416691054	0.6199554226117	0.76173531663285	1.4396792218222199	0.0	0.5296406762110091	0.07989235864056998	2.2815515485845603	1.9120445032337499	0.47011718667939806	0.26349570154244306	1.8811639122617898	5.76320019450447
STM_MW00251_3-172	0.667195182377039	0.26725188910130704	0.17165103051840103	1.2936979254912992	2.2182517573089493	1.7018864666203892	0.34370978142808895	0.0077136301634619375	1.293394202805769	0.19974985247186106	0.5438223930399491	0.22964525951995507	0.09031474640069093	1.291375992843859	1.969319898033229	0.5296406762110091	0.0	0.4497483175704391	2.811192224795569	2.441685179444759	0.05952348953161102	0.266144974668566	2.410804588472799	6.292840870715479
SEN0529_1-172	0.21744686480659992	0.18249642846913205	0.27809728705203807	0.8439496079208602	1.76850343973851	1.2521381490499501	0.10603853614235015	0.45746194773390103	0.8436458852353299	0.24999846509857804	0.09407407546950997	0.22010305805048402	0.54006306397113	0.84162767527342	1.5195715804627898	0.07989235864056998	0.4497483175704391	0.0	2.36144390722513	1.9919368618743198	0.3902248280388281	0.18360334290187308	1.9610562709023598	5.8430925531450395
ERS227112_01673_1-193	2.14399704241853	2.5439403356942623	2.639541194277168	1.51749429930427	0.5929404674866201	1.10930575817518	2.46748244336748	2.818905854959031	1.5177980219898002	2.611442372323708	2.2673698317556203	2.581546965275614	2.90150697119626	1.5198162319517101	0.8418723267623403	2.2815515485845603	2.811192224795569	2.36144390722513	0.0	0.36950704535081025	2.751668735263958	2.545047250127003	0.4003876363227703	3.48164864591991
ENC_22170_1-187	1.77448999706772	2.174433290343452	2.270034148926358	1.1479872539534597	0.22343342213580986	0.7397987128243697	2.09797539801667	2.449398809608221	1.14829097663899	2.241935326972898	1.8978627864048099	2.2120399199248038	2.53199992584545	1.1503091866008999	0.47236528141153	1.9120445032337499	2.441685179444759	1.9919368618743198	0.36950704535081025	0.0	2.382161689913148	2.175540204776193	0.030880590971960054	3.85115569127072
STMMW_00251_3-172	0.607671692845428	0.20772839956969602	0.11212754098679001	1.2341744359596882	2.158728267777338	1.6423629770887782	0.2841862918964779	0.06723711969507296	1.233870713274158	0.14022636294025004	0.48429890350833804	0.17012176998834405	0.14983823593230194	1.231852503312248	1.909796408501618	0.47011718667939806	0.05952348953161102	0.3902248280388281	2.751668735263958	2.382161689913148	0.0	0.206621485136955	2.351281098941188	6.233317381183868
SL1344_0541_1-172	0.401050207708473	0.001106914432741024	0.09449394415016499	1.0275529508227332	1.952106782640383	1.4357414919518232	0.07756480675952293	0.27385860483202795	1.027249228137203	0.06639512219670496	0.27767741837138304	0.036499715148610945	0.35645972106925694	1.025231018175293	1.703174923364663	0.26349570154244306	0.266144974668566	0.18360334290187308	2.545047250127003	2.175540204776193	0.206621485136955	0.0	2.144659613804233	6.026695896046913
ENC_22120_1-169	1.7436094060957599	2.143552699371492	2.2391535579543977	1.1171066629814996	0.1925528311638498	0.7089181218524097	2.06709480704471	2.418518218636261	1.1174103856670299	2.211054736000938	1.8669821954328498	2.1811593289528437	2.50111933487349	1.1194285956289398	0.44148469043956995	1.8811639122617898	2.410804588472799	1.9610562709023598	0.4003876363227703	0.030880590971960054	2.351281098941188	2.144659613804233	0.0	3.88203628224268
b0534_1-171	5.62564568833844	6.025588981614172	6.121189840197078	4.99914294522418	4.07458911340653	4.59095440409509	5.94913108928739	6.300554500878941	4.9994466679097105	6.0930910182436175	5.74901847767553	6.063195611195524	6.38315561711617	5.00146487787162	4.32352097268225	5.76320019450447	6.292840870715479	5.8430925531450395	3.48164864591991	3.85115569127072	6.233317381183868	6.026695896046913	3.88203628224268	0.0
