ENC_39140_1-708	0.0	-1	0.13266969680338858	0.18185752321676918	0.006834442930363727	0.3813726564026104	0.07436095064499493	0.2704505175591782	0.09476458543934174	0.28608869990424957	0.06210326151238443	0.060010573284982716	0.2128148650769347
b2297_1-714	-1	-1	-1	-1	-1	-1	-1	-1	-1	-1	-1	-1	-1
ERS227112_03891_1-714	0.13266969680338858	-1	0.0	0.31452722002015776	0.1395041397337523	0.24870295959922184	0.058308746158393654	0.13778082075578962	0.03790511136404684	0.41875839670763815	0.19477295831577301	0.07265912351840587	0.08014516827354612
CS17_02544_1-714	0.18185752321676918	-1	0.31452722002015776	0.0	0.17502308028640545	0.5632301796193796	0.2562184738617641	0.4523080407759474	0.2766221086561109	0.10423117668748039	0.11975426170438475	0.2418680965017519	0.3946723882937039
SL1344_2307_1-713	0.006834442930363727	-1	0.1395041397337523	0.17502308028640545	0.0	0.38820709933297415	0.08119539357535865	0.27728496048954193	0.10159902836970547	0.27925425697388584	0.05526881858202071	0.06684501621534644	0.21964930800729843
STM_MW23601_1-713	0.3813726564026104	-1	0.24870295959922184	0.5632301796193796	0.38820709933297415	0.0	0.3070117057576155	0.11092213884343222	0.2866080709632687	0.66746135630686	0.44347591791499485	0.3213620831176277	0.16855779132567572
STMMW_23601_1-713	0.07436095064499493	-1	0.058308746158393654	0.2562184738617641	0.08119539357535865	0.3070117057576155	0.0	0.19608956691418328	0.020403634794346814	0.3604496505492445	0.13646421215737936	0.014350377360012212	0.13845391443193977
t0526_1-713	0.2704505175591782	-1	0.13778082075578962	0.4523080407759474	0.27728496048954193	0.11092213884343222	0.19608956691418328	0.0	0.17568593211983646	0.5565392174634278	0.33255377907156264	0.2104399442741955	0.057635652482243505
NCTC13441_01413_1-714	0.09476458543934174	-1	0.03790511136404684	0.2766221086561109	0.10159902836970547	0.2866080709632687	0.020403634794346814	0.17568593211983646	0.0	0.3808532853435913	0.15686784695172618	0.034754012154359026	0.11805027963759296
BN373_32981_1-714	0.28608869990424957	-1	0.41875839670763815	0.10423117668748039	0.27925425697388584	0.66746135630686	0.3604496505492445	0.5565392174634278	0.3808532853435913	0.0	0.22398543839186513	0.3460992731892323	0.49890356498118427
ROD_26991_1-713	0.06210326151238443	-1	0.19477295831577301	0.11975426170438475	0.05526881858202071	0.44347591791499485	0.13646421215737936	0.33255377907156264	0.15686784695172618	0.22398543839186513	0.0	0.12211383479736715	0.27491812658931913
ETEC_2432_1-714	0.060010573284982716	-1	0.07265912351840587	0.2418680965017519	0.06684501621534644	0.3213620831176277	0.014350377360012212	0.2104399442741955	0.034754012154359026	0.3460992731892323	0.12211383479736715	0.0	0.15280429179195198
SEN2320_1-713	0.2128148650769347	-1	0.08014516827354612	0.3946723882937039	0.21964930800729843	0.16855779132567572	0.13845391443193977	0.057635652482243505	0.11805027963759296	0.49890356498118427	0.27491812658931913	0.15280429179195198	0.0
