b2211_1-547	-1	-1	-1	-1	-1	-1	-1	-1
ENC_39730_1-529	-1	0.0	0.019415755794597755	0.061748865842738865	0.04112414966992639	0.13129513984030894	0.08812802660946928	0.0799973147102967
CS17_02461_1-547	-1	0.019415755794597755	0.0	0.04233311004814111	0.021708393875328635	0.11187938404571118	0.06871227081487152	0.09941307050489445
ETEC_2345_1-547	-1	0.061748865842738865	0.04233311004814111	0.0	0.020624716172812474	0.06954627399757007	0.026379160766730414	0.14174618055303556
ROD_23441_1-547	-1	0.04112414966992639	0.021708393875328635	0.020624716172812474	0.0	0.09017099017038255	0.04700387693954289	0.12112146438022309
NCTC13441_01497_1-547	-1	0.13129513984030894	0.11187938404571118	0.06954627399757007	0.09017099017038255	0.0	0.04316711323083966	0.21129245455060564
ERS227112_03948_1-547	-1	0.08812802660946928	0.06871227081487152	0.026379160766730414	0.04700387693954289	0.04316711323083966	0.0	0.16812534131976598
BN373_32371_1-547	-1	0.0799973147102967	0.09941307050489445	0.14174618055303556	0.12112146438022309	0.21129245455060564	0.16812534131976598	0.0
