Ecoli9000q_38420_1-133	0.0	2.868964630517314	-1	5.04893616016123	3.5311140379111534	3.875366579847946	4.125373239477061	2.681671652203484	6.01016138764944	4.437833174648217
NCTC13441_04269_1-133	2.868964630517314	0.0	-1	2.1799715296439164	0.6621494073938394	1.0064019493306322	1.256408608959747	0.18729297831383018	3.1411967571321258	1.5688685441309036
b4184_1-132	-1	-1	-1	-1	-1	-1	-1	-1	-1	-1
ETEC_4530_1-132	5.04893616016123	2.1799715296439164	-1	0.0	1.517822122250077	1.1735695803132842	0.9235629206841693	2.3672645079577466	0.9612252274882094	0.6111029855130128
t4425_1-132	3.5311140379111534	0.6621494073938394	-1	1.517822122250077	0.0	0.3442525419367928	0.5942592015659076	0.8494423857076696	2.4790473497382863	0.9067191367370642
SEN4140_1-132	3.875366579847946	1.0064019493306322	-1	1.1735695803132842	0.3442525419367928	0.0	0.25000665962911484	1.1936949276444624	2.1347948078014936	0.5624665948002714
STMMW_43181_1-132	4.125373239477061	1.256408608959747	-1	0.9235629206841693	0.5942592015659076	0.25000665962911484	0.0	1.4437015872735772	1.8847881481723787	0.31245993517115656
STM_MW43181_1-133	2.681671652203484	0.18729297831383018	-1	2.3672645079577466	0.8494423857076696	1.1936949276444624	1.4437015872735772	0.0	3.328489735445956	1.7561615224447338
CS17_04663_1-133	6.01016138764944	3.1411967571321258	-1	0.9612252274882094	2.4790473497382863	2.1347948078014936	1.8847881481723787	3.328489735445956	0.0	1.5723282130012222
SL1344_4307_1-132	4.437833174648217	1.5688685441309036	-1	0.6111029855130128	0.9067191367370642	0.5624665948002714	0.31245993517115656	1.7561615224447338	1.5723282130012222	0.0
