STM_MW14601_1-689	0.0	-1	0.7233969795717629	0.8920838138738006	0.7852854012487478	0.7513153319357254	0.5583731077416477	0.6142167067386308	0.5303061378901865	0.699992913223756	0.7703145436244802	0.6411265505774713	0.6783226197538142
b1629_1-740	-1	-1	-1	-1	-1	-1	-1	-1	-1	-1	-1	-1	-1
ERS227112_04708_1-753	0.7233969795717629	-1	0.0	0.6098517436319988	0.2237445620845685	0.10093292662075519	0.37367260627230076	0.2830093338416344	0.4110993505732294	0.07801171165487322	0.16962057746180584	0.22924635167821594	0.14012287647783092
ROD_14381_1-678	0.8920838138738006	-1	0.6098517436319988	0.0	0.49739707149013807	0.5660521134406746	0.7556394594216236	0.7202673417661821	0.770241438452162	0.6402878769104309	0.5301566419174412	0.6992918080179804	0.6645204395670933
CS17_01807_1-740	0.7852854012487478	-1	0.2237445620845685	0.49739707149013807	0.0	0.13659896919838466	0.5138099547034739	0.44343209645996096	0.5428626684905402	0.2843015774777545	0.06517982401023813	0.401698289197057	0.3325157069268371
SL1344_1389_1-735	0.7513153319357254	-1	0.10093292662075519	0.5660521134406746	0.13659896919838466	0.0	0.4368896631439875	0.35537730013676305	0.4705388166087367	0.17107068790760757	0.07639880591208882	0.30704077310695793	0.22691279108916007
SEN1590_1-704	0.5583731077416477	-1	0.37367260627230076	0.7556394594216236	0.5138099547034739	0.4368896631439875	0.0	0.12644972481502442	0.059755879553944936	0.32067749488240044	0.47991062047654093	0.18738316050602447	0.2716082605359003
t1325_1-673	0.6142167067386308	-1	0.2830093338416344	0.7202673417661821	0.44343209645996096	0.35537730013676305	0.12644972481502442	0.0	0.1786494898432933	0.22234297851517246	0.4046257046701412	0.06975378226295825	0.16617078586591752
STMMW_14601_1-735	0.5303061378901865	-1	0.4110993505732294	0.770241438452162	0.5428626684905402	0.4705388166087367	0.059755879553944936	0.1786494898432933	0.0	0.36127100867649187	0.5109890187966307	0.23594179449033387	0.3151339495874055
ENC_12990_1-673	0.699992913223756	-1	0.07801171165487322	0.6402878769104309	0.2843015774777545	0.17107068790760757	0.32067749488240044	0.22234297851517246	0.36127100867649187	0.0	0.23439989753699558	0.16403097732921662	0.06736654424801945
BN373_25481_1-719	0.7703145436244802	-1	0.16962057746180584	0.5301566419174412	0.06517982401023813	0.07639880591208882	0.47991062047654093	0.4046257046701412	0.5109890187966307	0.23439989753699558	0.0	0.35998203058735057	0.2859757307158578
NCTC13441_02252_1-806	0.6411265505774713	-1	0.22924635167821594	0.6992918080179804	0.401698289197057	0.30704077310695793	0.18738316050602447	0.06975378226295825	0.23594179449033387	0.16403097732921662	0.35998203058735057	0.0	0.10364675691722514
ETEC_1664_1-740	0.6783226197538142	-1	0.14012287647783092	0.6645204395670933	0.3325157069268371	0.22691279108916007	0.2716082605359003	0.16617078586591752	0.3151339495874055	0.06736654424801945	0.2859757307158578	0.10364675691722514	0.0
