SEN0555_16-65	0.0	0.2665816326530612	0.0993894634752957	0.19026087295605126	0.21584895953949923	0.019513886128759435	1.0	0.25948369452102227	0.008694989357794957	0.33030401117410024	0.06573622002922234	0.06592209393279036	0.19730183372268945	0.028235294117647153	0.049803407601572716	-1	-1	0.3496274834719319	0.27758022864696635	0.15405425441893061	0.0869975794643337	0.1545214396710946	0.31353346248524655	0.017729769004857444	0.17111114262390448	0.3993898022309238	0.3131035914134132	0.15177361120858088	0.5915915697283786	0.6009341195247566	0.2131513517415216	0.3383107990679668	0.2828142854414092	0.14330231310752437	0.18935101296288695
SEN0555_69-404	0.2665816326530612	0.0	0.1856431413993115	0.4061224514664917	0.42488922415205616	0.2519849521874485	1.0	0.009585120650986708	0.2729586975519542	0.5088326612565148	0.3147937838224526	0.3149301071573398	0.4112864214165133	0.2872899159663866	0.22814039408866993	-1	-1	0.11323121224694721	0.014996346537776817	0.1330196160001218	0.19669614137864389	0.1325405495065106	0.06401779928423183	0.25334358692321435	0.3920776875111544	0.559501449340282	0.4962175574779497	0.3778951867920076	0.4431439837687806	0.4558823473172334	0.06790414017968524	0.5147049865613277	0.47400282414389067	0.37168218116942153	0.40545514343579075
STMMW_27421_3-61	0.0993894634752957	0.1856431413993115	0.0	0.27074041034790364	0.2937853107344633	0.08146528157463094	1.0	0.17776188991026207	0.10722026250589602	0.39686473619506407	0.15859219586491966	0.158759595860938	0.27708157380159504	0.12481846685952273	0.052185049147104326	-1	-1	0.27785375570028326	0.19785551905630275	0.06069748101613002	0.013572673776364778	0.06121622383915624	0.23777647531894794	0.08313363460858265	0.2534939614391655	0.4590841275449835	0.38137385692594156	0.23607837689614758	0.5465204839290502	0.5568940576520818	0.1263164083169766	0.4040757337359987	0.35409498882353413	0.22844903656829438	0.26992098085129757
STMMW_27421_88-414	0.19026087295605126	0.4061224514664917	0.27074041034790364	0.0	0.031600407747196774	0.20606203007518795	1.0	0.4003749732396425	0.18315844432243011	0.17294846394454658	0.13328639683615248	0.13311392788078039	0.008695344625795779	0.16673334384097277	0.23058864075116273	-1	-1	0.473367926213186	0.4150284449853055	0.3150046304466425	0.2607062170064374	0.3153829286248976	0.44414118516792145	0.2046173606327354	0.02310289269995327	0.2582670421748337	0.151706536530863	0.045373808520987324	0.6692957141944679	0.6768607423109516	0.3628578624434686	0.18283657188752853	0.11430028436841803	0.05481345469585782	0.0011223846667468627
STMMW_06511_16-65	0.21584895953949923	0.42488922415205616	0.2937853107344633	0.031600407747196774	0.0	0.23115079365079366	1.0	0.4193233685806936	0.20897097054669586	0.1459604664522107	0.16067490009617216	0.16050788123011356	0.023105977559194094	0.19306490993774125	0.2549023534287509	-1	-1	0.49000971447760117	0.4335137846442816	0.33665076342947037	0.28406820199400157	0.33701710723104256	0.46170655036648867	0.2297517763517825	0.053973239617691786	0.23406312460369666	0.12402538140713322	0.07554038541787766	0.6797461044696682	0.6870720746130521	0.3829918137831756	0.15617123897017418	0.08539850417412428	0.08468173492463299	0.032687324600825234
STMMW_06511_69-404	0.019513886128759435	0.2519849521874485	0.08146528157463094	0.20606203007518795	0.23115079365079366	0.0	1.0	0.24474574907011498	0.028039202454335607	0.3433723824409358	0.08396733704579647	0.08414958382717594	0.21296559433518888	0.04719819993218279	0.030892351298297902	-1	-1	0.3366836028302219	0.26320244505991724	0.1372180252089111	0.06882677110961753	0.13769450850179468	0.2998712293798975	0.001816320058986717	0.1872859854001391	0.41111004123796124	0.32650760971282566	0.16832580437086545	0.5834633203940974	0.5929918080128471	0.197491288120569	0.3512229267875843	0.2968093658084785	0.16001981421631575	0.20516992498632336
STM_MW06511_16-65	1.0	1.0	1.0	1.0	1.0	1.0	0	1.0	1.0	1.0	1.0	1.0	1.0	1.0	1.0	-1	-1	1.0	1.0	1.0	1.0	1.0	1.0	1.0	1.0	1.0	1.0	1.0	1.0	1.0	1.0	1.0	1.0	1.0	1.0
STM_MW06511_69-405	0.25948369452102227	0.009585120650986708	0.17776188991026207	0.4003749732396425	0.4193233685806936	0.24474574907011498	1.0	0.0	0.2659224759164356	0.504079200560554	0.3081624373132152	0.3083000799695703	0.40558891949357584	0.2803923902051346	0.22067042609591722	-1	-1	0.12173099806708945	0.024437725397874928	0.12462908011869425	0.1889218595450048	0.1241453772749667	0.07298930160526854	0.24611753251571392	0.38619428568316244	0.5552383553150456	0.49134200926668237	0.3718745283624033	0.4484815158695847	0.4610977806665294	0.05888342425452136	0.5100083575504738	0.46891228431277165	0.36560139398999786	0.3997012070790013
ROD_05951_1-416	0.008694989357794957	0.2729586975519542	0.10722026250589602	0.18315844432243011	0.20897097054669586	0.028039202454335607	1.0	0.2659224759164356	0.0	0.3244299366629396	0.05754155386995766	0.05772905812099296	0.19026116315371774	0.019711697762117883	0.058065356860290074	-1	-1	0.3552824655817458	0.28386166087074166	0.16140974367402994	0.09493612579453235	0.16187286675539822	0.31950228172341966	0.026270598209839003	0.16384074681604824	0.3941216968327658	0.3070786476287563	0.1443336009752378	0.5951426766832241	0.604403993108548	0.21999299236432443	0.33250695413779274	0.27652366642031734	0.13578799895556432	0.1822406037149516
ETEC_0614_7-37	0.33030401117410024	0.5088326612565148	0.39686473619506407	0.17294846394454658	0.1459604664522107	0.3433723824409358	1.0	0.504079200560554	0.3244299366629396	0.0	0.2831831831831832	0.28304054246872085	0.16569388474903052	0.3108455320798852	0.3636571534747348	-1	-1	0.5644481344385467	0.5161983768763497	0.4334735274200227	0.388565941178927	0.43378639950943554	0.5402761133631656	0.34217756635946306	0.19205574683936724	0.1031599295942382	0.025040776958027824	0.21047494197851516	0.726490512444413	0.7327471805684536	0.4730506164482157	0.011955854637719901	0.06621677589035603	0.21828201584726178	0.17387673390722466
ETEC_0614_42-374	0.06573622002922234	0.3147937838224526	0.15859219586491966	0.13328639683615248	0.16067490009617216	0.08396733704579647	1.0	0.3081624373132152	0.05754155386995766	0.2831831831831832	0.0	0.0001989522740288895	0.14082277030752735	0.03859054119229893	0.11226573987049303	-1	-1	0.39238051431938004	0.32506937369008987	0.20966353008323232	0.14701490746787885	0.21010000434286566	0.35865917783801476	0.0823005010377092	0.11278926236226143	0.357129955537972	0.2647725157363246	0.0920911128354453	0.6184387961625032	0.6271672020498326	0.2648758076131371	0.2917533408469182	0.23235200814375648	0.08302376132009331	0.13231251771050256
CS17_00589_12-64	0.06592209393279036	0.3149301071573398	0.158759595860938	0.13311392788078039	0.16050788123011356	0.08414958382717594	1.0	0.3083000799695703	0.05772905812099296	0.28304054246872085	0.0001989522740288895	0.0	0.14065180102915947	0.0387818157904016	0.11244235662027915	-1	-1	0.39250140159780045	0.325203652673006	0.20982076932117025	0.14718461079175085	0.21025715674325707	0.35878677405301146	0.0824830794399029	0.11261271464389551	0.35700202962957084	0.26462621144883114	0.09191044635372549	0.6185147086316879	0.6272413779828173	0.26502206224290614	0.29161240552410334	0.23219925243902814	0.08284129050919473	0.13213985496110803
CS17_00589_68-401	0.19730183372268945	0.4112864214165133	0.27708157380159504	0.008695344625795779	0.023105977559194094	0.21296559433518888	1.0	0.40558891949357584	0.19026116315371774	0.16569388474903052	0.14082277030752735	0.14065180102915947	0.0	0.17397888458146	0.23727893767883332	-1	-1	0.4779471735857599	0.4201149742524459	0.3209609012519833	0.2671346312292747	0.3213359099972071	0.4489745691261728	0.2115334867914088	0.03159734971187017	0.2517608448583629	0.14426563128676362	0.05367461224470825	0.6721713019287746	0.6796705495186818	0.36839803290513884	0.17566872738633188	0.10653126581228231	0.06303217744294266	0.009807969771062568
SEN2621_3-61	0.028235294117647153	0.2872899159663866	0.12481846685952273	0.16673334384097277	0.19306490993774125	0.04719819993218279	1.0	0.2803923902051346	0.019711697762117883	0.3108455320798852	0.03859054119229893	0.0387818157904016	0.17397888458146	0.0	0.07663248785752841	-1	-1	0.36799094276213623	0.2979779633675227	0.1779397813529844	0.112776471338282	0.17839377549214613	0.33291604707389844	0.045464457880014505	0.1470272048793205	0.3819386584700789	0.2931453422535123	0.12712780814442332	0.6031231018772244	0.612201862032293	0.23536825475117285	0.3190849627212733	0.2619759595946704	0.1184103706312296	0.16579704723783756
SEN2621_88-414	0.049803407601572716	0.22814039408866993	0.052185049147104326	0.23058864075116273	0.2549023534287509	0.030892351298297902	1.0	0.22067042609591722	0.058065356860290074	0.3636571534747348	0.11226573987049303	0.11244235662027915	0.23727893767883332	0.07663248785752841	0.0	-1	-1	0.3155389929504608	0.2397154682174281	0.10971502913330217	0.039143659491429825	0.11020670133661406	0.27755314741550774	0.032652560959952254	0.21239263224420804	0.4293022367200783	0.3473133732303074	0.19401817578797	0.5701853347624177	0.5800175630308818	0.1719096294879738	0.3712651760475438	0.3185325779095959	0.18596877719915486	0.22972409488609832
b0585_12-64	-1	-1	-1	-1	-1	-1	-1	-1	-1	-1	-1	-1	-1	-1	-1	-1	-1	-1	-1	-1	-1	-1	-1	-1	-1	-1	-1	-1	-1	-1	-1	-1	-1	-1	-1
b0585_68-400	-1	-1	-1	-1	-1	-1	-1	-1	-1	-1	-1	-1	-1	-1	-1	-1	-1	-1	-1	-1	-1	-1	-1	-1	-1	-1	-1	-1	-1	-1	-1	-1	-1	-1	-1
Ecoli9000q_46880_12-64	0.3496274834719319	0.11323121224694721	0.27785375570028326	0.473367926213186	0.49000971447760117	0.3366836028302219	1.0	0.12173099806708945	0.3552824655817458	0.5644481344385467	0.39238051431938004	0.39250140159780045	0.4779471735857599	0.36799094276213623	0.3155389929504608	-1	-1	0.0	0.09973045822102414	0.2311888558747518	0.2876552110929903	0.2307640346609591	0.052579432520277296	0.33788839770785617	0.46091346790623383	0.6093796342245051	0.5532614541534494	0.4483368689362093	0.37203922384073296	0.3864041448036482	0.17344648431750007	0.5696555292303871	0.5335621220045486	0.4428273694719657	0.47277617827974355
Ecoli9000q_46880_68-401	0.27758022864696635	0.014996346537776817	0.19785551905630275	0.4150284449853055	0.4335137846442816	0.26320244505991724	1.0	0.024437725397874928	0.28386166087074166	0.5161983768763497	0.32506937369008987	0.325203652673006	0.4201149742524459	0.2979779633675227	0.2397154682174281	-1	-1	0.09973045822102414	0.0	0.14602115428003878	0.208742764417663	0.14554927203358042	0.04976778773778943	0.26454070523836726	0.4011943011772838	0.5661073182553636	0.503772453565658	0.3872244861536936	0.43466603979192664	0.44759834060490156	0.08188217269997773	0.521982638755909	0.4818908600709208	0.38110465291646495	0.4143711441370805
STM_MW27421_3-61	0.15405425441893061	0.1330196160001218	0.06069748101613002	0.3150046304466425	0.33665076342947037	0.1372180252089111	1.0	0.12462908011869425	0.16140974367402994	0.4334735274200227	0.20966353008323232	0.20982076932117025	0.3209609012519833	0.1779397813529844	0.10971502913330217	-1	-1	0.2311888558747518	0.14602115428003878	0.0	0.07344632768361577	0.0005522638474209462	0.18852179220639223	0.13878511341625632	0.29880499754313816	0.4919163584446453	0.41892290550126093	0.2824464951123049	0.517216757215215	0.5282606685359826	0.06985920507466818	0.44024683557460914	0.39329979597764086	0.27528023652416717	0.31423493825635074
STM_MW27421_88-415	0.0869975794643337	0.19669614137864389	0.013572673776364778	0.2607062170064374	0.28406820199400157	0.06882677110961753	1.0	0.1889218595450048	0.09493612579453235	0.388565941178927	0.14701490746787885	0.14718461079175085	0.2671346312292747	0.112776471338282	0.039143659491429825	-1	-1	0.2876552110929903	0.208742764417663	0.07344632768361577	0.0	0.07395802977953123	0.2481218865641148	0.07051807972364256	0.2432224668605821	0.4516414356384282	0.3728619163031902	0.22556725387120716	0.552675413464945	0.5629081900559387	0.13817463069065297	0.39587615790674285	0.34520770663440514	0.21783293819986338	0.2598755126303298
t2670_3-61	0.1545214396710946	0.1325405495065106	0.06121622383915624	0.3153829286248976	0.33701710723104256	0.13769450850179468	1.0	0.1241453772749667	0.16187286675539822	0.43378639950943554	0.21010000434286566	0.21025715674325707	0.3213359099972071	0.17839377549214613	0.11020670133661406	-1	-1	0.2307640346609591	0.14554927203358042	0.0005522638474209462	0.07395802977953123	0.0	0.18807339449541283	0.13926073126297728	0.29919224219298735	0.4921969546713423	0.419243813373117	0.2828427739716446	0.5169499861560728	0.528	0.06934523809523804	0.44055596701080074	0.39363485456654534	0.2756804730490463	0.31461366150777614
t2670_88-414	0.31353346248524655	0.06401779928423183	0.23777647531894794	0.44414118516792145	0.46170655036648867	0.2998712293798975	1.0	0.07298930160526854	0.31950228172341966	0.5402761133631656	0.35865917783801476	0.35878677405301146	0.4489745691261728	0.33291604707389844	0.27755314741550774	-1	-1	0.052579432520277296	0.04976778773778943	0.18852179220639223	0.2481218865641148	0.18807339449541283	0.0	0.3011428873098485	0.4309955360924714	0.587701197141411	0.5284686007662464	0.4177209678577114	0.40505704509618007	0.41866666666666663	0.12757486584732564	0.5457725053252832	0.5076760057719198	0.41190570518202385	0.44351659672879074
NCTC13441_03411_13-64	0.017729769004857444	0.25334358692321435	0.08313363460858265	0.2046173606327354	0.2297517763517825	0.001816320058986717	1.0	0.24611753251571392	0.026270598209839003	0.34217756635946306	0.0823005010377092	0.0824830794399029	0.2115334867914088	0.045464457880014505	0.032652560959952254	-1	-1	0.33788839770785617	0.26454070523836726	0.13878511341625632	0.07051807972364256	0.13926073126297728	0.3011428873098485	0.0	0.18580715059588288	0.41003848229933126	0.3252821060679195	0.16681246914567713	0.5842198843205694	0.5937310651561253	0.19894890079146718	0.35004239575350043	0.29552982249411663	0.15849136520312365	0.20372363224707662
NCTC13441_03411_68-401	0.17111114262390448	0.3920776875111544	0.2534939614391655	0.02310289269995327	0.053973239617691786	0.1872859854001391	1.0	0.38619428568316244	0.16384074681604824	0.19205574683936724	0.11278926236226143	0.11261271464389551	0.03159734971187017	0.1470272048793205	0.21239263224420804	-1	-1	0.46091346790623383	0.4011943011772838	0.29880499754313816	0.2432224668605821	0.29919224219298735	0.4309955360924714	0.18580715059588288	0.0	0.27540321911148746	0.17130456939546218	0.022797606477294757	0.661474802889391	0.66921873831509	0.34778992301710454	0.20171541088553693	0.1347625098630336	0.032460493289356095	0.022005206339390338
SL1344_2760_3-61	0.3993898022309238	0.559501449340282	0.4590841275449835	0.2582670421748337	0.23406312460369666	0.41111004123796124	1.0	0.5552383553150456	0.3941216968327658	0.1031599295942382	0.357129955537972	0.35700202962957084	0.2517608448583629	0.3819386584700789	0.4293022367200783	-1	-1	0.6093796342245051	0.5661073182553636	0.4919163584446453	0.4516414356384282	0.4921969546713423	0.587701197141411	0.41003848229933126	0.27540321911148746	0.0	0.12561750176429085	0.29192229137689835	0.7547057319240035	0.7603169626048736	0.527410677755145	0.09230769230769244	0.16254578754578766	0.2989239880550081	0.25909955187351746
SL1344_2760_88-414	0.3131035914134132	0.4962175574779497	0.38137385692594156	0.151706536530863	0.12402538140713322	0.32650760971282566	1.0	0.49134200926668237	0.3070786476287563	0.025040776958027824	0.2647725157363246	0.26462621144883114	0.14426563128676362	0.2931453422535123	0.3473133732303074	-1	-1	0.5532614541534494	0.503772453565658	0.41892290550126093	0.3728619163031902	0.419243813373117	0.5284686007662464	0.3252821060679195	0.17130456939546218	0.12561750176429085	0.0	0.19019684171191678	0.7194657160099378	0.7258830799121112	0.4595164894100407	0.03669724770642198	0.04223356009070297	0.19820443185952086	0.15265864810716234
ERS227112_03041_17-62	0.15177361120858088	0.3778951867920076	0.23607837689614758	0.045373808520987324	0.07554038541787766	0.16832580437086545	1.0	0.3718745283624033	0.1443336009752378	0.21047494197851516	0.0920911128354453	0.09191044635372549	0.05367461224470825	0.12712780814442332	0.19401817578797	-1	-1	0.4483368689362093	0.3872244861536936	0.2824464951123049	0.22556725387120716	0.2828427739716446	0.4177209678577114	0.16681246914567713	0.022797606477294757	0.29192229137689835	0.19019684171191678	0.0	0.6535771920387304	0.6615017893146162	0.3325742125623013	0.2199143888050574	0.15448785367257836	0.009888316766425135	0.044301146782108
ERS227112_03041_65-402	0.5915915697283786	0.4431439837687806	0.5465204839290502	0.6692957141944679	0.6797461044696682	0.5834633203940974	1.0	0.4484815158695847	0.5951426766832241	0.726490512444413	0.6184387961625032	0.6185147086316879	0.6721713019287746	0.6031231018772244	0.5701853347624177	-1	-1	0.37203922384073296	0.43466603979192664	0.517216757215215	0.552675413464945	0.5169499861560728	0.40505704509618007	0.5842198843205694	0.661474802889391	0.7547057319240035	0.7194657160099378	0.6535771920387304	0.0	0.022875506732719854	0.4809568127548464	0.7297605521196648	0.7070953081038948	0.650117442478915	0.6689241197028927
t2282_16-65	0.6009341195247566	0.4558823473172334	0.5568940576520818	0.6768607423109516	0.6870720746130521	0.5929918080128471	1.0	0.4610977806665294	0.604403993108548	0.7327471805684536	0.6271672020498326	0.6272413779828173	0.6796705495186818	0.612201862032293	0.5800175630308818	-1	-1	0.3864041448036482	0.44759834060490156	0.5282606685359826	0.5629081900559387	0.528	0.41866666666666663	0.5937310651561253	0.66921873831509	0.7603169626048736	0.7258830799121112	0.6615017893146162	0.022875506732719854	0.0	0.4928301886792453	0.735942416429098	0.7137956513554093	0.6581211832791498	0.6764976482316704
t2282_69-404	0.2131513517415216	0.06790414017968524	0.1263164083169766	0.3628578624434686	0.3829918137831756	0.197491288120569	1.0	0.05888342425452136	0.21999299236432443	0.4730506164482157	0.2648758076131371	0.26502206224290614	0.36839803290513884	0.23536825475117285	0.1719096294879738	-1	-1	0.17344648431750007	0.08188217269997773	0.06985920507466818	0.13817463069065297	0.06934523809523804	0.12757486584732564	0.19894890079146718	0.34778992301710454	0.527410677755145	0.4595164894100407	0.3325742125623013	0.4809568127548464	0.4928301886792453	0.0	0.479350746679397	0.4356833899492819	0.3259085831024904	0.36214194033774283
SL1344_0574_16-65	0.3383107990679668	0.5147049865613277	0.4040757337359987	0.18283657188752853	0.15617123897017418	0.3512229267875843	1.0	0.5100083575504738	0.33250695413779274	0.011955854637719901	0.2917533408469182	0.29161240552410334	0.17566872738633188	0.3190849627212733	0.3712651760475438	-1	-1	0.5696555292303871	0.521982638755909	0.44024683557460914	0.39587615790674285	0.44055596701080074	0.5457725053252832	0.35004239575350043	0.20171541088553693	0.09230769230769244	0.03669724770642198	0.2199143888050574	0.7297605521196648	0.735942416429098	0.479350746679397	0.0	0.07738095238095237	0.22762812243348335	0.18375374358946828
SL1344_0574_69-404	0.2828142854414092	0.47400282414389067	0.35409498882353413	0.11430028436841803	0.08539850417412428	0.2968093658084785	1.0	0.46891228431277165	0.27652366642031734	0.06621677589035603	0.23235200814375648	0.23219925243902814	0.10653126581228231	0.2619759595946704	0.3185325779095959	-1	-1	0.5335621220045486	0.4818908600709208	0.39329979597764086	0.34520770663440514	0.39363485456654534	0.5076760057719198	0.29552982249411663	0.1347625098630336	0.16254578754578766	0.04223356009070297	0.15448785367257836	0.7070953081038948	0.7137956513554093	0.4356833899492819	0.07738095238095237	0.0	0.1628485456053239	0.11529438014858498
BN373_11811_16-62	0.14330231310752437	0.37168218116942153	0.22844903656829438	0.05481345469585782	0.08468173492463299	0.16001981421631575	1.0	0.36560139398999786	0.13578799895556432	0.21828201584726178	0.08302376132009331	0.08284129050919473	0.06303217744294266	0.1184103706312296	0.18596877719915486	-1	-1	0.4428273694719657	0.38110465291646495	0.27528023652416717	0.21783293819986338	0.2756804730490463	0.41190570518202385	0.15849136520312365	0.032460493289356095	0.2989239880550081	0.19820443185952086	0.009888316766425135	0.650117442478915	0.6581211832791498	0.3259085831024904	0.22762812243348335	0.1628485456053239	0.0	0.05375139977603576
BN373_11811_65-402	0.18935101296288695	0.40545514343579075	0.26992098085129757	0.0011223846667468627	0.032687324600825234	0.20516992498632336	1.0	0.3997012070790013	0.1822406037149516	0.17387673390722466	0.13231251771050256	0.13213985496110803	0.009807969771062568	0.16579704723783756	0.22972409488609832	-1	-1	0.47277617827974355	0.4143711441370805	0.31423493825635074	0.2598755126303298	0.31461366150777614	0.44351659672879074	0.20372363224707662	0.022005206339390338	0.25909955187351746	0.15265864810716234	0.044301146782108	0.6689241197028927	0.6764976482316704	0.36214194033774283	0.18375374358946828	0.11529438014858498	0.05375139977603576	0.0
