ROD_39171_1-182	0.0	0.8740225262975769	0.01711250410359	1.5433826729095699	0.016279507424810102	5.65488209227421	0.25678796753978994	0.1481095439717599	0.15827003146856988	0.15990257519790996	0.31578235941497	0.6517110110206901
t3323_1-182	0.8740225262975769	0.0	0.8569100221939869	2.417405199207147	0.890302033722387	6.528904618571787	0.617234558757787	1.0221320702693368	0.715752494829007	1.0339251014954869	1.189804885712547	1.525733537318267
SEN3769_1-182	0.01711250410359	0.8569100221939869	0.0	1.5604951770131599	0.0333920115284001	5.6719945963778	0.23967546343619994	0.1652220480753499	0.14115752736497988	0.17701507930149996	0.33289486351856	0.6688235151242801
CS17_04290_1-171	1.5433826729095699	2.417405199207147	1.5604951770131599	0.0	1.5271031654847598	4.11149941936464	1.8001706404493598	1.39527312893781	1.7016527043781398	1.38348009771166	1.2276003134945999	0.8916716618888798
NCTC13441_04662_1-171	0.016279507424810102	0.890302033722387	0.0333920115284001	1.5271031654847598	0.0	5.6386025848494	0.27306747496460004	0.1318300365469498	0.17454953889337999	0.14362306777309986	0.2995028519901599	0.63543150359588
b3838_1-171	5.65488209227421	6.528904618571787	5.6719945963778	4.11149941936464	5.6386025848494	0.0	5.911670059814	5.50677254830245	5.81315212374278	5.4949795170763	5.33909973285924	5.0031710812535195
SL1344_3928_1-182	0.25678796753978994	0.617234558757787	0.23967546343619994	1.8001706404493598	0.27306747496460004	5.911670059814	0.0	0.40489751151154985	0.09851793607122006	0.4166905427376999	0.57257032695476	0.90849897856048
STMMW_39451_1-182	0.1481095439717599	1.0221320702693368	0.1652220480753499	1.39527312893781	0.1318300365469498	5.50677254830245	0.40489751151154985	0.0	0.3063795754403298	0.011793031226150053	0.1676728154432101	0.5036014670489302
STM_MW39451_1-182	0.15827003146856988	0.715752494829007	0.14115752736497988	1.7016527043781398	0.17454953889337999	5.81315212374278	0.09851793607122006	0.3063795754403298	0.0	0.31817260666647984	0.4740523908835399	0.80998104248926
BN373_49581_1-178	0.15990257519790996	1.0339251014954869	0.17701507930149996	1.38348009771166	0.14362306777309986	5.4949795170763	0.4166905427376999	0.011793031226150053	0.31817260666647984	0.0	0.15587978421706006	0.4918084358227801
ETEC_4114_1-171	0.31578235941497	1.189804885712547	0.33289486351856	1.2276003134945999	0.2995028519901599	5.33909973285924	0.57257032695476	0.1676728154432101	0.4740523908835399	0.15587978421706006	0.0	0.33592865160572005
ERS227112_01805_1-178	0.6517110110206901	1.525733537318267	0.6688235151242801	0.8916716618888798	0.63543150359588	5.0031710812535195	0.90849897856048	0.5036014670489302	0.80998104248926	0.4918084358227801	0.33592865160572005	0.0
