ETEC_3142_1-188	0.0	0.6045958377420759	0.5078638702855672	0.02770915253517625	0.048650268256392515	0.0554716381491549	0.536020332782636	-1	0.004121063431980154	0.42939022210596056	0.14619410852377301	0.40186420353747687	0.17387620697208406
ERS227112_01277_1-188	0.6045958377420759	0.0	0.0967319674565087	0.6323049902772522	0.5559455694856834	0.549124199592921	0.06857550495943987	-1	0.6087169011740561	0.17520561563611536	0.7507899462658489	1.0064600412795528	0.43071963076999187
t3013_1-188	0.5078638702855672	0.0967319674565087	0.0	0.5355730228207435	0.4592136020291747	0.45239223213641233	0.028156462497068824	-1	0.5119849337175474	0.07847364817960667	0.6540579788093402	0.9097280738230441	0.3339876633134832
SL1344_3076_1-188	0.02770915253517625	0.6323049902772522	0.5355730228207435	0.0	0.07635942079156877	0.08318079068433115	0.5637294853178123	-1	0.023588089103196097	0.4570993746411368	0.11848495598859676	0.3741550510023006	0.2015853595072603
SEN2944_1-188	0.048650268256392515	0.5559455694856834	0.4592136020291747	0.07635942079156877	0.0	0.006821369892762386	0.48737006452624354	-1	0.05277133168837267	0.38073995384956805	0.19484437678016553	0.4505144717938694	0.12522593871569154
BN373_40391_1-188	0.0554716381491549	0.549124199592921	0.45239223213641233	0.08318079068433115	0.006821369892762386	0.0	0.48054869463348115	-1	0.059592701581135055	0.37391858395680566	0.20166574667292791	0.45733584168663177	0.11840456882292916
ROD_50341_1-188	0.536020332782636	0.06857550495943987	0.028156462497068824	0.5637294853178123	0.48737006452624354	0.48054869463348115	0.0	-1	0.5401413962146162	0.1066301106766755	0.6822144413064091	0.9378845363201129	0.362144125810552
b2952_1-188	-1	-1	-1	-1	-1	-1	-1	-1	-1	-1	-1	-1	-1
ENC_32020_1-188	0.004121063431980154	0.6087169011740561	0.5119849337175474	0.023588089103196097	0.05277133168837267	0.059592701581135055	0.5401413962146162	-1	0.0	0.4335112855379407	0.14207304509179286	0.3977431401054967	0.1779972704040642
NCTC13441_00799_1-188	0.42939022210596056	0.17520561563611536	0.07847364817960667	0.4570993746411368	0.38073995384956805	0.37391858395680566	0.1066301106766755	-1	0.4335112855379407	0.0	0.5755843306297336	0.8312544256434374	0.2555140151338765
STMMW_30621_1-188	0.14619410852377301	0.7507899462658489	0.6540579788093402	0.11848495598859676	0.19484437678016553	0.20166574667292791	0.6822144413064091	-1	0.14207304509179286	0.5755843306297336	0.0	0.25567009501370386	0.32007031549585707
CS17_03314_1-188	0.40186420353747687	1.0064600412795528	0.9097280738230441	0.3741550510023006	0.4505144717938694	0.45733584168663177	0.9378845363201129	-1	0.3977431401054967	0.8312544256434374	0.25567009501370386	0.0	0.5757404105095609
STM_MW30621_1-188	0.17387620697208406	0.43071963076999187	0.3339876633134832	0.2015853595072603	0.12522593871569154	0.11840456882292916	0.362144125810552	-1	0.1779972704040642	0.2555140151338765	0.32007031549585707	0.5757404105095609	0.0
