t4060_1-394	0.0	0.2751924973911042	0.2421587816914499	0.9584934270780512	2.261838086340826	0.14012189455145752	0.012892568185964848	0.715646420231544	1.7968436798477323	0.32264584103043137	0.1562480297975679	1.6403030592676426	0.7089758089013536	0.04265361844817572	1.7876075774603093	0.04584954786123019	0.1841633105554461	0.17212047526954632	0.07518930263332524	0.7069906590895647	2.1475766083225682	0.5360944226536042	1.0472580309231525	0.16169428994579904	0.8288422982672996	0.007748967749287794	0.4864385625147116	-1	1.8592621179193283	0.7046493331172219	0.10033878127521656	-1	-1	0.5142763107253856	0.18594112111095273	0.02212820730928644
NCTC13441_00356_1-394	0.2751924973911042	0.0	0.0330337156996543	0.683300929686947	1.9866455889497219	0.13507060283964667	0.26229992920513934	0.4404539228404398	1.5216511824566281	0.04745334363932718	0.4314405271886721	1.3651105618765385	0.4337833115102494	0.23253887894292846	1.512415080069205	0.3210420452523344	0.4593558079465503	0.10307202212155786	0.20000319475777895	0.4317981616984605	1.872384110931464	0.2609019252625	0.7720655335320483	0.11349820744530514	0.5536498008761954	0.2674435296418164	0.21124606512360744	-1	1.584069620528224	0.4294568357261177	0.37553127866632074	-1	-1	0.23908381333428141	0.08925137628015145	0.25306429008181774
ENC_30060_1-474	0.2421587816914499	0.0330337156996543	0.0	0.7163346453866013	2.019679304649376	0.10203688713999237	0.22926621350548504	0.4734876385400941	1.5546848981562824	0.08048705933898148	0.3984068114890178	1.3981442775761928	0.4668170272099037	0.19950516324327416	1.5454487957688594	0.2880083295526801	0.426322092246896	0.07003830642190356	0.16696947905812465	0.4648318773981148	1.9054178266311184	0.2939356409621543	0.8050992492317026	0.08046449174565085	0.5866835165758497	0.2344098139421621	0.24427978082326174	-1	1.6171033362278784	0.462490551425772	0.34249756296666645	-1	-1	0.2721175290339357	0.05621766058049715	0.22003057438216345
SL1344_3412_1-394	0.9584934270780512	0.683300929686947	0.7163346453866013	0.0	1.3033446592627749	0.8183715325265937	0.9456008588920863	0.24284700684650717	0.8383502527696811	0.6358475860476198	1.114741456875619	0.6818096321895915	0.2495176181766976	0.9158398086298755	0.8291141503822581	1.0043429749392814	1.1426567376334973	0.7863729518085049	0.883304124444726	0.2515027679884865	1.189083181244517	0.422399004424447	0.08876460384510132	0.7967991371322521	0.12965112881075158	0.9507444593287634	0.47205486456333956	-1	0.9007686908412771	0.2538440939608293	1.0588322083532677	-1	-1	0.4442171163526656	0.7725523059670985	0.9363652197687647
CS17_04441_1-394	2.261838086340826	1.9866455889497219	2.019679304649376	1.3033446592627749	0.0	2.1217161917893685	2.248945518154861	1.546191666109282	0.46499440649309376	1.9391922453103947	2.4180861161383937	0.6215350270731834	1.5528622774394725	2.2191844678926502	0.47423050888051677	2.3076876342020562	2.446001396896272	2.0897176110712796	2.1866487837075006	1.5548474272512613	0.11426147801825781	1.7257436636872219	1.2145800554176736	2.100143796395027	1.4329957880735265	2.2540891185915384	1.7753995238261144	-1	0.4025759684214978	1.5571887532236042	2.362176867616043	-1	-1	1.7475617756154405	2.075896965229873	2.2397098790315395
ERS227112_01827_1-394	0.14012189455145752	0.13507060283964667	0.10203688713999237	0.8183715325265937	2.1217161917893685	0.0	0.12722932636549267	0.5755245256800865	1.6567217852962748	0.18252394647897385	0.2963699243490254	1.5001811647161851	0.5688539143498961	0.09746827610328179	1.6474856829088518	0.1859714424126877	0.3242852051069036	0.03199858071808881	0.06493259191813228	0.5668687645381072	2.0074547137711107	0.39597252810214667	0.907136136371695	0.021572395394341526	0.6887204037158421	0.13237292680216972	0.3463166679632541	-1	1.7191402233678708	0.5645274385657644	0.24046067582667408	-1	-1	0.3741544161739281	0.04581922655949522	0.11799368724217107
NCTC13441_01022_1-475	0.012892568185964848	0.26229992920513934	0.22926621350548504	0.9456008588920863	2.248945518154861	0.12722932636549267	0.0	0.7027538520455792	1.7839511116617675	0.3097532728444665	0.16914059798353276	1.6274104910816778	0.6960832407153887	0.029761050262210875	1.7747150092743444	0.05874211604719504	0.19705587874141095	0.15922790708358148	0.06229673444736039	0.6940980909035999	2.1346840401366034	0.5232018544676393	1.0343654627371877	0.1488017217598342	0.8159497300813348	0.005143600436677054	0.4735459943287468	-1	1.8463695497333634	0.691756764931257	0.11323134946118141	-1	-1	0.5013837425394208	0.1730485529249879	0.009235639123321593
CS17_03076_1-475	0.715646420231544	0.4404539228404398	0.4734876385400941	0.24284700684650717	1.546191666109282	0.5755245256800865	0.7027538520455792	0.0	1.0811972596161883	0.39300057920111264	0.8718944500291119	0.9246566390360986	0.0066706113301904235	0.6729928017833683	1.0719611572287653	0.7614959680927742	0.8998097307869901	0.5435259449619977	0.6404571175982188	0.008655761141979301	1.4319301880910242	0.17955199757793983	0.3316116106916085	0.553952130285745	0.11319587803575559	0.7078974524822562	0.22920785771683239	-1	1.1436156976877843	0.010997087114322124	0.8159852015067606	-1	-1	0.2013701095061584	0.5297052991205913	0.6935182129222576
STMMW_34371_1-394	1.7968436798477323	1.5216511824566281	1.5546848981562824	0.8383502527696811	0.46499440649309376	1.6567217852962748	1.7839511116617675	1.0811972596161883	0.0	1.474197838817301	1.9530917096453002	0.15654062058008966	1.0878678709463787	1.7541900613995565	0.009236102387423006	1.8426932277089625	1.9810069904031784	1.6247232045781859	1.721654377214407	1.0898530207581676	0.35073292847483595	1.2607492571941281	0.7495856489245798	1.6351493899019331	0.9680013815804327	1.7890947120984446	1.3104051173330207	-1	0.06241843807159597	1.0921943467305104	1.8971824611229489	-1	-1	1.2825673691223467	1.6109025587367796	1.7747154725384457
ETEC_2942_1-475	0.32264584103043137	0.04745334363932718	0.08048705933898148	0.6358475860476198	1.9391922453103947	0.18252394647897385	0.3097532728444665	0.39300057920111264	1.474197838817301	0.0	0.4788938708279993	1.3176572182372113	0.3863299678709222	0.27999222258225565	1.464961736429878	0.36849538889166156	0.5068091515858775	0.15052536576088504	0.24745653839710613	0.38434481805913334	1.8249307672921369	0.21344858162317282	0.7246121898927211	0.16095155108463233	0.5061964572368682	0.3148968732811436	0.16379272148428026	-1	1.536616276888897	0.3820034920867905	0.42298462230564793	-1	-1	0.19163046969495423	0.13670471991947863	0.30051763372114493
t2835_1-475	0.1562480297975679	0.4314405271886721	0.3984068114890178	1.114741456875619	2.4180861161383937	0.2963699243490254	0.16914059798353276	0.8718944500291119	1.9530917096453002	0.4788938708279993	0.0	1.7965510890652105	0.8652238386989215	0.19890164824574363	1.9438556072578772	0.11039848193633772	0.02791528075787819	0.32836850506711424	0.23143733243089315	0.8632386888871326	2.303824638120136	0.6923424524511721	1.2035060607207204	0.31794231974336695	0.9850903280648675	0.1639969975468557	0.6426865923122795	-1	2.0155101477168964	0.8608973629147898	0.05590924852235135	-1	-1	0.6705243405229535	0.34218915090852065	0.17837623710685435
BN373_43611_1-394	1.6403030592676426	1.3651105618765385	1.3981442775761928	0.6818096321895915	0.6215350270731834	1.5001811647161851	1.6274104910816778	0.9246566390360986	0.15654062058008966	1.3176572182372113	1.7965510890652105	0.0	0.931327250366289	1.5976494408194668	0.14730451819266666	1.6861526071288728	1.8244663698230887	1.4681825839980962	1.5651137566343174	0.9333124001780779	0.5072735490549256	1.1042086366140385	0.5930450283444901	1.4786087693218435	0.811460761000343	1.632554091518355	1.153864496752931	-1	0.21895905865168563	0.9356537261504208	1.7406418405428592	-1	-1	1.126026748542257	1.45436193815669	1.618174851958356
SEN3273_1-394	0.7089758089013536	0.4337833115102494	0.4668170272099037	0.2495176181766976	1.5528622774394725	0.5688539143498961	0.6960832407153887	0.0066706113301904235	1.0878678709463787	0.3863299678709222	0.8652238386989215	0.931327250366289	0.0	0.6663221904531779	1.0786317685589557	0.7548253567625838	0.8931391194567997	0.5368553336318073	0.6337865062680283	0.0019851498117888777	1.4386007994212147	0.1728813862477494	0.3382822220217989	0.5472815189555545	0.11986648936594602	0.7012268411520658	0.22253724638664196	-1	1.1502863090179747	0.0043264757841317	0.8093145901765701	-1	-1	0.194699498175968	0.5230346877904009	0.6868476015920671
ERS227112_01547_1-475	0.04265361844817572	0.23253887894292846	0.19950516324327416	0.9158398086298755	2.2191844678926502	0.09746827610328179	0.029761050262210875	0.6729928017833683	1.7541900613995565	0.27999222258225565	0.19890164824574363	1.5976494408194668	0.6663221904531779	0.0	1.7449539590121335	0.08850316630940591	0.22681692900362183	0.1294668568213706	0.032535684185149516	0.664337040641389	2.1049229898743924	0.49344080420542846	1.004604412474977	0.11904067149762332	0.7861886798191239	0.03490465069888793	0.4437849440665359	-1	1.8166084994711524	0.6619957146690462	0.14299239972339228	-1	-1	0.4716226922772099	0.143287502662777	0.020525411138889282
BN373_49731_1-394	1.7876075774603093	1.512415080069205	1.5454487957688594	0.8291141503822581	0.47423050888051677	1.6474856829088518	1.7747150092743444	1.0719611572287653	0.009236102387423006	1.464961736429878	1.9438556072578772	0.14730451819266666	1.0786317685589557	1.7449539590121335	0.0	1.8334571253215395	1.9717708880157554	1.6154871021907629	1.712418274826984	1.0806169183707446	0.35996903086225895	1.251513154806705	0.7403495465371568	1.6259132875145101	0.9587652791930097	1.7798586097110216	1.3011690149455977	-1	0.07165454045901898	1.0829582443430874	1.8879463587355259	-1	-1	1.2733312667349237	1.6016664563493566	1.7654793701510227
ROD_30581_1-475	0.04584954786123019	0.3210420452523344	0.2880083295526801	1.0043429749392814	2.3076876342020562	0.1859714424126877	0.05874211604719504	0.7614959680927742	1.8426932277089625	0.36849538889166156	0.11039848193633772	1.6861526071288728	0.7548253567625838	0.08850316630940591	1.8334571253215395	0.0	0.1383137626942159	0.2179700231307765	0.12103885049455543	0.7528402069507949	2.1934261561837984	0.5819439705148344	1.0931075787843827	0.20754383780702923	0.8746918461285298	0.05359851561051798	0.5322881103759418	-1	1.9051116657805585	0.7504988809784521	0.05448923341398637	-1	-1	0.5601258585866158	0.23179066897218292	0.06797775517051663
t3481_1-394	0.1841633105554461	0.4593558079465503	0.426322092246896	1.1426567376334973	2.446001396896272	0.3242852051069036	0.19705587874141095	0.8998097307869901	1.9810069904031784	0.5068091515858775	0.02791528075787819	1.8244663698230887	0.8931391194567997	0.22681692900362183	1.9717708880157554	0.1383137626942159	0.0	0.3562837858249924	0.25935261318877134	0.8911539696450108	2.3317399188780144	0.7202577332090503	1.2314213414785986	0.34585760050124514	1.0130056088227457	0.1919122783047339	0.6706018730701577	-1	2.0434254284747744	0.888812643672668	0.08382452928022954	-1	-1	0.6984396212808317	0.37010443166639884	0.20629151786473254
Ecoli9000q_36030_1-394	0.17212047526954632	0.10307202212155786	0.07003830642190356	0.7863729518085049	2.0897176110712796	0.03199858071808881	0.15922790708358148	0.5435259449619977	1.6247232045781859	0.15052536576088504	0.32836850506711424	1.4681825839980962	0.5368553336318073	0.1294668568213706	1.6154871021907629	0.2179700231307765	0.3562837858249924	0.0	0.09693117263622109	0.5348701838200184	1.9754561330530218	0.36397394738405786	0.8751375556536062	0.010426185323747283	0.6567218229977533	0.16437150752025853	0.3143180872451653	-1	1.6871416426497818	0.5325288578476756	0.2724592565447629	-1	-1	0.3421558354558393	0.01382064584140641	0.14999226796025988
NCTC13441_04516_1-394	0.07518930263332524	0.20000319475777895	0.16696947905812465	0.883304124444726	2.1866487837075006	0.06493259191813228	0.06229673444736039	0.6404571175982188	1.721654377214407	0.24745653839710613	0.23143733243089315	1.5651137566343174	0.6337865062680283	0.032535684185149516	1.712418274826984	0.12103885049455543	0.25935261318877134	0.09693117263622109	0.0	0.6318013564562395	2.072387305689243	0.46090512002027895	0.9720687282898273	0.0865049873124738	0.7536529956339744	0.06744033488403745	0.4112492598813864	-1	1.784072815286003	0.6294600304838966	0.1755280839085418	-1	-1	0.43908700809206036	0.1107518184776275	0.0530610953240388
ETEC_3591_1-394	0.7069906590895647	0.4317981616984605	0.4648318773981148	0.2515027679884865	1.5548474272512613	0.5668687645381072	0.6940980909035999	0.008655761141979301	1.0898530207581676	0.38434481805913334	0.8632386888871326	0.9333124001780779	0.0019851498117888777	0.664337040641389	1.0806169183707446	0.7528402069507949	0.8911539696450108	0.5348701838200184	0.6318013564562395	0.0	1.4405859492330035	0.17089623643596052	0.3402673718335878	0.5452963691437657	0.1218516391777349	0.6992416913402769	0.22055209657485308	-1	1.1522714588297636	0.0023413259723428226	0.8073294403647813	-1	-1	0.1927143483641791	0.521049537978612	0.6848624517802783
CS17_03760_1-394	2.1475766083225682	1.872384110931464	1.9054178266311184	1.189083181244517	0.11426147801825781	2.0074547137711107	2.1346840401366034	1.4319301880910242	0.35073292847483595	1.8249307672921369	2.303824638120136	0.5072735490549256	1.4386007994212147	2.1049229898743924	0.35996903086225895	2.1934261561837984	2.3317399188780144	1.9754561330530218	2.072387305689243	1.4405859492330035	0.0	1.611482185668964	1.1003185773994157	1.985882318376769	1.3187343100552686	2.1398276405732806	1.6611380458078566	-1	0.28831449040324	1.4429272752053464	2.247915389597785	-1	-1	1.6333002975971826	1.9616354872116155	2.1254484010132817
ETEC_4239_1-394	0.5360944226536042	0.2609019252625	0.2939356409621543	0.422399004424447	1.7257436636872219	0.39597252810214667	0.5232018544676393	0.17955199757793983	1.2607492571941281	0.21344858162317282	0.6923424524511721	1.1042086366140385	0.1728813862477494	0.49344080420542846	1.251513154806705	0.5819439705148344	0.7202577332090503	0.36397394738405786	0.46090512002027895	0.17089623643596052	1.611482185668964	0.0	0.5111636082695483	0.37440013270780514	0.2927478756136954	0.5283454549043164	0.04965586013889256	-1	1.323167695265724	0.1685549104636177	0.6364332039288207	-1	-1	0.021818111928218586	0.35015330154265145	0.5139662153443177
SL1344_4085_1-394	1.0472580309231525	0.7720655335320483	0.8050992492317026	0.08876460384510132	1.2145800554176736	0.907136136371695	1.0343654627371877	0.3316116106916085	0.7495856489245798	0.7246121898927211	1.2035060607207204	0.5930450283444901	0.3382822220217989	1.004604412474977	0.7403495465371568	1.0931075787843827	1.2314213414785986	0.8751375556536062	0.9720687282898273	0.3402673718335878	1.1003185773994157	0.5111636082695483	0.0	0.8855637409773535	0.2184157326558529	1.0395090631738646	0.5608194684084409	-1	0.8120040869961758	0.3426086978059306	1.147596812198369	-1	-1	0.5329817201977669	0.8613169098121998	1.0251298236138662
SL1344_2913_1-475	0.16169428994579904	0.11349820744530514	0.08046449174565085	0.7967991371322521	2.100143796395027	0.021572395394341526	0.1488017217598342	0.553952130285745	1.6351493899019331	0.16095155108463233	0.31794231974336695	1.4786087693218435	0.5472815189555545	0.11904067149762332	1.6259132875145101	0.20754383780702923	0.34585760050124514	0.010426185323747283	0.0865049873124738	0.5452963691437657	1.985882318376769	0.37440013270780514	0.8855637409773535	0.0	0.6671480083215006	0.15394532219651125	0.3247442725689126	-1	1.6975678279735291	0.5429550431714228	0.2620330712210156	-1	-1	0.35258202077958656	0.024246831165153693	0.1395660826365126
SEN3930_1-394	0.8288422982672996	0.5536498008761954	0.5866835165758497	0.12965112881075158	1.4329957880735265	0.6887204037158421	0.8159497300813348	0.11319587803575559	0.9680013815804327	0.5061964572368682	0.9850903280648675	0.811460761000343	0.11986648936594602	0.7861886798191239	0.9587652791930097	0.8746918461285298	1.0130056088227457	0.6567218229977533	0.7536529956339744	0.1218516391777349	1.3187343100552686	0.2927478756136954	0.2184157326558529	0.6671480083215006	0.0	0.8210933305180118	0.342403735752588	-1	1.0304198196520287	0.12419296515007772	0.9291810795425162	-1	-1	0.314565987541914	0.6429011771563469	0.8067140909580132
ERS227112_00862_1-394	0.007748967749287794	0.2674435296418164	0.2344098139421621	0.9507444593287634	2.2540891185915384	0.13237292680216972	0.005143600436677054	0.7078974524822562	1.7890947120984446	0.3148968732811436	0.1639969975468557	1.632554091518355	0.7012268411520658	0.03490465069888793	1.7798586097110216	0.05359851561051798	0.1919122783047339	0.16437150752025853	0.06744033488403745	0.6992416913402769	2.1398276405732806	0.5283454549043164	1.0395090631738646	0.15394532219651125	0.8210933305180118	0.0	0.47868959476542383	-1	1.8515131501700406	0.6969003653679341	0.10808774902450435	-1	-1	0.5065273429760978	0.17819215336166494	0.014379239559998647
ROD_37731_1-394	0.4864385625147116	0.21124606512360744	0.24427978082326174	0.47205486456333956	1.7753995238261144	0.3463166679632541	0.4735459943287468	0.22920785771683239	1.3104051173330207	0.16379272148428026	0.6426865923122795	1.153864496752931	0.22253724638664196	0.4437849440665359	1.3011690149455977	0.5322881103759418	0.6706018730701577	0.3143180872451653	0.4112492598813864	0.22055209657485308	1.6611380458078566	0.04965586013889256	0.5608194684084409	0.3247442725689126	0.342403735752588	0.47868959476542383	0.0	-1	1.3728235554046166	0.21821077060251026	0.5867773437899282	-1	-1	0.027837748210673974	0.3004974414037589	0.4643103552054252
b3339_1-394	-1	-1	-1	-1	-1	-1	-1	-1	-1	-1	-1	-1	-1	-1	-1	-1	-1	-1	-1	-1	-1	-1	-1	-1	-1	-1	-1	-1	-1	-1	-1	-1	-1	-1	-1	-1
STMMW_40991_1-394	1.8592621179193283	1.584069620528224	1.6171033362278784	0.9007686908412771	0.4025759684214978	1.7191402233678708	1.8463695497333634	1.1436156976877843	0.06241843807159597	1.536616276888897	2.0155101477168964	0.21895905865168563	1.1502863090179747	1.8166084994711524	0.07165454045901898	1.9051116657805585	2.0434254284747744	1.6871416426497818	1.784072815286003	1.1522714588297636	0.28831449040324	1.323167695265724	0.8120040869961758	1.6975678279735291	1.0304198196520287	1.8515131501700406	1.3728235554046166	-1	0.0	1.1546127848021064	1.9596008991945448	-1	-1	1.3449858071939427	1.6733209968083755	1.8371339106100417
ROD_44801_1-394	0.7046493331172219	0.4294568357261177	0.462490551425772	0.2538440939608293	1.5571887532236042	0.5645274385657644	0.691756764931257	0.010997087114322124	1.0921943467305104	0.3820034920867905	0.8608973629147898	0.9356537261504208	0.0043264757841317	0.6619957146690462	1.0829582443430874	0.7504988809784521	0.888812643672668	0.5325288578476756	0.6294600304838966	0.0023413259723428226	1.4429272752053464	0.1685549104636177	0.3426086978059306	0.5429550431714228	0.12419296515007772	0.6969003653679341	0.21821077060251026	-1	1.1546127848021064	0.0	0.8049881143924384	-1	-1	0.1903730223918363	0.5187082120062692	0.6825211258079354
STM_MW28971_1-475	0.10033878127521656	0.37553127866632074	0.34249756296666645	1.0588322083532677	2.362176867616043	0.24046067582667408	0.11323134946118141	0.8159852015067606	1.8971824611229489	0.42298462230564793	0.05590924852235135	1.7406418405428592	0.8093145901765701	0.14299239972339228	1.8879463587355259	0.05448923341398637	0.08382452928022954	0.2724592565447629	0.1755280839085418	0.8073294403647813	2.247915389597785	0.6364332039288207	1.147596812198369	0.2620330712210156	0.9291810795425162	0.10808774902450435	0.5867773437899282	-1	1.9596008991945448	0.8049881143924384	0.0	-1	-1	0.6146150920006022	0.2862799023861693	0.122466988584503
b2751_1-475	-1	-1	-1	-1	-1	-1	-1	-1	-1	-1	-1	-1	-1	-1	-1	-1	-1	-1	-1	-1	-1	-1	-1	-1	-1	-1	-1	-1	-1	-1	-1	-1	-1	-1	-1	-1
b3980_1-394	-1	-1	-1	-1	-1	-1	-1	-1	-1	-1	-1	-1	-1	-1	-1	-1	-1	-1	-1	-1	-1	-1	-1	-1	-1	-1	-1	-1	-1	-1	-1	-1	-1	-1	-1	-1
BN373_37571_1-475	0.5142763107253856	0.23908381333428141	0.2721175290339357	0.4442171163526656	1.7475617756154405	0.3741544161739281	0.5013837425394208	0.2013701095061584	1.2825673691223467	0.19163046969495423	0.6705243405229535	1.126026748542257	0.194699498175968	0.4716226922772099	1.2733312667349237	0.5601258585866158	0.6984396212808317	0.3421558354558393	0.43908700809206036	0.1927143483641791	1.6333002975971826	0.021818111928218586	0.5329817201977669	0.35258202077958656	0.314565987541914	0.5065273429760978	0.027837748210673974	-1	1.3449858071939427	0.1903730223918363	0.6146150920006022	-1	-1	0.0	0.32833518961443287	0.49214810341609916
STMMW_28971_1-475	0.18594112111095273	0.08925137628015145	0.05621766058049715	0.7725523059670985	2.075896965229873	0.04581922655949522	0.1730485529249879	0.5297052991205913	1.6109025587367796	0.13670471991947863	0.34218915090852065	1.45436193815669	0.5230346877904009	0.143287502662777	1.6016664563493566	0.23179066897218292	0.37010443166639884	0.01382064584140641	0.1107518184776275	0.521049537978612	1.9616354872116155	0.35015330154265145	0.8613169098121998	0.024246831165153693	0.6429011771563469	0.17819215336166494	0.3004974414037589	-1	1.6733209968083755	0.5187082120062692	0.2862799023861693	-1	-1	0.32833518961443287	0.0	0.1638129138016663
SEN2773_1-475	0.02212820730928644	0.25306429008181774	0.22003057438216345	0.9363652197687647	2.2397098790315395	0.11799368724217107	0.009235639123321593	0.6935182129222576	1.7747154725384457	0.30051763372114493	0.17837623710685435	1.618174851958356	0.6868476015920671	0.020525411138889282	1.7654793701510227	0.06797775517051663	0.20629151786473254	0.14999226796025988	0.0530610953240388	0.6848624517802783	2.1254484010132817	0.5139662153443177	1.0251298236138662	0.1395660826365126	0.8067140909580132	0.014379239559998647	0.4643103552054252	-1	1.8371339106100417	0.6825211258079354	0.122466988584503	-1	-1	0.49214810341609916	0.1638129138016663	0.0
