SEN3781_1-181	0.0	0.0939744613752445	0.034835823045737895	0.0359341949264239	0.03431294508441	0.07740927773982739	0.035333418479109	-1	0.0726083072034173	0.0677653487367471	0.0333700984934645	0.0530405763829104
NCTC13441_04651_1-181	0.0939744613752445	0.0	0.0591386383295066	0.0580402664488206	0.0596615162908345	0.0165651836354171	0.0586410428961355	-1	0.0213661541718272	0.0262091126384974	0.06060436288178	0.0409338849923341
STMMW_39571_1-181	0.034835823045737895	0.0591386383295066	0.0	0.001098371880686004	0.0005228779613278972	0.042573454694089505	0.0004975954333711063	-1	0.037772484157679406	0.0329295256910092	0.0014657245522733953	0.018204753337172502
CS17_04301_1-181	0.0359341949264239	0.0580402664488206	0.001098371880686004	0.0	0.0016212498420139013	0.041475082813403494	0.0006007764473148977	-1	0.036674112276993395	0.0318311538103232	0.0025640964329593993	0.0171063814564865
ROD_39051_1-181	0.03431294508441	0.0596615162908345	0.0005228779613278972	0.0016212498420139013	0.0	0.0430963326554174	0.0010204733946990036	-1	0.038295362119007303	0.0334524036523371	0.000942846590945498	0.0187276312985004
t3311_1-181	0.07740927773982739	0.0165651836354171	0.042573454694089505	0.041475082813403494	0.0430963326554174	0.0	0.0420758592607184	-1	0.0048009705364100985	0.009643929003080299	0.0440391792463629	0.024368701356917
BN373_49691_1-177	0.035333418479109	0.0586410428961355	0.0004975954333711063	0.0006007764473148977	0.0010204733946990036	0.0420758592607184	0.0	-1	0.0372748887243083	0.032431930257638096	0.0019633199856445016	0.017707157903801396
b3850_1-181	-1	-1	-1	-1	-1	-1	-1	-1	-1	-1	-1	-1
STM_MW39571_1-181	0.0726083072034173	0.0213661541718272	0.037772484157679406	0.036674112276993395	0.038295362119007303	0.0048009705364100985	0.0372748887243083	-1	0.0	0.0048429584666702	0.0392382087099528	0.0195677308205069
ETEC_4125_1-181	0.0677653487367471	0.0262091126384974	0.0329295256910092	0.0318311538103232	0.0334524036523371	0.009643929003080299	0.032431930257638096	-1	0.0048429584666702	0.0	0.0343952502432826	0.0147247723538367
SL1344_3940_1-181	0.0333700984934645	0.06060436288178	0.0014657245522733953	0.0025640964329593993	0.000942846590945498	0.0440391792463629	0.0019633199856445016	-1	0.0392382087099528	0.0343952502432826	0.0	0.019670477889445898
ERS227112_01816_1-178	0.0530405763829104	0.0409338849923341	0.018204753337172502	0.0171063814564865	0.0187276312985004	0.024368701356917	0.017707157903801396	-1	0.0195677308205069	0.0147247723538367	0.019670477889445898	0.0
