ETEC_2328_1-349	0.0	0.3074988442924588	0.19004310643081435	1.2714019734960988	0.27996100358681286	0.04637785278757889	-1	0.6151194466786029	0.05699841962705832	1.1170146426012315	0.8853997957590302	0.2569959992008142	0.010311732839403398
SEN3628_5-347	0.3074988442924588	0.0	0.4975419507232731	0.9639031292036402	0.02753784070564591	0.2611209915048799	-1	0.3076206023861441	0.25050042466540046	0.8095157983087726	0.5779009514665714	0.0505028450916446	0.31781057713186217
NCTC13441_01515_1-349	0.19004310643081435	0.4975419507232731	0.0	1.4614450799269134	0.4700041100176272	0.23642095921839323	-1	0.8051625531094172	0.24704152605787266	1.3070577490320456	1.0754429021898444	0.4470391056316285	0.17973137359141095
SL1344_3779_5-347	1.2714019734960988	0.9639031292036402	1.4614450799269134	0.0	0.9914409699092861	1.22502412070852	-1	0.6562825268174961	1.2144035538690408	0.15438733089486756	0.3860021777370688	1.014405974295285	1.2817137063355024
SEN2230_5-347	0.27996100358681286	0.02753784070564591	0.4700041100176272	0.9914409699092861	0.0	0.23358315079923397	-1	0.33515844309179	0.22296258395975455	0.8370536390144185	0.6054387921722173	0.02296500438599869	0.29027273642621626
CS17_02443_1-349	0.04637785278757889	0.2611209915048799	0.23642095921839323	1.22502412070852	0.23358315079923397	0.0	-1	0.568741593891024	0.010620566839479428	1.0706367898136526	0.8390219429714513	0.21061814641323529	0.056689585626982286
b2194_1-349	-1	-1	-1	-1	-1	-1	-1	-1	-1	-1	-1	-1	-1
STMMW_22781_5-347	0.6151194466786029	0.3076206023861441	0.8051625531094172	0.6562825268174961	0.33515844309179	0.568741593891024	-1	0.0	0.5581210270515445	0.5018951959226285	0.2702803490804273	0.3581234474777887	0.6254311795180063
t3706_5-347	0.05699841962705832	0.25050042466540046	0.24704152605787266	1.2144035538690408	0.22296258395975455	0.010620566839479428	-1	0.5581210270515445	0.0	1.060016222974173	0.8284013761319718	0.19999757957375586	0.06731015246646171
STMMW_38021_5-347	1.1170146426012315	0.8095157983087726	1.3070577490320456	0.15438733089486756	0.8370536390144185	1.0706367898136526	-1	0.5018951959226285	1.060016222974173	0.0	0.23161484684220124	0.8600186434004172	1.1273263754406349
SL1344_2223_5-347	0.8853997957590302	0.5779009514665714	1.0754429021898444	0.3860021777370688	0.6054387921722173	0.8390219429714513	-1	0.2702803490804273	0.8284013761319718	0.23161484684220124	0.0	0.628403796558216	0.8957115285984336
ROD_23251_1-350	0.2569959992008142	0.0505028450916446	0.4470391056316285	1.014405974295285	0.02296500438599869	0.21061814641323529	-1	0.3581234474777887	0.19999757957375586	0.8600186434004172	0.628403796558216	0.0	0.26730773204021757
t0617_5-347	0.010311732839403398	0.31781057713186217	0.17973137359141095	1.2817137063355024	0.29027273642621626	0.056689585626982286	-1	0.6254311795180063	0.06731015246646171	1.1273263754406349	0.8957115285984336	0.26730773204021757	0.0
