SEN1459_10-87	0.0	0.28276023532744177	0.21191780619953793	0.07632329749526906	0.05833345314341598	0.5144620349578519	0.2492679277440813	0.127301909979738
ROD_15891_1-79	0.28276023532744177	0.0	0.4946780415269797	0.2064369378321727	0.22442678218402579	0.23170179963041015	0.03349230758336047	0.41006214530717977
Ecoli9000q_4390_1-73	0.21191780619953793	0.4946780415269797	0.0	0.288241103694807	0.2702512593429539	0.7263798411573898	0.4611857339436192	0.08461589621979992
SL1344_1527_10-87	0.07632329749526906	0.2064369378321727	0.288241103694807	0.0	0.01798984435185308	0.43813873746258286	0.17294463024881224	0.20362520747500706
STMMW_15911_10-87	0.05833345314341598	0.22442678218402579	0.2702512593429539	0.01798984435185308	0.0	0.45612858181443594	0.19093447460066532	0.18563536312315398
ENC_09350_2-72	0.5144620349578519	0.23170179963041015	0.7263798411573898	0.43813873746258286	0.45612858181443594	0.0	0.2651941072137706	0.6417639449375899
ETEC_1516_1-73	0.2492679277440813	0.03349230758336047	0.4611857339436192	0.17294463024881224	0.19093447460066532	0.2651941072137706	0.0	0.3765698377238193
STM_MW15911_10-87	0.127301909979738	0.41006214530717977	0.08461589621979992	0.20362520747500706	0.18563536312315398	0.6417639449375899	0.3765698377238193	0.0
