CS17_01931_1-322	0.0	0.03336207207227415	0.01915469288850208	0.14421955852283236	0.15877837864889022	0.10030164743355019	0.17490944493604466	0.1026320675726562	0.018694057663096064	0.3713838280715691	0.18980662227656275	0.281562262891341	0.21197835906634066	-1	0.28908280568489597
SEN1736_1-322	0.03336207207227415	0.0	0.05251676496077623	0.1108574864505582	0.19214045072116437	0.13366371950582434	0.2082715170083188	0.13599413964493035	0.014668014409178087	0.40474590014384326	0.2231686943488369	0.24820019081906688	0.2453404311386148	-1	0.3224448777571701
BN373_20531_11-324	0.01915469288850208	0.05251676496077623	0.0	0.16337425141133444	0.13962368576038814	0.08114695454504811	0.15575475204754258	0.08347737468415412	0.03784875055159814	0.35222913518306703	0.17065192938806067	0.30071695577984314	0.19282366617783858	-1	0.2699281127963939
ERS227112_05188_11-324	0.14421955852283236	0.1108574864505582	0.16337425141133444	0.0	0.3029979371717226	0.24452120595638255	0.319129003458877	0.24685162609548855	0.1255255008597363	0.5156033865944014	0.3340261807993951	0.13734270436850868	0.356197917589173	-1	0.43330236420772833
t1186_1-322	0.15877837864889022	0.19214045072116437	0.13962368576038814	0.3029979371717226	0.0	0.05847673121534003	0.01613106628715444	0.05614631107623402	0.17747243631198628	0.2126054494226789	0.031028243627672536	0.4403406415402312	0.05319998041745044	-1	0.13030442703600575
SL1344_1242_1-322	0.10030164743355019	0.13366371950582434	0.08114695454504811	0.24452120595638255	0.05847673121534003	0.0	0.07460779750249447	0.002330420139106004	0.11899570509664625	0.2710821806380189	0.08950497484301256	0.3818639103248912	0.11167671163279047	-1	0.18878115825134578
NCTC13441_02136_1-322	0.17490944493604466	0.2082715170083188	0.15575475204754258	0.319129003458877	0.01613106628715444	0.07460779750249447	0.0	0.07227737736338846	0.19360350259914072	0.19647438313552446	0.014897177340518097	0.45647170782738566	0.037068914130296005	-1	0.11417336074885132
ERS227112_05508_1-321	0.1026320675726562	0.13599413964493035	0.08347737468415412	0.24685162609548855	0.05614631107623402	0.002330420139106004	0.07227737736338846	0.0	0.12132612523575226	0.2687517604989129	0.08717455470390656	0.3841943304639972	0.10934629149368447	-1	0.18645073811223978
STMMW_13141_1-322	0.018694057663096064	0.014668014409178087	0.03784875055159814	0.1255255008597363	0.17747243631198628	0.11899570509664625	0.19360350259914072	0.12132612523575226	0.0	0.3900778857346652	0.20850067993965882	0.26286820522824494	0.23067241672943672	-1	0.30777686334799204
ROD_13131_1-322	0.3713838280715691	0.40474590014384326	0.35222913518306703	0.5156033865944014	0.2126054494226789	0.2710821806380189	0.19647438313552446	0.2687517604989129	0.3900778857346652	0.0	0.18157720579500636	0.6529460909629101	0.15940546900522845	-1	0.08230102238667314
ETEC_1776_1-322	0.18980662227656275	0.2231686943488369	0.17065192938806067	0.3340261807993951	0.031028243627672536	0.08950497484301256	0.014897177340518097	0.08717455470390656	0.20850067993965882	0.18157720579500636	0.0	0.47136888516790376	0.022171736789777907	-1	0.09927618340833322
STM_MW13141_1-322	0.281562262891341	0.24820019081906688	0.30071695577984314	0.13734270436850868	0.4403406415402312	0.3818639103248912	0.45647170782738566	0.3841943304639972	0.26286820522824494	0.6529460909629101	0.47136888516790376	0.0	0.49354062195768167	-1	0.570645068576237
BN373_18481_1-321	0.21197835906634066	0.2453404311386148	0.19282366617783858	0.356197917589173	0.05319998041745044	0.11167671163279047	0.037068914130296005	0.10934629149368447	0.23067241672943672	0.15940546900522845	0.022171736789777907	0.49354062195768167	0.0	-1	0.07710444661855531
b1744_1-322	-1	-1	-1	-1	-1	-1	-1	-1	-1	-1	-1	-1	-1	-1	-1
ENC_14420_1-321	0.28908280568489597	0.3224448777571701	0.2699281127963939	0.43330236420772833	0.13030442703600575	0.18878115825134578	0.11417336074885132	0.18645073811223978	0.30777686334799204	0.08230102238667314	0.09927618340833322	0.570645068576237	0.07710444661855531	-1	0.0
