ENC_25700_1-694	0.0	1.4816299376028967	0.4356797387121969	1.4180390485552858	-1	1.2586574774126023	0.9792896237123068	-1	0.890604553985515	1.0852267406408989	0.1640409105338938	1.360247796843495	0.579317624080913	0.8786547158116227	0.6336082087755064	0.03132422266126156	0.6178999898456867	1.4928848935337768	1.6579922812289982	1.4495239087727638	1.6948059728658185	1.3748857556435177	1.2990983938028262	0.18180008514231516	0.1350285232084949	1.4591789654729568
BN373_16021_1-711	1.4816299376028967	0.0	1.0459501988906998	0.06359088904761079	-1	0.22297246019029437	0.50234031389059	-1	0.5910253836173818	2.566856678243796	1.317589027069003	0.12138214075940179	0.9023123135219837	0.602975221791274	2.1152381463784033	1.4503057149416352	2.0995299274485832	0.011254955930880106	0.17636234362610148	0.032106028830132916	0.21317603526292173	0.10674418195937907	0.18253154380007053	1.2998298524605816	1.3466014143944018	0.02245097212993985
ETEC_3609_5-700	0.4356797387121969	1.0459501988906998	0.0	0.9823593098430891	-1	0.8229777387004055	0.5436098850001099	-1	0.4549248152733181	1.5209064793530958	0.2716388281783031	0.924568058131298	0.14363788536871613	0.4429749770994258	1.0692879474877033	0.40435551605093534	1.0535797285578836	1.05720515482158	1.2223125425168013	1.013844170060567	1.2591262341536216	0.9392060169313208	0.8634186550906293	0.25387965356988174	0.300651215503702	1.02349922676076
t1847_1-716	1.4180390485552858	0.06359088904761079	0.9823593098430891	0.0	-1	0.1593815711426836	0.4387494248429792	-1	0.527434494569771	2.5032657891961847	1.2539981380213923	0.057791251711791	0.8387214244743729	0.5393843327436633	2.0516472573307922	1.3867148258940243	2.0359390384009726	0.0748458449784909	0.23995323267371227	0.03148486021747787	0.2767669243105325	0.04315329291176828	0.11894065475245974	1.236238963412971	1.283010525346791	0.04113991691767094
b3358_5-700	-1	-1	-1	-1	-1	-1	-1	-1	-1	-1	-1	-1	-1	-1	-1	-1	-1	-1	-1	-1	-1	-1	-1	-1	-1	-1
ETEC_1030_1-717	1.2586574774126023	0.22297246019029437	0.8229777387004055	0.1593815711426836	-1	0.0	0.2793678537002956	-1	0.3680529234270874	2.343884218053501	1.0946165668787087	0.10159031943089258	0.6793398533316893	0.3800027616009797	1.8922656861881086	1.2273332547513407	1.876557467258289	0.23422741612117448	0.39933480381639586	0.19086643136016146	0.4361484954532161	0.1162282782309153	0.04044091639022385	1.0768573922702873	1.1236289542041074	0.20052148806035452
SL1344_1013_1-716	0.9792896237123068	0.50234031389059	0.5436098850001099	0.4387494248429792	-1	0.2793678537002956	0.0	-1	0.0886850697267918	2.0645163643532056	0.815248713178413	0.3809581731311882	0.39997199963139374	0.10063490790068408	1.6128978324878132	0.9479654010510452	1.5971896135579935	0.5135952698214701	0.6787026575166915	0.47023428506045706	0.7155163491535117	0.3955961319312109	0.31980877009051945	0.7974895385699916	0.8442611005038119	0.4798893417606501
b0960_1-717	-1	-1	-1	-1	-1	-1	-1	-1	-1	-1	-1	-1	-1	-1	-1	-1	-1	-1	-1	-1	-1	-1	-1	-1	-1	-1
CS17_01023_4-721	0.890604553985515	0.5910253836173818	0.4549248152733181	0.527434494569771	-1	0.3680529234270874	0.0886850697267918	-1	0.0	1.9758312946264138	0.7265636434516212	0.46964324285798	0.31128692990460194	0.01194983817389228	1.5242127627610214	0.8592803313242534	1.5085045438312017	0.6022803395482619	0.7673877272434833	0.5589193547872489	0.8042014188803035	0.4842812016580027	0.40849383981731124	0.7088044688431998	0.7555760307770201	0.5685744114874419
STMMW_34581_1-695	1.0852267406408989	2.566856678243796	1.5209064793530958	2.5032657891961847	-1	2.343884218053501	2.0645163643532056	-1	1.9758312946264138	0.0	1.2492676511747927	2.445474537484394	1.6645443647218119	1.9638814564525215	0.45161853186539247	1.1165509633021604	0.46732675079521213	2.5781116341746757	2.743219021869897	2.5347506494136627	2.780032713506717	2.4601124962844167	2.384325134443725	1.267026825783214	1.2202552638493938	2.5444057061138556
SEN3294_1-695	0.1640409105338938	1.317589027069003	0.2716388281783031	1.2539981380213923	-1	1.0946165668787087	0.815248713178413	-1	0.7265636434516212	1.2492676511747927	0.0	1.1962068863096011	0.4152767135470192	0.7146138052777289	0.7976491193094002	0.13271668787263224	0.7819409003795805	1.328843982999883	1.4939513706951044	1.28548299823887	1.5307650623319247	1.2108448451096239	1.1350574832689324	0.017759174608421358	0.029012387325398903	1.2951380549390632
SEN0938_1-716	1.360247796843495	0.12138214075940179	0.924568058131298	0.057791251711791	-1	0.10159031943089258	0.3809581731311882	-1	0.46964324285798	2.445474537484394	1.1962068863096011	0.0	0.7809301727625819	0.48159308103187226	1.9938560056190013	1.3289235741822334	1.9781477866891817	0.1326370966902819	0.29774448438550327	0.08927611192926888	0.3345581760223235	0.014637958800022721	0.06114940304066874	1.1784477117011798	1.225219273635	0.09893116862946194
ERS227112_00842_1-693	0.579317624080913	0.9023123135219837	0.14363788536871613	0.8387214244743729	-1	0.6793398533316893	0.39997199963139374	-1	0.31128692990460194	1.6645443647218119	0.4152767135470192	0.7809301727625819	0.0	0.29933709173070966	1.2129258328564194	0.5479934014196515	1.1972176139265998	0.9135672694528638	1.0786746571480852	0.8702062846918508	1.1154883487849054	0.7955681315626046	0.7197807697219132	0.39751753893859787	0.44428910087241813	0.8798613413920439
ROD_44511_1-695	0.8786547158116227	0.602975221791274	0.4429749770994258	0.5393843327436633	-1	0.3800027616009797	0.10063490790068408	-1	0.01194983817389228	1.9638814564525215	0.7146138052777289	0.48159308103187226	0.29933709173070966	0.0	1.512262924587129	0.8473304931503611	1.4965547056573094	0.6142301777221542	0.7793375654173755	0.5708691929611411	0.8161512570541958	0.496231039831895	0.4204436779912035	0.6968546306693075	0.7436261926031278	0.5805242496613342
BN373_43811_1-692	0.6336082087755064	2.1152381463784033	1.0692879474877033	2.0516472573307922	-1	1.8922656861881086	1.6128978324878132	-1	1.5242127627610214	0.45161853186539247	0.7976491193094002	1.9938560056190013	1.2129258328564194	1.512262924587129	0.0	0.664932431436768	0.01570821892981966	2.1264931023092832	2.2916004900045044	2.08313211754827	2.3284141816413246	2.0084939644190243	1.9327066025783326	0.8154082939178215	0.7686367319840013	2.092787174248463
CS17_03780_1-696	0.03132422266126156	1.4503057149416352	0.40435551605093534	1.3867148258940243	-1	1.2273332547513407	0.9479654010510452	-1	0.8592803313242534	1.1165509633021604	0.13271668787263224	1.3289235741822334	0.5479934014196515	0.8473304931503611	0.664932431436768	0.0	0.6492242125069483	1.4615606708725153	1.6266680585677367	1.4181996861115023	1.663481750204557	1.3435615329822561	1.2677741711415647	0.1504758624810536	0.10370430054723334	1.4278547428116952
STM_MW34581_1-695	0.6178999898456867	2.0995299274485832	1.0535797285578836	2.0359390384009726	-1	1.876557467258289	1.5971896135579935	-1	1.5085045438312017	0.46732675079521213	0.7819409003795805	1.9781477866891817	1.1972176139265998	1.4965547056573094	0.01570821892981966	0.6492242125069483	0.0	2.1107848833794636	2.275892271074685	2.0674238986184506	2.3127059627115054	1.9927857454892044	1.916998383648513	0.7997000749880019	0.7529285130541816	2.0770789553186435
ROD_10221_1-720	1.4928848935337768	0.011254955930880106	1.05720515482158	0.0748458449784909	-1	0.23422741612117448	0.5135952698214701	-1	0.6022803395482619	2.5781116341746757	1.328843982999883	0.1326370966902819	0.9135672694528638	0.6142301777221542	2.1264931023092832	1.4615606708725153	2.1107848833794636	0.0	0.16510738769522137	0.04336098476101302	0.20192107933204162	0.11799913789025918	0.19378649973095063	1.3110848083914617	1.357856370325282	0.033705928060819956
STM_MW10861_1-717	1.6579922812289982	0.17636234362610148	1.2223125425168013	0.23995323267371227	-1	0.39933480381639586	0.6787026575166915	-1	0.7673877272434833	2.743219021869897	1.4939513706951044	0.29774448438550327	1.0786746571480852	0.7793375654173755	2.2916004900045044	1.6266680585677367	2.275892271074685	0.16510738769522137	0.0	0.2084683724562344	0.036813691636820245	0.28310652558548055	0.358893887426172	1.476192196086683	1.5229637580205033	0.19881331575604133
NCTC13441_02936_1-718	1.4495239087727638	0.032106028830132916	1.013844170060567	0.03148486021747787	-1	0.19086643136016146	0.47023428506045706	-1	0.5589193547872489	2.5347506494136627	1.28548299823887	0.08927611192926888	0.8702062846918508	0.5708691929611411	2.08313211754827	1.4181996861115023	2.0674238986184506	0.04336098476101302	0.2084683724562344	0.0	0.24528206409305464	0.07463815312924615	0.1504255149699376	1.2677238236304487	1.314495385564269	0.009655056700193065
Ecoli9000q_51360_4-721	1.6948059728658185	0.21317603526292173	1.2591262341536216	0.2767669243105325	-1	0.4361484954532161	0.7155163491535117	-1	0.8042014188803035	2.780032713506717	1.5307650623319247	0.3345581760223235	1.1154883487849054	0.8161512570541958	2.3284141816413246	1.663481750204557	2.3127059627115054	0.20192107933204162	0.036813691636820245	0.24528206409305464	0.0	0.3199202172223008	0.39570757906299225	1.5130058877235033	1.5597774496573236	0.23562700739286158
STMMW_10861_1-716	1.3748857556435177	0.10674418195937907	0.9392060169313208	0.04315329291176828	-1	0.1162282782309153	0.3955961319312109	-1	0.4842812016580027	2.4601124962844167	1.2108448451096239	0.014637958800022721	0.7955681315626046	0.496231039831895	2.0084939644190243	1.3435615329822561	1.9927857454892044	0.11799913789025918	0.28310652558548055	0.07463815312924615	0.3199202172223008	0.0	0.07578736184069146	1.1930856705012025	1.2398572324350228	0.08429320982943922
ENC_16680_1-720	1.2990983938028262	0.18253154380007053	0.8634186550906293	0.11894065475245974	-1	0.04044091639022385	0.31980877009051945	-1	0.40849383981731124	2.384325134443725	1.1350574832689324	0.06114940304066874	0.7197807697219132	0.4204436779912035	1.9327066025783326	1.2677741711415647	1.916998383648513	0.19378649973095063	0.358893887426172	0.1504255149699376	0.39570757906299225	0.07578736184069146	0.0	1.117298308660511	1.1640698705943313	0.16008057167013068
NCTC13441_00336_1-696	0.18180008514231516	1.2998298524605816	0.25387965356988174	1.236238963412971	-1	1.0768573922702873	0.7974895385699916	-1	0.7088044688431998	1.267026825783214	0.017759174608421358	1.1784477117011798	0.39751753893859787	0.6968546306693075	0.8154082939178215	0.1504758624810536	0.7997000749880019	1.3110848083914617	1.476192196086683	1.2677238236304487	1.5130058877235033	1.1930856705012025	1.117298308660511	0.0	0.04677156193382026	1.2773788803306418
SL1344_3434_1-695	0.1350285232084949	1.3466014143944018	0.300651215503702	1.283010525346791	-1	1.1236289542041074	0.8442611005038119	-1	0.7555760307770201	1.2202552638493938	0.029012387325398903	1.225219273635	0.44428910087241813	0.7436261926031278	0.7686367319840013	0.10370430054723334	0.7529285130541816	1.357856370325282	1.5229637580205033	1.314495385564269	1.5597774496573236	1.2398572324350228	1.1640698705943313	0.04677156193382026	0.0	1.3241504422644619
ERS227112_03473_1-712	1.4591789654729568	0.02245097212993985	1.02349922676076	0.04113991691767094	-1	0.20052148806035452	0.4798893417606501	-1	0.5685744114874419	2.5444057061138556	1.2951380549390632	0.09893116862946194	0.8798613413920439	0.5805242496613342	2.092787174248463	1.4278547428116952	2.0770789553186435	0.033705928060819956	0.19881331575604133	0.009655056700193065	0.23562700739286158	0.08429320982943922	0.16008057167013068	1.2773788803306418	1.3241504422644619	0.0
