CS17_04454_1-256	0.0	0.9989683775082917	0.5322275925945477	0.9331933731418437	-1	0.21435857540597936	0.3999335036241345	0.279197348412324	0.6240450340061592	0.23800793332326697	0.3187663282854556	0.19467487826791396	0.328367061874006	0.07986186472345125
t3471_1-256	0.9989683775082917	0.0	0.46674078491374404	0.06577500436644801	-1	1.213326952914271	0.5990348738841572	0.7197710290959677	0.3749233435021325	0.7609604441850247	0.6802020492228361	1.1936432557762058	0.6706013156342857	0.9191065127848405
NCTC13441_04505_1-256	0.5322275925945477	0.46674078491374404	0.0	0.40096578054729604	-1	0.746586168000527	0.13229408897041317	0.25303024418222364	0.09181744141161152	0.2942196592712807	0.21346126430909207	0.7269024708624616	0.20386053072054167	0.4523657278710964
SEN3946_1-256	0.9331933731418437	0.06577500436644801	0.40096578054729604	0.0	-1	1.147551948547823	0.5332598695177092	0.6539960247295197	0.3091483391356845	0.6951854398185767	0.6144270448563881	1.1278682514097578	0.6048263112678377	0.8533315084183924
b3991_1-256	-1	-1	-1	-1	-1	-1	-1	-1	-1	-1	-1	-1	-1	-1
BN373_49871_1-256	0.21435857540597936	1.213326952914271	0.746586168000527	1.147551948547823	-1	0.0	0.6142920790301138	0.4935559238183034	0.8384036094121385	0.45236650872924633	0.533124903691435	0.019683697138065392	0.5427256372799854	0.2942204401294306
ROD_37621_1-256	0.3999335036241345	0.5990348738841572	0.13229408897041317	0.5332598695177092	-1	0.6142920790301138	0.0	0.12073615521181047	0.2241115303820247	0.16192557030086752	0.0811671753386789	0.5946083818920485	0.0715664417501285	0.32007163890068324
ERS227112_01842_1-256	0.279197348412324	0.7197710290959677	0.25303024418222364	0.6539960247295197	-1	0.4935559238183034	0.12073615521181047	0.0	0.34484768559383516	0.041189415089057047	0.03956897987313157	0.473872226680238	0.049169713461681974	0.19933548368887277
Ecoli9000q_36140_1-256	0.6240450340061592	0.3749233435021325	0.09181744141161152	0.3091483391356845	-1	0.8384036094121385	0.2241115303820247	0.34484768559383516	0.0	0.3860371006828922	0.3052787057207036	0.8187199122740731	0.2956779721321532	0.5441831692827079
STMMW_41131_1-256	0.23800793332326697	0.7609604441850247	0.2942196592712807	0.6951854398185767	-1	0.45236650872924633	0.16192557030086752	0.041189415089057047	0.3860371006828922	0.0	0.08075839496218862	0.43268281159118094	0.09035912855073902	0.15814606859981573
ETEC_4250_1-256	0.3187663282854556	0.6802020492228361	0.21346126430909207	0.6144270448563881	-1	0.533124903691435	0.0811671753386789	0.03956897987313157	0.3052787057207036	0.08075839496218862	0.0	0.5134412065533696	0.009600733588550403	0.23890446356200434
ENC_01330_1-255	0.19467487826791396	1.1936432557762058	0.7269024708624616	1.1278682514097578	-1	0.019683697138065392	0.5946083818920485	0.473872226680238	0.8187199122740731	0.43268281159118094	0.5134412065533696	0.0	0.52304194014192	0.2745367429913652
STM_MW41131_1-256	0.328367061874006	0.6706013156342857	0.20386053072054167	0.6048263112678377	-1	0.5427256372799854	0.0715664417501285	0.049169713461681974	0.2956779721321532	0.09035912855073902	0.009600733588550403	0.52304194014192	0.0	0.24850519715055475
SL1344_4099_1-256	0.07986186472345125	0.9191065127848405	0.4523657278710964	0.8533315084183924	-1	0.2942204401294306	0.32007163890068324	0.19933548368887277	0.5441831692827079	0.15814606859981573	0.23890446356200434	0.2745367429913652	0.24850519715055475	0.0
