SEN0597_1-190	0.0	-1	1.0193751567765854	1.0311617255252075	0.019777376047353634	1.1646037254545898	0.05363353531128956	1.2626176145519223	1.154103477201312	0.6216590872722494	1.0638170250112733	0.7378804431997323	0.6893102055940372	0.5571820843099242
b0622_1-186	-1	-1	-1	-1	-1	-1	-1	-1	-1	-1	-1	-1	-1	-1
SL1344_0616_1-190	1.0193751567765854	-1	0.0	0.01178656874862205	1.039152532823939	0.1452285686780045	0.9657416214652959	0.24324245777533693	0.1347283204247265	0.397716069504336	0.044441868234687876	0.2814947135768531	0.3300649511825482	0.4621930724666612
ETEC_0651_1-186	1.0311617255252075	-1	0.01178656874862205	0.0	1.050939101572561	0.13344199992938244	0.9775281902139179	0.23145588902671488	0.12294175167610444	0.4095026382529581	0.032655299486065825	0.2932812823254751	0.34185151993117024	0.47397964121528324
t2239_1-190	0.019777376047353634	-1	1.039152532823939	1.050939101572561	0.0	1.1843811015019434	0.0734109113586432	1.282394990599276	1.1738808532486655	0.641436463319603	1.083594401058627	0.757657819247086	0.7090875816413909	0.5769594603572779
ERS227112_03097_1-172	1.1646037254545898	-1	0.1452285686780045	0.13344199992938244	1.1843811015019434	0.0	1.1109701901433002	0.09801388909733244	0.010500248253278	0.5429446381823405	0.10078670044331661	0.42672328225485756	0.4752935198605527	0.6074216411446657
ROD_06371_1-192	0.05363353531128956	-1	0.9657416214652959	0.9775281902139179	0.0734109113586432	1.1109701901433002	0.0	1.2089840792406328	1.1004699418900223	0.5680255519609598	1.0101834896999837	0.6842469078884428	0.6356766702827477	0.5035485489986347
CS17_00629_1-186	1.2626176145519223	-1	0.24324245777533693	0.23145588902671488	1.282394990599276	0.09801388909733244	1.2089840792406328	0.0	0.10851413735061044	0.640958527279673	0.19880058954064905	0.52473717135219	0.5733074089578851	0.7054355302419981
ENC_41620_3-191	1.154103477201312	-1	0.1347283204247265	0.12294175167610444	1.1738808532486655	0.010500248253278	1.1004699418900223	0.10851413735061044	0.0	0.5324443899290625	0.09028645219003861	0.41622303400157956	0.4647932716072747	0.5969213928913877
STM_MW06931_1-190	0.6216590872722494	-1	0.397716069504336	0.4095026382529581	0.641436463319603	0.5429446381823405	0.5680255519609598	0.640958527279673	0.5324443899290625	0.0	0.4421579377390239	0.11622135592748295	0.06765111832178783	0.06447700296232517
BN373_12351_3-189	1.0638170250112733	-1	0.044441868234687876	0.032655299486065825	1.083594401058627	0.10078670044331661	1.0101834896999837	0.19880058954064905	0.09028645219003861	0.4421579377390239	0.0	0.32593658181154095	0.37450681941723607	0.5066349407013491
NCTC13441_03372_1-186	0.7378804431997323	-1	0.2814947135768531	0.2932812823254751	0.757657819247086	0.42672328225485756	0.6842469078884428	0.52473717135219	0.41622303400157956	0.11622135592748295	0.32593658181154095	0.0	0.04857023760569512	0.18069835888980812
STMMW_06931_1-190	0.6893102055940372	-1	0.3300649511825482	0.34185151993117024	0.7090875816413909	0.4752935198605527	0.6356766702827477	0.5733074089578851	0.4647932716072747	0.06765111832178783	0.37450681941723607	0.04857023760569512	0.0	0.132128121284113
Ecoli9000q_47270_1-186	0.5571820843099242	-1	0.4621930724666612	0.47397964121528324	0.5769594603572779	0.6074216411446657	0.5035485489986347	0.7054355302419981	0.5969213928913877	0.06447700296232517	0.5066349407013491	0.18069835888980812	0.132128121284113	0.0
