t0585_1-84	0.0	1.6531989458576162	0.08364226292794996	0.876064756108806	0.43170184285481605	0.6871296404987459	0.8419201610203759	0.40571533546735594	1.271767895737756	0.48469940065152595	1.211548899079936	6.397608885738286
ROD_23571_1-84	1.6531989458576162	0.0	1.7368412087855662	0.7771341897488102	1.2214971030028001	0.9660693053588703	0.8112787848372403	1.2474836103902602	0.3814310501198601	1.1684995452060902	0.44165004677768027	4.74440993988067
NCTC13441_01472_1-84	0.08364226292794996	1.7368412087855662	0.0	0.9597070190367559	0.515344105782766	0.7707719034266959	0.9255624239483259	0.4893575983953059	1.355410158665706	0.5683416635794759	1.2951911620078858	6.481251148666236
STMMW_23031_1-84	0.876064756108806	0.7771341897488102	0.9597070190367559	0.0	0.4443629132539899	0.18893511561006004	0.03414459508843004	0.47034942064145	0.3957031396289501	0.39136535545728	0.33548414297112994	5.52154412962948
SL1344_2248_1-84	0.43170184285481605	1.2214971030028001	0.515344105782766	0.4443629132539899	0.0	0.25542779764392987	0.41021831816555987	0.02598650738746011	0.84006605288294	0.05299755779670989	0.7798470562251199	5.96590704288347
BN373_32551_1-84	0.6871296404987459	0.9660693053588703	0.7707719034266959	0.18893511561006004	0.25542779764392987	0.0	0.15479052052163	0.28141430503139	0.5846382552390101	0.20243023984721997	0.52441925858119	5.71047924523954
ERS227112_03935_1-84	0.8419201610203759	0.8112787848372403	0.9255624239483259	0.03414459508843004	0.41021831816555987	0.15479052052163	0.0	0.43620482555302	0.42984773471738014	0.35722076036885	0.36962873805956	5.5556887247179105
SEN2261_1-84	0.40571533546735594	1.2474836103902602	0.4893575983953059	0.47034942064145	0.02598650738746011	0.28141430503139	0.43620482555302	0.0	0.8660525602704001	0.07898406518417	0.80583356361258	5.99189355027093
CS17_02486_1-84	1.271767895737756	0.3814310501198601	1.355410158665706	0.3957031396289501	0.84006605288294	0.5846382552390101	0.42984773471738014	0.8660525602704001	0.0	0.7870684950862301	0.060218996657820156	5.12584099000053
ETEC_2369_1-84	0.48469940065152595	1.1684995452060902	0.5683416635794759	0.39136535545728	0.05299755779670989	0.20243023984721997	0.35722076036885	0.07898406518417	0.7870684950862301	0.0	0.72684949842841	5.91290948508676
STM_MW23031_1-84	1.211548899079936	0.44165004677768027	1.2951911620078858	0.33548414297112994	0.7798470562251199	0.52441925858119	0.36962873805956	0.80583356361258	0.060218996657820156	0.72684949842841	0.0	5.18605998665835
b2236_1-84	6.397608885738286	4.74440993988067	6.481251148666236	5.52154412962948	5.96590704288347	5.71047924523954	5.5556887247179105	5.99189355027093	5.12584099000053	5.91290948508676	5.18605998665835	0.0
