CS17_03608_1-890	0.0	0.16578693397757133	0.18479566043156356	0.17302005894831216	0.16003956264096883	0.12157034544624311	0.15050172162079256	0.09878939627458574	0.142281161916038	0.17871535108648107	-1	0.20262890929682226	0.12634810833121657
NCTC13441_00526_1-890	0.16578693397757133	0.0	0.019008726453992222	0.0072331249707408216	0.005747371336602504	0.044216588531328226	0.015285212356778759	0.06699753770298558	0.023505772061533335	0.012928417108909733	-1	0.03684197531925093	0.03943882564635478
ERS227112_01024_1-896	0.18479566043156356	0.019008726453992222	0.0	0.0117756014832514	0.024756097790594726	0.06322531498532044	0.03429393881077098	0.08600626415697782	0.04251449851552556	0.006080309345082489	-1	0.017833248865258704	0.058447552100347
STM_MW32861_1-892	0.17302005894831216	0.0072331249707408216	0.0117756014832514	0.0	0.012980496307343325	0.05144971350206905	0.02251833732751958	0.07423066267372641	0.030738897032274157	0.0056952921381689114	-1	0.029608850348510105	0.0466719506170956
BN373_42281_1-896	0.16003956264096883	0.005747371336602504	0.024756097790594726	0.012980496307343325	0.0	0.03846921719472572	0.009537841020176255	0.061250166366383085	0.01775840072493083	0.018675788445512237	-1	0.04258934665585343	0.033691454309752275
SEN3121_1-892	0.12157034544624311	0.044216588531328226	0.06322531498532044	0.05144971350206905	0.03846921719472572	0.0	0.028931376174549467	0.022780949171657364	0.02071081646979489	0.05714500564023796	-1	0.08105856385057915	0.004777762884973447
ROD_46641_1-894	0.15050172162079256	0.015285212356778759	0.03429393881077098	0.02251833732751958	0.009537841020176255	0.028931376174549467	0.0	0.05171232534620683	0.008220559704754576	0.02821362946568849	-1	0.05212718767602968	0.02415361328957602
SL1344_3259_1-892	0.09878939627458574	0.06699753770298558	0.08600626415697782	0.07423066267372641	0.061250166366383085	0.022780949171657364	0.05171232534620683	0.0	0.043491765641452254	0.07992595481189532	-1	0.10383951302223651	0.02755871205663081
ETEC_3435_1-890	0.142281161916038	0.023505772061533335	0.04251449851552556	0.030738897032274157	0.01775840072493083	0.02071081646979489	0.008220559704754576	0.043491765641452254	0.0	0.03643418917044307	-1	0.06034774738078426	0.015933053584821444
ENC_34060_1-895	0.17871535108648107	0.012928417108909733	0.006080309345082489	0.0056952921381689114	0.018675788445512237	0.05714500564023796	0.02821362946568849	0.07992595481189532	0.03643418917044307	0.0	-1	0.023913558210341194	0.05236724275526451
b3168_1-890	-1	-1	-1	-1	-1	-1	-1	-1	-1	-1	-1	-1	-1
t3204_1-892	0.20262890929682226	0.03684197531925093	0.017833248865258704	0.029608850348510105	0.04258934665585343	0.08105856385057915	0.05212718767602968	0.10383951302223651	0.06034774738078426	0.023913558210341194	-1	0.0	0.0762808009656057
STMMW_32861_1-892	0.12634810833121657	0.03943882564635478	0.058447552100347	0.0466719506170956	0.033691454309752275	0.004777762884973447	0.02415361328957602	0.02755871205663081	0.015933053584821444	0.05236724275526451	-1	0.0762808009656057	0.0
