BN373_21631_1-206	0.0	3.9817684906820046	0.1759223038505756	0.12404370187415004	1.003512342579127	0.04079371641027718	0.5125562480838812	0.6255262494913933	0.8597937355041143	0.3335111971872844	0.4675227715295398	0.09103402145869732	-1	0.2575258188513966	0.3792179993235478	0.2545569327457686	0.18403441203248017	0.8080926376030908	0.9019728061901875	0.2383173413359861	0.7753878233725573	-1	0.41180193351670424	0.6860980034667481	0.10932710735095064	0.06353078903335341
NCTC13441_04108_1-213	3.9817684906820046	0.0	3.805846186831429	4.105812192556154	2.9782561481028775	3.9409747742717274	3.4692122425981236	3.3562422411906114	3.1219747551778902	3.64825729349472	3.5142457191524645	3.8907344692233075	-1	3.724242671830608	3.602550491358457	3.727211557936236	3.7977340786495244	3.1736758530789135	3.079795684491817	4.220085832017991	3.206380667309447	-1	3.5699665571653005	3.2956704872152565	3.872441383331054	4.045299279715358
BN373_37981_1-215	0.1759223038505756	3.805846186831429	0.0	0.29996600572472565	0.8275900387285514	0.13512858744029843	0.3366339442333056	0.44960394564081774	0.6838714316535387	0.15758889333670878	0.2916004676789642	0.08488828239187829	-1	0.08160351500082097	0.20329569547297222	0.07863462889519302	0.008112108181904554	0.6321703337525152	0.7260505023396119	0.4142396451865617	0.5994655195219817	-1	0.23587962966612863	0.5101756996161725	0.06659519649962498	0.23945309288392902
t2817_6-212	0.12404370187415004	4.105812192556154	0.29996600572472565	0.0	1.127556044453277	0.16483741828442722	0.6365999499580313	0.7495699513655434	0.9838374373782643	0.45755489906143443	0.5915664734036898	0.21507772333284736	-1	0.3815695207255466	0.5032617011976979	0.37860063461991866	0.3080781139066302	0.9321363394772408	1.0260165080643375	0.11427363946183605	0.8994315252467073	-1	0.5358456353908543	0.8101417053408981	0.23337080922510067	0.06051291284079663
ERS227112_01506_1-215	1.003512342579127	2.9782561481028775	0.8275900387285514	1.127556044453277	0.0	0.9627186261688498	0.4909560944952458	0.3779860930877337	0.14371860707501272	0.6700011453918426	0.5359895710495872	0.9124783211204297	-1	0.7459865237277304	0.6242943432555792	0.7489554098333584	0.8194779305466469	0.19541970497603622	0.10153953638893953	1.241829683915113	0.22812451920656973	-1	0.5917104090624228	0.31741433911237893	0.8941852352281764	1.0670431316124804
CS17_03133_1-215	0.04079371641027718	3.9409747742717274	0.13512858744029843	0.16483741828442722	0.9627186261688498	0.0	0.47176253167360405	0.5847325330811162	0.8190000190938371	0.2927174807770072	0.4267290551192626	0.05024030504842014	-1	0.2167321024411194	0.33842428291327065	0.21376321633549145	0.14324069562220298	0.7672989211928136	0.8611790897799103	0.27911105774626327	0.7345941069622801	-1	0.37100821710642706	0.6453042870564709	0.06853339094067346	0.10432450544363059
SL1344_2895_6-212	0.5125562480838812	3.4692122425981236	0.3366339442333056	0.6365999499580313	0.4909560944952458	0.47176253167360405	0.0	0.11297000140751212	0.3472374874202331	0.17904505089659684	0.04503347655434142	0.4215222266251839	-1	0.25503042923248465	0.1333382487603334	0.2579993153381126	0.32852183605140106	0.2955363895192096	0.38941655810630627	0.7508735894198673	0.26283157528867607	-1	0.10075431456717698	0.17354175538286687	0.4032291407329306	0.5760870371172346
ROD_12381_1-211	0.6255262494913933	3.3562422411906114	0.44960394564081774	0.7495699513655434	0.3779860930877337	0.5847325330811162	0.11297000140751212	0.0	0.23426748601272096	0.29201505230410896	0.15800347796185354	0.534492228032696	-1	0.36800043063999677	0.24630825016784552	0.3709693167456247	0.4414918374589132	0.18256638811169745	0.27644655669879414	0.8638435908273794	0.14986157388116395	-1	0.2137243159746891	0.06057175397535475	0.5161991421404427	0.6890570385247468
SEN2819_1-215	0.8597937355041143	3.1219747551778902	0.6838714316535387	0.9838374373782643	0.14371860707501272	0.8190000190938371	0.3472374874202331	0.23426748601272096	0.0	0.5262825383168299	0.3922709639745745	0.768759714045417	-1	0.6022679166527177	0.4805757361805665	0.6052368027583457	0.6757593234716341	0.05170109790102351	0.04217907068607318	1.0981110768401003	0.08440591213155701	-1	0.44799180198741007	0.1736957320373662	0.7504666281531637	0.9233245245374677
STMMW_28791_6-212	0.3335111971872844	3.64825729349472	0.15758889333670878	0.45755489906143443	0.6700011453918426	0.2927174807770072	0.17904505089659684	0.29201505230410896	0.5262825383168299	0.0	0.1340115743422554	0.24247717572858707	-1	0.07598537833588781	0.045706802136263436	0.07895426444151576	0.14947678515480423	0.4745814404158064	0.5684616090029031	0.5718285385232704	0.4418766261852729	-1	0.07829073632941985	0.3525868062794637	0.22418408983633376	0.3970419862206378
ENC_23280_1-199	0.4675227715295398	3.5142457191524645	0.2916004676789642	0.5915664734036898	0.5359895710495872	0.4267290551192626	0.04503347655434142	0.15800347796185354	0.3922709639745745	0.1340115743422554	0.0	0.3764887500708425	-1	0.20999695267814322	0.08830477220599198	0.21296583878377118	0.28348835949705964	0.340569866073551	0.4344500346606477	0.7058401128655258	0.3078650518430175	-1	0.05572083801283556	0.2185752319372083	0.35819566417858917	0.5310535605628932
CS17_03059_7-213	0.09103402145869732	3.8907344692233075	0.08488828239187829	0.21507772333284736	0.9124783211204297	0.05024030504842014	0.4215222266251839	0.534492228032696	0.768759714045417	0.24247717572858707	0.3764887500708425	0.0	-1	0.16649179739269926	0.2881839778648505	0.1635229112870713	0.09300039057378284	0.7170586161443935	0.8109387847314902	0.3293513627946834	0.68435380191386	-1	0.3207679120580069	0.5950639820080508	0.018293085892253313	0.15456481049205073
b2738_7-212	-1	-1	-1	-1	-1	-1	-1	-1	-1	-1	-1	-1	-1	-1	-1	-1	-1	-1	-1	-1	-1	-1	-1	-1	-1	-1
ETEC_2929_7-212	0.2575258188513966	3.724242671830608	0.08160351500082097	0.3815695207255466	0.7459865237277304	0.2167321024411194	0.25503042923248465	0.36800043063999677	0.6022679166527177	0.07598537833588781	0.20999695267814322	0.16649179739269926	-1	0.0	0.12169218047215125	0.0029688861056279547	0.07349140681891642	0.5505668187516942	0.6444469873387909	0.49584316018738267	0.5178620045211607	-1	0.15427611466530766	0.4285721846153515	0.14819871150044595	0.32105660788475
STMMW_29371_1-215	0.3792179993235478	3.602550491358457	0.20329569547297222	0.5032617011976979	0.6242943432555792	0.33842428291327065	0.1333382487603334	0.24630825016784552	0.4805757361805665	0.045706802136263436	0.08830477220599198	0.2881839778648505	-1	0.12169218047215125	0.0	0.1246610665777792	0.19518358729106766	0.428874638279543	0.5227548068666397	0.6175353406595339	0.39616982404900947	-1	0.032583934193156416	0.30688000414320027	0.2698908919725972	0.44274878835690124
STM_MW28791_6-213	0.2545569327457686	3.727211557936236	0.07863462889519302	0.37860063461991866	0.7489554098333584	0.21376321633549145	0.2579993153381126	0.3709693167456247	0.6052368027583457	0.07895426444151576	0.21296583878377118	0.1635229112870713	-1	0.0029688861056279547	0.1246610665777792	0.0	0.07052252071328846	0.5535357048573222	0.6474158734444189	0.4928742740817547	0.5208308906267887	-1	0.15724500077093562	0.43154107072097947	0.145229825394818	0.31808772177912203
ROD_28411_1-215	0.18403441203248017	3.7977340786495244	0.008112108181904554	0.3080781139066302	0.8194779305466469	0.14324069562220298	0.32852183605140106	0.4414918374589132	0.6757593234716341	0.14947678515480423	0.28348835949705964	0.09300039057378284	-1	0.07349140681891642	0.19518358729106766	0.07052252071328846	0.0	0.6240582255706106	0.7179383941577073	0.42235175336846625	0.5913534113400771	-1	0.22776752148422408	0.5020635914342679	0.07470730468152953	0.24756520106583357
t2882_1-215	0.8080926376030908	3.1736758530789135	0.6321703337525152	0.9321363394772408	0.19541970497603622	0.7672989211928136	0.2955363895192096	0.18256638811169745	0.05170109790102351	0.4745814404158064	0.340569866073551	0.7170586161443935	-1	0.5505668187516942	0.428874638279543	0.5535357048573222	0.6240582255706106	0.0	0.09388016858709669	1.0464099789390768	0.03270481423053351	-1	0.39629070408638656	0.1219946341363427	0.6987655302521402	0.8716234266364442
NCTC13441_00975_1-215	0.9019728061901875	3.079795684491817	0.7260505023396119	1.0260165080643375	0.10153953638893953	0.8611790897799103	0.38941655810630627	0.27644655669879414	0.04217907068607318	0.5684616090029031	0.4344500346606477	0.8109387847314902	-1	0.6444469873387909	0.5227548068666397	0.6474158734444189	0.7179383941577073	0.09388016858709669	0.0	1.1402901475261735	0.1265849828176302	-1	0.49017087267348325	0.2158748027234394	0.7926456988392369	0.9655035952235409
ERS227112_05078_1-206	0.2383173413359861	4.220085832017991	0.4142396451865617	0.11427363946183605	1.241829683915113	0.27911105774626327	0.7508735894198673	0.8638435908273794	1.0981110768401003	0.5718285385232704	0.7058401128655258	0.3293513627946834	-1	0.49584316018738267	0.6175353406595339	0.4928742740817547	0.42235175336846625	1.0464099789390768	1.1402901475261735	0.0	1.0137051647085433	-1	0.6501192748526903	0.9244153448027341	0.3476444486869367	0.17478655230263268
ETEC_2990_1-215	0.7753878233725573	3.206380667309447	0.5994655195219817	0.8994315252467073	0.22812451920656973	0.7345941069622801	0.26283157528867607	0.14986157388116395	0.08440591213155701	0.4418766261852729	0.3078650518430175	0.68435380191386	-1	0.5178620045211607	0.39616982404900947	0.5208308906267887	0.5913534113400771	0.03270481423053351	0.1265849828176302	1.0137051647085433	0.0	-1	0.36358588985585305	0.0892898199058092	0.6660607160216067	0.8389186124059107
b2800_1-215	-1	-1	-1	-1	-1	-1	-1	-1	-1	-1	-1	-1	-1	-1	-1	-1	-1	-1	-1	-1	-1	-1	-1	-1	-1	-1
SL1344_2954_1-215	0.41180193351670424	3.5699665571653005	0.23587962966612863	0.5358456353908543	0.5917104090624228	0.37100821710642706	0.10075431456717698	0.2137243159746891	0.44799180198741007	0.07829073632941985	0.05572083801283556	0.3207679120580069	-1	0.15427611466530766	0.032583934193156416	0.15724500077093562	0.22776752148422408	0.39629070408638656	0.49017087267348325	0.6501192748526903	0.36358588985585305	-1	0.0	0.27429606995004385	0.3024748261657536	0.47533272255005765
STM_MW29371_1-215	0.6860980034667481	3.2956704872152565	0.5101756996161725	0.8101417053408981	0.31741433911237893	0.6453042870564709	0.17354175538286687	0.06057175397535475	0.1736957320373662	0.3525868062794637	0.2185752319372083	0.5950639820080508	-1	0.4285721846153515	0.30688000414320027	0.43154107072097947	0.5020635914342679	0.1219946341363427	0.2158748027234394	0.9244153448027341	0.0892898199058092	-1	0.27429606995004385	0.0	0.5767708961157975	0.7496287925001015
NCTC13441_01037_7-213	0.10932710735095064	3.872441383331054	0.06659519649962498	0.23337080922510067	0.8941852352281764	0.06853339094067346	0.4032291407329306	0.5161991421404427	0.7504666281531637	0.22418408983633376	0.35819566417858917	0.018293085892253313	-1	0.14819871150044595	0.2698908919725972	0.145229825394818	0.07470730468152953	0.6987655302521402	0.7926456988392369	0.3476444486869367	0.6660607160216067	-1	0.3024748261657536	0.5767708961157975	0.0	0.17285789638430404
SEN2755_6-212	0.06353078903335341	4.045299279715358	0.23945309288392902	0.06051291284079663	1.0670431316124804	0.10432450544363059	0.5760870371172346	0.6890570385247468	0.9233245245374677	0.3970419862206378	0.5310535605628932	0.15456481049205073	-1	0.32105660788475	0.44274878835690124	0.31808772177912203	0.24756520106583357	0.8716234266364442	0.9655035952235409	0.17478655230263268	0.8389186124059107	-1	0.47533272255005765	0.7496287925001015	0.17285789638430404	0.0
