STMMW_00421_1-679	0.0	0.12126010120611319	0.0030752428060252246	0.5697661081367607	0.4960102380146292	-1	0.03639906855147945	0.19763845128911428	0.043044190747015376	0.23086354956490562	0.3663821670376969	0.04728937358301266	0.8153991848906499	0.3878524108678867	0.11583025861262608	0.18322562630425132	0.15660662357733912	0.4603531261113787	0.17649436760967996	0.2998805731508284	0.08072946224423894	0.8285909259370969	0.01425271173809195	-1	0.4675854636517649
SEN3807_2-678	0.12126010120611319	0.0	0.11818485840008797	0.44850600693064746	0.374750136808516	-1	0.08486103265463374	0.07637835008300109	0.07821591045909781	0.3521236507710188	0.4876422682438101	0.16854947478912585	0.6941390836845367	0.2665923096617735	0.23709035981873927	0.06196552509813813	0.2778667247834523	0.3390930249052655	0.29775446881579315	0.4211406743569416	0.040530638961874255	0.7073308247309837	0.13551281294420514	-1	0.3463253624456517
NCTC13441_03970_1-679	0.0030752428060252246	0.11818485840008797	0.0	0.5666908653307354	0.49293499520860395	-1	0.03332382574545423	0.19456320848308906	0.03996894794099015	0.23393879237093085	0.3694574098437221	0.050364616389037886	0.8123239420846247	0.38477716806186146	0.1189055014186513	0.1801503834982261	0.15968186638336435	0.45727788330535346	0.17956961041570518	0.3029558159568536	0.07765421943821371	0.8255156831310717	0.017327954544117175	-1	0.4645102208457397
STM_MW39831_2-678	0.5697661081367607	0.44850600693064746	0.5666908653307354	0.0	0.07375587012213147	-1	0.5333670395852812	0.37212765684764637	0.5267219173897453	0.8006296577016663	0.9361482751744575	0.6170554817197733	0.24563307675388923	0.18191369726887396	0.6855963667493867	0.38654048183250933	0.7263727317140998	0.10941298202538197	0.7462604757464406	0.869646681287589	0.4890366458925217	0.2588248178003363	0.5840188198748526	-1	0.10218064448499575
STMMW_39831_2-678	0.4960102380146292	0.374750136808516	0.49293499520860395	0.07375587012213147	0.0	-1	0.4596111694631497	0.2983717867255149	0.4529660472676138	0.7268737875795348	0.8623924050523261	0.5432996115976418	0.3193889468760207	0.10815782714674249	0.6118404966272553	0.31278461171037786	0.6526168615919683	0.035657111903250494	0.6725046056243091	0.7958908111654576	0.41528077577039024	0.33258068792246775	0.5102629497527211	-1	0.02842477436286428
b3878_1-678	-1	-1	-1	-1	-1	-1	-1	-1	-1	-1	-1	-1	-1	-1	-1	-1	-1	-1	-1	-1	-1	-1	-1	-1	-1
ETEC_3897_40-671	0.03639906855147945	0.08486103265463374	0.03332382574545423	0.5333670395852812	0.4596111694631497	-1	0.0	0.16123938273763483	0.006645122195535924	0.2672626181163851	0.40278123558917633	0.08368844213449211	0.7790001163391704	0.35145334231640724	0.15222932716410553	0.14682655775277187	0.19300569212881857	0.42395405755989923	0.2128934361611594	0.33627964170230784	0.044330393692759484	0.7921918573856175	0.0506517802895714	-1	0.43118639510028545
ROD_38871_1-684	0.19763845128911428	0.07637835008300109	0.19456320848308906	0.37212765684764637	0.2983717867255149	-1	0.16123938273763483	0.0	0.1545942605420989	0.4285020008540199	0.5640206183268112	0.24492782487212694	0.6177607336015356	0.1902139595787724	0.31346870990174036	0.01441282498486296	0.3542450748664534	0.2627146748222644	0.37413281889879424	0.49751902443994267	0.11690898904487534	0.6309524746479827	0.21189116302720623	-1	0.2699470123626506
ROD_41601_54-671	0.043044190747015376	0.07821591045909781	0.03996894794099015	0.5267219173897453	0.4529660472676138	-1	0.006645122195535924	0.1545942605420989	0.0	0.273907740311921	0.40942635778471226	0.09033356433002804	0.7723549941436345	0.3448082201208713	0.15887444935964146	0.14018143555723594	0.1996508143243545	0.4173089353643633	0.21953855835669533	0.34292476389784377	0.03768527149722356	0.7855467351900816	0.057296902485107326	-1	0.4245412729047495
ENC_14840_1-677	0.23086354956490562	0.3521236507710188	0.23393879237093085	0.8006296577016663	0.7268737875795348	-1	0.2672626181163851	0.4285020008540199	0.273907740311921	0.0	0.13551861747279126	0.18357417598189296	1.0462627344555555	0.6187159604327923	0.11503329095227954	0.41408917586915694	0.0742569259875665	0.6912166756762843	0.054369181955225665	0.06901702358592277	0.31159301180914456	1.0594544755020026	0.21661083782681367	-1	0.6984490132166705
CS17_04332_1-678	0.3663821670376969	0.4876422682438101	0.3694574098437221	0.9361482751744575	0.8623924050523261	-1	0.40278123558917633	0.5640206183268112	0.40942635778471226	0.13551861747279126	0.0	0.3190927934546842	1.1817813519283469	0.7542345779055836	0.2505519084250708	0.5496077933419482	0.20977554346035776	0.8267352931490756	0.18988779942801692	0.06650159388686849	0.4471116292819358	1.1949730929747937	0.35212945529960493	-1	0.8339676306894618
STM_MW00421_1-679	0.04728937358301266	0.16854947478912585	0.050364616389037886	0.6170554817197733	0.5432996115976418	-1	0.08368844213449211	0.24492782487212694	0.09033356433002804	0.18357417598189296	0.3190927934546842	0.0	0.8626885584736625	0.43514178445089935	0.06854088502961342	0.23051499988726398	0.10931724999432646	0.5076424996943913	0.1292049940266673	0.2525911995678157	0.1280188358272516	0.8758802995201096	0.03303666184492071	-1	0.5148748372347776
Ecoli9000q_34920_2-678	0.8153991848906499	0.6941390836845367	0.8123239420846247	0.24563307675388923	0.3193889468760207	-1	0.7790001163391704	0.6177607336015356	0.7723549941436345	1.0462627344555555	1.1817813519283469	0.8626885584736625	0.0	0.4275467740227632	0.931229443503276	0.6321735585863986	0.972005808467989	0.3550460587792712	0.9918935525003298	1.1152797580414782	0.734669722646411	0.013191741046447047	0.8296518966287418	-1	0.347813721238885
NCTC13441_00020_40-671	0.3878524108678867	0.2665923096617735	0.38477716806186146	0.18191369726887396	0.10815782714674249	-1	0.35145334231640724	0.1902139595787724	0.3448082201208713	0.6187159604327923	0.7542345779055836	0.43514178445089935	0.4275467740227632	0.0	0.5036826694805128	0.20462678456363537	0.5444590344452258	0.072500715243492	0.5643467784775666	0.6877329840187151	0.30712294862364775	0.44073851506921025	0.40210512260597864	-1	0.07973305278387821
t0043_1-679	0.11583025861262608	0.23709035981873927	0.1189055014186513	0.6855963667493867	0.6118404966272553	-1	0.15222932716410553	0.31346870990174036	0.15887444935964146	0.11503329095227954	0.2505519084250708	0.06854088502961342	0.931229443503276	0.5036826694805128	0.0	0.2990558849168774	0.04077636496471304	0.5761833847240048	0.06066410899705388	0.1840503145382023	0.19655972085686502	0.944421184549723	0.10157754687453413	-1	0.583415722264391
ETEC_4147_2-678	0.18322562630425132	0.06196552509813813	0.1801503834982261	0.38654048183250933	0.31278461171037786	-1	0.14682655775277187	0.01441282498486296	0.14018143555723594	0.41408917586915694	0.5496077933419482	0.23051499988726398	0.6321735585863986	0.20462678456363537	0.2990558849168774	0.0	0.33983224988159044	0.27712749980712736	0.3597199939139313	0.4831061994550797	0.10249616406001238	0.6453652996328456	0.19747833804234327	-1	0.2843598373475136
CS17_04105_40-671	0.15660662357733912	0.2778667247834523	0.15968186638336435	0.7263727317140998	0.6526168615919683	-1	0.19300569212881857	0.3542450748664534	0.1996508143243545	0.0742569259875665	0.20977554346035776	0.10931724999432646	0.972005808467989	0.5444590344452258	0.04077636496471304	0.33983224988159044	0.0	0.6169597496887178	0.019887744032340837	0.14327394957348927	0.23733608582157806	0.985197549514436	0.14235391183924717	-1	0.624192087229104
SL1344_3965_2-678	0.4603531261113787	0.3390930249052655	0.45727788330535346	0.10941298202538197	0.035657111903250494	-1	0.42395405755989923	0.2627146748222644	0.4173089353643633	0.6912166756762843	0.8267352931490756	0.5076424996943913	0.3550460587792712	0.072500715243492	0.5761833847240048	0.27712749980712736	0.6169597496887178	0.0	0.6368474937210586	0.7602336992622071	0.37962366386713975	0.36823779982571825	0.47460583784947064	-1	0.007232337540386213
t3602_2-678	0.17649436760967996	0.29775446881579315	0.17956961041570518	0.7462604757464406	0.6725046056243091	-1	0.2128934361611594	0.37413281889879424	0.21953855835669533	0.054369181955225665	0.18988779942801692	0.1292049940266673	0.9918935525003298	0.5643467784775666	0.06066410899705388	0.3597199939139313	0.019887744032340837	0.6368474937210586	0.0	0.12338620554114843	0.2572238298539189	1.005085293546777	0.162241655871588	-1	0.6440798312614449
ROD_00181_1-679	0.2998805731508284	0.4211406743569416	0.3029558159568536	0.869646681287589	0.7958908111654576	-1	0.33627964170230784	0.49751902443994267	0.34292476389784377	0.06901702358592277	0.06650159388686849	0.2525911995678157	1.1152797580414782	0.6877329840187151	0.1840503145382023	0.4831061994550797	0.14327394957348927	0.7602336992622071	0.12338620554114843	0.0	0.3806100353950673	1.1284714990879254	0.28562786141273644	-1	0.7674660368025933
SL1344_0042_1-679	0.08072946224423894	0.040530638961874255	0.07765421943821371	0.4890366458925217	0.41528077577039024	-1	0.044330393692759484	0.11690898904487534	0.03768527149722356	0.31159301180914456	0.4471116292819358	0.1280188358272516	0.734669722646411	0.30712294862364775	0.19655972085686502	0.10249616406001238	0.23733608582157806	0.37962366386713975	0.2572238298539189	0.3806100353950673	0.0	0.747861463692858	0.09498217398233089	-1	0.38685600140752596
ENC_00270_1-674	0.8285909259370969	0.7073308247309837	0.8255156831310717	0.2588248178003363	0.33258068792246775	-1	0.7921918573856175	0.6309524746479827	0.7855467351900816	1.0594544755020026	1.1949730929747937	0.8758802995201096	0.013191741046447047	0.44073851506921025	0.944421184549723	0.6453652996328456	0.985197549514436	0.36823779982571825	1.005085293546777	1.1284714990879254	0.747861463692858	0.0	0.8428436376751889	-1	0.36100546228533203
SEN0041_1-679	0.01425271173809195	0.13551281294420514	0.017327954544117175	0.5840188198748526	0.5102629497527211	-1	0.0506517802895714	0.21189116302720623	0.057296902485107326	0.21661083782681367	0.35212945529960493	0.03303666184492071	0.8296518966287418	0.40210512260597864	0.10157754687453413	0.19747833804234327	0.14235391183924717	0.47460583784947064	0.162241655871588	0.28562786141273644	0.09498217398233089	0.8428436376751889	0.0	-1	0.48183817538985685
b3656_40-671	-1	-1	-1	-1	-1	-1	-1	-1	-1	-1	-1	-1	-1	-1	-1	-1	-1	-1	-1	-1	-1	-1	-1	-1	-1
ENC_02800_39-671	0.4675854636517649	0.3463253624456517	0.4645102208457397	0.10218064448499575	0.02842477436286428	-1	0.43118639510028545	0.2699470123626506	0.4245412729047495	0.6984490132166705	0.8339676306894618	0.5148748372347776	0.347813721238885	0.07973305278387821	0.583415722264391	0.2843598373475136	0.624192087229104	0.007232337540386213	0.6440798312614449	0.7674660368025933	0.38685600140752596	0.36100546228533203	0.48183817538985685	-1	0.0
