t4566_1-394	0.0	0.273225756922868	0.29405644155581856	-1	0.4566956798209317	0.20840171125224735	0.4100885730881185	0.023619392738110024	0.46302282081286605	0.24037459593747537	0.28777801928141183	0.2846208690128276	0.160834093016236
ERS227112_05020_1-386	0.273225756922868	0.0	0.4869384046565529	-1	0.6051404139413218	0.4246867528741991	0.5712675692235665	0.2903917232020494	0.6097388170465772	0.4479238219402981	0.48237540906035237	0.48008087356362134	0.39011583313573994
STM_MW44621_1-395	0.29405644155581856	0.4869384046565529	0.0	-1	0.23038561131367402	0.10820479468073431	0.16436460131178396	0.2769791276130605	0.23934828391866056	0.07066883931375817	0.008815260472686019	0.01318961112266512	0.15875567325944775
b4332_1-392	-1	-1	-1	-1	-1	-1	-1	-1	-1	-1	-1	-1	-1
SL1344_4446_1-394	0.4566956798209317	0.6051404139413218	0.23038561131367402	-1	0.0	0.3136615782248168	0.07900695698809565	0.44355273329047146	0.011645666630902192	0.2847733668813042	0.23716996261347098	0.2405365258148543	0.35256626173973
NCTC13441_04061_1-393	0.20840171125224735	0.4246867528741991	0.10820479468073431	-1	0.3136615782248168	0.0	0.25478435805479593	0.18925234395256074	0.3216544466807901	0.0403902903021767	0.10027347097317717	0.09628514720661298	0.056684402738649005
STMMW_44621_1-394	0.4100885730881185	0.5712675692235665	0.16436460131178396	-1	0.07900695698809565	0.25478435805479593	0.0	0.395818165043038	0.08973253493639245	0.22341798502656976	0.17173094501141742	0.17538630726081475	0.2970264616299587
ROD_48201_1-397	0.023619392738110024	0.2903917232020494	0.2769791276130605	-1	0.44355273329047146	0.18925234395256074	0.395818165043038	0.0	0.45003293265624733	0.22199867714212612	0.27054882550780507	0.26731530136250486	0.1405340286949406
Ecoli9000q_39790_1-393	0.46302282081286605	0.6097388170465772	0.23934828391866056	-1	0.011645666630902192	0.3216544466807901	0.08973253493639245	0.45003293265624733	0.0	0.29310265781614714	0.24605362692491317	0.24938098425356128	0.3601060592211079
SEN4276_1-394	0.24037459593747537	0.4479238219402981	0.07066883931375817	-1	0.2847733668813042	0.0403902903021767	0.22341798502656976	0.22199867714212612	0.29310265781614714	0.0	0.06240368356616296	0.05824748993216972	0.09478519355860618
ETEC_4645_1-392	0.28777801928141183	0.48237540906035237	0.008815260472686019	-1	0.23716996261347098	0.10027347097317717	0.17173094501141742	0.27054882550780507	0.24605362692491317	0.06240368356616296	0.0	0.004413254639155548	0.15127393189918037
CS17_04797_1-393	0.2846208690128276	0.48008087356362134	0.01318961112266512	-1	0.2405365258148543	0.09628514720661298	0.17538630726081475	0.26731530136250486	0.24938098425356128	0.05824748993216972	0.004413254639155548	0.0	0.14751168388325223
BN373_22281_3-393	0.160834093016236	0.39011583313573994	0.15875567325944775	-1	0.35256626173973	0.056684402738649005	0.2970264616299587	0.1405340286949406	0.3601060592211079	0.09478519355860618	0.15127393189918037	0.14751168388325223	0.0
