t0193_1-298	0.0	0.23995889261790337	-1	0.08166626550512202	0.2218814860559455	0.0936289608604467	0.6191657280054258	0.43008839397773235	0.5818189483367172	0.6724753863322571	0.08039932725284527	0.541327171234225	0.8977314948594058
ROD_01481_1-298	0.23995889261790337	0.0	-1	0.15829262711278136	0.018077406561957887	0.14632993175745668	0.3792068353875224	0.19012950135982898	0.34186005571881384	0.43251649371435374	0.32035821987074864	0.30136827861632165	0.6577726022415025
b0144_11-308	-1	-1	-1	-1	-1	-1	-1	-1	-1	-1	-1	-1	-1
ERS227112_02485_1-293	0.08166626550512202	0.15829262711278136	-1	0.0	0.14021522055082347	0.011962695355324682	0.5374994625003038	0.34842212847261034	0.5001526828315952	0.5908091208271351	0.16206559275796728	0.459660905729103	0.8160652293542838
STM_MW01911_16-313	0.2218814860559455	0.018077406561957887	-1	0.14021522055082347	0.0	0.1282525251954988	0.3972842419494803	0.20820690792178687	0.3599374622807717	0.45059390027631163	0.30228081330879075	0.31944568517827954	0.6758500088034604
SEN0190_16-313	0.0936289608604467	0.14632993175745668	-1	0.011962695355324682	0.1282525251954988	0.0	0.5255367671449791	0.33645943311728566	0.4881899874762705	0.5788464254718104	0.17402828811329196	0.4476982103737783	0.8041025339989591
SL1344_0186_16-313	0.6191657280054258	0.3792068353875224	-1	0.5374994625003038	0.3972842419494803	0.5255367671449791	0.0	0.18907733402769344	0.037346779668708585	0.05330965832683132	0.6995650552582711	0.07783855677120077	0.27856576685398005
ETEC_0140_11-308	0.43008839397773235	0.19012950135982898	-1	0.34842212847261034	0.20820690792178687	0.33645943311728566	0.18907733402769344	0.0	0.15173055435898486	0.24238699235452477	0.5104877212305776	0.11123877725649267	0.4676431008816735
BN373_06341_1-293	0.5818189483367172	0.34186005571881384	-1	0.5001526828315952	0.3599374622807717	0.4881899874762705	0.037346779668708585	0.15173055435898486	0.0	0.0906564379955399	0.6622182755895625	0.04049177710249219	0.31591254652268863
STMMW_01911_16-313	0.6724753863322571	0.43251649371435374	-1	0.5908091208271351	0.45059390027631163	0.5788464254718104	0.05330965832683132	0.24238699235452477	0.0906564379955399	0.0	0.7528747135851024	0.1311482150980321	0.22525610852714872
Ecoli9000q_41970_5-302	0.08039932725284527	0.32035821987074864	-1	0.16206559275796728	0.30228081330879075	0.17402828811329196	0.6995650552582711	0.5104877212305776	0.6622182755895625	0.7528747135851024	0.0	0.6217264984870703	0.9781308221122511
NCTC13441_03836_11-308	0.541327171234225	0.30136827861632165	-1	0.459660905729103	0.31944568517827954	0.4476982103737783	0.07783855677120077	0.11123877725649267	0.04049177710249219	0.1311482150980321	0.6217264984870703	0.0	0.3564043236251808
CS17_00154_11-308	0.8977314948594058	0.6577726022415025	-1	0.8160652293542838	0.6758500088034604	0.8041025339989591	0.27856576685398005	0.4676431008816735	0.31591254652268863	0.22525610852714872	0.9781308221122511	0.3564043236251808	0.0
