STM_MW07381_1-554	0.0	0.33416875520219513	0.3412748884020823	-1	0.02187085246928544	0.5411813537316945	0.3436150878935976	0.15014214547016846	0.14245073287825127	0.06993788174432414	0.20219180777945056	0.21998065535612532	0.2468977958186117	1.0620438813585547
SL1344_0662_1-554	0.33416875520219513	0.0	0.007106133199887177	-1	0.3560396076714806	0.20701259852949938	0.009446332691402493	0.18402660973202667	0.19171802232394386	0.264230873457871	0.13197694742274457	0.11418809984606981	0.08727095938358342	0.7278751261563595
BN373_12681_1-554	0.3412748884020823	0.007106133199887177	0.0	-1	0.36314574087136775	0.1999064653296122	0.0023401994915153157	0.19113274293191385	0.19882415552383104	0.2713370066577582	0.13908308062263175	0.12129423304595699	0.0943770925834706	0.7207689929564723
b0674_1-554	-1	-1	-1	-1	-1	-1	-1	-1	-1	-1	-1	-1	-1	-1
Ecoli9000q_47710_1-554	0.02187085246928544	0.3560396076714806	0.36314574087136775	-1	0.0	0.56305220620098	0.36548594036288307	0.1720129979394539	0.1643215853475367	0.09180873421360958	0.224062660248736	0.24185150782541076	0.26876864828789715	1.08391473382784
ETEC_0691_1-554	0.5411813537316945	0.20701259852949938	0.1999064653296122	-1	0.56305220620098	0.0	0.1975662658380969	0.39103920826152605	0.39873062085344324	0.4712434719873704	0.33898954595224395	0.3212006983755692	0.2942835579130828	0.5208625276268601
ENC_20520_1-554	0.3436150878935976	0.009446332691402493	0.0023401994915153157	-1	0.36548594036288307	0.1975662658380969	0.0	0.19347294242342916	0.20116435501534635	0.2736772061492735	0.14142328011414707	0.1236344325374723	0.09671729207498592	0.718428793464957
SEN0644_1-554	0.15014214547016846	0.18402660973202667	0.19113274293191385	-1	0.1720129979394539	0.39103920826152605	0.19347294242342916	0.0	0.0076914125919171905	0.08020426372584433	0.052049662309282096	0.06983850988595686	0.09675565034844325	0.9119017358883862
STMMW_07381_1-554	0.14245073287825127	0.19171802232394386	0.19882415552383104	-1	0.1643215853475367	0.39873062085344324	0.20116435501534635	0.0076914125919171905	0.0	0.07251285113392714	0.05974107490119929	0.07752992247787405	0.10444706294036044	0.9195931484803034
ERS227112_03137_1-554	0.06993788174432414	0.264230873457871	0.2713370066577582	-1	0.09180873421360958	0.4712434719873704	0.2736772061492735	0.08020426372584433	0.07251285113392714	0.0	0.13225392603512642	0.15004277361180118	0.17695991407428757	0.9921059996142305
NCTC13441_03326_1-554	0.20219180777945056	0.13197694742274457	0.13908308062263175	-1	0.224062660248736	0.33898954595224395	0.14142328011414707	0.052049662309282096	0.05974107490119929	0.13225392603512642	0.0	0.01778884757667476	0.04470598803916115	0.8598520735791041
t2195_1-554	0.21998065535612532	0.11418809984606981	0.12129423304595699	-1	0.24185150782541076	0.3212006983755692	0.1236344325374723	0.06983850988595686	0.07752992247787405	0.15004277361180118	0.01778884757667476	0.0	0.02691714046248639	0.8420632260024293
ROD_06761_1-554	0.2468977958186117	0.08727095938358342	0.0943770925834706	-1	0.26876864828789715	0.2942835579130828	0.09671729207498592	0.09675565034844325	0.10444706294036044	0.17695991407428757	0.04470598803916115	0.02691714046248639	0.0	0.8151460855399429
CS17_00676_1-554	1.0620438813585547	0.7278751261563595	0.7207689929564723	-1	1.08391473382784	0.5208625276268601	0.718428793464957	0.9119017358883862	0.9195931484803034	0.9921059996142305	0.8598520735791041	0.8420632260024293	0.8151460855399429	0.0
