CS17_00312_1-567	0.0	0.13302864845063647	0.7195589257773138	0.4684935578035354	0.5549207807951885	-1	0.7520408716139975	0.26214066030345273	0.3811623203763386	0.7712277047743328	0.2897886743324003	0.8989292658520545	0.147682454538128	0.6601100938727823	0.5640771813535305	0.7116519588953623	0.7137405804072472	0.9496344247794785	0.8836776219340904	0.060139517168881634	0.8523874823109471	0.280621363730743	0.6601100938727823	0.6403795615596013	0.5759711255608333	0.2487856300953878	0.6967113818965671	-1	0.21718251692892865	0.8475344906114554	0.42455816850766986	0.3797763879257309	0.23478946887974772	0.9007036168717081	0.5181374960862369	0.8209899214836843	0.046539023379081175	0.6308748774599506	0.4068189622047365	0.5779333347078266	0.28271158381089373	0.43722592735009114	0.24399264892178216	0.7755759829579459	0.38719976115315496	0.7252240935166213	0.5515321869488536	0.6015572162010552	0.6774726457708669	0.6929879354331744	0.6859367938727517	0.4947705282790762	0.5595308890406158	0.6644945010006302	-1	0.5124587952784255	0.546182917611489	0.7578231356474504	0.8470770421989935	0.7025892404667483	0.5659819676475779	0.6625540778721358	0.6720692126191273	0.6785265505245418	0.8074887940202525	0.693293022751152	0.7095226131461425	0.44272342149795874	0.37186150110482036	0.3525977335578635	0.5747381233498896	0.48867824577085534	0.2263311778741166	0.9384652667349964	0.2887087343856687	0.7733201343038358	0.6467503506777573	0.4300179266624173	0.8850938690864012	0.765883803868102	0.5155187731803803	0.6949423927747086	0.6272072653898644	0.8106005492758593	0.4896126454413706	0.6669079837678736	0.9011888488247792	0.87509245933944
STMMW_07801_1-236	0.13302864845063647	0.0	0.6765278648233183	0.3869388633815754	0.4866275357202854	-1	0.7139938615700795	0.14892304298415437	0.2862074640439534	0.7361247348983002	0.18081338628043261	0.8834209066224367	0.016902295630996045	0.6079571654590421	0.49718890033974894	0.6674076477967452	0.6698167487527944	0.9563344891795033	0.8658290405351572	0.07755313965557177	0.8297377215230299	0.17023943757350657	0.6079571654590421	0.5851991674260961	0.6323791136315202	0.3487186624204948	0.6501745789391701	-1	0.09706649282920467	0.8241400836185951	0.33626199935677376	0.28460887321608935	0.11737506694685423	0.8854675152173836	0.5822390137209245	0.7935224985273077	0.17337664844938588	0.5742360784120649	0.31580087769314374	0.5131711508830153	0.1726503823831769	0.35087350736079576	0.1279903889244345	0.7411402157164869	0.2931712936630369	0.6830622995877234	0.4827189938287003	0.5404198961281844	0.6279838386207977	0.6458798044270266	0.6377467311163324	0.41724778930926754	0.4919450219753832	0.6130143188701815	-1	0.4376501555094177	0.4765489291226348	0.7206633599602159	0.8236124440239945	0.742153391842134	0.4993859582824866	0.7074440528179843	0.6217512991694271	0.6291994552058111	0.7779497492786688	0.646231704541641	0.6649515738498789	0.35721454058876007	0.27547952100996875	0.25325990843277046	0.6313101360382352	0.410220703007819	0.10761893026423457	0.9290233372128908	0.38333085010508583	0.7385382281766695	0.5925474945729745	0.342559506356273	0.8674625975722839	0.7299608623589358	0.4411796584122372	0.6481341549751057	0.5700057055588769	0.7815389742859841	0.41129847757193283	0.6157981280040475	0.8860272014771475	0.8559265650043248
NCTC13441_00209_1-912	0.7195589257773138	0.6765278648233183	0.0	0.4723656159956295	0.36990750832238706	-1	0.11582449513401541	0.6199261036147884	0.5468261169985108	0.18424112495015954	0.6051301012989745	0.6396008165776403	0.6709664423595612	0.1749061411734906	0.35667264426888845	0.027421607761442222	0.020325428516358417	0.9858754239813134	0.585216329710879	0.7016141444973615	0.47364159084685237	0.6101620758755483	0.1749061411734906	0.2201748169850898	0.8810848869508435	0.7893286351324322	0.0753326782377138	-1	0.6417542016020289	0.4563367373658026	0.5126508729902371	0.5478387653046906	0.6335112197003794	0.64592781780088	0.8648659617747909	0.361683808220719	0.732610379487018	0.24025470742035743	0.5272251532769319	0.33555265723590766	0.6090260655363064	0.5016808914060559	0.6290498051074225	0.19974626518564606	0.5423613496782991	0.020200920122025113	0.37466844651635517	0.29615722601667854	0.130489025053508	0.08654705599804184	0.10705530367329799	0.44492336666853266	0.36331273352662924	0.16412376232553808	-1	0.42478487662834424	0.38203940506893114	0.13644295856516558	0.4547055625682811	0.9165938071111098	0.35384925667104916	0.9053663031063969	0.14481626912031886	0.1276384576073818	0.3135413330114308	0.08563842681952065	0.034551097900852416	0.4967650085411603	0.55353624285735	0.5668209878784053	0.8807391024862875	0.4515369786183422	0.6375179324764677	0.7805787421276904	0.800524713385903	0.19170233417317642	0.20611082060307676	0.5079826413126688	0.5902664000553757	0.1651857817874548	0.42115182447079835	0.08069470296613664	0.24772923883302125	0.3246372656034446	0.4505328713224002	0.15806725902655286	0.6476580634662701	0.5546032584321932
ERS227112_03212_1-353	0.4684935578035354	0.3869388633815754	0.4723656159956295	0.0	0.16260804409912752	-1	0.5334786021382829	0.27966427528714016	0.14112139629297651	0.5695775684669792	0.25162212571469805	0.8098409988592651	0.37639856761549995	0.3605159239037374	0.17983530576787204	0.4574890947454338	0.4614187207030301	0.9732303723053621	0.7811458736319277	0.4344836793271476	0.7222752050209585	0.2611589844356645	0.3605159239037374	0.3233940176637227	0.7746259215582671	0.6007247229251407	0.4293792247369861	-1	0.3210340166250355	0.7131445693141989	0.07635070460888306	0.14304061978727278	0.3054114905889361	0.813179342252284	0.7438869749169159	0.6632024293505235	0.49322934854304895	0.30551147975811954	0.10397263511327189	0.20590489261433673	0.2590059588299025	0.05555982759869479	0.29695598668659773	0.5777586135840315	0.13265953812837517	0.4830243160405357	0.15623259203060433	0.25035192019052604	0.3931826058471084	0.4223737659733905	0.4091074327728302	0.04943866788697899	0.1712817080087801	0.3687649436328856	-1	0.08271816479439564	0.14616823737243942	0.5443576123898944	0.7122839054047052	0.8419242653295332	0.18341905592182303	0.8206453184961137	0.3830163449652841	0.3951654694024769	0.6378008040990251	0.42294777090307084	0.4534828483857091	0.046242991899725534	0.15383877420135725	0.1790167107115471	0.7739705729399081	0.03797637500668133	0.31300522006820203	0.8842257997650799	0.6219441100479063	0.5735143589992934	0.33538030534036606	0.06750323026094578	0.7838104643873249	0.5595233142153335	0.08847534412285195	0.4260509694583706	0.2986110703201271	0.6436553996571661	0.03973439635192386	0.3733057780906385	0.8140922793581183	0.7649933646253164
ETEC_0946_1-215	0.5549207807951885	0.4866275357202854	0.36990750832238706	0.16260804409912752	0.0	-1	0.4428876530586804	0.39679665857742585	0.28078196616036527	0.4859964578117195	0.37331438809929374	0.7729151805188283	0.47780117683295786	0.23633840570118578	0.020572518696112055	0.35214220601041135	0.35683490210082064	0.977583329106049	0.7386479236803423	0.5264411821378951	0.6683455184612287	0.38130047687679414	0.23633840570118578	0.19200802256527588	0.8112735596443207	0.6656500947874208	0.31857385153749673	-1	0.4314393471914792	0.657441860213238	0.22654350996596986	0.2823891084760649	0.41835716955799757	0.7769017764844267	0.7855330129939869	0.5978017602436279	0.5756343329833044	0.17065298353058028	0.249673892376798	0.0517043998453868	0.37949755055368045	0.20913339680151383	0.41127659860709104	0.495766130256508	0.27369607420135394	0.3826359564162543	0.007555935448924615	0.10478232501887726	0.27534843166713613	0.3102080454006811	0.29436560374946136	0.11905531225489906	0.010357949880616392	0.24618925233401956	-1	0.08709414733676149	0.01925415221857834	0.45587919205657756	0.656414069220706	0.8676286513638305	0.024852175466991294	0.8498098324554826	0.2632080464984163	0.2777163354204452	0.5674675480834798	0.3108935128518973	0.34735801106861164	0.20133155353274687	0.2914313961209947	0.3125151976208106	0.8107247759829961	0.1295515680223672	0.42471609753922224	0.8617443129002004	0.6834190388731711	0.49069770972197824	0.2063218544479196	0.21913470611696786	0.7418299350868534	0.4739898291585589	0.08132824438516001	0.31459930263580005	0.1624126256081437	0.5744590118978684	0.12795798087571106	0.25161184378089796	0.7779919912869467	0.7193588573204507
b2201_1-207	-1	-1	-1	-1	-1	-1	-1	-1	-1	-1	-1	-1	-1	-1	-1	-1	-1	-1	-1	-1	-1	-1	-1	-1	-1	-1	-1	-1	-1	-1	-1	-1	-1	-1	-1	-1	-1	-1	-1	-1	-1	-1	-1	-1	-1	-1	-1	-1	-1	-1	-1	-1	-1	-1	-1	-1	-1	-1	-1	-1	-1	-1	-1	-1	-1	-1	-1	-1	-1	-1	-1	-1	-1	-1	-1	-1	-1	-1	-1	-1	-1	-1	-1	-1	-1	-1	-1	-1
STM_MW35751_1-897	0.7520408716139975	0.7139938615700795	0.11582449513401541	0.5334786021382829	0.4428876530586804	-1	0.0	0.6639479707772237	0.5993147532050797	0.07737901518377181	0.6508657079596406	0.5923895409464146	0.709076588055414	0.27047222081024763	0.4311857104523456	0.14007000902072558	0.13379574115408407	0.9875113958676599	0.5308808398260364	0.7361745355660858	0.40469012514327873	0.6553148566213556	0.27047222081024763	0.31049767510058296	0.8948581698835665	0.8137295396074122	0.18243180394775277	-1	0.6832478403353561	0.38511838470734266	0.569097839580146	0.6002101120324478	0.675959597650864	0.599545361468946	0.8805177935276465	0.27806618904690056	0.7635806472870101	0.3282518223638394	0.5819840612106928	0.41251193525469676	0.6543104241061234	0.559398450574582	0.67201492415072	0.09491528501951743	0.5953671153056223	0.09759508553927132	0.4470971579899679	0.3776794599670216	0.23119969474017096	0.1923472820657487	0.21048017230793495	0.5092148374848389	0.43705671472416374	0.2609387055487029	-1	0.49140887788631665	0.453614378989538	0.023319423935268774	0.38327353061610797	0.9262542872935159	0.42868934029759365	0.9163272032717639	0.24386749299628163	0.22867929282933777	0.2236171854900951	0.19154389440309375	0.14637372956417566	0.5550519473606509	0.6052476821240331	0.6169937282600405	0.8945524357300428	0.5150624311695494	0.6795022349425149	0.7518351767666676	0.8236288377496938	0.08581762175221298	0.29806263399908317	0.5649703034798007	0.5365924551294508	0.0558274758594688	0.4881966221607141	0.18717277486910994	0.3348606199492681	0.23616665392814648	0.5141746240942203	0.2555836936866001	0.6015022644320657	0.4962575426297111
SEN2237_1-205	0.26214066030345273	0.14892304298415437	0.6199261036147884	0.27966427528714016	0.39679665857742585	-1	0.6639479707772237	0.0	0.16130670667099622	0.6899513458489902	0.037470575408475676	0.8630216781026151	0.13429056620358518	0.5393567746028651	0.409206070596399	0.6092100138988225	0.612040663860838	0.9628372899243491	0.8423515542762549	0.2149267330892433	0.7999449085380418	0.025046377314801773	0.5393567746028651	0.5126165393687413	0.6871263346940463	0.445709461051625	0.588961470314703	-1	0.057431194814593044	0.793367785449124	0.22011987850016657	0.1594283914203175	0.035743354686537644	0.8654264061099659	0.6444532510376658	0.7573926778646787	0.29647991336406376	0.4997351084668034	0.19607843137254904	0.427984925330412	0.02787919377140504	0.23728813559322043	0.02400507264352376	0.6958444449122907	0.16948908026445006	0.6276039460361329	0.3922041926912741	0.4600017071508388	0.5628877526145077	0.5839151880992823	0.5743589743589744	0.31527671394834555	0.40304460855570123	0.5452988382076318	-1	0.3392491244712289	0.3849544784848176	0.6717845105109769	0.7927478184881447	0.7805526933521463	0.4117875738607351	0.7510123747154417	0.5555646317145788	0.5643160800706708	0.7390949797302561	0.5843286643562924	0.6063241715239119	0.24473873471435986	0.14870156803394471	0.12259392595289535	0.686216552496835	0.3070200148995453	0.046285285648372136	0.916603707570727	0.4751670964218881	0.6927871567101275	0.521250690588913	0.2275193350917072	0.844270954189107	0.6827089073261837	0.3433962264150944	0.5865640091365522	0.4947644970334717	0.7433122540645305	0.30828638047933127	0.5485697634875583	0.8660840273217143	0.8307163249950464
t3699_1-205	0.3811623203763386	0.2862074640439534	0.5468261169985108	0.14112139629297651	0.28078196616036527	-1	0.5993147532050797	0.16130670667099622	0.0	0.6303193830007372	0.1286569824242763	0.8366765026179233	0.2739353039032977	0.450760809629566	0.2955780926081121	0.5340489911991249	0.537424062854676	0.9688318842976213	0.8120308735294696	0.34156431627005746	0.7614681158735814	0.13976083188542743	0.450760809629566	0.4188775986311992	0.7375949552486332	0.5351202424282789	0.5099060252958834	-1	0.20947386458986686	0.7536260082268023	0.07012476705963001	0.002234568990323745	0.19128441852767517	0.8395437343300141	0.7018053261803595	0.7107317727886601	0.40996242161620056	0.40351866944409676	0.04145940474083715	0.31796870295802265	0.13725404501651578	0.09059501193890923	0.18143960010299515	0.6373459076077352	0.009756097560975768	0.5559806464104119	0.27530622678975103	0.3561433039415877	0.47881752380482995	0.5038891866546793	0.4924950169190699	0.1835832103368803	0.28823159050811165	0.4578457161764885	-1	0.21216625817279453	0.26666216791373404	0.6086585023396982	0.7528868024099553	0.8159510156753318	0.29865609893637235	0.7911757485519259	0.4700859398537274	0.4805205628866064	0.688914860360764	0.5043821872072041	0.5306081119195782	0.09947859212299054	0.014806956249103167	0.044121851743668825	0.7368319270214421	0.1737384922325693	0.20012586532410312	0.9005640165569344	0.5598261636506499	0.6337006081562182	0.4291723646545453	0.0789473684210528	0.8143194335169158	0.6216839991477684	0.21711097631571	0.5070474580494055	0.3975920554209871	0.6939432472190096	0.17524841915085834	0.46174574173522803	0.8403278364767454	0.7981578291475061
SL1344_2224_1-205	0.7712277047743328	0.7361247348983002	0.18424112495015954	0.5695775684669792	0.4859964578117195	-1	0.07737901518377181	0.6899513458489902	0.6303193830007372	0.0	0.6778813756446069	0.5582037849109023	0.7315879551655888	0.3269223619131548	0.4751999999999999	0.2066105448496916	0.20082177365157003	0.9884777517564404	0.49153642948257364	0.7565890901843834	0.3547622646201812	0.6819862535644722	0.3269223619131548	0.3638506859682209	0.9029939411525955	0.8281429643904183	0.24569442580384854	-1	0.7077578105075392	0.33354906791423977	0.602440624393994	0.6311454598438074	0.7010335248643933	0.5659597547406552	0.8897632089964613	0.217518544630873	0.7818745439703261	0.3802310348008189	0.6143297228853292	0.45797118313690827	0.6810595430480872	0.5934917645575648	0.697394086314912	0.019007013848962667	0.6266772094342419	0.16742228911723833	0.48988023539701275	0.4258340104834065	0.2906887052341597	0.25484265398999767	0.27157243904280814	0.5471913100270694	0.4806167117431251	0.31812654067378787	-1	0.530763158046683	0.4958931602539011	0.05535032903625611	0.3315494883234914	0.931960657916769	0.47289679650935684	0.9228017218802668	0.3023762817366658	0.2883633295410541	0.15850297436650185	0.2541014316734898	0.2124264897054958	0.5894815894818208	0.6357932277227867	0.6466303763764867	0.9027118644067796	0.5525864226712622	0.7043020363712629	0.7310219176482713	0.8372762645914397	0.009146341463414703	0.3523778561009249	0.5986324729722289	0.4977270704905407	0.022825848849945207	0.5277994635056459	0.25006854506429615	0.3863284501375382	0.17210495030741438	0.5517673132330952	0.313185894355872	0.5680807805956106	0.4540093216385854
BN373_26661_1-207	0.2897886743324003	0.18081338628043261	0.6051301012989745	0.25162212571469805	0.37331438809929374	-1	0.6508657079596406	0.037470575408475676	0.1286569824242763	0.6778813756446069	0.0	0.8576892109500805	0.1667291968244825	0.5214242664917788	0.3862068895667054	0.5939968419489929	0.5969376870698752	0.9642297980546222	0.8362144141300952	0.24434388013820116	0.7921569082972637	0.012743373432938705	0.5214242664917788	0.49364305321045826	0.6988498909632191	0.46647904648949473	0.5729600371856347	-1	0.09274979030696966	0.7853237425561654	0.18975970856080904	0.12670554571731454	0.07187460602787951	0.8601875532821824	0.6577757923058973	0.7479481500128909	0.3228412158217329	0.48026015750583656	0.16478234525805063	0.40571679155435875	0.009866450317302659	0.2075963135044342	0.060576164167324344	0.6840038887987387	0.1371578899128201	0.6131068365812261	0.3685431408326445	0.4389799635701275	0.5458712884845128	0.5677173068477417	0.5577890766075458	0.2886209308954524	0.37980556625826467	0.5275976503416162	-1	0.31352657004830914	0.3610112004875137	0.6590073185260696	0.7846796407291045	0.7887755102040815	0.3888888888888889	0.7603420843044439	0.5382630837763434	0.5473552196970772	0.7289381357037826	0.5681468794368452	0.590998655814439	0.2153369590689075	0.11556113484288852	0.08843714110926437	0.6979741988284338	0.28004280451525965	0.08202152477065765	0.9133571501311094	0.49483288731226094	0.6808275825746868	0.5026133257024766	0.19744722065393885	0.8382085348954597	0.6703569942202365	0.3178351156760186	0.5704692445751456	0.4750960437589336	0.7333195854823846	0.2813584687925605	0.5309959103805907	0.860870775212803	0.8241262337753532
BN373_01481_1-707	0.8989292658520545	0.8834209066224367	0.6396008165776403	0.8098409988592651	0.7729151805188283	-1	0.5923895409464146	0.8630216781026151	0.8366765026179233	0.5582037849109023	0.8576892109500805	0.0	0.881416574507832	0.7026368470321223	0.7681453463212415	0.6494835416229924	0.6469260844176454	0.9949095143366783	0.1311153036204465	0.8924619813320669	0.3152969969602992	0.8595027304784798	0.7026368470321223	0.7189516408292341	0.9571430903605064	0.9240742121312545	0.6667506522995317	-1	0.87088850679288	0.33709115882480833	0.8243597725840817	0.8370414602405645	0.8679177428465601	0.01755553706631168	0.9512978029710687	0.4353908171782995	0.9036329991115067	0.7261884169453151	0.829612331298375	0.7605337202406643	0.8590933132798576	0.8204062001789844	0.8663098526703499	0.5496438595116754	0.8350674041215481	0.6321703185644509	0.7746310187562587	0.7463356389986825	0.6866289546525045	0.6707923048869437	0.6781834606025297	0.7999508346105065	0.7705384290675829	0.6987508864999696	-1	0.7926929392446633	0.7772875061996471	0.5826573507830564	0.33907416125533385	0.9699404761904762	0.7671277997364954	0.9658940929153064	0.6917924817148758	0.6856016124726302	0.47498778767934036	0.6704648356729711	0.6520530040474536	0.818634520008676	0.8390948264981102	0.8438826377556728	0.9570184699218403	0.8023343749566902	0.8693617588592703	0.39117160092129016	0.9281092695913383	0.5541256660023876	0.7138829880175016	0.8226773456994596	0.12040607977703613	0.5682881585390039	0.7913835902137529	0.6686831216331459	0.7288822319629038	0.46636205246891416	0.8019724955071643	0.6965681276566206	0.022356451566060642	0.1908356083752517
STM_MW30351_1-226	0.147682454538128	0.016902295630996045	0.6709664423595612	0.37639856761549995	0.47780117683295786	-1	0.709076588055414	0.13429056620358518	0.2739353039032977	0.7315879551655888	0.1667291968244825	0.881416574507832	0.0	0.601216814159292	0.48854412188564955	0.6616894223990407	0.664139942774933	0.9570725365522698	0.8635222533136119	0.09314460919299741	0.8268104200423781	0.15597345132743357	0.601216814159292	0.5780675402551758	0.6385927505330491	0.35972681212721414	0.6441600671976306	-1	0.08154245182543844	0.8211165425370618	0.3248504215873	0.27230922867114143	0.10220018912600971	0.8834983702295099	0.5893001334141098	0.7899725525193665	0.18734848071277915	0.5669159640025715	0.3040375140068038	0.5048011535847771	0.15842584725812875	0.33971314371459893	0.11299801922001208	0.7366896666189848	0.28101886191399733	0.6776132229749214	0.47382543579092806	0.532518383646522	0.621587803810427	0.6397914530781419	0.6315185486917824	0.40722859172500164	0.48321008607103894	0.6063609146781568	-1	0.4279817336655022	0.4675492898100708	0.7158607544312446	0.8205798312902999	0.7465115914406678	0.49077895361496154	0.7123889199258608	0.6152481089625269	0.6228243203637778	0.7741320626276378	0.6401494033744862	0.6591911214306312	0.3461631976612046	0.2630229164708905	0.2404212844271458	0.6375418411150685	0.4000806894664374	0.09227631620955164	0.9278030429003339	0.3937539743831247	0.7340429433805377	0.5855422064193032	0.3312562009635638	0.865183895925396	0.7253181078127047	0.431571918941222	0.6420845624385447	0.5626128587929999	0.7777829968037266	0.4011769940954931	0.6091925855502324	0.8840676791163852	0.8534495255604855
STM_MW22791_1-206	0.6601100938727823	0.6079571654590421	0.1749061411734906	0.3605159239037374	0.23633840570118578	-1	0.27047222081024763	0.5393567746028651	0.450760809629566	0.3269223619131548	0.5214242664917788	0.7026368470321223	0.601216814159292	0.0	0.2202979711349633	0.15164282343615218	0.15778781766585162	0.9828812493662537	0.6577645409029266	0.6383613181571632	0.5657049090660468	0.5275229357798166	0.0	0.05486488031311085	0.8558768656716418	0.7446698183317042	0.10768571635688795	-1	0.5658120654206704	0.55142678073094	0.4093409836998476	0.4519881224926383	0.5558217087921855	0.7078572168862052	0.836219798778525	0.4733292301733908	0.6759282381603504	0.079201372726018	0.42700476840844187	0.1947008989872943	0.5261461101895042	0.3960455489237564	0.5504145486912704	0.33971555790169855	0.4453495860791183	0.19157379630881838	0.24210858341253047	0.1469542931947614	0.05108287002670199	0.09673085598513254	0.0759854868720425	0.3272563752675052	0.22834564860426926	0.012899492008470995	-1	0.3028488611104729	0.2510420622812974	0.2874843883657286	0.5500809084228324	0.8989130848610186	0.21687607244109242	0.8853055372049478	0.03518527185055299	0.05418359392192844	0.4336071695294996	0.09762846227610444	0.14537801324075078	0.39008758085466033	0.4588933702916739	0.474994259758903	0.8554577806659095	0.33527196268105797	0.560677777872359	0.8189568676335695	0.7582392785012351	0.33307855982248574	0.03781955118896054	0.40368316474067156	0.6619313229308127	0.31119991529177543	0.29844566246988063	0.10248112189859773	0.08826038017432755	0.4427623553691231	0.33405500137998845	0.02000027000668549	0.7092848319589797	0.6325058837910646
SL1344_3050_1-225	0.5640771813535305	0.49718890033974894	0.35667264426888845	0.17983530576787204	0.020572518696112055	-1	0.4311857104523456	0.409206070596399	0.2955780926081121	0.4751999999999999	0.3862068895667054	0.7681453463212415	0.48854412188564955	0.2202979711349633	0.0	0.3385341882309537	0.34332545269921433	0.9780444964871194	0.7331583181924546	0.536183479772072	0.661379236472671	0.3940286843835219	0.2202979711349633	0.17503644439395954	0.8151561378669884	0.6725285144634497	0.30426074265821373	-1	0.44313607185125614	0.6502465508413929	0.24245545806782415	0.2971521719584747	0.4303230275617252	0.7722156792878958	0.789945139093867	0.589353732222282	0.5843646036019934	0.1532328505165791	0.2651099902540573	0.03178579501141793	0.3922628487958982	0.2254035147819453	0.4233881217890853	0.48517488086793553	0.2886379752939062	0.36966844879432625	0.027973009521747052	0.08597860273499651	0.2601273885350318	0.2957192158004228	0.27954400941339247	0.13717856331377576	0.01032147816906471	0.23035573122529648	-1	0.10587492005846608	0.0394305645081959	0.44445013201074607	0.6491971714721683	0.8703518634084776	0.00436954940776405	0.8528996224852644	0.24773199898300735	0.26254502924709017	0.5583823609475401	0.29641908124661565	0.3336495030111449	0.21776217507968923	0.3060084369717736	0.32665849157104937	0.8146186440677966	0.14745888466322846	0.4365511363781689	0.8588403023818127	0.6899319066147861	0.4799999999999999	0.18965093311913606	0.23519907197452158	0.7364071665934357	0.46294117647058813	0.10022763625313638	0.3002027097996651	0.1448194068673705	0.565520677921331	0.1458980816179408	0.23589222223702452	0.7733287936565764	0.7134640919959295
ROD_26321_1-595	0.7116519588953623	0.6674076477967452	0.027421607761442222	0.4574890947454338	0.35214220601041135	-1	0.14007000902072558	0.6092100138988225	0.5340489911991249	0.2066105448496916	0.5939968419489929	0.6494835416229924	0.6616894223990407	0.15164282343615218	0.3385341882309537	0.0	0.0072434045464068635	0.9854771850460544	0.5965903648233987	0.6932012289355394	0.4880751846845867	0.5991706918069893	0.15164282343615218	0.19818783839109633	0.8777321046836618	0.7833888079883503	0.04926191128511084	-1	0.6316535497221912	0.4712448581080635	0.49891018461962294	0.5350901908744015	0.623178158979984	0.6556370463003822	0.8610558909146905	0.379187464459468	0.7250713951216432	0.21883387638197774	0.5138953831424377	0.3168187283754561	0.5980026519365712	0.48763090711178936	0.6185909559035428	0.22169050921135447	0.5294583408661113	0.04706858617546094	0.3570373776818794	0.2763125526947958	0.1059733776881864	0.060792475658966824	0.08187894831651052	0.4292731179706119	0.34536149316671055	0.14055643807739973	-1	0.40856682817340984	0.36461615859187924	0.16012308103502312	0.46965841274603	0.9142421900851444	0.3356311959165339	0.9026981293756823	0.12070457486585988	0.10304243919636455	0.3323651333220338	0.059858227904983914	0.007330504354513196	0.4825764221426335	0.5409483074006649	0.5546076125292501	0.8773765709114585	0.43607319907727427	0.6272978400340389	0.7865956257955872	0.7949005569052691	0.2138671557199689	0.18372731110173066	0.49411033330190696	0.6015019541197408	0.18807772983295426	0.40483134300682727	0.054775116977539624	0.2265191503632965	0.343156797602762	0.4350407812239115	0.13432917316249132	0.657319845847805	0.56681675317769
CS17_03290_1-226	0.7137405804072472	0.6698167487527944	0.020325428516358417	0.4614187207030301	0.35683490210082064	-1	0.13379574115408407	0.612040663860838	0.537424062854676	0.20082177365157003	0.5969376870698752	0.6469260844176454	0.664139942774933	0.15778781766585162	0.34332545269921433	0.0072434045464068635	0.0	0.9855823796699184	0.5936469855510933	0.6954234965486997	0.4843400510660788	0.6020740606402877	0.15778781766585162	0.20399568824785858	0.8786177405124758	0.78495781048137	0.05614849187935045	-1	0.6343216320747863	0.46738692614744415	0.5025397808665074	0.5384577206994909	0.6259076320164138	0.6531244866297993	0.8620623193061355	0.3746578583475629	0.7270628142281563	0.22449217863329154	0.5174164355342131	0.32176728670436133	0.6009144813551773	0.4913422037286542	0.6213536559075918	0.21601176526756405	0.5328666644591555	0.04011575628047864	0.36169461606354814	0.28155451364078393	0.11244917418884857	0.0675955357107982	0.08852927051642656	0.43340712366266015	0.3501033047033598	0.14678173548121	-1	0.4128508178991144	0.3692185007974483	0.15399512548064728	0.46578890567666736	0.9148633685953715	0.34044348793252294	0.9034029261877363	0.12707366734591127	0.10953946567022362	0.32749389957674163	0.06666805509124396	0.014520811092351123	0.48632433043890366	0.5442734045178748	0.5578337697735907	0.8782647820152144	0.44015794903091865	0.629997472553992	0.7850385732195436	0.7963861751438469	0.2081313305998789	0.18963990440760412	0.49777469681364817	0.5985944110518003	0.18215373850417352	0.40914239036277045	0.06162176319260141	0.23212178506611364	0.33836430258403416	0.43913300939772865	0.14059957716529792	0.6548195643106017	0.5636561380643486
SL1344_2730_1-427	0.9496344247794785	0.9563344891795033	0.9858754239813134	0.9732303723053621	0.977583329106049	-1	0.9875113958676599	0.9628372899243491	0.9688318842976213	0.9884777517564404	0.9642297980546222	0.9949095143366783	0.9570725365522698	0.9828812493662537	0.9780444964871194	0.9854771850460544	0.9855823796699184	0.0	0.9941413565176914	0.9526633861551735	0.9925654106368413	0.9637680811829445	0.9828812493662537	0.9818875097568931	0.8812213548260444	0.9329544571585913	0.9847246942913835	-1	0.9605729471724446	0.992320986918356	0.9710175411509383	0.9687620810125297	0.9614597314353277	0.9949988805464263	0.8954772890369255	0.9909840544252551	0.9471760497225403	0.9814088008749249	0.9701240958215355	0.9787423696211522	0.9638733563196188	0.9716555601117917	0.9619232548920028	0.9886967552883769	0.9691359634752056	0.9861607534132244	0.9774126606277896	0.9799322000015002	0.9837557242798969	0.984537160768452	0.9841820259677999	0.9745538270384153	0.9778155198596588	0.9831020725532487	-1	0.9754447067804918	0.9771432416006037	0.9878026229217817	0.9922979472659287	0.8306531502102884	0.9781404321444913	0.8507447507353868	0.9834835772610439	0.9838088047990433	0.9903040623744337	0.9845525266667144	0.9853699393225516	0.9719324445668205	0.9683634431849892	0.9673932124515723	0.8815657410505184	0.9742469857254829	0.9610337247434465	0.9969007677630668	0.9291913486706158	0.9885831381733021	0.9822083782154377	0.9712925250109671	0.994212686620172	0.9882086031133765	0.9755988243276859	0.9846355981367023	0.9812240794833292	0.9904607877178279	0.9742940473023742	0.9832236290011057	0.995023319532858	0.9937089598652502
ERS227112_04089_1-247	0.8836776219340904	0.8658290405351572	0.585216329710879	0.7811458736319277	0.7386479236803423	-1	0.5308808398260364	0.8423515542762549	0.8120308735294696	0.49153642948257364	0.8362144141300952	0.1311153036204465	0.8635222533136119	0.6577645409029266	0.7331583181924546	0.5965903648233987	0.5936469855510933	0.9941413565176914	0.0	0.8762344196922563	0.21197483867226147	0.8383015950137681	0.6577645409029266	0.67654124840519	0.9506759529566251	0.9126169580554117	0.6164630944830274	-1	0.8514054928748331	0.23705775468553736	0.7978555403866916	0.8124509035106189	0.8479864385875401	0.14636904111408872	0.9439486076439574	0.35019089969670364	0.8890911518064102	0.6848700590589338	0.8039007138558293	0.7243980924544561	0.837830396475771	0.7933053711622008	0.8461359166679919	0.4816848054006969	0.8101789609534052	0.5766645643913255	0.740622683098456	0.7080575109007217	0.6393410464550221	0.621114635250465	0.629621121492406	0.7697632767350453	0.7359125187858276	0.653292186229925	-1	0.761410159922095	0.7436800363404424	0.5196800554136628	0.23933999355887495	0.9654044731887038	0.7319872231219741	0.9607474878694431	0.645283753334182	0.6381586776273113	0.3957630805234951	0.6207377507048661	0.5995475609107134	0.7912663432247881	0.8148141241613008	0.8203244194599894	0.9505325272072876	0.7725064949734554	0.8496483576186002	0.47099832131924557	0.9172609084862304	0.4868429196008743	0.6707077323669258	0.7959192341177098	0.01217519084340162	0.5031425420889079	0.7599032292138364	0.6186871747800636	0.6879703726319698	0.3858357158842424	0.7720900076638804	0.6507800475624538	0.1505404822515473	0.06873214018344005
ERS227112_05519_1-211	0.060139517168881634	0.07755313965557177	0.7016141444973615	0.4344836793271476	0.5264411821378951	-1	0.7361745355660858	0.2149267330892433	0.34156431627005746	0.7565890901843834	0.24434388013820116	0.8924619813320669	0.09314460919299741	0.6383613181571632	0.536183479772072	0.6932012289355394	0.6954234965486997	0.9526633861551735	0.8762344196922563	0.0	0.8429420957838302	0.2345899743520542	0.6383613181571632	0.6173682743239476	0.6014720173352691	0.2939632995917768	0.6773046386737698	-1	0.16709182121051658	0.8377785722735394	0.3877369652153679	0.3400897011799188	0.18582540164341452	0.8943498690048295	0.5471164744133991	0.8095354770347529	0.10387970615243357	0.607255407283278	0.368862667777627	0.5509262566069462	0.23681394282219825	0.40121530489857543	0.19561747207317867	0.7612156047182373	0.34798807903815454	0.7076418133299124	0.5228357599414778	0.5760617761066775	0.6568348599383687	0.6733429374091559	0.6658406094687549	0.4624420528895591	0.5313462806388348	0.6430262734435489	-1	0.4812621515344849	0.5171442031252457	0.7423267934161395	0.8372918527861065	0.7204753799459084	0.5382101489733452	0.6828479126995136	0.6510856734894791	0.657956201640597	0.7951704433834149	0.6736675465650368	0.6909356312344788	0.4070645710910508	0.3316683589004044	0.3111719470404983	0.6003131672819597	0.45595993919341854	0.17682588399144092	0.9345278002543058	0.3314854476661573	0.7588154094814774	0.6241467156293692	0.39354608077505304	0.8777412892523474	0.7509032453128833	0.48451793040576735	0.6754224559943471	0.6033531131267683	0.7984813127224826	0.45695412895624443	0.6455941894388818	0.8948661498379267	0.8670999122292024
STM_MW37411_1-397	0.8523874823109471	0.8297377215230299	0.47364159084685237	0.7222752050209585	0.6683455184612287	-1	0.40469012514327873	0.7999449085380418	0.7614681158735814	0.3547622646201812	0.7921569082972637	0.3152969969602992	0.8268104200423781	0.5657049090660468	0.661379236472671	0.4880751846845867	0.4843400510660788	0.9925654106368413	0.21197483867226147	0.8429420957838302	0.0	0.7948055304302881	0.5657049090660468	0.5895324572507096	0.9374080302711792	0.8891113555341847	0.5132935795213014	-1	0.8114343114694447	0.03183009533732888	0.743479688804966	0.7620011318250538	0.8070955486290142	0.3273173259095776	0.9288710626173383	0.1753954921839841	0.859257224722723	0.6001016764361867	0.7511509837912227	0.6502625536966562	0.7942075818353432	0.737705546749877	0.8047472455412928	0.34226060278837145	0.7591180480496759	0.4627894433022934	0.6708514783150822	0.6295264371922005	0.5423255864859621	0.5191963615588701	0.5299910501797366	0.7078307463215638	0.6648743032910104	0.560029513288752	-1	0.6972306827412637	0.6747312443327499	0.3904763855800629	0.0347262450865225	0.9560984489974833	0.6598931226682496	0.9501887578508019	0.5498668518805175	0.5408251663398354	0.23322636239377184	0.5187180969499535	0.4918278517724397	0.7351180304655273	0.7650000470458574	0.7719925843011454	0.9372260237105057	0.7113118765862217	0.8092045155917696	0.583133366814954	0.8950045054724357	0.3488062239859059	0.5821297544887376	0.7410225258056027	0.22156919540082903	0.3694903636402419	0.6953183951872475	0.5161159263271938	0.6040359588997215	0.2206285861723551	0.7107833562673107	0.5568416218472673	0.3306045264848926	0.15381471289800253
STM_MW30361_1-218	0.280621363730743	0.17023943757350657	0.6101620758755483	0.2611589844356645	0.38130047687679414	-1	0.6553148566213556	0.025046377314801773	0.13976083188542743	0.6819862535644722	0.012743373432938705	0.8595027304784798	0.15597345132743357	0.5275229357798166	0.3940286843835219	0.5991706918069893	0.6020740606402877	0.9637680811829445	0.8383015950137681	0.2345899743520542	0.7948055304302881	0.0	0.5275229357798166	0.5000957488737601	0.6949626865671642	0.45959243103215086	0.5784019669025663	-1	0.08103912875442863	0.7880594422719579	0.20008490316503175	0.1378342630651532	0.059894490453363605	0.8619692355012805	0.6533584090652277	0.7511601408617397	0.31410054290248945	0.48688339640671646	0.17542583573021056	0.4132899644045065	0.0029055909847292808	0.2176942095910845	0.04845020985142661	0.6880307452471328	0.14815340913532585	0.6180371606413224	0.3765900313958047	0.44612925139771425	0.5516584202419739	0.5732260466351773	0.5634243355404605	0.29768630002542795	0.3877089355284655	0.5336176498939106	-1	0.32227455731797383	0.3691540733791665	0.663352715603991	0.787423548475008	0.7860490533951654	0.3966765059867959	0.7572486127250352	0.5441471697275548	0.5531234411649478	0.7323923782639379	0.5736501450203613	0.5962107126779694	0.22533621321851768	0.1268318695801901	0.10005352702770623	0.6940756911181386	0.28921748791305296	0.0701723842347014	0.9144612723222828	0.48831225935212846	0.6848949158794313	0.5089517098336175	0.20767445042078858	0.8402703039535491	0.6745577581424443	0.3265281975397965	0.5759429153924568	0.4817850908897404	0.7367179935918334	0.29051638618915576	0.5369726046361862	0.8626437508797015	0.8263674588554113
STM_MW38031_1-206	0.6601100938727823	0.6079571654590421	0.1749061411734906	0.3605159239037374	0.23633840570118578	-1	0.27047222081024763	0.5393567746028651	0.450760809629566	0.3269223619131548	0.5214242664917788	0.7026368470321223	0.601216814159292	0.0	0.2202979711349633	0.15164282343615218	0.15778781766585162	0.9828812493662537	0.6577645409029266	0.6383613181571632	0.5657049090660468	0.5275229357798166	0.0	0.05486488031311085	0.8558768656716418	0.7446698183317042	0.10768571635688795	-1	0.5658120654206704	0.55142678073094	0.4093409836998476	0.4519881224926383	0.5558217087921855	0.7078572168862052	0.836219798778525	0.4733292301733908	0.6759282381603504	0.079201372726018	0.42700476840844187	0.1947008989872943	0.5261461101895042	0.3960455489237564	0.5504145486912704	0.33971555790169855	0.4453495860791183	0.19157379630881838	0.24210858341253047	0.1469542931947614	0.05108287002670199	0.09673085598513254	0.0759854868720425	0.3272563752675052	0.22834564860426926	0.012899492008470995	-1	0.3028488611104729	0.2510420622812974	0.2874843883657286	0.5500809084228324	0.8989130848610186	0.21687607244109242	0.8853055372049478	0.03518527185055299	0.05418359392192844	0.4336071695294996	0.09762846227610444	0.14537801324075078	0.39008758085466033	0.4588933702916739	0.474994259758903	0.8554577806659095	0.33527196268105797	0.560677777872359	0.8189568676335695	0.7582392785012351	0.33307855982248574	0.03781955118896054	0.40368316474067156	0.6619313229308127	0.31119991529177543	0.29844566246988063	0.10248112189859773	0.08826038017432755	0.4427623553691231	0.33405500137998845	0.02000027000668549	0.7092848319589797	0.6325058837910646
ERS227112_02220_1-915	0.6403795615596013	0.5851991674260961	0.2201748169850898	0.3233940176637227	0.19200802256527588	-1	0.31049767510058296	0.5126165393687413	0.4188775986311992	0.3638506859682209	0.49364305321045826	0.7189516408292341	0.5780675402551758	0.05486488031311085	0.17503644439395954	0.19818783839109633	0.20399568824785858	0.9818875097568931	0.67654124840519	0.6173682743239476	0.5895324572507096	0.5000957488737601	0.05486488031311085	0.0	0.8475105502627981	0.7298479589321756	0.15664243273064654	-1	0.5406075538456657	0.5760376967178038	0.375053361157683	0.42017615672888037	0.5300372592704365	0.7238855957160826	0.8267123950745442	0.5022249589243417	0.6571159455517745	0.02574922030298642	0.39374252458062936	0.14795346798721148	0.4986389988687783	0.36098612939457186	0.5243162147464466	0.37594198479003105	0.41315225477534884	0.23592800321631763	0.19811315779002162	0.0974351825082519	0.10314509478974764	0.14628860946203434	0.12668143254238529	0.2882037597382203	0.18355128772342127	0.06705664323643716	-1	0.26237939489489703	0.20756522309019418	0.3265764721192659	0.5747656655327973	0.8930450122597601	0.17141590525347716	0.8786475495344529	0.08811971643479899	0.10607569783957849	0.4646822443834677	0.14713696869128376	0.19226674625725	0.354682302624205	0.4274822526036408	0.4445177950693182	0.8470671374671006	0.2966846501914375	0.5351752220643512	0.8288897774223644	0.744205123200948	0.36966912481607256	0.017715314362511853	0.3690671070853019	0.6804794204358253	0.34899084949895276	0.2577205915673358	0.1517233877243887	0.03533410108840331	0.473335132047756	0.29539704456159627	0.07376783789964964	0.7252348848587562	0.6526684044926403
STM_MW27131_1-268	0.5759711255608333	0.6323791136315202	0.8810848869508435	0.7746259215582671	0.8112735596443207	-1	0.8948581698835665	0.6871263346940463	0.7375949552486332	0.9029939411525955	0.6988498909632191	0.9571430903605064	0.6385927505330491	0.8558768656716418	0.8151561378669884	0.8777321046836618	0.8786177405124758	0.8812213548260444	0.9506759529566251	0.6014720173352691	0.9374080302711792	0.6949626865671642	0.8558768656716418	0.8475105502627981	0.0	0.43554211497177675	0.871396868635391	-1	0.6680627837620722	0.9353502216631812	0.7559960478870946	0.7370072798715532	0.6755286397800825	0.9578954664262301	0.12002102052942992	0.9240945578934597	0.5552740124279318	0.8434802897621234	0.7484741122050176	0.8210315469778672	0.6958490002350807	0.7613675434107133	0.6794310538545673	0.9048377366565414	0.7401550044657197	0.8834870816508511	0.8098366980097278	0.8310487548573251	0.8632390890103782	0.8698180198224841	0.8668281322031068	0.7857681157726818	0.8132283786546719	0.8577359808911462	-1	0.7932684517191955	0.8075684533535331	0.8973100167933815	0.935156250327731	0.2986072943107565	0.8159638222553005	0.2041911707683111	0.8609478773329388	0.8636859750568451	0.918369690011481	0.8699473856545318	0.8768292006023283	0.7636986396664694	0.7336511393215692	0.7254827456511753	0.0028993951224978625	0.7831848120779556	0.6719420801652858	0.9739074963147262	0.40386042267376987	0.9038811916908339	0.850211948801859	0.7583111429921622	0.9512764826425472	0.900727972866212	0.7945659707047701	0.8706467661691542	0.8419251163441653	0.9196891640900462	0.7835810245185205	0.8587593672724187	0.9581012187851328	0.9470355961247383
