ETEC_1292_1-510	0.0	0.1963220010148351	0.4148434108555431	0.2801529578813241	0.2785775176436941	0.008659240184899941	0.16560364269641603	0.08103744771398991	5.97727424200927	0.27937897837925507	0.5286031339740171	0.05934833961940611	0.22086516213431007
SL1344_1732_1-508	0.1963220010148351	0.0	0.218521409840708	0.083830956866489	0.082255516628859	0.20498124119973504	0.03071835831841907	0.277359448728825	6.173596243024105	0.08305697736441997	0.332281132959182	0.136973661395429	0.024543161119474965
NCTC13441_02691_1-510	0.4148434108555431	0.218521409840708	0.0	0.134690452974219	0.136265893211849	0.42350265104044305	0.24923976815912707	0.495880858569533	6.392117652864813	0.13546443247628803	0.11375972311847399	0.355495071236137	0.19397824872123304
SEN1233_1-508	0.2801529578813241	0.083830956866489	0.134690452974219	0.0	0.0015754402376300103	0.28881219806622405	0.11454931518490807	0.361190405595314	6.257427199890594	0.0007739795020690332	0.248450176092693	0.220804618261918	0.05928779574701404
STMMW_17961_1-510	0.2785775176436941	0.082255516628859	0.136265893211849	0.0015754402376300103	0.0	0.28723675782859404	0.11297387494727806	0.359614965357684	6.255851759652964	0.0008014607355609771	0.250025616330323	0.21922917802428799	0.05771235550938403
ENC_07030_1-504	0.008659240184899941	0.20498124119973504	0.42350265104044305	0.28881219806622405	0.28723675782859404	0.0	0.17426288288131597	0.07237820752908997	5.96861500182437	0.288038218564155	0.5372623741589171	0.06800757980430605	0.22952440231921
STM_MW17961_1-510	0.16560364269641603	0.03071835831841907	0.24923976815912707	0.11454931518490807	0.11297387494727806	0.17426288288131597	0.0	0.24664109041040594	6.142877884705686	0.11377533568283904	0.36299949127760106	0.10625530307700992	0.055261519437894036
BN373_28931_1-510	0.08103744771398991	0.277359448728825	0.495880858569533	0.361190405595314	0.359614965357684	0.07237820752908997	0.24664109041040594	0.0	5.89623679429528	0.360416426093245	0.609640581688007	0.14038578733339602	0.3019026098483
b1188_1-510	5.97727424200927	6.173596243024105	6.392117652864813	6.257427199890594	6.255851759652964	5.96861500182437	6.142877884705686	5.89623679429528	0.0	6.256653220388525	6.505877375983287	6.036622581628676	6.19813940414358
ERS227112_04356_1-510	0.27937897837925507	0.08305697736441997	0.13546443247628803	0.0007739795020690332	0.0008014607355609771	0.288038218564155	0.11377533568283904	0.360416426093245	6.256653220388525	0.0	0.24922415559476202	0.22003063875984896	0.058513816244945005
t1073_1-510	0.5286031339740171	0.332281132959182	0.11375972311847399	0.248450176092693	0.250025616330323	0.5372623741589171	0.36299949127760106	0.609640581688007	6.505877375983287	0.24922415559476202	0.0	0.469254794354611	0.307737971839707
ROD_18301_1-510	0.05934833961940611	0.136973661395429	0.355495071236137	0.220804618261918	0.21922917802428799	0.06800757980430605	0.10625530307700992	0.14038578733339602	6.036622581628676	0.22003063875984896	0.469254794354611	0.0	0.16151682251490396
CS17_01364_1-510	0.22086516213431007	0.024543161119474965	0.19397824872123304	0.05928779574701404	0.05771235550938403	0.22952440231921	0.055261519437894036	0.3019026098483	6.19813940414358	0.058513816244945005	0.307737971839707	0.16151682251490396	0.0
