b3192_1-211	-1	-1	-1	-1	-1	-1	-1	-1	-1	-1	-1	-1	-1
ERS227112_00996_1-211	-1	0.0	0.2707866835616525	0.12303181261416361	0.08887765435256098	0.044430267325898304	0.394747082770997	0.2744483999771988	0.582526020016034	0.2217183069036113	0.34155066738957834	0.05139595877159254	0.4993078909629017
ROD_46281_1-211	-1	0.2707866835616525	0.0	0.16848372959563437	0.1996537897222001	0.23688110715092453	0.1699919576548558	0.47091811150022367	0.4275008827005397	0.4324666254539302	0.5198499784605378	0.23127745113330636	0.3133804639188455
SL1344_3282_1-211	-1	0.12303181261416361	0.16848372959563437	0.0	0.03748580904064301	0.08225621071975966	0.30983480822353693	0.36371432847311064	0.5239576691733613	0.3174717143296802	0.42256088229522487	0.07551712909614561	0.4290646841710226
SEN3143_1-211	-1	0.08887765435256098	0.1996537897222001	0.03748580904064301	0.0	0.046514017247364536	0.3357062088089682	0.3389337242989729	0.5418025010819914	0.29089015821155806	0.4000720995820019	0.03951247723173414	0.45046665639474687
STMMW_33091_1-211	-1	0.044430267325898304	0.23688110715092453	0.08225621071975966	0.046514017247364536	0.0	0.366605181669745	0.30668485152494507	0.5631151074493629	0.2562975705827366	0.37080574725801874	0.007289568942500083	0.4760276598172035
NCTC13441_00500_1-211	-1	0.394747082770997	0.1699919576548558	0.30983480822353693	0.3357062088089682	0.366605181669745	0.0	0.5608577774860288	0.3102487107451464	0.5289427348274831	0.6014716205900522	0.36195410210858614	0.17275556253509664
ENC_34290_1-211	-1	0.2744483999771988	0.47091811150022367	0.36371432847311064	0.3389337242989729	0.30668485152494507	0.5608577774860288	0.0	0.6971010858547465	0.06775193807244922	0.09248448685148078	0.3117388200986337	0.6367220391693424
STM_MW33091_1-211	-1	0.582526020016034	0.4275008827005397	0.5239576691733613	0.5418025010819914	0.5631151074493629	0.3102487107451464	0.6971010858547465	0.0	0.6750876440343911	0.725114536497341	0.5599070193256267	0.16620619249057575
BN373_42521_1-211	-1	0.2217183069036113	0.4324666254539302	0.3174717143296802	0.29089015821155806	0.2562975705827366	0.5289427348274831	0.06775193807244922	0.6750876440343911	0.0	0.15397042169810624	0.26171884071467855	0.6103204976586055
CS17_03634_1-211	-1	0.34155066738957834	0.5198499784605378	0.42256088229522487	0.4000720995820019	0.37080574725801874	0.6014716205900522	0.09248448685148078	0.725114536497341	0.15397042169810624	0.0	0.37539230214160624	0.6703196149612182
ETEC_3457_1-211	-1	0.05139595877159254	0.23127745113330636	0.07551712909614561	0.03951247723173414	0.007289568942500083	0.36195410210858614	0.3117388200986337	0.5599070193256267	0.26171884071467855	0.37539230214160624	0.0	0.47218008012202817
t3227_1-211	-1	0.4993078909629017	0.3133804639188455	0.4290646841710226	0.45046665639474687	0.4760276598172035	0.17275556253509664	0.6367220391693424	0.16620619249057575	0.6103204976586055	0.6703196149612182	0.47218008012202817	0.0
