b0387_1-152	-1	-1	-1	-1	-1	-1	-1	-1	-1	-1	-1	-1	-1
t2477_1-151	-1	0.0	0.347808503256679	0.404380942075359	0.653206025700699	0.53971201759296	0.25370720874634	0.19331995010022096	0.7629246954392599	0.364358778779426	0.610714222642033	1.09764815489958	0.138406725589089
SL1344_0382_1-151	-1	0.347808503256679	0.0	0.056572438818680015	0.30539752244401996	0.19190351433628094	0.094101294510339	0.15448855315645804	0.4151161921825809	0.016550275522747016	0.262905719385354	0.749839651642901	0.486215228845768
NCTC13441_03591_1-153	-1	0.404380942075359	0.056572438818680015	0.0	0.24882508362533995	0.13533107551760093	0.150673733329019	0.21106099197513806	0.3585437533639009	0.040022163295933	0.206333280566674	0.693267212824221	0.5427876676644481
ETEC_0440_1-154	-1	0.653206025700699	0.30539752244401996	0.24882508362533995	0.0	0.11349400810773902	0.39949881695435896	0.459886075600478	0.10971866973856093	0.28884724692127295	0.042491803058665956	0.44444212919888104	0.7916127512897879
ERS227112_02680_1-153	-1	0.53971201759296	0.19190351433628094	0.13533107551760093	0.11349400810773902	0.0	0.28600480884661994	0.346392067492739	0.22321267784629995	0.17535323881353393	0.07100220504907306	0.5579361373066201	0.678118743182049
SEN0370_1-151	-1	0.25370720874634	0.094101294510339	0.150673733329019	0.39949881695435896	0.28600480884661994	0.0	0.060387258646119046	0.5092174866929199	0.11065157003308601	0.357007013895693	0.84394094615324	0.392113934335429
STMMW_04571_1-151	-1	0.19331995010022096	0.15448855315645804	0.21106099197513806	0.459886075600478	0.346392067492739	0.060387258646119046	0.0	0.5696047453390389	0.17103882867920506	0.41739427254181205	0.904328204799359	0.33172667568930997
ENC_23740_1-152	-1	0.7629246954392599	0.4151161921825809	0.3585437533639009	0.10971866973856093	0.22321267784629995	0.5092174866929199	0.5696047453390389	0.0	0.3985659166598339	0.15221047279722688	0.3347234594603201	0.901331421028349
ROD_04311_1-154	-1	0.364358778779426	0.016550275522747016	0.040022163295933	0.28884724692127295	0.17535323881353393	0.11065157003308601	0.17103882867920506	0.3985659166598339	0.0	0.246355443862607	0.733289376120154	0.5027655043685151
BN373_08181_1-152	-1	0.610714222642033	0.262905719385354	0.206333280566674	0.042491803058665956	0.07100220504907306	0.357007013895693	0.41739427254181205	0.15221047279722688	0.246355443862607	0.0	0.486933932257547	0.7491209482311221
CS17_00419_1-154	-1	1.09764815489958	0.749839651642901	0.693267212824221	0.44444212919888104	0.5579361373066201	0.84394094615324	0.904328204799359	0.3347234594603201	0.733289376120154	0.486933932257547	0.0	1.236054880488669
STM_MW04571_1-152	-1	0.138406725589089	0.486215228845768	0.5427876676644481	0.7916127512897879	0.678118743182049	0.392113934335429	0.33172667568930997	0.901331421028349	0.5027655043685151	0.7491209482311221	1.236054880488669	0.0
