STMMW_10051_1-1482	0.0	0.012288487556745841	0.0006159643132848149	0.03904784928861125	0.014511532433551154	0.018965000655645887	0.01026510714650711	0.005480036740099363	0.004624697980489185	0.0035865745577504174	0.004508743138458461	-1	0.008836955062873578	0.004661716721348699
t1940_1-1482	0.012288487556745841	0.0	0.012904451870030656	0.051336336845357086	0.0022230448768053137	0.006676513098900046	0.002023380410238732	0.0068084508166464785	0.007663789576256656	0.008701912998995424	0.00777974441828738	-1	0.0034515324938722627	0.01695020427809454
BN373_15671_1-1482	0.0006159643132848149	0.012904451870030656	0.0	0.03843188497532643	0.015127496746835969	0.019580964968930702	0.010881071459791924	0.0060960010533841775	0.005240662293774	0.004202538871035232	0.005124707451743276	-1	0.009452919376158393	0.0040457524080638844
ROD_09921_1-1482	0.03904784928861125	0.051336336845357086	0.03843188497532643	0.0	0.0535593817221624	0.058012849944257136	0.049312956435118356	0.04452788602871061	0.043672547269100435	0.042634423846361666	0.04355659242706971	-1	0.04788480435148483	0.03438613256726255
STM_MW10051_1-1482	0.014511532433551154	0.0022230448768053137	0.015127496746835969	0.0535593817221624	0.0	0.004453468222094733	0.0042464252870440455	0.009031495693451793	0.00988683445306197	0.010924957875800737	0.010002789295092695	-1	0.005674577370677576	0.019173249154899853
ERS227112_03439_1-1482	0.018965000655645887	0.006676513098900046	0.019580964968930702	0.058012849944257136	0.004453468222094733	0.0	0.008699893509138778	0.013484963915546525	0.014340302675156702	0.01537842609789547	0.014456257517187427	-1	0.010128045592772309	0.023626717376994587
ENC_17580_1-1482	0.01026510714650711	0.002023380410238732	0.010881071459791924	0.049312956435118356	0.0042464252870440455	0.008699893509138778	0.0	0.004785070406407747	0.005640409166017924	0.006678532588756692	0.0057563640080486485	-1	0.001428152083633531	0.014926823867855809
SL1344_0931_1-1482	0.005480036740099363	0.0068084508166464785	0.0060960010533841775	0.04452788602871061	0.009031495693451793	0.013484963915546525	0.004785070406407747	0.0	0.0008553387596101775	0.0018934621823489452	0.0009712936016409018	-1	0.0033569183227742157	0.010141753461448062
SEN0898_1-1482	0.004624697980489185	0.007663789576256656	0.005240662293774	0.043672547269100435	0.00988683445306197	0.014340302675156702	0.005640409166017924	0.0008553387596101775	0.0	0.0010381234227387678	0.00011595484203072437	-1	0.004212257082384393	0.009286414701837884
Ecoli9000q_50990_1-1482	0.0035865745577504174	0.008701912998995424	0.004202538871035232	0.042634423846361666	0.010924957875800737	0.01537842609789547	0.006678532588756692	0.0018934621823489452	0.0010381234227387678	0.0	0.0009221685807080434	-1	0.005250380505123161	0.008248291279099117
ETEC_0992_1-1482	0.004508743138458461	0.00777974441828738	0.005124707451743276	0.04355659242706971	0.010002789295092695	0.014456257517187427	0.0057563640080486485	0.0009712936016409018	0.00011595484203072437	0.0009221685807080434	0.0	-1	0.004328211924415118	0.00917045985980716
b0924_1-1482	-1	-1	-1	-1	-1	-1	-1	-1	-1	-1	-1	-1	-1	-1
NCTC13441_02965_1-1482	0.008836955062873578	0.0034515324938722627	0.009452919376158393	0.04788480435148483	0.005674577370677576	0.010128045592772309	0.001428152083633531	0.0033569183227742157	0.004212257082384393	0.005250380505123161	0.004328211924415118	-1	0.0	0.013498671784222278
CS17_00987_1-1482	0.004661716721348699	0.01695020427809454	0.0040457524080638844	0.03438613256726255	0.019173249154899853	0.023626717376994587	0.014926823867855809	0.010141753461448062	0.009286414701837884	0.008248291279099117	0.00917045985980716	-1	0.013498671784222278	0.0
