ETEC_1242_1-199	0.0	1.0179975492486597	0.8505380085418999	2.2682772883243505	0.8741017990773299	1.5011230132935602	0.9491060628967098	0.7324237333315897	0.5554962641308399	1.3899395108844328	0.9583624439493299	-1	1.043810226822576	0.8917225824995398	1.0323030483317956	0.1921611577920599	0.8874116098336198	0.8974838704949197	0.9897911403390798	0.9086057919982498	0.9062334087228898	0.47993903411328986	0.37259693974117036	1.2800603988198898	0.10332548455996005	0.4620947246451499	1.0684103042583057	1.6414196481544958	0.1590994312215297	0.7801688818136598	0.6568490347716303	0.3891932977911099	0.026796612142569787	1.4679988555718078	0.18855086199254978	0.5934153526333099	1.00056348488713	0.4375350033022498	1.1885738666797148	0.9463368716611298
STMMW_12551_1-156	1.0179975492486597	0.0	0.16745954070675995	3.28627483757301	0.14389575017132994	2.51912056254222	0.06889148635194997	0.2855738159170701	0.46250128511781996	0.371941961635773	0.059635105299329916	-1	0.025812677573916032	0.12627496674911998	0.014305499083135942	0.8258363914565999	0.13058593941504004	0.12051367875374008	0.02820640890958004	0.10939175725041006	0.11176414052577	0.53805851513537	1.39059448898983	0.26206284957122994	1.1213230338086198	0.5559028246035099	0.05041275500964604	0.623422098905836	0.8588981180271301	0.23782866743499997	1.67484658402029	0.6288042514575499	0.99120093710609	0.45000130632314794	0.82944668725611	0.4245821966153499	2.01856103413579	0.58046254594641	0.17057631743105495	0.07166067758753003
ROD_08161_1-171	0.8505380085418999	0.16745954070675995	0.0	3.1188152968662504	0.023563790535430007	2.35166102183546	0.09856805435480998	0.11811427521031015	0.29504174441106	0.5394015023425329	0.10782443540743003	-1	0.19327221828067598	0.04118457395763997	0.1817650397898959	0.65837685074984	0.036873601291719904	0.04694586195301986	0.1392531317971799	0.058067783456349886	0.05569540018098995	0.37059897442861	1.2231349482830702	0.4295223902779899	0.9538634931018599	0.38844328389675	0.21787229571640598	0.7908816396125959	0.6914385773203702	0.07036912672824003	1.5073870433135301	0.46134471075079	0.8237413963993301	0.6174608470299079	0.6619871465493501	0.25712265590858996	1.85110149342903	0.41300300523965006	0.3380358581378149	0.09579886311922992
t2942_1-178	2.2682772883243505	3.28627483757301	3.1188152968662504	0.0	3.1423790874016806	0.7671542750307903	3.21738335122106	3.0007010216559404	2.82377355245519	3.658216799208783	3.2266397322736804	-1	3.3120875151469265	3.1599998708238903	3.300580336656146	2.4604384461164104	3.1556888981579703	3.1657611588192704	3.2580684286634303	3.1768830803226003	3.17451069704724	2.7482163224376404	1.8956803485831801	3.5483376871442402	2.1649518037643904	2.7303720129695	3.3366875925826562	3.9096969364788463	2.4273767195458804	3.0484461701380106	1.6114282535527202	2.65747058611546	2.29507390046692	3.7362761438961583	2.4568281503169	2.8616926409576604	1.2677138034372204	2.7058122916266	3.456851155004065	3.21461415998548
SEN0778_1-171	0.8741017990773299	0.14389575017132994	0.023563790535430007	3.1423790874016806	0.0	2.37522481237089	0.07500426381937997	0.14167806574574016	0.31860553494649	0.5158377118071029	0.08426064487200002	-1	0.16970842774524597	0.017620783422209962	0.15820124925446588	0.68194064128527	0.013309810756289897	0.023382071417589856	0.1156893412617499	0.03450399292091988	0.032131609645559944	0.39416276496404	1.2466987388185002	0.4059585997425599	0.9774272836372899	0.41200707443218	0.19430850518097598	0.7673178490771659	0.7150023678558002	0.09393291726367003	1.5309508338489601	0.48490850128622	0.8473051869347601	0.5938970564944779	0.6855509370847801	0.28068644644401997	1.87466528396446	0.43656679577508006	0.3144720676023849	0.07223507258379991
STM_MW29931_1-178	1.5011230132935602	2.51912056254222	2.35166102183546	0.7671542750307903	2.37522481237089	0.0	2.4502290761902703	2.2335467466251497	2.0566192774244003	2.8910625241779933	2.45948545724289	-1	2.544933240116136	2.3928455957931	2.533426061625356	1.6932841710856201	2.38853462312718	2.3986068837884797	2.49091415363264	2.40972880529181	2.4073564220164503	1.98106204740685	1.1285260735523899	2.78118341211345	1.3977975287336002	1.9632177379387101	2.569533317551866	3.142542661448056	1.66022244451509	2.28129189510722	0.84427397852193	1.8903163110846701	1.52791962543613	2.969121868865368	1.68967387528611	2.09453836592687	0.5005595284064301	1.93865801659581	2.6896968799732752	2.4474598849546902
ROD_29291_1-179	0.9491060628967098	0.06889148635194997	0.09856805435480998	3.21738335122106	0.07500426381937997	2.4502290761902703	0.0	0.21668232956512012	0.39360979876587	0.44083344798772295	0.009256381052620055	-1	0.094704163925866	0.057383480397170006	0.08319698543508591	0.75694490510465	0.06169445306309007	0.05162219240179011	0.04068507744236993	0.04050027089846009	0.042872654173820024	0.46916702878342	1.3217030026378802	0.3309543359231799	1.05243154745667	0.48701133825155996	0.11930424136159601	0.692313585257786	0.7900066316751801	0.16893718108305	1.60595509766834	0.5599127651056	0.9223094507541401	0.5188927926750979	0.7605552009041601	0.35569071026339993	1.94966954778384	0.51157105959446	0.23946780378300492	0.0027691912355800596
SEN1803_1-185	0.7324237333315897	0.2855738159170701	0.11811427521031015	3.0007010216559404	0.14167806574574016	2.2335467466251497	0.21668232956512012	0.0	0.17692746920074987	0.6575157775528431	0.22593871061774018	-1	0.3113864934909861	0.15929884916795012	0.29987931500020604	0.5402625755395298	0.15498787650203005	0.16506013716333	0.25736740700749006	0.17618205866666004	0.1738096753913001	0.25248469921829986	1.10502067307276	0.5476366654883	0.8357492178915498	0.27032900868643983	0.33598657092671613	0.9089959148229061	0.57332430211006	0.04774514848207012	1.38927276810322	0.34323043554047983	0.7056271211890199	0.735575122240218	0.5438728713390399	0.1390083806982798	1.7329872182187198	0.2948887300293399	0.45615013334812504	0.21391313832954006
SL1344_3010_1-178	0.5554962641308399	0.46250128511781996	0.29504174441106	2.82377355245519	0.31860553494649	2.0566192774244003	0.39360979876587	0.17692746920074987	0.0	0.8344432467535929	0.40286617981849004	-1	0.488313962691736	0.3362263183687	0.4768067842009559	0.36333510633877997	0.3319153457027799	0.3419876063640799	0.4342948762082399	0.3531095278674099	0.35073714459204997	0.07555723001754999	0.9280932038720102	0.7245641346890499	0.6588217486907999	0.09340153948568997	0.512914040127466	1.085923384023656	0.39639683290931016	0.22467261768282	1.2123452989024701	0.16630296633972996	0.5286996519882701	0.9125025914409679	0.3669454021382901	0.037919088502470055	1.55605974901797	0.11796126082859004	0.6330776025488749	0.39084060753028993
STMMW_04161_1-174	1.3899395108844328	0.371941961635773	0.5394015023425329	3.658216799208783	0.5158377118071029	2.8910625241779933	0.44083344798772295	0.6575157775528431	0.8344432467535929	0.0	0.4315770669351029	-1	0.34612928406185695	0.49821692838489295	0.35763646255263704	1.197778353092373	0.502527901050813	0.49245564038951306	0.400148370545353	0.48133371888618304	0.483706102161543	0.9100004767711429	1.7625364506256032	0.10987911206454304	1.4932649954443928	0.9278447862392829	0.32152920662612694	0.251480137270063	1.230840079662903	0.609770629070773	2.046788545656063	1.000746213093323	1.363142898741863	0.07805934468737497	1.201388648891883	0.7965241582511229	2.3905029957715627	0.952404507582183	0.20136564420471803	0.443602639223303
CS17_01319_1-199	0.9583624439493299	0.059635105299329916	0.10782443540743003	3.2266397322736804	0.08426064487200002	2.45948545724289	0.009256381052620055	0.22593871061774018	0.40286617981849004	0.4315770669351029	0.0	-1	0.08544778287324595	0.06663986144979006	0.07394060438246586	0.76620128615727	0.07095083411571013	0.06087857345441017	0.03142869638974988	0.049756651951080144	0.05212903522644008	0.47842340983604004	1.3309593836905003	0.32169795487055985	1.06168792850929	0.49626771930418	0.11004786030897595	0.6830572042051659	0.7992630127278002	0.17819356213567006	1.6152114787209602	0.56916914615822	0.9315658318067601	0.5096364116224779	0.7698115819567801	0.36494709131602	1.95892592883646	0.5208274406470801	0.23021142273038486	0.012025572288200115
b0814_1-171	-1	-1	-1	-1	-1	-1	-1	-1	-1	-1	-1	-1	-1	-1	-1	-1	-1	-1	-1	-1	-1	-1	-1	-1	-1	-1	-1	-1	-1	-1	-1	-1	-1	-1	-1	-1	-1	-1	-1	-1
t2055_1-171	1.043810226822576	0.025812677573916032	0.19327221828067598	3.3120875151469265	0.16970842774524597	2.544933240116136	0.094704163925866	0.3113864934909861	0.488313962691736	0.34612928406185695	0.08544778287324595	-1	0.0	0.152087644323036	0.01150717849078009	0.851649069030516	0.15639861698895607	0.14632635632765612	0.05401908648349607	0.1352044348243261	0.13757681809968603	0.563871192709286	1.4164071665637463	0.2362501719973139	1.147135711382536	0.581715502177426	0.024600077435730006	0.59760942133192	0.8847107956010462	0.263641345008916	1.7006592615942062	0.654616929031466	1.017013614680006	0.4241886287492319	0.8552593648300261	0.45039487418926594	2.044373711709706	0.606275223520326	0.14476363985713891	0.09747335516144606
BN373_14071_1-170	0.8917225824995398	0.12627496674911998	0.04118457395763997	3.1599998708238903	0.017620783422209962	2.3928455957931	0.057383480397170006	0.15929884916795012	0.3362263183687	0.49821692838489295	0.06663986144979006	-1	0.152087644323036	0.0	0.14058046583225592	0.69956142470748	0.004310972665920065	0.0057612879953798934	0.09806855783953994	0.016883209498709917	0.014510826223349982	0.41178354838625	1.2643195222407102	0.3883378163203499	0.9950480670594999	0.42962785785438995	0.17668772175876601	0.749697065654956	0.7326231512780101	0.11155370068588	1.54857161727117	0.50252928470843	0.86492597035697	0.5762762730722679	0.7031717205069901	0.29830722986622993	1.89228606738667	0.45418757919729	0.2968512841801749	0.054614289161589946
CS17_01721_1-199	1.0323030483317956	0.014305499083135942	0.1817650397898959	3.300580336656146	0.15820124925446588	2.533426061625356	0.08319698543508591	0.29987931500020604	0.4768067842009559	0.35763646255263704	0.07394060438246586	-1	0.01150717849078009	0.14058046583225592	0.0	0.8401418905397359	0.14489143849817598	0.13481917783687603	0.04251190799271598	0.123697256333546	0.12606963960890594	0.5523640142185059	1.404899988072966	0.247757350488094	1.1356285328917557	0.5702083236866459	0.036107255926510096	0.6091165998227001	0.8732036171102661	0.2521341665181359	1.689152083103426	0.6431097505406859	1.005506436189226	0.435695807240012	0.843752186339246	0.43888769569848585	2.0328665332189257	0.5947680450295459	0.156270818347919	0.08596617667066597
STM_MW04161_1-174	0.1921611577920599	0.8258363914565999	0.65837685074984	2.4604384461164104	0.68194064128527	1.6932841710856201	0.75694490510465	0.5402625755395298	0.36333510633877997	1.197778353092373	0.76620128615727	-1	0.851649069030516	0.69956142470748	0.8401418905397359	0.0	0.6952504520415599	0.7053227127028598	0.7976299825470199	0.7164446342061899	0.7140722509308299	0.28777787632123	0.5647580975332303	1.0878992410278299	0.29548664235201993	0.26993356685309	0.876249146466246	1.449258490362436	0.03306172657053019	0.5880077240216	0.8490101925636901	0.19703213999905	0.1653645456494901	1.2758376977797479	0.0036102957995101104	0.40125419484125	1.19272464267919	0.24537384551018993	0.9964127088876549	0.7541757138690699
STMMW_08841_1-171	0.8874116098336198	0.13058593941504004	0.036873601291719904	3.1556888981579703	0.013309810756289897	2.38853462312718	0.06169445306309007	0.15498787650203005	0.3319153457027799	0.502527901050813	0.07095083411571013	-1	0.15639861698895607	0.004310972665920065	0.14489143849817598	0.6952504520415599	0.0	0.010072260661299959	0.10237953050546	0.021194182164629982	0.018821798889270047	0.4074725757203299	1.2600085495747901	0.39264878898627	0.9907370943935798	0.4253168851884699	0.18099869442468608	0.754008038320876	0.7283121786120901	0.10724272801995993	1.54426064460525	0.4982183120425099	0.86061499769105	0.580587245738188	0.69886074784107	0.29399625720030986	1.8879750947207499	0.44987660653136996	0.301162256846095	0.05892526182751001
STM_MW08851_1-171	0.8974838704949197	0.12051367875374008	0.04694586195301986	3.1657611588192704	0.023382071417589856	2.3986068837884797	0.05162219240179011	0.16506013716333	0.3419876063640799	0.49245564038951306	0.06087857345441017	-1	0.14632635632765612	0.0057612879953798934	0.13481917783687603	0.7053227127028598	0.010072260661299959	0.0	0.09230726984416004	0.011121921503330023	0.008749538227970088	0.41754483638162987	1.27008081023609	0.38257652832497	1.0008093550548798	0.43538914584976984	0.17092643376338612	0.7439357776595761	0.73838443927339	0.11731498868125989	1.55433290526655	0.5082905727038098	0.87068725835235	0.570514985076888	0.70893300850237	0.3040685178616098	1.8980473553820498	0.4599488671926699	0.29108999618479503	0.04885300116621005
SL1344_0808_1-171	0.9897911403390798	0.02820640890958004	0.1392531317971799	3.2580684286634303	0.1156893412617499	2.49091415363264	0.04068507744236993	0.25736740700749006	0.4342948762082399	0.400148370545353	0.03142869638974988	-1	0.05401908648349607	0.09806855783953994	0.04251190799271598	0.7976299825470199	0.10237953050546	0.09230726984416004	0.0	0.08118534834083002	0.08355773161618996	0.5098521062257899	1.3623880800802501	0.29026925848081	1.0931166248990398	0.5276964156939299	0.07861916391922608	0.651628507815416	0.8306917091175501	0.20962225852541994	1.64664017511071	0.6005978425479699	0.96299452819651	0.478207715232728	0.80124027834653	0.39637578770576987	1.9903546252262099	0.55225613703683	0.19878272634063499	0.04345426867794999
ETEC_4724_1-199	0.9086057919982498	0.10939175725041006	0.058067783456349886	3.1768830803226003	0.03450399292091988	2.40972880529181	0.04050027089846009	0.17618205866666004	0.3531095278674099	0.48133371888618304	0.049756651951080144	-1	0.1352044348243261	0.016883209498709917	0.123697256333546	0.7164446342061899	0.021194182164629982	0.011121921503330023	0.08118534834083002	0.0	0.002372383275359935	0.4286667578849599	1.2812027317394201	0.37145460682164	1.0119312765582098	0.44651106735309987	0.1598045122600561	0.7328138561562461	0.7495063607767201	0.12843691018458991	1.56545482676988	0.5194124942071399	0.88180917985568	0.559393063573558	0.7200549300057	0.31519043936493985	1.9091692768853799	0.47107078869599994	0.279968074681465	0.03773107966288003
CS17_00828_1-199	0.9062334087228898	0.11176414052577	0.05569540018098995	3.17451069704724	0.032131609645559944	2.4073564220164503	0.042872654173820024	0.1738096753913001	0.35073714459204997	0.483706102161543	0.05212903522644008	-1	0.13757681809968603	0.014510826223349982	0.12606963960890594	0.7140722509308299	0.018821798889270047	0.008749538227970088	0.08355773161618996	0.002372383275359935	0.0	0.42629437460959996	1.2788303484640602	0.37382699009699993	1.0095588932828499	0.44413868407773993	0.16217689553541603	0.735186239431606	0.7471339775013601	0.12606452690922998	1.56308244349452	0.5170401109317799	0.87943679658032	0.5617654468489179	0.71768254673034	0.3128180560895799	1.90679689361002	0.46869840542064	0.28234045795682494	0.040103462938239964
SL1344_0982_1-164	0.47993903411328986	0.53805851513537	0.37059897442861	2.7482163224376404	0.39416276496404	1.98106204740685	0.46916702878342	0.25248469921829986	0.07555723001754999	0.9100004767711429	0.47842340983604004	-1	0.563871192709286	0.41178354838625	0.5523640142185059	0.28777787632123	0.4074725757203299	0.41754483638162987	0.5098521062257899	0.4286667578849599	0.42629437460959996	0.0	0.8525359738544602	0.8001213647065999	0.5832645186732499	0.017844309468139974	0.588471270145016	1.161480614041206	0.32083960289176017	0.30022984770037	1.1367880688849201	0.09074573632217997	0.4531424219707201	0.9880598214585179	0.2913881721207401	0.11347631852002005	1.48050251900042	0.04240403081104005	0.7086348325664249	0.4663978375478399
t2515_1-174	0.37259693974117036	1.39059448898983	1.2231349482830702	1.8956803485831801	1.2466987388185002	1.1285260735523899	1.3217030026378802	1.10502067307276	0.9280932038720102	1.7625364506256032	1.3309593836905003	-1	1.4164071665637463	1.2643195222407102	1.404899988072966	0.5647580975332303	1.2600085495747901	1.27008081023609	1.3623880800802501	1.2812027317394201	1.2788303484640602	0.8525359738544602	0.0	1.6526573385610601	0.2692714551812103	0.8346916643863203	1.441007243999476	2.014016587895666	0.5316963709627001	1.1527658215548302	0.2842520950304599	0.7617902375322803	0.39939355188374015	1.8405957953129781	0.5611478017337201	0.9660122923744803	0.6279665451459597	0.8101319430434202	1.5611708064208851	1.3189338114023001
NCTC13441_03180_1-171	1.2800603988198898	0.26206284957122994	0.4295223902779899	3.5483376871442402	0.4059585997425599	2.78118341211345	0.3309543359231799	0.5476366654883	0.7245641346890499	0.10987911206454304	0.32169795487055985	-1	0.2362501719973139	0.3883378163203499	0.247757350488094	1.0878992410278299	0.39264878898627	0.38257652832497	0.29026925848081	0.37145460682164	0.37382699009699993	0.8001213647065999	1.6526573385610601	0.0	1.3833858833798498	0.8179656741747399	0.2116500945615839	0.36135924933460606	1.12096096759836	0.4998915170062299	1.93690943359152	0.8908671010287799	1.25326378667732	0.187938456751918	1.09150953682734	0.6866450461865798	2.28062388370702	0.8425253955176399	0.09148653214017499	0.33372352715875997
STM_MW12551_1-156	0.10332548455996005	1.1213230338086198	0.9538634931018599	2.1649518037643904	0.9774272836372899	1.3977975287336002	1.05243154745667	0.8357492178915498	0.6588217486907999	1.4932649954443928	1.06168792850929	-1	1.147135711382536	0.9950480670594999	1.1356285328917557	0.29548664235201993	0.9907370943935798	1.0008093550548798	1.0931166248990398	1.0119312765582098	1.0095588932828499	0.5832645186732499	0.2692714551812103	1.3833858833798498	0.0	0.5654202092051099	1.1717357888182658	1.7447451327144559	0.26242491578148974	0.8834943663736199	0.5535235502116702	0.49251878235106994	0.13012209670252983	1.5713243401317678	0.2918763465525098	0.69674083719327	0.89723800032717	0.5408604878622099	1.2918993512396748	1.0496623562210898
NCTC13441_01844_1-199	0.4620947246451499	0.5559028246035099	0.38844328389675	2.7303720129695	0.41200707443218	1.9632177379387101	0.48701133825155996	0.27032900868643983	0.09340153948568997	0.9278447862392829	0.49626771930418	-1	0.581715502177426	0.42962785785438995	0.5702083236866459	0.26993356685309	0.4253168851884699	0.43538914584976984	0.5276964156939299	0.44651106735309987	0.44413868407773993	0.017844309468139974	0.8346916643863203	0.8179656741747399	0.5654202092051099	0.0	0.606315579613156	1.179324923509346	0.3029952934236202	0.31807415716850995	1.1189437594167801	0.07290142685404	0.4352981125025801	1.0059041309266579	0.2735438626526001	0.13132062798816002	1.46265820953228	0.024559721342900076	0.7264791420345649	0.4842421470159799
SL1344_1184_1-156	1.0684103042583057	0.05041275500964604	0.21787229571640598	3.3366875925826562	0.19430850518097598	2.569533317551866	0.11930424136159601	0.33598657092671613	0.512914040127466	0.32152920662612694	0.11004786030897595	-1	0.024600077435730006	0.17668772175876601	0.036107255926510096	0.876249146466246	0.18099869442468608	0.17092643376338612	0.07861916391922608	0.1598045122600561	0.16217689553541603	0.588471270145016	1.441007243999476	0.2116500945615839	1.1717357888182658	0.606315579613156	0.0	0.57300934389619	0.9093108730367762	0.288241422444646	1.725259339029936	0.679217006467196	1.0416136921157362	0.3995885513135019	0.8798594422657561	0.47499495162499594	2.068973789145436	0.630875300956056	0.12016356242140891	0.12207343259717607
SL1344_0341_1-174	1.6414196481544958	0.623422098905836	0.7908816396125959	3.9096969364788463	0.7673178490771659	3.142542661448056	0.692313585257786	0.9089959148229061	1.085923384023656	0.251480137270063	0.6830572042051659	-1	0.59760942133192	0.749697065654956	0.6091165998227001	1.449258490362436	0.754008038320876	0.7439357776595761	0.651628507815416	0.7328138561562461	0.735186239431606	1.161480614041206	2.014016587895666	0.36135924933460606	1.7447451327144559	1.179324923509346	0.57300934389619	0.0	1.4823202169329661	0.861250766340836	2.298268682926126	1.252226350363386	1.614623036011926	0.17342079258268805	1.452868786161946	1.048004295521186	2.641983133041626	1.203884644852246	0.45284578147478105	0.695082776493366
STMMW_10541_1-164	0.1590994312215297	0.8588981180271301	0.6914385773203702	2.4273767195458804	0.7150023678558002	1.66022244451509	0.7900066316751801	0.57332430211006	0.39639683290931016	1.230840079662903	0.7992630127278002	-1	0.8847107956010462	0.7326231512780101	0.8732036171102661	0.03306172657053019	0.7283121786120901	0.73838443927339	0.8306917091175501	0.7495063607767201	0.7471339775013601	0.32083960289176017	0.5316963709627001	1.12096096759836	0.26242491578148974	0.3029952934236202	0.9093108730367762	1.4823202169329661	0.0	0.6210694505921301	0.81594846599316	0.2300938665695802	0.1323028190789599	1.308899424350278	0.029451430771020082	0.4343159214117802	1.1596629161086598	0.2784355720807201	1.029474435458185	0.7872374404396001
ETEC_0834_1-199	0.7801688818136598	0.23782866743499997	0.07036912672824003	3.0484461701380106	0.09393291726367003	2.28129189510722	0.16893718108305	0.04774514848207012	0.22467261768282	0.609770629070773	0.17819356213567006	-1	0.263641345008916	0.11155370068588	0.2521341665181359	0.5880077240216	0.10724272801995993	0.11731498868125989	0.20962225852541994	0.12843691018458991	0.12606452690922998	0.30022984770037	1.1527658215548302	0.4998915170062299	0.8834943663736199	0.31807415716850995	0.288241422444646	0.861250766340836	0.6210694505921301	0.0	1.43701791658529	0.39097558402254995	0.7533722696710901	0.6878299737581479	0.5916180198211101	0.18675352918034993	1.78073236670079	0.34263387851141003	0.4084049848660549	0.16616798984746994
CS17_00873_1-171	0.6568490347716303	1.67484658402029	1.5073870433135301	1.6114282535527202	1.5309508338489601	0.84427397852193	1.60595509766834	1.38927276810322	1.2123452989024701	2.046788545656063	1.6152114787209602	-1	1.7006592615942062	1.54857161727117	1.689152083103426	0.8490101925636901	1.54426064460525	1.55433290526655	1.64664017511071	1.56545482676988	1.56308244349452	1.1367880688849201	0.2842520950304599	1.93690943359152	0.5535235502116702	1.1189437594167801	1.725259339029936	2.298268682926126	0.81594846599316	1.43701791658529	0.0	1.0460423325627402	0.6836456469142	2.124847890343438	0.84539989676418	1.2502643874049402	0.34371445011549984	1.09438403807388	1.845422901451345	1.60318590643276
STMMW_29931_1-178	0.3891932977911099	0.6288042514575499	0.46134471075079	2.65747058611546	0.48490850128622	1.8903163110846701	0.5599127651056	0.34323043554047983	0.16630296633972996	1.000746213093323	0.56916914615822	-1	0.654616929031466	0.50252928470843	0.6431097505406859	0.19703213999905	0.4982183120425099	0.5082905727038098	0.6005978425479699	0.5194124942071399	0.5170401109317799	0.09074573632217997	0.7617902375322803	0.8908671010287799	0.49251878235106994	0.07290142685404	0.679217006467196	1.252226350363386	0.2300938665695802	0.39097558402254995	1.0460423325627402	0.0	0.3623966856485401	1.0788055577806979	0.20064243579856011	0.20422205484220002	1.38975678267824	0.04834170551113992	0.7993805688886049	0.5571435738700199
STM_MW10541_6-170	0.026796612142569787	0.99120093710609	0.8237413963993301	2.29507390046692	0.8473051869347601	1.52791962543613	0.9223094507541401	0.7056271211890199	0.5286996519882701	1.363142898741863	0.9315658318067601	-1	1.017013614680006	0.86492597035697	1.005506436189226	0.1653645456494901	0.86061499769105	0.87068725835235	0.96299452819651	0.88180917985568	0.87943679658032	0.4531424219707201	0.39939355188374015	1.25326378667732	0.13012209670252983	0.4352981125025801	1.0416136921157362	1.614623036011926	0.1323028190789599	0.7533722696710901	0.6836456469142	0.3623966856485401	0.0	1.441202243429238	0.16175424984998	0.5666187404907401	1.0273600970296999	0.41073839115968	1.161777254537145	0.91954025951856
ERS227112_03279_1-170	1.4679988555718078	0.45000130632314794	0.6174608470299079	3.7362761438961583	0.5938970564944779	2.969121868865368	0.5188927926750979	0.735575122240218	0.9125025914409679	0.07805934468737497	0.5096364116224779	-1	0.4241886287492319	0.5762762730722679	0.435695807240012	1.2758376977797479	0.580587245738188	0.570514985076888	0.478207715232728	0.559393063573558	0.5617654468489179	0.9880598214585179	1.8405957953129781	0.187938456751918	1.5713243401317678	1.0059041309266579	0.3995885513135019	0.17342079258268805	1.308899424350278	0.6878299737581479	2.124847890343438	1.0788055577806979	1.441202243429238	0.0	1.279447993579258	0.8745835029384978	2.468562340458938	1.030463852269558	0.279424988892093	0.521661983910678
SEN0329_1-174	0.18855086199254978	0.82944668725611	0.6619871465493501	2.4568281503169	0.6855509370847801	1.68967387528611	0.7605552009041601	0.5438728713390399	0.3669454021382901	1.201388648891883	0.7698115819567801	-1	0.8552593648300261	0.7031717205069901	0.843752186339246	0.0036102957995101104	0.69886074784107	0.70893300850237	0.80124027834653	0.7200549300057	0.71768254673034	0.2913881721207401	0.5611478017337201	1.09150953682734	0.2918763465525098	0.2735438626526001	0.8798594422657561	1.452868786161946	0.029451430771020082	0.5916180198211101	0.84539989676418	0.20064243579856011	0.16175424984998	1.279447993579258	0.0	0.40486449064076013	1.1891143468796799	0.24898414130970004	1.000023004687165	0.75778600966858
t1119_1-185	0.5934153526333099	0.4245821966153499	0.25712265590858996	2.8616926409576604	0.28068644644401997	2.09453836592687	0.35569071026339993	0.1390083806982798	0.037919088502470055	0.7965241582511229	0.36494709131602	-1	0.45039487418926594	0.29830722986622993	0.43888769569848585	0.40125419484125	0.29399625720030986	0.3040685178616098	0.39637578770576987	0.31519043936493985	0.3128180560895799	0.11347631852002005	0.9660122923744803	0.6866450461865798	0.69674083719327	0.13132062798816002	0.47499495162499594	1.048004295521186	0.4343159214117802	0.18675352918034993	1.2502643874049402	0.20422205484220002	0.5666187404907401	0.8745835029384978	0.40486449064076013	0.0	1.59397883752044	0.1558803493310601	0.5951585140464049	0.3529215190278199
SEN2875_1-178	1.00056348488713	2.01856103413579	1.85110149342903	1.2677138034372204	1.87466528396446	0.5005595284064301	1.94966954778384	1.7329872182187198	1.55605974901797	2.3905029957715627	1.95892592883646	-1	2.044373711709706	1.89228606738667	2.0328665332189257	1.19272464267919	1.8879750947207499	1.8980473553820498	1.9903546252262099	1.9091692768853799	1.90679689361002	1.48050251900042	0.6279665451459597	2.28062388370702	0.89723800032717	1.46265820953228	2.068973789145436	2.641983133041626	1.1596629161086598	1.78073236670079	0.34371445011549984	1.38975678267824	1.0273600970296999	2.468562340458938	1.1891143468796799	1.59397883752044	0.0	1.43809848818938	2.1891373515668446	1.9469003565482599
ETEC_0881_1-171	0.4375350033022498	0.58046254594641	0.41300300523965006	2.7058122916266	0.43656679577508006	1.93865801659581	0.51157105959446	0.2948887300293399	0.11796126082859004	0.952404507582183	0.5208274406470801	-1	0.606275223520326	0.45418757919729	0.5947680450295459	0.24537384551018993	0.44987660653136996	0.4599488671926699	0.55225613703683	0.47107078869599994	0.46869840542064	0.04240403081104005	0.8101319430434202	0.8425253955176399	0.5408604878622099	0.024559721342900076	0.630875300956056	1.203884644852246	0.2784355720807201	0.34263387851141003	1.09438403807388	0.04834170551113992	0.41073839115968	1.030463852269558	0.24898414130970004	0.1558803493310601	1.43809848818938	0.0	0.751038863377465	0.50880186835888
ROD_50001_1-191	1.1885738666797148	0.17057631743105495	0.3380358581378149	3.456851155004065	0.3144720676023849	2.6896968799732752	0.23946780378300492	0.45615013334812504	0.6330776025488749	0.20136564420471803	0.23021142273038486	-1	0.14476363985713891	0.2968512841801749	0.156270818347919	0.9964127088876549	0.301162256846095	0.29108999618479503	0.19878272634063499	0.279968074681465	0.28234045795682494	0.7086348325664249	1.5611708064208851	0.09148653214017499	1.2918993512396748	0.7264791420345649	0.12016356242140891	0.45284578147478105	1.029474435458185	0.4084049848660549	1.845422901451345	0.7993805688886049	1.161777254537145	0.279424988892093	1.000023004687165	0.5951585140464049	2.1891373515668446	0.751038863377465	0.0	0.24223699501858498
NCTC13441_02523_1-145	0.9463368716611298	0.07166067758753003	0.09579886311922992	3.21461415998548	0.07223507258379991	2.4474598849546902	0.0027691912355800596	0.21391313832954006	0.39084060753028993	0.443602639223303	0.012025572288200115	-1	0.09747335516144606	0.054614289161589946	0.08596617667066597	0.7541757138690699	0.05892526182751001	0.04885300116621005	0.04345426867794999	0.03773107966288003	0.040103462938239964	0.4663978375478399	1.3189338114023001	0.33372352715875997	1.0496623562210898	0.4842421470159799	0.12207343259717607	0.695082776493366	0.7872374404396001	0.16616798984746994	1.60318590643276	0.5571435738700199	0.91954025951856	0.521661983910678	0.75778600966858	0.3529215190278199	1.9469003565482599	0.50880186835888	0.24223699501858498	0.0
