STM_MW19901_5-359	0.0	0.6421797632620498	0.056410957279270146	0.740543341938731	0.5558436545833398	0.11192067211396983	0.7836164560300439	0.7861633658281689	0.5741890163536698
ETEC_4349_1-357	0.6421797632620498	0.0	0.69859072054132	0.09836357867668111	0.08633610867871	0.53025909114808	0.1414366927679941	0.14398360256611908	0.06799074690838003
SL1344_1936_1-352	0.056410957279270146	0.69859072054132	0.0	0.7969542992180011	0.61225461186261	0.16833162939323998	0.8400274133093141	0.8425743231074391	0.63059997363294
SEN1927_1-352	0.740543341938731	0.09836357867668111	0.7969542992180011	0.0	0.1846996873553911	0.6286226698247611	0.04307311409131298	0.04562002388943798	0.16635432558506114
ROD_02471_1-403	0.5558436545833398	0.08633610867871	0.61225461186261	0.1846996873553911	0.0	0.44392298246937	0.2277728014467041	0.23031971124482908	0.01834536177032997
STMMW_19901_1-352	0.11192067211396983	0.53025909114808	0.16833162939323998	0.6286226698247611	0.44392298246937	0.0	0.6716957839160741	0.6742426937141991	0.4622683442397
ROD_47321_1-375	0.7836164560300439	0.1414366927679941	0.8400274133093141	0.04307311409131298	0.2277728014467041	0.6716957839160741	0.0	0.0025469097981249966	0.20942743967637412
ROD_25841_1-359	0.7861633658281689	0.14398360256611908	0.8425743231074391	0.04562002388943798	0.23031971124482908	0.6742426937141991	0.0025469097981249966	0.0	0.2119743494744991
ETEC_0303_1-357	0.5741890163536698	0.06799074690838003	0.63059997363294	0.16635432558506114	0.01834536177032997	0.4622683442397	0.20942743967637412	0.2119743494744991	0.0
