ROD_46161_1-163	0.0	0.19257906165218497	0.02960171099934577	0.045649528546957016	0.19883219898771956	0.3071973721533194	-1	0.49184383703573453	0.37053460239303626	0.10239827494267986	0.0022093008216719097	0.582149474218109	0.15718427275477742
SL1344_3294_1-163	0.19257906165218497	0.0	0.21648010292397757	0.22943744682670436	0.007744581591270193	0.1419560789885783	-1	0.3706428223126342	0.49175645800670487	0.10046859781129124	0.19079127615368724	0.4824873793378241	0.31949293465336626
ERS227112_00984_1-162	0.02960171099934577	0.21648010292397757	0.0	0.016537351445804562	0.22254813669526644	0.32770551532242415	-1	0.5068861289143392	0.35133294777837415	0.12896882180034086	0.03174561273658393	0.5945185647232293	0.1314744298310955
NCTC13441_00488_1-164	0.045649528546957016	0.22943744682670436	0.016537351445804562	0.0	0.23540513139093244	0.33882348549061325	-1	0.5150409263032839	0.3404253296500463	0.14337337051448185	0.04775797582770119	0.6012241537231505	0.11686979526295363
ETEC_3469_1-163	0.19883219898771956	0.007744581591270193	0.22254813669526644	0.23540513139093244	0.0	0.13525902192858946	-1	0.36573067174915536	0.49569259158590806	0.10743509214945136	0.19705825913988262	0.4784481787037195	0.3247631771443791
ENC_34410_1-163	0.3071973721533194	0.1419560789885783	0.32770551532242415	0.33882348549061325	0.13525902192858946	0.0	-1	0.2665210226703672	0.5639047183993398	0.22816254859309815	0.30566337367426105	0.3968693117105749	0.4160950493739986
b3204_1-163	-1	-1	-1	-1	-1	-1	-1	-1	-1	-1	-1	-1	-1
CS17_03646_1-164	0.49184383703573453	0.3706428223126342	0.5068861289143392	0.5150409263032839	0.36573067174915536	0.2665210226703672	-1	0.0	0.6801332788332696	0.43387345547735545	0.49071868140008956	0.17771237222744263	0.5717179939571307
STM_MW33211_1-164	0.37053460239303626	0.49175645800670487	0.35133294777837415	0.3404253296500463	0.49569259158590806	0.5639047183993398	-1	0.6801332788332696	0.0	0.4349907732440974	0.3719252808131833	0.7369775526484231	0.25313994832014236
SEN3155_1-163	0.10239827494267986	0.10046859781129124	0.12896882180034086	0.14337337051448185	0.10743509214945136	0.22816254859309815	-1	0.43387345547735545	0.4349907732440974	0.0	0.10041081181004462	0.5344811466853996	0.2434871493192484
t3239_1-163	0.0022093008216719097	0.19079127615368724	0.03174561273658393	0.04775797582770119	0.19705825913988262	0.30566337367426105	-1	0.49071868140008956	0.3719252808131833	0.10041081181004462	0.0	0.5812242726595996	0.1590463062334983
BN373_42641_1-162	0.582149474218109	0.4824873793378241	0.5945185647232293	0.6012241537231505	0.4784481787037195	0.3968693117105749	-1	0.17771237222744263	0.7369775526484231	0.5344811466853996	0.5812242726595996	0.0	0.647829005233337
STMMW_33211_1-163	0.15718427275477742	0.31949293465336626	0.1314744298310955	0.11686979526295363	0.3247631771443791	0.4160950493739986	-1	0.5717179939571307	0.25313994832014236	0.2434871493192484	0.1590463062334983	0.647829005233337	0.0
