ERS227112_05126_1-319	0.0	-1	0.8423493514083812	0.6569347091856663	0.3224039589732603	0.46263775473830837	0.3356421281872054	0.6625694842461831	0.6939535685498769	0.63702967198063
b2372_1-312	-1	-1	-1	-1	-1	-1	-1	-1	-1	-1
ERS227112_01576_5-314	0.8423493514083812	-1	0.0	0.5404645913977378	0.7673382973832967	0.7066212783243749	0.8952635506117654	0.5327907784527768	0.4848799646359825	0.9427774923682337
BN373_37171_5-313	0.6569347091856663	-1	0.5404645913977378	0.0	0.49370233879392533	0.3615753733363546	0.7720818735017518	0.016424789133117103	0.10790616350706594	0.8754774788610606
ETEC_2491_1-312	0.3224039589732603	-1	0.7673382973832967	0.49370233879392533	0.0	0.20695781450044526	0.5498337362347002	0.5020181711178254	0.5483349770072731	0.7540527427238978
ROD_44621_1-319	0.46263775473830837	-1	0.7066212783243749	0.3615753733363546	0.20695781450044526	0.0	0.6429991623453977	0.372061363206694	0.43046532548805944	0.8049534495721385
BN373_21141_1-319	0.3356421281872054	-1	0.8952635506117654	0.7720818735017518	0.5498337362347002	0.6429991623453977	0.0	0.7758253806691007	0.7966756441258959	0.4536524011840876
ENC_25570_1-319	0.6625694842461831	-1	0.5327907784527768	0.016424789133117103	0.5020181711178254	0.372061363206694	0.7758253806691007	0.0	0.09300902804709861	0.8775227350130919
NCTC13441_01344_1-312	0.6939535685498769	-1	0.4848799646359825	0.10790616350706594	0.5483349770072731	0.43046532548805944	0.7966756441258959	0.09300902804709861	0.0	0.8889142263873911
CS17_02661_1-312	0.63702967198063	-1	0.9427774923682337	0.8754774788610606	0.7540527427238978	0.8049534495721385	0.4536524011840876	0.8775227350130919	0.8889142263873911	0.0
