BN373_03691_1-373	0.0	0.569536512153159	0.1820115361722201	0.8245113864406641	0.012229817171959922	0.5625087488442331	0.6451316064985241	0.6956629486378461	0.5154710346886501	0.14608924249243005	0.41830867618910905	0.2369727772977701	0.4287043580715111	0.7754230325843992	5.75119183332961	1.001556627781969
SL1344_1167_1-373	0.569536512153159	0.0	0.38752497598093893	0.25497487428750504	0.581766329325119	0.007027763308925961	0.07559509434536504	0.12612643648468702	0.05406547746450896	0.423447269660729	0.15122783596404998	0.3325637348553889	0.14083215408164795	0.20588652043124006	6.3207283454827685	0.43202011562881004
ERS227112_02215_1-373	0.1820115361722201	0.38752497598093893	0.0	0.642499850268444	0.19424135334418002	0.380497212672013	0.463120070326304	0.513651412465626	0.33345949851643	0.03592229367979005	0.23629714001688895	0.05496124112555001	0.24669282189929098	0.593411496412179	5.93320336950183	0.819545091609749
t1691_1-373	0.8245113864406641	0.25497487428750504	0.642499850268444	0.0	0.836741203612624	0.262002637596431	0.17937977994214	0.12884843780281802	0.309040351752014	0.6784221439482341	0.406202710251555	0.587538609142894	0.395807028369153	0.04908835385626498	6.575703219770274	0.177045241341305
ENC_44350_1-373	0.012229817171959922	0.581766329325119	0.19424135334418002	0.836741203612624	0.0	0.574738566016193	0.657361423670484	0.707892765809806	0.52770085186061	0.15831905966438997	0.430538493361069	0.24920259446973003	0.440934175243471	0.7876528497563591	5.73896201615765	1.013786444953929
ROD_12171_1-373	0.5625087488442331	0.007027763308925961	0.380497212672013	0.262002637596431	0.574738566016193	0.0	0.082622857654291	0.13315419979361298	0.047037714155583	0.416419506351803	0.14420007265512402	0.32553597154646297	0.133804390772722	0.21291428374016602	6.313700582173843	0.439047878937736
NCTC13441_02784_1-373	0.6451316064985241	0.07559509434536504	0.463120070326304	0.17937977994214	0.657361423670484	0.082622857654291	0.0	0.05053134213932198	0.129660571809874	0.49904236400609403	0.22682293030941503	0.40815882920075397	0.216427248427013	0.13029142608587502	6.396323439828134	0.356425021283445
STMMW_12391_1-373	0.6956629486378461	0.12612643648468702	0.513651412465626	0.12884843780281802	0.707892765809806	0.13315419979361298	0.05053134213932198	0.0	0.18019191394919598	0.549573706145416	0.277354272448737	0.45869017134007595	0.266958590566335	0.07976008394655304	6.446854781967456	0.305893679144123
ERS227112_03604_1-373	0.5154710346886501	0.05406547746450896	0.33345949851643	0.309040351752014	0.52770085186061	0.047037714155583	0.129660571809874	0.18019191394919598	0.0	0.36938179219622	0.09716235849954102	0.27849825739087997	0.086766676617139	0.259951997895749	6.26666286801826	0.486085593093319
CS17_01329_1-373	0.14608924249243005	0.423447269660729	0.03592229367979005	0.6784221439482341	0.15831905966438997	0.416419506351803	0.49904236400609403	0.549573706145416	0.36938179219622	0.0	0.272219433696679	0.09088353480534006	0.28261511557908103	0.6293337900919691	5.89728107582204	0.855467385289539
ETEC_1252_1-373	0.41830867618910905	0.15122783596404998	0.23629714001688895	0.406202710251555	0.430538493361069	0.14420007265512402	0.22682293030941503	0.277354272448737	0.09716235849954102	0.272219433696679	0.0	0.18133589889133894	0.01039568188240203	0.35711435639529004	6.169500509518719	0.58324795159286
ENC_15090_1-373	0.2369727772977701	0.3325637348553889	0.05496124112555001	0.587538609142894	0.24920259446973003	0.32553597154646297	0.40815882920075397	0.45869017134007595	0.27849825739087997	0.09088353480534006	0.18133589889133894	0.0	0.19173158077374097	0.538450255286629	5.98816461062738	0.764583850484199
BN373_17511_1-373	0.4287043580715111	0.14083215408164795	0.24669282189929098	0.395807028369153	0.440934175243471	0.133804390772722	0.216427248427013	0.266958590566335	0.086766676617139	0.28261511557908103	0.01039568188240203	0.19173158077374097	0.0	0.346718674512888	6.179896191401121	0.572852269710458
SEN1820_1-373	0.7754230325843992	0.20588652043124006	0.593411496412179	0.04908835385626498	0.7876528497563591	0.21291428374016602	0.13029142608587502	0.07976008394655304	0.259951997895749	0.6293337900919691	0.35711435639529004	0.538450255286629	0.346718674512888	0.0	6.526614865914009	0.22613359519756998
b1128_1-373	5.75119183332961	6.3207283454827685	5.93320336950183	6.575703219770274	5.73896201615765	6.313700582173843	6.396323439828134	6.446854781967456	6.26666286801826	5.89728107582204	6.169500509518719	5.98816461062738	6.179896191401121	6.526614865914009	0.0	6.752748461111579
STM_MW12391_1-373	1.001556627781969	0.43202011562881004	0.819545091609749	0.177045241341305	1.013786444953929	0.439047878937736	0.356425021283445	0.305893679144123	0.486085593093319	0.855467385289539	0.58324795159286	0.764583850484199	0.572852269710458	0.22613359519756998	6.752748461111579	0.0
