NCTC13441_01207_1-128	0.0	-1	0.537807925869156	0.5762413462729105	0.12056710620006152	0.782829136006726	0.31034753334219767	0.765934596142864	0.7921147462048709	0.725655605051185	0.538356266384857	0.019160815790454144	0.12105278519354014
b2529_1-128	-1	-1	-1	-1	-1	-1	-1	-1	-1	-1	-1	-1	-1
SL1344_2504_1-128	0.537807925869156	-1	0.0	0.08315465053360958	0.5935330867557161	0.8996253479301612	0.32981886315766856	0.8918168255089967	0.5502189123730452	0.40642773793834097	0.0011863909971457755	0.5287789460579895	0.5937575637370738
SEN2522_1-128	0.5762413462729105	-1	0.08315465053360958	0.0	0.6273327008800196	0.9079719670454613	0.38554754138600983	0.9008127595774126	0.509425348682054	0.3525928201445078	0.08206562145092836	0.5679631681226165	0.6275385115564396
STM_MW25591_1-128	0.12056710620006152	-1	0.5935330867557161	0.6273327008800196	0.0	0.7530557868322377	0.3934969355308633	0.7338450659427082	0.8171788696766149	0.7587325148523704	0.5940153154422269	0.13741775787822816	0.0005522638474210841
ERS227112_00055_1-128	0.782829136006726	-1	0.8996253479301612	0.9079719670454613	0.7530557868322377	0.0	0.8502275779608324	0.07217871409212448	0.9548533798218507	0.9404203907172538	0.8997444315137185	0.7869903069267549	0.752919333112519
BN373_35181_1-128	0.31034753334219767	-1	0.32981886315766856	0.38554754138600983	0.3934969355308633	0.8502275779608324	0.0	0.8385762168706715	0.6985651993639872	0.602199066613443	0.3306139600248752	0.29687508639493193	0.3938318852467197
STMMW_25591_1-128	0.765934596142864	-1	0.8918168255089967	0.9008127595774126	0.7338450659427082	0.07217871409212448	0.8385762168706715	0.0	0.9513412541144999	0.935785468400364	0.8919451730532555	0.770419480229089	0.733697996973941
ENC_37250_1-128	0.7921147462048709	-1	0.5502189123730452	0.509425348682054	0.8171788696766149	0.9548533798218507	0.6985651993639872	0.9513412541144999	0.0	0.2422471257926933	0.5496846623105338	0.7880536818452425	0.8172798351774372
ROD_24731_1-128	0.725655605051185	-1	0.40642773793834097	0.3525928201445078	0.7587325148523704	0.9404203907172538	0.602199066613443	0.935785468400364	0.2422471257926933	0.0	0.4057226926911417	0.7202962530805618	0.7588657581619755
CS17_02815_1-128	0.538356266384857	-1	0.0011863909971457755	0.08206562145092836	0.5940153154422269	0.8997444315137185	0.3306139600248752	0.8919451730532555	0.5496846623105338	0.4057226926911417	0.0	0.5293379984740517	0.5942395261061146
ETEC_2686_1-128	0.019160815790454144	-1	0.5287789460579895	0.5679631681226165	0.13741775787822816	0.7869903069267549	0.29687508639493193	0.770419480229089	0.7880536818452425	0.7202962530805618	0.5293379984740517	0.0	0.13789413086597943
t0314_1-128	0.12105278519354014	-1	0.5937575637370738	0.6275385115564396	0.0005522638474210841	0.752919333112519	0.3938318852467197	0.733697996973941	0.8172798351774372	0.7588657581619755	0.5942395261061146	0.13789413086597943	0.0
