STMMW_34791_1-133	0.0	0.27005796438124996	0.29468118521143993	0.37945403120074994	0.5239539544439901	0.25074451050579993	0.32268298743176005	0.610155003803056	0.77034576259008	0.07985331153554998	0.56231836257638	-1	0.48972246188021507
STM_MW34791_1-134	0.27005796438124996	0.0	0.5647391495926899	0.6495119955819999	0.79401191882524	0.5208024748870499	0.59274095181301	0.8802129681843059	0.5002877982088301	0.19020465284569998	0.83237632695763	-1	0.759780426261465
SL1344_3456_1-133	0.29468118521143993	0.5647391495926899	0.0	0.08477284598931001	0.22927276923255013	0.04393667470564	0.028001802220320116	0.31547381859161605	1.06502694780152	0.3745344967469899	0.2676371773649401	-1	0.19504127666877513
BN373_44011_1-127	0.37945403120074994	0.6495119955819999	0.08477284598931001	0.0	0.14449992324324012	0.12870952069495	0.05677104376898989	0.23070097260230604	1.14979979379083	0.4593073427362999	0.18286433137563007	-1	0.11026843067946512
ETEC_3642_1-134	0.5239539544439901	0.79401191882524	0.22927276923255013	0.14449992324324012	0.0	0.27320944393819013	0.20127096701223002	0.08620104935906592	1.29429971703407	0.60380726597954	0.03836440813238995	-1	0.034231492563775
ROD_44311_1-134	0.25074451050579993	0.5208024748870499	0.04393667470564	0.12870952069495	0.27320944393819013	0.0	0.07193847692596012	0.35941049329725605	1.02109027309588	0.3305978220413499	0.3115738520705801	-1	0.23897795137441513
SEN3315_1-133	0.32268298743176005	0.59274095181301	0.028001802220320116	0.05677104376898989	0.20127096701223002	0.07193847692596012	0.0	0.28747201637129594	1.09302875002184	0.40253629896731	0.23963537514461997	-1	0.16703947444845502
t4017_1-133	0.610155003803056	0.8802129681843059	0.31547381859161605	0.23070097260230604	0.08620104935906592	0.35941049329725605	0.28747201637129594	0.0	1.3805007663931361	0.690008315338606	0.04783664122667597	-1	0.12043254192284092
ENC_25900_1-134	0.77034576259008	0.5002877982088301	1.06502694780152	1.14979979379083	1.29429971703407	1.02109027309588	1.09302875002184	1.3805007663931361	0.0	0.69049245105453	1.3326641251664602	-1	1.2600682244702952
CS17_03813_1-134	0.07985331153554998	0.19020465284569998	0.3745344967469899	0.4593073427362999	0.60380726597954	0.3305978220413499	0.40253629896731	0.690008315338606	0.69049245105453	0.0	0.64217167411193	-1	0.569575773415765
ERS227112_00822A_1-128	0.56231836257638	0.83237632695763	0.2676371773649401	0.18286433137563007	0.03836440813238995	0.3115738520705801	0.23963537514461997	0.04783664122667597	1.3326641251664602	0.64217167411193	0.0	-1	0.07259590069616495
b3392_1-134	-1	-1	-1	-1	-1	-1	-1	-1	-1	-1	-1	-1	-1
NCTC13441_00308_1-134	0.48972246188021507	0.759780426261465	0.19504127666877513	0.11026843067946512	0.034231492563775	0.23897795137441513	0.16703947444845502	0.12043254192284092	1.2600682244702952	0.569575773415765	0.07259590069616495	-1	0.0
