ETEC_2665_1-488	0.0	0.06457550183261473	0.06100597372341199	0.12984817864923004	0.02181856245335234	0.3055229672564755	0.02844804700595127	0.18855239324747286	0.048681450854396235	0.11599192289698979	0.19460172920891738	-1
BN373_34941_1-488	0.06457550183261473	0.0	0.12558147555602672	0.19442368048184477	0.08639406428596708	0.3700984690890902	0.093023548838566	0.12397689141485813	0.0158940509782185	0.05141642106437505	0.13002622737630265	-1
ROD_24491_1-488	0.06100597372341199	0.12558147555602672	0.0	0.06884220492581805	0.03918741127005965	0.2445169935330635	0.03255792671746072	0.24955836697088485	0.10968742457780822	0.17699789662040177	0.2556077029323294	-1
SEN2491_1-488	0.12984817864923004	0.19442368048184477	0.06884220492581805	0.0	0.1080296161958777	0.17567478860724545	0.10140013164327877	0.3184005718967029	0.17852962950362627	0.24584010154621982	0.3244499078581474	-1
t0346_3-490	0.02181856245335234	0.08639406428596708	0.03918741127005965	0.1080296161958777	0.0	0.28370440480312314	0.00662948455259893	0.2103709557008252	0.07050001330774858	0.13781048535034213	0.21642029166226973	-1
STM_MW25281_1-488	0.3055229672564755	0.3700984690890902	0.2445169935330635	0.17567478860724545	0.28370440480312314	0.0	0.2770749202505242	0.49407536050394835	0.3542044181108717	0.42151489015346527	0.5001246964653929	-1
ERS227112_00078_1-488	0.02844804700595127	0.093023548838566	0.03255792671746072	0.10140013164327877	0.00662948455259893	0.2770749202505242	0.0	0.21700044025342413	0.0771294978603475	0.14443996990294106	0.22304977621486866	-1
SL1344_2472_1-488	0.18855239324747286	0.12397689141485813	0.24955836697088485	0.3184005718967029	0.2103709557008252	0.49407536050394835	0.21700044025342413	0.0	0.13987094239307662	0.07256047035048308	0.006049335961444524	-1
NCTC13441_01231_1-488	0.048681450854396235	0.0158940509782185	0.10968742457780822	0.17852962950362627	0.07050001330774858	0.3542044181108717	0.0771294978603475	0.13987094239307662	0.0	0.06731047204259355	0.14592027835452115	-1
STMMW_25281_1-488	0.11599192289698979	0.05141642106437505	0.17699789662040177	0.24584010154621982	0.13781048535034213	0.42151489015346527	0.14443996990294106	0.07256047035048308	0.06731047204259355	0.0	0.0786098063119276	-1
CS17_02794_1-488	0.19460172920891738	0.13002622737630265	0.2556077029323294	0.3244499078581474	0.21642029166226973	0.5001246964653929	0.22304977621486866	0.006049335961444524	0.14592027835452115	0.0786098063119276	0.0	-1
b2508_1-488	-1	-1	-1	-1	-1	-1	-1	-1	-1	-1	-1	-1
