ERS227112_05079_1-261	0.0	0.5656194545820443	0.07933100497413716	0.2776588567740207	0.2798628081244632	0.004511781139678906	0.1405660987896276	0.5243989639909484	0.8356961192172286	0.5691394807093566	0.515541045754337	0.5132059064116817	0.44577822930962957	-1	0.5024926686217008	0.3039660183744416	0.17541208791208796	0.3554356984226303	0.5896079422302137	0.3404436401613741	0.059593605988819444	0.3821967006910842	0.289123027223694	0.2299089591221707	0.5407160194174758	0.12731851340311032	-1	0.8790356753330334	0.6130841042026017	0.4693872692706337	0.1981335951599763	0.021642027024946334	0.3379661594924624	0.6033625183106643	0.18387090776534407	0.7389790874346687	-1	0.22498234337906867	0.5292696067913154	0.5409136160169565	-1	0.19915261228926903	0.27460567966216926
ETEC_4142_1-326	0.5656194545820443	0.0	0.6000792997912646	0.6862290602276695	0.6871864138173495	0.5675792845343045	0.4945736434108528	0.0866703128676772	0.9286295906512929	0.008103553818058952	0.10336976618727799	0.788546116120867	0.21623334125459154	-1	0.7838924940464629	0.6976563794320587	0.6418150530021995	0.7200138071238785	0.055224590284281595	0.7135015486794163	0.5915057576548904	0.7316382658851808	0.691208872840363	0.4359361135758653	0.8004959740128333	0.6209241398758908	-1	0.7215245343214527	0.10926974083263215	0.7695121526200671	0.4582881352853077	0.5750203300850907	0.7124253792751919	0.827708394370582	0.4677551020408164	0.39909621800815187	-1	0.663347407608454	0.7955238750532029	0.8005818061314885	-1	0.6521274749296678	0.6849028194885659
SL1344_4359_1-277	0.07933100497413716	0.6000792997912646	0.0	0.21541710742014533	0.21781096597555433	0.07515832173294287	0.20874585388148978	0.5621288721442873	0.8215385967481658	0.6033200787083619	0.553973661463365	0.47126046796585824	0.48974519935704247	-1	0.45962410587713615	0.2439910702043291	0.10436007235722296	0.2998957225020236	0.6221647566064951	0.28361184812126955	0.020988159067199048	0.3289626319048999	0.22786910755440776	0.2910010553165882	0.501141036502894	0.052122433456798574	-1	0.8886318967748817	0.6437785310566779	0.42366612365993633	0.26174646291093373	0.05896510228640186	0.28092089112988955	0.5691855771919486	0.2486152488409496	0.7596861387477428	-1	0.15820163293414694	0.48870832432511624	0.501355659348399	-1	0.1301462392700277	0.21210084812571162
STMMW_28781_1-258	0.2776588567740207	0.6862290602276695	0.21541710742014533	0.0	0.003051122549381061	0.27438504088682497	0.37919553327253624	0.6564538039297616	0.7725397724834148	0.6887717199246576	0.6500553651441254	0.3260883750657019	0.5996628125587913	-1	0.31125710331765294	0.036419303880342424	0.12399741417872237	0.1076732820468426	0.7035569318197105	0.08691846501634422	0.23188405797101447	0.14472087724395283	0.015870853484095143	0.4437315571442244	0.36417302975245247	0.1722740148380801	-1	0.9126224914305049	0.7205147294974035	0.2654264045383777	0.42077890441335136	0.2616801179332775	0.08348867191630395	0.45090005545309153	0.41047637849523794	0.8114538556116703	-1	0.06796814620278595	0.3483267599760409	0.36444658000129787	-1	0.09802896992542655	0.004208989547132828
ROD_03811_1-277	0.2798628081244632	0.6871864138173495	0.21781096597555433	0.003051122549381061	0.0	0.27659898105074343	0.3810896837797249	0.6575020054753457	0.7718436394670081	0.6897213155480005	0.6511230891105692	0.32402589523184605	0.600884290378749	-1	0.30914923296409247	0.0334703033281806	0.1266702054216378	0.10494235147242413	0.7044614159496431	0.08412401514652118	0.23422767384227816	0.14210332936714598	0.01285896521343851	0.4454288003337308	0.3622271064956975	0.1747995082561163	-1	0.9128890909172099	0.7213674733084539	0.26317827114659914	0.42254617895917296	0.26393282237410765	0.08068372530055548	0.44921955682315656	0.4122750873102039	0.8120291330044124	-1	0.07081188960864807	0.34633233983832046	0.3625014939342439	-1	0.10078099407417554	0.007247269953596523
CS17_03060_1-259	0.004511781139678906	0.5675792845343045	0.07515832173294287	0.27438504088682497	0.27659898105074343	0.0	0.14444367645590925	0.5265447717752259	0.8349514563106797	0.5710834290741243	0.5177268185270512	0.5109996438274059	0.4482787566418298	-1	0.500237851184349	0.30081143258288995	0.17167486619586847	0.35251438503682603	0.5914595413763335	0.33745437932583955	0.05533146832435711	0.37939667431101864	0.28590116958877787	0.23338344135623898	0.5386344389807719	0.12336332056649146	-1	0.8795814398916398	0.6148297840439024	0.46698241056349693	0.20175144088187566	0.017207884092168255	0.33496567014578715	0.6015648661885484	0.18755310361123165	0.7401567566650428	-1	0.22146978544034826	0.5271361485848647	0.5388329311334032	-1	0.19552298807958124	0.2713180260753922
ETEC_2930_1-258	0.1405660987896276	0.4945736434108528	0.20874585388148978	0.37919553327253624	0.3810896837797249	0.14444367645590925	0.0	0.4466112689536158	0.8587916747548587	0.4986693930925384	0.4363045796036419	0.5816326530612245	0.35513159312212433	-1	0.5724253333127869	0.4018047997965577	0.2913211938233702	0.44603958771442215	0.5224856068723657	0.43315490459577755	0.1917828640717925	0.4690389002942991	0.38904823000623967	0.10395547604849918	0.6052757768045323	0.2499879454599678	-1	0.8592511599826257	0.5498014504053305	0.5439734307973718	0.0669830411498479	0.15916599050577754	0.4310256737193215	0.6591163017454765	0.05038759689922482	0.696287390807221	-1	0.3339235518633522	0.5954383417463676	0.6054455980208899	-1	0.31172460530563084	0.3765715293562115
NCTC13441_03468_1-259	0.5243989639909484	0.0866703128676772	0.5621288721442873	0.6564538039297616	0.6575020054753457	0.5265447717752259	0.4466112689536158	0.0	0.9218569040794062	0.09407152914098492	0.018284145971466024	0.7684802247663086	0.14185789667443854	-1	0.7633849977743825	0.6689655172413793	0.6078251347304483	0.6934445503953524	0.1371085706340308	0.6863143119543907	0.5527417447387462	0.7061721107988695	0.6619061752726105	0.38240933764543955	0.7815640630125904	0.5849517808686001	-1	0.7456600900577844	0.18646961107537513	0.7476400355455216	0.40688245181697535	0.5346919344653489	0.6851360195815639	0.8113588027885307	0.4172477852654403	0.45117673679675585	-1	0.6314007995857778	0.7761201373090014	0.7816580401600153	-1	0.6191161527196338	0.6550017097322459
CS17_00534_1-259	0.8356961192172286	0.9286295906512929	0.8215385967481658	0.7725397724834148	0.7718436394670081	0.8349514563106797	0.8587916747548587	0.9218569040794062	0.0	0.9292079446044671	0.9204015137374745	0.6624776616091748	0.9089392122612728	-1	0.6697458099208662	0.7639427310732063	0.8007442525239754	0.7450931111439324	0.9325709922659968	0.7508872769827104	0.8252841730669709	0.7340514675681333	0.7688715669870579	0.8734710534277287	0.6422608065398238	0.8117252590936801	-1	0.9801250920209503	0.936428216783945	0.6903506620413655	0.8682502378154552	0.832061591645085	0.751819513249035	0.5857580577534485	0.8659068229261255	0.9571132511000556	-1	0.787999822482581	0.6509596933760509	0.6421068310559173	-1	0.794837464285869	0.7734971502034206
STM_MW05881_1-259	0.5691394807093566	0.008103553818058952	0.6033200787083619	0.6887717199246576	0.6897213155480005	0.5710834290741243	0.4986693930925384	0.09407152914098492	0.9292079446044671	0.0	0.11063565754187815	0.7902596440489191	0.2225846365545352	-1	0.7856437328514438	0.7001064372328778	0.6447176239970148	0.7222826903061637	0.0475060039257156	0.7158232042984832	0.5948160127321013	0.7338129496402878	0.6937111783578402	0.44050703563632676	0.8021126656243398	0.6239960015095335	-1	0.719249457188329	0.10199269026921842	0.7713799232957189	0.4626779265349043	0.5784641757118272	0.7147557556909433	0.8291045686691997	0.47206817721581595	0.3941869795936078	-1	0.666075490008888	0.7971808583362174	0.8021978021978021	-1	0.6549464786583993	0.6874562264487589
SL1344_0511_1-258	0.515541045754337	0.10336976618727799	0.553973661463365	0.6500553651441254	0.6511230891105692	0.5177268185270512	0.4363045796036419	0.018284145971466024	0.9204015137374745	0.11063565754187815	0.0	0.7641682424872379	0.12587527256066988	-1	0.7589781185109187	0.662800105142237	0.6005210024262754	0.6877350525137413	0.15288580348608516	0.6804720156465032	0.5444117017914085	0.7006996596872824	0.6556092851714682	0.3709069077164868	0.777495763065205	0.5772216396137203	-1	0.7503104780975374	0.2013443194586965	0.7429399113614157	0.39583582586638616	0.5260257195345989	0.6792717779524783	0.807845420406151	0.40639421035812084	0.46121150145370027	-1	0.6245357565514993	0.7719504459744709	0.7775914905071518	-1	0.6120223120392884	0.6485762261533911
ETEC_0561_1-258	0.5132059064116817	0.788546116120867	0.47126046796585824	0.3260883750657019	0.32402589523184605	0.5109996438274059	0.5816326530612245	0.7684802247663086	0.6624776616091748	0.7902596440489191	0.7641682424872379	0.0	0.7302081154898683	-1	0.021533828979566533	0.300617345648224	0.4096516739425358	0.2447703163252419	0.8002235702221121	0.2619370788761365	0.4823577373693072	0.2120565006162097	0.31522033737123256	0.6251242297753925	0.05651283236205286	0.4421858363391878	-1	0.9411152812172209	0.8116516272103934	0.08258120207710823	0.6096561702769772	0.5024376485551156	0.2646990775953002	0.18520481880626105	0.6027131782945736	0.872936561460164	-1	0.3718928989169933	0.032998963198634775	0.05691874648895647	-1	0.3921512374787815	0.3289248620507416
NCTC13441_04242_1-281	0.44577822930962957	0.21623334125459154	0.48974519935704247	0.5996628125587913	0.600884290378749	0.4482787566418298	0.35513159312212433	0.14185789667443854	0.9089392122612728	0.2225846365545352	0.12587527256066988	0.7302081154898683	0.0	-1	0.7242706058720781	0.6142428142428144	0.5429954272727618	0.6427684314559883	0.25951653386228707	0.6344595063801417	0.4788063031425773	0.6575999615186598	0.6060165054049055	0.28031655834015257	0.7454548190318316	0.516340921249567	-1	0.7817402147225533	0.30187532092896036	0.705922872824318	0.30883527811476225	0.45777271184872415	0.6330864326569662	0.780174872575967	0.3209140858184003	0.5290316505607698	-1	0.570468342031246	0.7391109679581085	0.7455643313690783	-1	0.5561529427302011	0.5979706753336297
b2739_1-258	-1	-1	-1	-1	-1	-1	-1	-1	-1	-1	-1	-1	-1	-1	-1	-1	-1	-1	-1	-1	-1	-1	-1	-1	-1	-1	-1	-1	-1	-1	-1	-1	-1	-1	-1	-1	-1	-1	-1	-1	-1	-1	-1
ERS227112_02968_1-341	0.5024926686217008	0.7838924940464629	0.45962410587713615	0.31125710331765294	0.30914923296409247	0.500237851184349	0.5724253333127869	0.7633849977743825	0.6697458099208662	0.7856437328514438	0.7589781185109187	0.021533828979566533	0.7242706058720781	-1	0.0	0.28522551411011365	0.3966594415402269	0.22814941789235704	0.7958269425201049	0.2456939820881652	0.4709656010990667	0.19471564503650526	0.300149884676527	0.6168740613345345	0.07682972367438402	0.42990960732032985	-1	0.9398193616429593	0.8075065052139923	0.06239088780542709	0.601065584806129	0.49148742574719667	0.24851676615670712	0.20275047889146197	0.5939697932621426	0.8701401823556937	-1	0.358069681215489	0.053822198148178894	0.07722689691589851	-1	0.3787738600228779	0.3141560149704509
NCTC13441_01036_1-259	0.3039660183744416	0.6976563794320587	0.2439910702043291	0.036419303880342424	0.0334703033281806	0.30081143258288995	0.4018047997965577	0.6689655172413793	0.7639427310732063	0.7001064372328778	0.662800105142237	0.300617345648224	0.6142428142428144	-1	0.28522551411011365	0.0	0.15590081855171323	0.0739470793192933	0.7143531820029896	0.052407817362222046	0.2598583058791036	0.11239491803825168	0.02087983113699518	0.4639904666036338	0.3401414403505335	0.20241921902134788	-1	0.9158047194674045	0.7306933884939173	0.2376626073770962	0.44187373350742637	0.288569214079164	0.048848392485974466	0.4301463834236866	0.4319464184114598	0.8183205749396157	-1	0.10191209751238557	0.3236962481209418	0.34042532965004624	-1	0.13087812696097792	0.040475004958129036
ERS227112_02734_1-273	0.17541208791208796	0.6418150530021995	0.10436007235722296	0.12399741417872237	0.1266702054216378	0.17167486619586847	0.2913211938233702	0.6078251347304483	0.8007442525239754	0.6447176239970148	0.6005210024262754	0.4096516739425358	0.5429954272727618	-1	0.3966594415402269	0.15590081855171323	0.0	0.21831948767562023	0.6615956699461502	0.20013821428865616	0.12315790562552421	0.2507732768667488	0.13790032286998036	0.3649922364849438	0.44301392992823985	0.05511011204846734	-1	0.9002542800857417	0.6809538293307993	0.3565116308995857	0.33879065545952447	0.15717157230246487	0.19713370666418892	0.5189870287025881	0.32702981584002205	0.784765310696472	-1	0.060115185707083074	0.4291325566284817	0.44325356065358046	-1	0.028790774190551108	0.12029474395145624
ROD_04781_1-267	0.3554356984226303	0.7200138071238785	0.2998957225020236	0.1076732820468426	0.10494235147242413	0.35251438503682603	0.44603958771442215	0.6934445503953524	0.7450931111439324	0.7222826903061637	0.6877350525137413	0.2447703163252419	0.6427684314559883	-1	0.22814941789235704	0.0739470793192933	0.21831948767562023	0.0	0.7354759299107182	0.02273051883681986	0.3145896224417776	0.041517971446703945	0.09328290792702765	0.5036268060855923	0.2874504848335997	0.26139798829592015	-1	0.9220307145552585	0.7506078258561677	0.17678852299009196	0.48314554080593375	0.3411774428358393	0.02638768271539586	0.38464249304733533	0.47395232166679624	0.8317552377952396	-1	0.16832307487333495	0.2696921128633418	0.2877570432312602	-1	0.19514715104472724	0.11142907587533478
SEN0499_1-258	0.5896079422302137	0.055224590284281595	0.6221647566064951	0.7035569318197105	0.7044614159496431	0.5914595413763335	0.5224856068723657	0.1371085706340308	0.9325709922659968	0.0475060039257156	0.15288580348608516	0.8002235702221121	0.25951653386228707	-1	0.7958269425201049	0.7143531820029896	0.6615956699461502	0.7354759299107182	0.0	0.7293233082706767	0.6140646848218873	0.746458432699651	0.7082617363211755	0.46708631059779765	0.8115135021080393	0.6418584489379063	-1	0.7052469160238408	0.05720423075428335	0.78224074955713	0.48820395106631076	0.5984896582352909	0.7283065698808772	0.8372231277008876	0.4971481084615116	0.3639718224962489	-1	0.6819389090914184	0.8068159852763073	0.8115945941831085	-1	0.6713385925978353	0.7023039321820421
SEN2754_1-258	0.3404436401613741	0.7135015486794163	0.28361184812126955	0.08691846501634422	0.08412401514652118	0.33745437932583955	0.43315490459577755	0.6863143119543907	0.7508872769827104	0.7158232042984832	0.6804720156465032	0.2619370788761365	0.6344595063801417	-1	0.2456939820881652	0.052407817362222046	0.20013821428865616	0.02273051883681986	0.7293233082706767	0.0	0.29864751660675715	0.06330476525148795	0.07219338212243555	0.4920815563342804	0.30364710501025644	0.2442186869224955	-1	0.9202172103523177	0.744807160204167	0.19550054697495198	0.47112391294682804	0.3258537487735653	0.003742226631515307	0.3986298884505014	0.4617168667673081	0.8278419970666538	-1	0.14897892428117754	0.28629239004857976	0.30394669517648437	-1	0.17642690734871933	0.09076161565277042
STMMW_05881_1-258	0.059593605988819444	0.5915057576548904	0.020988159067199048	0.23188405797101447	0.23422767384227816	0.05533146832435711	0.1917828640717925	0.5527417447387462	0.8252841730669709	0.5948160127321013	0.5444117017914085	0.4823577373693072	0.4788063031425773	-1	0.4709656010990667	0.2598583058791036	0.12315790562552421	0.3145896224417776	0.6140646848218873	0.29864751660675715	0.0	0.34304647092651447	0.2440747135457542	0.2758014611877639	0.5116111677808692	0.07201663859963683	-1	0.8862443756359403	0.6361418176475631	0.43576231073237703	0.24591970574568386	0.038791096932002826	0.29601303784875516	0.5782275788262877	0.23250698332398903	0.7545342648529292	-1	0.17586943096463348	0.49943939534391546	0.5118212860879534	-1	0.14840286836542965	0.2286374008541604
STM_MW43711_1-278	0.3821967006910842	0.7316382658851808	0.3289626319048999	0.14472087724395283	0.14210332936714598	0.37939667431101864	0.4690389002942991	0.7061721107988695	0.7340514675681333	0.7338129496402878	0.7006996596872824	0.2120565006162097	0.6575999615186598	-1	0.19471564503650526	0.11239491803825168	0.2507732768667488	0.041517971446703945	0.746458432699651	0.06330476525148795	0.34304647092651447	0.0	0.13092796226595174	0.5242352141774399	0.2565854195076552	0.29206324552832824	-1	0.9252678411220732	0.7609620830213027	0.14112998211094402	0.5046042894848546	0.3685304189526254	0.06681009110457732	0.35798743364915586	0.4957927541554391	0.8387404190285144	-1	0.20285261370362637	0.23805781915497892	0.2569052569052569	-1	0.22856300864645057	0.14832073813151397
STMMW_43711_1-277	0.289123027223694	0.691208872840363	0.22786910755440776	0.015870853484095143	0.01285896521343851	0.28590116958877787	0.38904823000623967	0.6619061752726105	0.7688715669870579	0.6937111783578402	0.6556092851714682	0.31522033737123256	0.6060165054049055	-1	0.300149884676527	0.02087983113699518	0.13790032286998036	0.09328290792702765	0.7082617363211755	0.07219338212243555	0.2440747135457542	0.13092796226595174	0.0	0.4525600120986142	0.3539191756503152	0.18541073267356326	-1	0.9140092470668165	0.724950399276513	0.25358008340447963	0.42997163755630413	0.2733978846059529	0.06870827743654884	0.442044830710606	0.4198326215175532	0.8144462438442485	-1	0.08276028719691111	0.3378173562574928	0.3541971373891925	-1	0.11234401999063848	0.020013042774809336
ETEC_3623_1-276	0.2299089591221707	0.4359361135758653	0.2910010553165882	0.4437315571442244	0.4454288003337308	0.23338344135623898	0.10395547604849918	0.38240933764543955	0.8734710534277287	0.44050703563632676	0.3709069077164868	0.6251242297753925	0.28031655834015257	-1	0.6168740613345345	0.4639904666036338	0.3649922364849438	0.5036268060855923	0.46708631059779765	0.4920815563342804	0.2758014611877639	0.5242352141774399	0.4525600120986142	0.0	0.6463095213346911	0.3279558056317898	-1	0.8429220465555879	0.4975712282584777	0.5913798898895949	0.03962675549243608	0.24657529024051772	0.4901736706672035	0.6945530288746985	0.05641025641025627	0.6610518773627171	-1	0.4031658461140909	0.6374947415210942	0.6464616887056592	-1	0.38327460161355265	0.4413803328041744
ERS227112_04547_1-618	0.5407160194174758	0.8004959740128333	0.501141036502894	0.36417302975245247	0.3622271064956975	0.5386344389807719	0.6052757768045323	0.7815640630125904	0.6422608065398238	0.8021126656243398	0.777495763065205	0.05651283236205286	0.7454548190318316	-1	0.07682972367438402	0.3401414403505335	0.44301392992823985	0.2874504848335997	0.8115135021080393	0.30364710501025644	0.5116111677808692	0.2565854195076552	0.3539191756503152	0.6463095213346911	0.0	0.47370949465933	-1	0.9444430234584787	0.8222957272275178	0.13442713680992066	0.631715605689676	0.5305563063119891	0.3062530153588198	0.13640035695068653	0.6251649818492652	0.8801172762617117	-1	0.40738901022591223	0.024316281232951913	0.00043022750157782434	-1	0.4265024926966244	0.36684921882400956
CS17_04327_1-327	0.12731851340311032	0.6209241398758908	0.052122433456798574	0.1722740148380801	0.1747995082561163	0.12336332056649146	0.2499879454599678	0.5849517808686001	0.8117252590936801	0.6239960015095335	0.5772216396137203	0.4421858363391878	0.516340921249567	-1	0.42990960732032985	0.20241921902134788	0.05511011204846734	0.26139798829592015	0.6418584489379063	0.2442186869224955	0.07201663859963683	0.29206324552832824	0.18541073267356326	0.3279558056317898	0.47370949465933	0.0	-1	0.8944366733244428	0.6623456608675593	0.39197434702259504	0.3002260337721048	0.10801413112300413	0.2413797580498631	0.5454957074475546	0.28777925053369036	0.77221188198961	-1	0.11191234313541865	0.4605931253975082	0.47393591930854684	-1	0.08231422344741506	0.16877539918191714
b0508_1-258	-1	-1	-1	-1	-1	-1	-1	-1	-1	-1	-1	-1	-1	-1	-1	-1	-1	-1	-1	-1	-1	-1	-1	-1	-1	-1	-1	-1	-1	-1	-1	-1	-1	-1	-1	-1	-1	-1	-1	-1	-1	-1	-1
Ecoli9000q_34870_1-298	0.8790356753330334	0.7215245343214527	0.8886318967748817	0.9126224914305049	0.9128890909172099	0.8795814398916398	0.8592511599826257	0.7456600900577844	0.9801250920209503	0.719249457188329	0.7503104780975374	0.9411152812172209	0.7817402147225533	-1	0.9398193616429593	0.9158047194674045	0.9002542800857417	0.9220307145552585	0.7052469160238408	0.9202172103523177	0.8862443756359403	0.9252678411220732	0.9140092470668165	0.8429220465555879	0.9444430234584787	0.8944366733244428	-1	0.0	0.6873627421854297	0.9358147893676272	0.8491465362099818	0.8816535885165303	0.9199175235763274	0.9520210148898433	0.8517828541857854	0.5365722865722866	-1	0.906250512561874	0.9430584158852958	0.9444669255976914	-1	0.903126036584267	0.912253165923081
t2342_1-258	0.6130841042026017	0.10926974083263215	0.6437785310566779	0.7205147294974035	0.7213674733084539	0.6148297840439024	0.5498014504053305	0.18646961107537513	0.936428216783945	0.10199269026921842	0.2013443194586965	0.8116516272103934	0.30187532092896036	-1	0.8075065052139923	0.7306933884939173	0.6809538293307993	0.7506078258561677	0.05720423075428335	0.744807160204167	0.6361418176475631	0.7609620830213027	0.724950399276513	0.4975712282584777	0.8222957272275178	0.6623456608675593	-1	0.6873627421854297	0.0	0.7946974999683436	0.517480850348644	0.6214577484758305	0.7438485835518343	0.8465346534653465	0.5259133641003071	0.32538074708098746	-1	0.700133349129712	0.8178669282326002	0.8223721804928124	-1	0.6901394155868963	0.7193334067401433
BN373_21611_1-260	0.4693872692706337	0.7695121526200671	0.42366612365993633	0.2654264045383777	0.26317827114659914	0.46698241056349693	0.5439734307973718	0.7476400355455216	0.6903506620413655	0.7713799232957189	0.7429399113614157	0.08258120207710823	0.705922872824318	-1	0.06239088780542709	0.2376626073770962	0.3565116308995857	0.17678852299009196	0.78224074955713	0.19550054697495198	0.43576231073237703	0.14112998211094402	0.25358008340447963	0.5913798898895949	0.13442713680992066	0.39197434702259504	-1	0.9358147893676272	0.7946974999683436	0.0	0.5745194772476955	0.4576497096294467	0.1985111662531018	0.25249158431587526	0.5669515137416904	0.8614989808062384	-1	0.31535401007141933	0.11285507122750149	0.1347995300602845	-1	0.33743589743589747	0.2685182171232754
CS17_03794_1-277	0.1981335951599763	0.4582881352853077	0.26174646291093373	0.42077890441335136	0.42254617895917296	0.20175144088187566	0.0669830411498479	0.40688245181697535	0.8682502378154552	0.4626779265349043	0.39583582586638616	0.6096561702769772	0.30883527811476225	-1	0.601065584806129	0.44187373350742637	0.33879065545952447	0.48314554080593375	0.48820395106631076	0.47112391294682804	0.24591970574568386	0.5046042894848546	0.42997163755630413	0.03962675549243608	0.631715605689676	0.3002260337721048	-1	0.8491465362099818	0.517480850348644	0.5745194772476955	0.0	0.21548760956392066	0.4691373044297872	0.6819497285329716	0.017476018843513297	0.6744832917430851	-1	0.3785393779978338	0.6225371119488213	0.6318740517645103	-1	0.3578273843908716	0.4183306642593312
SL1344_2894_1-253	0.021642027024946334	0.5750203300850907	0.05896510228640186	0.2616801179332775	0.26393282237410765	0.017207884092168255	0.15916599050577754	0.5346919344653489	0.832061591645085	0.5784641757118272	0.5260257195345989	0.5024376485551156	0.45777271184872415	-1	0.49148742574719667	0.288569214079164	0.15717157230246487	0.3411774428358393	0.5984896582352909	0.3258537487735653	0.038791096932002826	0.3685304189526254	0.2733978846059529	0.24657529024051772	0.5305563063119891	0.10801413112300413	-1	0.8816535885165303	0.6214577484758305	0.4576497096294467	0.21548760956392066	0.0	0.32332146433643033	0.5945885936992826	0.2015335956353314	0.7446281090784839	-1	0.20783835975271103	0.5188566902794716	0.5307582738994561	-1	0.18143725524568183	0.2585594022073483
BN373_11091_1-340	0.3379661594924624	0.7124253792751919	0.28092089112988955	0.08348867191630395	0.08068372530055548	0.33496567014578715	0.4310256737193215	0.6851360195815639	0.751819513249035	0.7147557556909433	0.6792717779524783	0.2646990775953002	0.6330864326569662	-1	0.24851676615670712	0.048848392485974466	0.19713370666418892	0.02638768271539586	0.7283065698808772	0.003742226631515307	0.29601303784875516	0.06681009110457732	0.06870827743654884	0.4901736706672035	0.3062530153588198	0.2413797580498631	-1	0.9199175235763274	0.7438485835518343	0.1985111662531018	0.4691373044297872	0.32332146433643033	0.0	0.40088035169733927	0.45969492271796036	0.8271953228015916	-1	0.14578224786000613	0.2889632456736551	0.30655148439074914	-1	0.17333333333333334	0.08734625851603706
t2816_1-258	0.6033625183106643	0.827708394370582	0.5691855771919486	0.45090005545309153	0.44921955682315656	0.6015648661885484	0.6591163017454765	0.8113588027885307	0.5857580577534485	0.8291045686691997	0.807845420406151	0.18520481880626105	0.780174872575967	-1	0.20275047889146197	0.4301463834236866	0.5189870287025881	0.38464249304733533	0.8372231277008876	0.3986298884505014	0.5782275788262877	0.35798743364915586	0.442044830710606	0.6945530288746985	0.13640035695068653	0.5454957074475546	-1	0.9520210148898433	0.8465346534653465	0.25249158431587526	0.6819497285329716	0.5945885936992826	0.40088035169733927	0.0	0.6762926121226425	0.8964693225718346	-1	0.4882213607639974	0.15739988874375052	0.13602865271650993	-1	0.5047277574031338	0.4532112113800207
ETEC_4556_1-280	0.18387090776534407	0.4677551020408164	0.2486152488409496	0.41047637849523794	0.4122750873102039	0.18755310361123165	0.05038759689922482	0.4172477852654403	0.8659068229261255	0.47206817721581595	0.40639421035812084	0.6027131782945736	0.3209140858184003	-1	0.5939697932621426	0.4319464184114598	0.32702981584002205	0.47395232166679624	0.4971481084615116	0.4617168667673081	0.23250698332398903	0.4957927541554391	0.4198326215175532	0.05641025641025627	0.6251649818492652	0.28777925053369036	-1	0.8517828541857854	0.5259133641003071	0.5669515137416904	0.017476018843513297	0.2015335956353314	0.45969492271796036	0.6762926121226425	0.0	0.6801720278704614	-1	0.36748554343612905	0.6158232315033336	0.625326246182628	-1	0.3464051484491456	0.40798459183051095
Ecoli9000q_46320_1-259	0.7389790874346687	0.39909621800815187	0.7596861387477428	0.8114538556116703	0.8120291330044124	0.7401567566650428	0.696287390807221	0.45117673679675585	0.9571132511000556	0.3941869795936078	0.46121150145370027	0.872936561460164	0.5290316505607698	-1	0.8701401823556937	0.8183205749396157	0.784765310696472	0.8317552377952396	0.3639718224962489	0.8278419970666538	0.7545342648529292	0.8387404190285144	0.8144462438442485	0.6610518773627171	0.8801172762617117	0.77221188198961	-1	0.5365722865722866	0.32538074708098746	0.8614989808062384	0.6744832917430851	0.7446281090784839	0.8271953228015916	0.8964693225718346	0.6801720278704614	0.0	-1	0.79770418401456	0.8771295231924319	0.8801688531064279	-1	0.7909620840341833	0.8106569125357111
b3873_1-326	-1	-1	-1	-1	-1	-1	-1	-1	-1	-1	-1	-1	-1	-1	-1	-1	-1	-1	-1	-1	-1	-1	-1	-1	-1	-1	-1	-1	-1	-1	-1	-1	-1	-1	-1	-1	-1	-1	-1	-1	-1	-1	-1
CS17_04689_1-281	0.22498234337906867	0.663347407608454	0.15820163293414694	0.06796814620278595	0.07081188960864807	0.22146978544034826	0.3339235518633522	0.6314007995857778	0.787999822482581	0.666075490008888	0.6245357565514993	0.3718928989169933	0.570468342031246	-1	0.358069681215489	0.10191209751238557	0.060115185707083074	0.16832307487333495	0.6819389090914184	0.14897892428117754	0.17586943096463348	0.20285261370362637	0.08276028719691111	0.4031658461140909	0.40738901022591223	0.11191234313541865	-1	0.906250512561874	0.700133349129712	0.31535401007141933	0.3785393779978338	0.20783835975271103	0.14578224786000613	0.4882213607639974	0.36748554343612905	0.79770418401456	-1	0.0	0.3926197820304326	0.4076439677714503	-1	0.032253000367067984	0.0640286525851008
BN373_27151_1-617	0.5292696067913154	0.7955238750532029	0.48870832432511624	0.3483267599760409	0.34633233983832046	0.5271361485848647	0.5954383417463676	0.7761201373090014	0.6509596933760509	0.7971808583362174	0.7719504459744709	0.032998963198634775	0.7391109679581085	-1	0.053822198148178894	0.3236962481209418	0.4291325566284817	0.2696921128633418	0.8068159852763073	0.28629239004857976	0.49943939534391546	0.23805781915497892	0.3378173562574928	0.6374947415210942	0.024316281232951913	0.4605931253975082	-1	0.9430584158852958	0.8178669282326002	0.11285507122750149	0.6225371119488213	0.5188566902794716	0.2889632456736551	0.15739988874375052	0.6158232315033336	0.8771295231924319	-1	0.3926197820304326	0.0	0.02473604720160722	-1	0.41220961642355486	0.35106964583144795
STM_MW28781_1-259	0.5409136160169565	0.8005818061314885	0.501355659348399	0.36444658000129787	0.3625014939342439	0.5388329311334032	0.6054455980208899	0.7816580401600153	0.6421068310559173	0.8021978021978021	0.7775914905071518	0.05691874648895647	0.7455643313690783	-1	0.07722689691589851	0.34042532965004624	0.44325356065358046	0.2877570432312602	0.8115945941831085	0.30394669517648437	0.5118212860879534	0.2569052569052569	0.3541971373891925	0.6464616887056592	0.00043022750157782434	0.47393591930854684	-1	0.9444669255976914	0.8223721804928124	0.1347995300602845	0.6318740517645103	0.5307582738994561	0.30655148439074914	0.13602865271650993	0.625326246182628	0.8801688531064279	-1	0.4076439677714503	0.02473604720160722	0.0	-1	0.42674922709635266	0.36712161770271695
b4474_1-276	-1	-1	-1	-1	-1	-1	-1	-1	-1	-1	-1	-1	-1	-1	-1	-1	-1	-1	-1	-1	-1	-1	-1	-1	-1	-1	-1	-1	-1	-1	-1	-1	-1	-1	-1	-1	-1	-1	-1	-1	-1	-1	-1
BN373_08721_1-272	0.19915261228926903	0.6521274749296678	0.1301462392700277	0.09802896992542655	0.10078099407417554	0.19552298807958124	0.31172460530563084	0.6191161527196338	0.794837464285869	0.6549464786583993	0.6120223120392884	0.3921512374787815	0.5561529427302011	-1	0.3787738600228779	0.13087812696097792	0.028790774190551108	0.19514715104472724	0.6713385925978353	0.17642690734871933	0.14840286836542965	0.22856300864645057	0.11234401999063848	0.38327460161355265	0.4265024926966244	0.08231422344741506	-1	0.903126036584267	0.6901394155868963	0.33743589743589747	0.3578273843908716	0.18143725524568183	0.17333333333333334	0.5047277574031338	0.3464051484491456	0.7909620840341833	-1	0.032253000367067984	0.41220961642355486	0.42674922709635266	-1	0.0	0.09421653679683867
ENC_22010_1-338	0.27460567966216926	0.6849028194885659	0.21210084812571162	0.004208989547132828	0.007247269953596523	0.2713180260753922	0.3765715293562115	0.6550017097322459	0.7734971502034206	0.6874562264487589	0.6485762261533911	0.3289248620507416	0.5979706753336297	-1	0.3141560149704509	0.040475004958129036	0.12029474395145624	0.11142907587533478	0.7023039321820421	0.09076161565277042	0.2286374008541604	0.14832073813151397	0.020013042774809336	0.4413803328041744	0.36684921882400956	0.16877539918191714	-1	0.912253165923081	0.7193334067401433	0.2685182171232754	0.4183306642593312	0.2585594022073483	0.08734625851603706	0.4532112113800207	0.40798459183051095	0.8106569125357111	-1	0.0640286525851008	0.35106964583144795	0.36712161770271695	-1	0.09421653679683867	0.0
