Ecoli9000q_33330_1-188	0.0	0.7117486750281814	1.272204983423204	0.5896790319312619	0.9682976787566329	1.3026329983064158	1.5194552609933756	1.240676376106083	1.5581193637158108	0.6653623538177866	-1	0.027008119065682346	0.6564133779655734	0.869416523974919
ERS227112_00462_1-188	0.7117486750281814	0.0	0.5604563083950227	0.12206964309691948	0.25654900372845146	0.5908843232782344	0.8077065859651942	0.5289277010779017	0.8463706886876294	0.046386321210394765	-1	0.684740555962499	0.05533529706260798	0.15766784894673758
STMMW_38351_7-194	1.272204983423204	0.5604563083950227	0.0	0.6825259514919422	0.30390730466657123	0.030428014883211674	0.24725027757017148	0.03152860731712104	0.28591438029260674	0.6068426296054175	-1	1.2451968643575217	0.6157916054576307	0.4027884594482851
CS17_04163_1-188	0.5896790319312619	0.12206964309691948	0.6825259514919422	0.0	0.37861864682537094	0.7129539663751538	0.9297762290621137	0.6509973441748211	0.9684403317845489	0.07568332188652471	-1	0.5626709128655796	0.0667343460343115	0.27973749204365705
SEN3664_7-194	0.9682976787566329	0.25654900372845146	0.30390730466657123	0.37861864682537094	0.0	0.3343353195497829	0.5511575822367427	0.2723786973494502	0.589821684959178	0.30293532493884623	-1	0.9412895596909505	0.31188430079105944	0.09888115478171389
ENC_04010_1-188	1.3026329983064158	0.5908843232782344	0.030428014883211674	0.7129539663751538	0.3343353195497829	0.0	0.2168222626869598	0.06195662220033271	0.25548636540939507	0.6372706444886291	-1	1.2756248792407334	0.6462196203408423	0.4332164743314968
STM_MW38351_7-194	1.5194552609933756	0.8077065859651942	0.24725027757017148	0.9297762290621137	0.5511575822367427	0.2168222626869598	0.0	0.2787788848872925	0.038664102722435256	0.854092907175589	-1	1.4924471419276932	0.8630418830278022	0.6500387370184566
BN373_47591_1-188	1.240676376106083	0.5289277010779017	0.03152860731712104	0.6509973441748211	0.2723786973494502	0.06195662220033271	0.2787788848872925	0.0	0.3174429876097278	0.5753140222882964	-1	1.2136682570404007	0.5842629981405096	0.3712598521311641
SL1344_3817_7-194	1.5581193637158108	0.8463706886876294	0.28591438029260674	0.9684403317845489	0.589821684959178	0.25548636540939507	0.038664102722435256	0.3174429876097278	0.0	0.8927570098980242	-1	1.5311112446501285	0.9017059857502374	0.6887028397408919
ROD_40201_1-188	0.6653623538177866	0.046386321210394765	0.6068426296054175	0.07568332188652471	0.30293532493884623	0.6372706444886291	0.854092907175589	0.5753140222882964	0.8927570098980242	0.0	-1	0.6383542347521043	0.008948975852213215	0.20405417015713234
b3713_1-188	-1	-1	-1	-1	-1	-1	-1	-1	-1	-1	-1	-1	-1	-1
t3673_7-194	0.027008119065682346	0.684740555962499	1.2451968643575217	0.5626709128655796	0.9412895596909505	1.2756248792407334	1.4924471419276932	1.2136682570404007	1.5311112446501285	0.6383542347521043	-1	0.0	0.6294052588998911	0.8424084049092366
ETEC_4004_1-188	0.6564133779655734	0.05533529706260798	0.6157916054576307	0.0667343460343115	0.31188430079105944	0.6462196203408423	0.8630418830278022	0.5842629981405096	0.9017059857502374	0.008948975852213215	-1	0.6294052588998911	0.0	0.21300314600934556
NCTC13441_04804_1-188	0.869416523974919	0.15766784894673758	0.4027884594482851	0.27973749204365705	0.09888115478171389	0.4332164743314968	0.6500387370184566	0.3712598521311641	0.6887028397408919	0.20405417015713234	-1	0.8424084049092366	0.21300314600934556	0.0
