t0817_1-401	0.0	0.5720995605720528	0.07383349876722078	0.13143582339630844	0.07383349876722078	0.021156080326732496	2.165112406247625	0.10388093431890777	-1	0.1062042675157513	0.05666977699302278	0.44461753597072295	0.0011328008906105747	0.07648702311417871	1.1623723152276009	-1	2.653246849600606	0.03629514344343743	1.4074895266216245	0.23580863195403412	0.2987292512523094	0.4028422733495546	2.033665426053869	0.2877688937624584	0.08695694581071822	2.3974189818202816	0.6782491900043862	0.2334557781017429	0.2756112834004605	0.12849129388585467	1.3866581308680406	0.16900061843203085	0.972485492843583	0.2599662160769871
ROD_47621_1-402	0.5720995605720528	0.0	0.6459330593392736	0.44066373717574436	0.6459330593392736	0.5932556408987852	1.593012845675572	0.46821862625314503	-1	0.4658952930563015	0.6287693375650756	0.12748202460132985	0.5709667596814423	0.4956125374578741	0.5902727546555482	-1	2.081147289028553	0.5358044171286154	0.8353899660495718	0.3362909286180187	0.2733703093197434	0.16925728722249822	1.4615658654818162	0.2843306668095944	0.4851426147613346	1.8253194212482287	0.10614962943233341	0.3386437824703099	0.2964882771715923	0.4436082666861981	0.8145585702959879	0.40309894214002195	0.4003859322715302	0.3121333444950657
STM_MW23591_1-401	0.07383349876722078	0.6459330593392736	0.0	0.20526932216352922	0.0	0.05267741844048829	2.2389459050148455	0.17771443308612855	-1	0.18003776628297208	0.017163721774198004	0.5184510347379437	0.07496629965783136	0.1503205218813995	1.2362058139948218	-1	2.727080348367827	0.11012864221065821	1.4813230253888454	0.3096421307212549	0.3725627500195302	0.47667577211677536	2.1074989248210896	0.3616023925296792	0.160790444577939	2.471252480587502	0.752082688771607	0.3072892768689637	0.34944478216768127	0.20232479265307546	1.4604916296352615	0.24283411719925163	1.0463189916108038	0.3337997148442079
ETEC_2431_1-400	0.13143582339630844	0.44066373717574436	0.20526932216352922	0.0	0.20526932216352922	0.15259190372304093	2.0336765828513164	0.02755488907740067	-1	0.025231555880557144	0.18810560038933122	0.3131817125744145	0.13030302250569786	0.05494880028212973	1.0309364918312927	-1	2.5218110262042974	0.09514067995287101	1.2760537032253163	0.10437280855772568	0.167293427856001	0.27140644995324614	1.9022296026575605	0.15633307036614996	0.044478877585590215	2.265983158423973	0.5468133666080778	0.10201995470543446	0.14417546000415205	0.002944529510453764	1.2552223074717324	0.03756479503572241	0.8410496694472746	0.12853039268067867
STM_MW20871_1-401	0.07383349876722078	0.6459330593392736	0.0	0.20526932216352922	0.0	0.05267741844048829	2.2389459050148455	0.17771443308612855	-1	0.18003776628297208	0.017163721774198004	0.5184510347379437	0.07496629965783136	0.1503205218813995	1.2362058139948218	-1	2.727080348367827	0.11012864221065821	1.4813230253888454	0.3096421307212549	0.3725627500195302	0.47667577211677536	2.1074989248210896	0.3616023925296792	0.160790444577939	2.471252480587502	0.752082688771607	0.3072892768689637	0.34944478216768127	0.20232479265307546	1.4604916296352615	0.24283411719925163	1.0463189916108038	0.3337997148442079
ERS227112_03892_1-401	0.021156080326732496	0.5932556408987852	0.05267741844048829	0.15259190372304093	0.05267741844048829	0.0	2.1862684865743574	0.12503701464564027	-1	0.1273603478424838	0.035513696666290284	0.46577361629745545	0.02228888121734307	0.0976431034409112	1.1835283955543334	-1	2.6744029299273384	0.057451223770169924	1.428645606948357	0.2569647122807666	0.3198853315790419	0.4239983536762871	2.0548215063806015	0.3089249740891909	0.10811302613745072	2.418575062147014	0.6994052703311187	0.2546118584284754	0.296767363727193	0.14964737421258717	1.4078142111947731	0.19015669875876334	0.9936415731703154	0.2811222964037196
SEN3083_1-402	2.165112406247625	1.593012845675572	2.2389459050148455	2.0336765828513164	2.2389459050148455	2.1862684865743574	0.0	2.0612314719287173	-1	2.0589081387318737	2.2217821832406477	1.720494870276902	2.163979605357014	2.0886253831334463	1.002740091020024	-1	0.48813444335298106	2.1288172628041875	0.7576228796260003	1.9293037742935908	1.8663831549953156	1.7622701328980703	0.1314469801937559	1.8773435124851665	2.0781554604369066	0.23230657557265655	1.4868632162432387	1.931656628145882	1.8895011228471645	2.0366211123617703	0.7784542753795842	1.996111787815594	1.192626913404042	1.9051461901706377
BN373_28721_1-402	0.10388093431890777	0.46821862625314503	0.17771443308612855	0.02755488907740067	0.17771443308612855	0.12503701464564027	2.0612314719287173	0.0	-1	0.0023233331968435245	0.16055071131193055	0.3407366016518152	0.1027481334282972	0.02739391120472906	1.058491380908693	-1	2.5493659152816983	0.06758579087547034	1.3036085923027168	0.13192769763512635	0.19484831693340166	0.2989613390306468	1.9297844917349614	0.18388795944355063	0.016923988508189547	2.293538047501374	0.5743682556854784	0.12957484378283513	0.1717303490815527	0.024610359566946904	1.2827771965491328	0.06511968411312308	0.8686045585246752	0.15608528175807934
b3115_1-402	-1	-1	-1	-1	-1	-1	-1	-1	-1	-1	-1	-1	-1	-1	-1	-1	-1	-1	-1	-1	-1	-1	-1	-1	-1	-1	-1	-1	-1	-1	-1	-1	-1	-1
STMMW_20871_1-401	0.1062042675157513	0.4658952930563015	0.18003776628297208	0.025231555880557144	0.18003776628297208	0.1273603478424838	2.0589081387318737	0.0023233331968435245	-1	0.0	0.16287404450877407	0.33841326845497166	0.10507146662514072	0.029717244401572585	1.0561680477118496	-1	2.547042582084855	0.06990912407231387	1.3012852591058732	0.12960436443828283	0.19252498373655813	0.2966380058338033	1.9274611585381178	0.1815646262467071	0.01924732170503307	2.2912147143045303	0.5720449224886349	0.1272515105859916	0.1694070158847092	0.02228702637010338	1.2804538633522893	0.06279635091627955	0.8662812253278317	0.15376194856123582
t0527_1-400	0.05666977699302278	0.6287693375650756	0.017163721774198004	0.18810560038933122	0.017163721774198004	0.035513696666290284	2.2217821832406477	0.16055071131193055	-1	0.16287404450877407	0.0	0.5012873129637457	0.057802577883633355	0.1331568001072015	1.2190420922206238	-1	2.7099166265936288	0.09296492043646021	1.4641593036146474	0.2924784089470569	0.3553990282453322	0.45951205034257736	2.090335203046892	0.3444386707554812	0.143626722803741	2.4540887588133042	0.734918966997409	0.2901255550947657	0.33228106039348326	0.18516107087887745	1.4433279078610635	0.22567039542505363	1.0291552698366058	0.3166359930700099
BN373_38521_1-403	0.44461753597072295	0.12748202460132985	0.5184510347379437	0.3131817125744145	0.5184510347379437	0.46577361629745545	1.720494870276902	0.3407366016518152	-1	0.33841326845497166	0.5012873129637457	0.0	0.4434847350801124	0.36813051285654425	0.717754779256878	-1	2.208629313629883	0.4083223925272855	0.9628719906509017	0.20880890401668883	0.14588828471841353	0.041775262621168374	1.5890478900831462	0.15684864220826455	0.35766059016000473	1.9528014458495586	0.23363165403366326	0.21116175786898006	0.16900625257026247	0.3161262420848683	0.9420405948973177	0.2756169175386921	0.52786795687286	0.18465131989373584
ERS227112_04373_1-403	0.0011328008906105747	0.5709667596814423	0.07496629965783136	0.13030302250569786	0.07496629965783136	0.02228888121734307	2.163979605357014	0.1027481334282972	-1	0.10507146662514072	0.057802577883633355	0.4434847350801124	0.0	0.07535422222356813	1.1612395143369905	-1	2.6521140487099952	0.03516234255282685	1.4063567257310141	0.23467583106342355	0.29759645036169885	0.401709472458944	2.0325326251632583	0.2866360928718478	0.08582414492010765	2.3962861809296707	0.6771163891137757	0.23232297721113232	0.2744784825098499	0.1273584929952441	1.3855253299774302	0.16786781754142027	0.9713526919529725	0.25883341518637654
NCTC13441_01414_1-401	0.07648702311417871	0.4956125374578741	0.1503205218813995	0.05494880028212973	0.1503205218813995	0.0976431034409112	2.0886253831334463	0.02739391120472906	-1	0.029717244401572585	0.1331568001072015	0.36813051285654425	0.07535422222356813	0.0	1.0858852921134223	-1	2.5767598264864273	0.04019187967074128	1.331002503507446	0.1593216088398554	0.22224222813813072	0.32635525023537587	1.9571784029396904	0.2112818706482797	0.010469922696539513	2.320931958706103	0.6017621668902076	0.15696875498756419	0.19912426028628177	0.052004270771675964	1.310171107753862	0.09251359531785214	0.8959984697294043	0.1834791929628084
STMMW_32421_1-402	1.1623723152276009	0.5902727546555482	1.2362058139948218	1.0309364918312927	1.2362058139948218	1.1835283955543334	1.002740091020024	1.058491380908693	-1	1.0561680477118496	1.2190420922206238	0.717754779256878	1.1612395143369905	1.0858852921134223	0.0	-1	1.490874534373005	1.1260771717841636	0.24511721139402365	0.9265636832735669	0.8636430639752916	0.7595300418780464	0.871293110826268	0.8746034214651426	1.0754153694168829	1.2350466665926805	0.48412312522321477	0.9289165371258581	0.8867610318271405	1.0338810213417462	0.2242858156404397	0.9933716967955701	0.189886822384018	0.9024060991506139
b2296_1-400	-1	-1	-1	-1	-1	-1	-1	-1	-1	-1	-1	-1	-1	-1	-1	-1	-1	-1	-1	-1	-1	-1	-1	-1	-1	-1	-1	-1	-1	-1	-1	-1	-1	-1
NCTC13441_00574_1-403	2.653246849600606	2.081147289028553	2.727080348367827	2.5218110262042974	2.727080348367827	2.6744029299273384	0.48813444335298106	2.5493659152816983	-1	2.547042582084855	2.7099166265936288	2.208629313629883	2.6521140487099952	2.5767598264864273	1.490874534373005	-1	0.0	2.6169517061571685	1.2457573229789813	2.4174382176465716	2.3545175983482967	2.2504045762510514	0.619581423546737	2.3654779558381476	2.5662899037898876	0.2558278677803245	1.9749976595962198	2.419791071498863	2.3776355662001456	2.5247555557147514	1.2665887187325653	2.484246231168575	1.680761356757023	2.3932806335236188
ROD_21431_1-403	0.03629514344343743	0.5358044171286154	0.11012864221065821	0.09514067995287101	0.11012864221065821	0.057451223770169924	2.1288172628041875	0.06758579087547034	-1	0.06990912407231387	0.09296492043646021	0.4083223925272855	0.03516234255282685	0.04019187967074128	1.1260771717841636	-1	2.6169517061571685	0.0	1.3711943831781872	0.1995134885105967	0.262434107808872	0.36654712990611715	1.9973702826104316	0.25147375031902097	0.050661802367280795	2.361123838376844	0.6419540465609488	0.19716063465830547	0.23931613995702306	0.09219615044241725	1.3503629874246033	0.13270547498859342	0.9361903494001456	0.22367107263354968
SL1344_3214_1-402	1.4074895266216245	0.8353899660495718	1.4813230253888454	1.2760537032253163	1.4813230253888454	1.428645606948357	0.7576228796260003	1.3036085923027168	-1	1.3012852591058732	1.4641593036146474	0.9628719906509017	1.4063567257310141	1.331002503507446	0.24511721139402365	-1	1.2457573229789813	1.3711943831781872	0.0	1.1716808946675905	1.108760275369315	1.00464725327207	0.6261758994322444	1.1197206328591662	1.3205325808109065	0.9899294551986568	0.7292403366172384	1.1740337485198817	1.131878243221164	1.2789982327357698	0.020831395753583948	1.2384889081895938	0.43500403377804164	1.1475233105446376
SEN2319_1-400	0.23580863195403412	0.3362909286180187	0.3096421307212549	0.10437280855772568	0.3096421307212549	0.2569647122807666	1.9293037742935908	0.13192769763512635	-1	0.12960436443828283	0.2924784089470569	0.20880890401668883	0.23467583106342355	0.1593216088398554	0.9265636832735669	-1	2.4174382176465716	0.1995134885105967	1.1716808946675905	0.0	0.0629206192982753	0.16703364139552046	1.797856794099835	0.05196026180842428	0.1488516861433159	2.1616103498662476	0.4424405580503521	0.0023528538522912257	0.03980265144642636	0.10731733806817945	1.1508494989140066	0.06680801352200327	0.7366768608895489	0.02415758412295299
SL1344_2306_1-400	0.2987292512523094	0.2733703093197434	0.3725627500195302	0.167293427856001	0.3725627500195302	0.3198853315790419	1.8663831549953156	0.19484831693340166	-1	0.19252498373655813	0.3553990282453322	0.14588828471841353	0.29759645036169885	0.22224222813813072	0.8636430639752916	-1	2.3545175983482967	0.262434107808872	1.108760275369315	0.0629206192982753	0.0	0.10411302209724516	1.7349361748015597	0.010960357489851025	0.2117723054415912	2.098689730567972	0.3795199387520768	0.06527347315056653	0.023117967851848942	0.17023795736645475	1.0879288796157311	0.12972863282027858	0.6737562415912736	0.03876303517532231
SL1344_2033_1-401	0.4028422733495546	0.16925728722249822	0.47667577211677536	0.27140644995324614	0.47667577211677536	0.4239983536762871	1.7622701328980703	0.2989613390306468	-1	0.2966380058338033	0.45951205034257736	0.041775262621168374	0.401709472458944	0.32635525023537587	0.7595300418780464	-1	2.2504045762510514	0.36654712990611715	1.00464725327207	0.16703364139552046	0.10411302209724516	0.0	1.6308231527043144	0.11507337958709618	0.31588532753883636	1.9945767084707269	0.27540691665483163	0.16938649524781169	0.1272309899490941	0.2743509794636999	0.9838158575184861	0.23384165491752373	0.5696432194940284	0.14287605727256747
t3162_1-402	2.033665426053869	1.4615658654818162	2.1074989248210896	1.9022296026575605	2.1074989248210896	2.0548215063806015	0.1314469801937559	1.9297844917349614	-1	1.9274611585381178	2.090335203046892	1.5890478900831462	2.0325326251632583	1.9571784029396904	0.871293110826268	-1	0.619581423546737	1.9973702826104316	0.6261758994322444	1.797856794099835	1.7349361748015597	1.6308231527043144	0.0	1.7458965322914106	1.9467084802431507	0.36375355576641244	1.3554162360494828	1.8002096479521261	1.7580541426534086	1.9051741321680145	0.6470072951858283	1.8646648076218382	1.061179933210286	1.7736992099768818
ROD_26981_1-431	0.2877688937624584	0.2843306668095944	0.3616023925296792	0.15633307036614996	0.3616023925296792	0.3089249740891909	1.8773435124851665	0.18388795944355063	-1	0.1815646262467071	0.3444386707554812	0.15684864220826455	0.2866360928718478	0.2112818706482797	0.8746034214651426	-1	2.3654779558381476	0.25147375031902097	1.1197206328591662	0.05196026180842428	0.010960357489851025	0.11507337958709618	1.7458965322914106	0.0	0.20081194795174018	2.109650088057823	0.3904802962419278	0.054313115660715505	0.012157610361997917	0.15927759987660373	1.0988892371055823	0.11876827533042755	0.6847165990811246	0.02780267768547129
SEN2055_1-401	0.08695694581071822	0.4851426147613346	0.160790444577939	0.044478877585590215	0.160790444577939	0.10811302613745072	2.0781554604369066	0.016923988508189547	-1	0.01924732170503307	0.143626722803741	0.35766059016000473	0.08582414492010765	0.010469922696539513	1.0754153694168829	-1	2.5662899037898876	0.050661802367280795	1.3205325808109065	0.1488516861433159	0.2117723054415912	0.31588532753883636	1.9467084802431507	0.20081194795174018	0.0	2.310462036009563	0.591292244193668	0.14649883229102467	0.18865433758974226	0.04153434807513645	1.2997011850573226	0.08204367262131262	0.8855285470328648	0.1730092702662689
STM_MW32421_1-403	2.3974189818202816	1.8253194212482287	2.471252480587502	2.265983158423973	2.471252480587502	2.418575062147014	0.23230657557265655	2.293538047501374	-1	2.2912147143045303	2.4540887588133042	1.9528014458495586	2.3962861809296707	2.320931958706103	1.2350466665926805	-1	0.2558278677803245	2.361123838376844	0.9899294551986568	2.1616103498662476	2.098689730567972	1.9945767084707269	0.36375355576641244	2.109650088057823	2.310462036009563	0.0	1.7191697918158952	2.163963203718539	2.121807698419821	2.268927687934427	1.0107608509522408	2.2284183633882506	1.4249334889766985	2.1374527657432942
CS17_02543_1-401	0.6782491900043862	0.10614962943233341	0.752082688771607	0.5468133666080778	0.752082688771607	0.6994052703311187	1.4868632162432387	0.5743682556854784	-1	0.5720449224886349	0.734918966997409	0.23363165403366326	0.6771163891137757	0.6017621668902076	0.48412312522321477	-1	1.9749976595962198	0.6419540465609488	0.7292403366172384	0.4424405580503521	0.3795199387520768	0.27540691665483163	1.3554162360494828	0.3904802962419278	0.591292244193668	1.7191697918158952	0.0	0.4447934119026433	0.40263790660392573	0.5497578961185315	0.7084089408636545	0.5092485715723554	0.2942363028391968	0.4182829739273991
BN373_32971_1-400	0.2334557781017429	0.3386437824703099	0.3072892768689637	0.10201995470543446	0.3072892768689637	0.2546118584284754	1.931656628145882	0.12957484378283513	-1	0.1272515105859916	0.2901255550947657	0.21116175786898006	0.23232297721113232	0.15696875498756419	0.9289165371258581	-1	2.419791071498863	0.19716063465830547	1.1740337485198817	0.0023528538522912257	0.06527347315056653	0.16938649524781169	1.8002096479521261	0.054313115660715505	0.14649883229102467	2.163963203718539	0.4447934119026433	0.0	0.04215550529871759	0.10496448421588822	1.1532023527662978	0.06445515966971205	0.7390297147418401	0.026510437975244217
CS17_03547_1-403	0.2756112834004605	0.2964882771715923	0.34944478216768127	0.14417546000415205	0.34944478216768127	0.296767363727193	1.8895011228471645	0.1717303490815527	-1	0.1694070158847092	0.33228106039348326	0.16900625257026247	0.2744784825098499	0.19912426028628177	0.8867610318271405	-1	2.3776355662001456	0.23931613995702306	1.131878243221164	0.03980265144642636	0.023117967851848942	0.1272309899490941	1.7580541426534086	0.012157610361997917	0.18865433758974226	2.121807698419821	0.40263790660392573	0.04215550529871759	0.0	0.1471199895146058	1.11104684746758	0.10661066496842964	0.6968742094431225	0.01564506732347337
ENC_39150_1-400	0.12849129388585467	0.4436082666861981	0.20232479265307546	0.002944529510453764	0.20232479265307546	0.14964737421258717	2.0366211123617703	0.024610359566946904	-1	0.02228702637010338	0.18516107087887745	0.3161262420848683	0.1273584929952441	0.052004270771675964	1.0338810213417462	-1	2.5247555557147514	0.09219615044241725	1.2789982327357698	0.10731733806817945	0.17023795736645475	0.2743509794636999	1.9051741321680145	0.15927759987660373	0.04153434807513645	2.268927687934427	0.5497578961185315	0.10496448421588822	0.1471199895146058	0.0	1.258166836982186	0.04050932454617617	0.8439941989577283	0.13147492219113244
ETEC_3383_2-406	1.3866581308680406	0.8145585702959879	1.4604916296352615	1.2552223074717324	1.4604916296352615	1.4078142111947731	0.7784542753795842	1.2827771965491328	-1	1.2804538633522893	1.4433279078610635	0.9420405948973177	1.3855253299774302	1.310171107753862	0.2242858156404397	-1	1.2665887187325653	1.3503629874246033	0.020831395753583948	1.1508494989140066	1.0879288796157311	0.9838158575184861	0.6470072951858283	1.0988892371055823	1.2997011850573226	1.0107608509522408	0.7084089408636545	1.1532023527662978	1.11104684746758	1.258166836982186	0.0	1.2176575124360098	0.4141726380244577	1.1266919147910537
STMMW_23591_1-400	0.16900061843203085	0.40309894214002195	0.24283411719925163	0.03756479503572241	0.24283411719925163	0.19015669875876334	1.996111787815594	0.06511968411312308	-1	0.06279635091627955	0.22567039542505363	0.2756169175386921	0.16786781754142027	0.09251359531785214	0.9933716967955701	-1	2.484246231168575	0.13270547498859342	1.2384889081895938	0.06680801352200327	0.12972863282027858	0.23384165491752373	1.8646648076218382	0.11876827533042755	0.08204367262131262	2.2284183633882506	0.5092485715723554	0.06445515966971205	0.10661066496842964	0.04050932454617617	1.2176575124360098	0.0	0.8034848744115521	0.09096559764495626
ENC_33660_1-402	0.972485492843583	0.4003859322715302	1.0463189916108038	0.8410496694472746	1.0463189916108038	0.9936415731703154	1.192626913404042	0.8686045585246752	-1	0.8662812253278317	1.0291552698366058	0.52786795687286	0.9713526919529725	0.8959984697294043	0.189886822384018	-1	1.680761356757023	0.9361903494001456	0.43500403377804164	0.7366768608895489	0.6737562415912736	0.5696432194940284	1.061179933210286	0.6847165990811246	0.8855285470328648	1.4249334889766985	0.2942363028391968	0.7390297147418401	0.6968742094431225	0.8439941989577283	0.4141726380244577	0.8034848744115521	0.0	0.7125192767665959
ERS227112_01446_1-403	0.2599662160769871	0.3121333444950657	0.3337997148442079	0.12853039268067867	0.3337997148442079	0.2811222964037196	1.9051461901706377	0.15608528175807934	-1	0.15376194856123582	0.3166359930700099	0.18465131989373584	0.25883341518637654	0.1834791929628084	0.9024060991506139	-1	2.3932806335236188	0.22367107263354968	1.1475233105446376	0.02415758412295299	0.03876303517532231	0.14287605727256747	1.7736992099768818	0.02780267768547129	0.1730092702662689	2.1374527657432942	0.4182829739273991	0.026510437975244217	0.01564506732347337	0.13147492219113244	1.1266919147910537	0.09096559764495626	0.7125192767665959	0.0
