CS17_01744_2-178	0.0	0.692944813971516	0.6123431641269041	-1	0.7208174384093347	1.0457650940328773	0.524500535887894	2.0913184143362202	0.09196757970494907	0.5379148945513719	0.24036919690751957	1.4132638440314187	0.2216012981528075	0.4330123554172428	1.7322027701591423	0.37065010552570776	0.7868315263490928	0.26059090397042406	0.2057704897747339	1.6023592935502227	0.7083453716443908	0.5176770462674359	0.28019711232969613	0.4632939640920344	0.20653195249911005	0.728962006121177	0.9992188141857257	0.5262246653296682	-1	0.9416990625744497
STMMW_26321_5-150	0.692944813971516	0.0	0.08060164984461182	-1	0.027872624437818683	0.35282028006136135	0.16844427808362195	1.3983736003647043	0.6009772342665669	0.1550299194201441	0.4525756170639964	0.7203190300599027	0.4713435158187085	0.25993245855427316	1.0392579561876263	0.3222947084458082	0.09388671237757684	0.4323539100010919	0.4871743241967821	0.9094144795787067	0.015400557672874848	0.17526776770408004	0.41274770164181984	0.2296508498794816	0.4864128614724059	0.03601719214966104	0.3062740002142097	0.1667201486418478	-1	0.24875424860293371
t3424_1-157	0.6123431641269041	0.08060164984461182	0.0	-1	0.1084742742824305	0.43342192990597317	0.08784262823901012	1.478975250209316	0.5203755844219551	0.07442826957553228	0.3719739672193846	0.8009206799045145	0.39074186597409666	0.17933080870966134	1.119859606032238	0.2416930586011964	0.17448836222218866	0.3517522601564801	0.40657267435217026	0.9900161294233185	0.09600220751748667	0.09466611785946821	0.332146051797208	0.14904920003486977	0.4058112116277941	0.11661884199427286	0.3868756500588215	0.08611849879723599	-1	0.32935589844754554
b1554_2-177	-1	-1	-1	-1	-1	-1	-1	-1	-1	-1	-1	-1	-1	-1	-1	-1	-1	-1	-1	-1	-1	-1	-1	-1	-1	-1	-1	-1	-1	-1
Ecoli9000q_55130_2-178	0.7208174384093347	0.027872624437818683	0.1084742742824305	-1	0.0	0.32494765562354266	0.19631690252144063	1.3705009759268856	0.6288498587043856	0.18290254385796278	0.4804482415018151	0.692446405622084	0.49921614025652716	0.28780508299209184	1.0113853317498076	0.3501673328836269	0.06601408793975816	0.4602265344389106	0.5150469486346008	0.881541855140888	0.012472066764943834	0.20314039214189872	0.4406203260796385	0.25752347431730027	0.5142854859102246	0.008144567711842354	0.278401375776391	0.1945927730796665	-1	0.22088162416511503
ENC_24150_1-179	1.0457650940328773	0.35282028006136135	0.43342192990597317	-1	0.32494765562354266	0.0	0.5212645581449833	1.045553320303343	0.9537975143279283	0.5078501994815054	0.8053958971253578	0.3674987499985414	0.8241637958800698	0.6127527386156345	0.6864376761262649	0.6751149885071696	0.2589335676837845	0.7851741900624533	0.8399946042581434	0.5565941995173453	0.3374197223884865	0.5280880477654414	0.7655679817031812	0.5824711299408429	0.8392331415337673	0.3168030879117003	0.04654627984715165	0.5195404287032092	-1	0.10406603145842763
STMMW_10391_5-150	0.524500535887894	0.16844427808362195	0.08784262823901012	-1	0.19631690252144063	0.5212645581449833	0.0	1.5668178784483262	0.43253295618294496	0.013414358663477843	0.28413133898037446	0.8887633081435247	0.30289923773508654	0.09148818047065121	1.2077022342712482	0.15385043036218626	0.2623309904611988	0.26390963191746997	0.31873004611316014	1.0778587576623286	0.1838448357564968	0.00682348962045809	0.2443034235581979	0.06120657179585964	0.317968583388784	0.20446147023328298	0.47471827829783164	0.001724129441774136	-1	0.41719852668655566
STM_MW03721_1-167	2.0913184143362202	1.3983736003647043	1.478975250209316	-1	1.3705009759268856	1.045553320303343	1.5668178784483262	0.0	1.9993508346312712	1.5534035197848484	1.8509492174287008	0.6780545703048015	1.8697171161834127	1.6583060589189773	0.359115644177078	1.7206683088105126	1.3044868879871274	1.8307275103657963	1.8855479245614863	0.48895912078599757	1.3829730426918294	1.5736413680687842	1.8111213020065242	1.6280244502441859	1.8847864618371102	1.3623564082150432	1.0920996001504946	1.565093749006552	-1	1.1496193517617705
NCTC13441_02547_2-178	0.09196757970494907	0.6009772342665669	0.5203755844219551	-1	0.6288498587043856	0.9537975143279283	0.43253295618294496	1.9993508346312712	0.0	0.4459473148464228	0.1484016172025705	1.3212962643264696	0.12963371844785843	0.34104477571229375	1.6402351904541932	0.2786825258207587	0.6948639466441437	0.168623324265475	0.11380291006978482	1.5103917138452736	0.6163777919394418	0.42570946656248687	0.18822953262474706	0.3713263843870853	0.11456437279416098	0.6369944264162279	0.9072512344807766	0.4342570856247191	-1	0.8497314828695006
ERS227112_03341_3-169	0.5379148945513719	0.1550299194201441	0.07442826957553228	-1	0.18290254385796278	0.5078501994815054	0.013414358663477843	1.5534035197848484	0.4459473148464228	0.0	0.2975456976438523	0.8753489494800468	0.3163135963985644	0.10490253913412906	1.1942878756077704	0.1672647890256641	0.24891663179772094	0.2773239905809478	0.332144404776638	1.0644443989988508	0.17043047709301895	0.020237848283935933	0.25771778222167574	0.07462093045933749	0.3313829420522618	0.19104711156980514	0.4613039196343538	0.011690229221703707	-1	0.4037841680230778
NCTC13441_01821_2-178	0.24036919690751957	0.4525756170639964	0.3719739672193846	-1	0.4804482415018151	0.8053958971253578	0.28413133898037446	1.8509492174287008	0.1484016172025705	0.2975456976438523	0.0	1.1728946471238992	0.018767898754712076	0.19264315850972324	1.4918335732516228	0.1302809086181882	0.5464623294415732	0.020221707062904493	0.03459870713278568	1.3619900966427032	0.46797617473687125	0.27730784935991637	0.03982791542217656	0.22292476718451482	0.03383724440840952	0.48859280921365744	0.7588496172782061	0.2858554684221486	-1	0.7013298656669301
STMMW_03721_1-167	1.4132638440314187	0.7203190300599027	0.8009206799045145	-1	0.692446405622084	0.3674987499985414	0.8887633081435247	0.6780545703048015	1.3212962643264696	0.8753489494800468	1.1728946471238992	0.0	1.1916625458786112	0.9802514886141759	0.31893892612772357	1.042613738505711	0.6264323176823259	1.1526729400609947	1.2074933542566848	0.18909544951880397	0.7049184723870279	0.8955867977639828	1.1330667317017227	0.9499698799393843	1.2067318915323086	0.6843018379102417	0.414045029845693	0.8870391787017505	-1	0.471564781456969
t4314_2-156	0.2216012981528075	0.4713435158187085	0.39074186597409666	-1	0.49921614025652716	0.8241637958800698	0.30289923773508654	1.8697171161834127	0.12963371844785843	0.3163135963985644	0.018767898754712076	1.1916625458786112	0.0	0.21141105726443532	1.5106014720063348	0.14904880737290027	0.5652302281962853	0.03898960581761657	0.015830808378073602	1.3807579953974152	0.48674407349158333	0.29607574811462845	0.05859581417688864	0.2416926659392269	0.015069345653697441	0.5073607079683695	0.7776175160329182	0.30462336717686067	-1	0.7200977644216422
ROD_47111_1-166	0.4330123554172428	0.25993245855427316	0.17933080870966134	-1	0.28780508299209184	0.6127527386156345	0.09148818047065121	1.6583060589189773	0.34104477571229375	0.10490253913412906	0.19264315850972324	0.9802514886141759	0.21141105726443532	0.0	1.2991904147418993	0.06236224989153505	0.35381917093185	0.17242145144681875	0.22724186564250892	1.1693469381329797	0.275333016227148	0.08466469085019313	0.15281524308754668	0.03028160867479157	0.22648040291813276	0.2959496507039342	0.5662064587684829	0.09321230991242535	-1	0.5086867071572069
ETEC_4700_1-165	1.7322027701591423	1.0392579561876263	1.119859606032238	-1	1.0113853317498076	0.6864376761262649	1.2077022342712482	0.359115644177078	1.6402351904541932	1.1942878756077704	1.4918335732516228	0.31893892612772357	1.5106014720063348	1.2991904147418993	0.0	1.3615526646334346	0.9453712438100494	1.4716118661887183	1.5264322803844084	0.1298434766089196	1.0238573985147514	1.2145257238917062	1.4520056578294462	1.2689088060671079	1.5256708176600322	1.0032407640379652	0.7329839559734166	1.205978104829474	-1	0.7905037075846926
SEN1145_5-150	0.37065010552570776	0.3222947084458082	0.2416930586011964	-1	0.3501673328836269	0.6751149885071696	0.15385043036218626	1.7206683088105126	0.2786825258207587	0.1672647890256641	0.1302809086181882	1.042613738505711	0.14904880737290027	0.06236224989153505	1.3615526646334346	0.0	0.41618142082338505	0.1100592015552837	0.16487961575097387	1.231709188024515	0.33769526611868306	0.14702694074172817	0.09045299319601163	0.09264385856632662	0.1641181530265977	0.35831190059546925	0.6285687086600179	0.1555745598039604	-1	0.5710489570487419
SL1344_2686_2-156	0.7868315263490928	0.09388671237757684	0.17448836222218866	-1	0.06601408793975816	0.2589335676837845	0.2623309904611988	1.3044868879871274	0.6948639466441437	0.24891663179772094	0.5464623294415732	0.6264323176823259	0.5652302281962853	0.35381917093185	0.9453712438100494	0.41618142082338505	0.0	0.5262406223786688	0.5810610365743589	0.8155277672011298	0.078486154704702	0.2691544800816569	0.5066344140193967	0.32353756225705843	0.5802995738499828	0.057869520227915805	0.21238728783663285	0.26060686101942465	-1	0.15486753622535687
ROD_10411_1-179	0.26059090397042406	0.4323539100010919	0.3517522601564801	-1	0.4602265344389106	0.7851741900624533	0.26390963191746997	1.8307275103657963	0.168623324265475	0.2773239905809478	0.020221707062904493	1.1526729400609947	0.03898960581761657	0.17242145144681875	1.4716118661887183	0.1100592015552837	0.5262406223786688	0.0	0.05482041419569017	1.3417683895797987	0.44775446767396676	0.2570861422970119	0.01960620835927207	0.20270306012161032	0.05405895147131401	0.46837110215075295	0.7386279102153016	0.2656337613592441	-1	0.6811081586040256
Ecoli9000q_51790_2-178	0.2057704897747339	0.4871743241967821	0.40657267435217026	-1	0.5150469486346008	0.8399946042581434	0.31873004611316014	1.8855479245614863	0.11380291006978482	0.332144404776638	0.03459870713278568	1.2074933542566848	0.015830808378073602	0.22724186564250892	1.5264322803844084	0.16487961575097387	0.5810610365743589	0.05482041419569017	0.0	1.3965888037754888	0.5025748818696569	0.31190655649270205	0.07442662255496224	0.2575234743173005	0.0007614627243761607	0.5231915163464431	0.7934483244109918	0.3204541755549343	-1	0.7359285727997158
ETEC_0808_1-165	1.6023592935502227	0.9094144795787067	0.9900161294233185	-1	0.881541855140888	0.5565941995173453	1.0778587576623286	0.48895912078599757	1.5103917138452736	1.0644443989988508	1.3619900966427032	0.18909544951880397	1.3807579953974152	1.1693469381329797	0.1298434766089196	1.231709188024515	0.8155277672011298	1.3417683895797987	1.3965888037754888	0.0	0.8940139219058318	1.0846822472827866	1.3221621812205266	1.1390653294581883	1.3958273410511126	0.8733972874290457	0.603140479364497	1.0761346282205544	-1	0.660660230975773
SL1344_2576_5-150	0.7083453716443908	0.015400557672874848	0.09600220751748667	-1	0.012472066764943834	0.3374197223884865	0.1838448357564968	1.3829730426918294	0.6163777919394418	0.17043047709301895	0.46797617473687125	0.7049184723870279	0.48674407349158333	0.275333016227148	1.0238573985147514	0.33769526611868306	0.078486154704702	0.44775446767396676	0.5025748818696569	0.8940139219058318	0.0	0.19066832537695488	0.4281482593146947	0.24505140755235644	0.5018134191452808	0.02061663447678619	0.29087344254133485	0.18212070631472266	-1	0.23335369093005887
BN373_14721_3-169	0.5176770462674359	0.17526776770408004	0.09466611785946821	-1	0.20314039214189872	0.5280880477654414	0.00682348962045809	1.5736413680687842	0.42570946656248687	0.020237848283935933	0.27730784935991637	0.8955867977639828	0.29607574811462845	0.08466469085019313	1.2145257238917062	0.14702694074172817	0.2691544800816569	0.2570861422970119	0.31190655649270205	1.0846822472827866	0.19066832537695488	0.0	0.2374799339377398	0.054383082175401554	0.3111450937683259	0.21128495985374107	0.48154176791828973	0.008547619062232226	-1	0.42402201630701375
ERS227112_02869_1-177	0.28019711232969613	0.41274770164181984	0.332146051797208	-1	0.4406203260796385	0.7655679817031812	0.2443034235581979	1.8111213020065242	0.18822953262474706	0.25771778222167574	0.03982791542217656	1.1330667317017227	0.05859581417688864	0.15281524308754668	1.4520056578294462	0.09045299319601163	0.5066344140193967	0.01960620835927207	0.07442662255496224	1.3221621812205266	0.4281482593146947	0.2374799339377398	0.0	0.18309685176233825	0.07366515983058608	0.4487648937914809	0.7190217018560295	0.24602755299997203	-1	0.6615019502447536
Ecoli9000q_2400_2-178	0.4632939640920344	0.2296508498794816	0.14904920003486977	-1	0.25752347431730027	0.5824711299408429	0.06120657179585964	1.6280244502441859	0.3713263843870853	0.07462093045933749	0.22292476718451482	0.9499698799393843	0.2416926659392269	0.03028160867479157	1.2689088060671079	0.09264385856632662	0.32353756225705843	0.20270306012161032	0.2575234743173005	1.1390653294581883	0.24505140755235644	0.054383082175401554	0.18309685176233825	0.0	0.25676201159292433	0.2656680420291426	0.5359248500936913	0.06293070123763378	-1	0.4784050984824153
ERS227112_05324_1-177	0.20653195249911005	0.4864128614724059	0.4058112116277941	-1	0.5142854859102246	0.8392331415337673	0.317968583388784	1.8847864618371102	0.11456437279416098	0.3313829420522618	0.03383724440840952	1.2067318915323086	0.015069345653697441	0.22648040291813276	1.5256708176600322	0.1641181530265977	0.5802995738499828	0.05405895147131401	0.0007614627243761607	1.3958273410511126	0.5018134191452808	0.3111450937683259	0.07366515983058608	0.25676201159292433	0.0	0.522430053622067	0.7926868616866156	0.3196927128305581	-1	0.7351671100753396
Ecoli9000q_48920_1-166	0.728962006121177	0.03601719214966104	0.11661884199427286	-1	0.008144567711842354	0.3168030879117003	0.20446147023328298	1.3623564082150432	0.6369944264162279	0.19104711156980514	0.48859280921365744	0.6843018379102417	0.5073607079683695	0.2959496507039342	1.0032407640379652	0.35831190059546925	0.057869520227915805	0.46837110215075295	0.5231915163464431	0.8733972874290457	0.02061663447678619	0.21128495985374107	0.4487648937914809	0.2656680420291426	0.522430053622067	0.0	0.27025680806454866	0.20273734079150885	-1	0.21273705645327268
SL1344_0966_5-150	0.9992188141857257	0.3062740002142097	0.3868756500588215	-1	0.278401375776391	0.04654627984715165	0.47471827829783164	1.0920996001504946	0.9072512344807766	0.4613039196343538	0.7588496172782061	0.414045029845693	0.7776175160329182	0.5662064587684829	0.7329839559734166	0.6285687086600179	0.21238728783663285	0.7386279102153016	0.7934483244109918	0.603140479364497	0.29087344254133485	0.48154176791828973	0.7190217018560295	0.5359248500936913	0.7926868616866156	0.27025680806454866	0.0	0.4729941488560575	-1	0.05751975161127598
CS17_00805_1-166	0.5262246653296682	0.1667201486418478	0.08611849879723599	-1	0.1945927730796665	0.5195404287032092	0.001724129441774136	1.565093749006552	0.4342570856247191	0.011690229221703707	0.2858554684221486	0.8870391787017505	0.30462336717686067	0.09321230991242535	1.205978104829474	0.1555745598039604	0.26060686101942465	0.2656337613592441	0.3204541755549343	1.0761346282205544	0.18212070631472266	0.008547619062232226	0.24602755299997203	0.06293070123763378	0.3196927128305581	0.20273734079150885	0.4729941488560575	0.0	-1	0.4154743972447815
b0555_1-165	-1	-1	-1	-1	-1	-1	-1	-1	-1	-1	-1	-1	-1	-1	-1	-1	-1	-1	-1	-1	-1	-1	-1	-1	-1	-1	-1	-1	-1	-1
BN373_10151_1-163	0.9416990625744497	0.24875424860293371	0.32935589844754554	-1	0.22088162416511503	0.10406603145842763	0.41719852668655566	1.1496193517617705	0.8497314828695006	0.4037841680230778	0.7013298656669301	0.471564781456969	0.7200977644216422	0.5086867071572069	0.7905037075846926	0.5710489570487419	0.15486753622535687	0.6811081586040256	0.7359285727997158	0.660660230975773	0.23335369093005887	0.42402201630701375	0.6615019502447536	0.4784050984824153	0.7351671100753396	0.21273705645327268	0.05751975161127598	0.4154743972447815	-1	0.0
