ERS227112_03527_4-213	0.0	0.1283592597285445	0.6480642421985612	0.587609190757842	0.520980547445024	0.4545653640902053	0.5409246917405736	0.40865818524875525	-1	0.8433139844698834	0.3613323053100325	0.10731101751854602	0.4476461770931309	0.7874396135265701	0.4946707878409444	0.571935440439113	0.2366009751880698	0.45406259070495575	0.5505165002370908	0.0500174359326165	0.656863589346227	0.5772079346843577	0.6576511685880279	0.7668420230828431
STM_MW31541_1-223	0.1283592597285445	0.0	0.5962375993441573	0.5268798368537398	0.45043934912244377	0.374243755816267	0.47332050115457386	0.32157620975003653	-1	0.8202401421928491	0.2672810423121493	0.02357847203567988	0.36630563787685133	0.7561376188001124	0.4202551707235705	0.5088979440915363	0.1241815698355443	0.3736669431892058	0.484324815263997	0.17195649461133045	0.6063327529333818	0.5149468745759039	0.6072363123993558	0.7325067930572584
t3623_1-207	0.6480642421985612	0.5962375993441573	0.0	0.14659650527085274	0.26529965343933953	0.3547608922663967	0.23338120898770376	0.40485223770369627	-1	0.554788020095081	0.44895324951063775	0.60575769981708	0.3628436281126678	0.39602503649726895	0.3035515277302736	0.17784420611120427	0.5389884629625495	0.35535511615537607	0.2170218528887587	0.6656671664167917	0.025002708456326597	0.16759138433997006	0.027240557905671665	0.33749847309148934
SL1344_3166_1-223	0.587609190757842	0.5268798368537398	0.14659650527085274	0.0	0.13909381541279106	0.24392258560132926	0.10169246347461314	0.302618555030418	-1	0.6200545404538592	0.35429517936969174	0.5380352873900003	0.2533937629473236	0.4845656554178601	0.1839165452553427	0.036615388890889077	0.4597965207726668	0.2446188844712653	0.08252291917348839	0.6082359216383115	0.16793390404517586	0.024601351176538923	0.16984369258592463	0.4346188816728808
STMMW_39621_1-207	0.520980547445024	0.45043934912244377	0.26529965343933953	0.13909381541279106	0.0	0.1217656140300606	0.0416353536149153	0.1899449005538676	-1	0.6729026040708982	0.24997074920548557	0.46339714956107025	0.1327670187307779	0.5562593850005813	0.05206459268734776	0.10637332726741625	0.3725175995961136	0.12257441164634202	0.06165919282511191	0.5449398722236696	0.28366915200715787	0.11738017514618714	0.28531330077314226	0.5132598985833505
ROD_35881_1-222	0.4545653640902053	0.374243755816267	0.3547608922663967	0.24392258560132926	0.1217656140300606	0.0	0.15833121324669702	0.07763222166313657	-1	0.7127318193338391	0.14598054599494267	0.3889981319209052	0.012526729625334743	0.6102917334560622	0.07352929409010223	0.2151863277863393	0.2855182962223889	0.0009209359473987852	0.17591683738022484	0.4818466060472535	0.37089361756168027	0.22485292007461619	0.37233756554361785	0.5725281059054028
SL1344_3945_1-207	0.5409246917405736	0.47332050115457386	0.23338120898770376	0.10169246347461314	0.0416353536149153	0.15833121324669702	0.0	0.2236718310668727	-1	0.6586921302211003	0.2811984822838452	0.4857387989898666	0.16887457057243918	0.5369814436778405	0.0915322185749088	0.06755046098235169	0.3986430512240653	0.15910633628822168	0.020893758222119085	0.5638864615596856	0.25254875511652575	0.0790354921970238	0.25426433255585024	0.4921138803975973
ETEC_4130_1-208	0.40865818524875525	0.32157620975003653	0.40485223770369627	0.302618555030418	0.1899449005538676	0.07763222166313657	0.2236718310668727	0.0	-1	0.7350330864120804	0.07410094534638459	0.3375724061167853	0.06593139681958139	0.6405456519883579	0.145453273295702	0.2761131567518904	0.22538306242017164	0.07678199701690373	0.23989224412958188	0.4382355865823528	0.4197325436928259	0.28502931000491666	0.4210643947849596	0.6057136987425155
b3860_1-208	-1	-1	-1	-1	-1	-1	-1	-1	-1	-1	-1	-1	-1	-1	-1	-1	-1	-1	-1	-1	-1	-1	-1	-1
ENC_00140_1-207	0.8433139844698834	0.8202401421928491	0.554788020095081	0.6200545404538592	0.6729026040708982	0.7127318193338391	0.6586921302211003	0.7350330864120804	-1	0.0	0.7546673851944591	0.8244786049732928	0.716330350163006	0.2628635178469516	0.6899327967590391	0.6339663912124688	0.7947521408365468	0.7129963749279585	0.6514087489023194	0.851151017213198	0.5433710598313222	0.6294017121320853	0.5423205772781933	0.3279834659665602
Ecoli9000q_34710_1-208	0.3613323053100325	0.2672810423121493	0.44895324951063775	0.35429517936969174	0.24997074920548557	0.14598054599494267	0.2811984822838452	0.07410094534638459	-1	0.7546673851944591	0.0	0.28455743576600473	0.13514676333362738	0.667181558984889	0.20877599358714904	0.3297538561603855	0.16338942816005209	0.14519332379875247	0.2962169474046988	0.3932768258114198	0.4627309107589294	0.3380093140285092	0.4639640704260754	0.6349306864028245
CS17_04310_1-208	0.10731101751854602	0.02357847203567988	0.60575769981708	0.5380352873900003	0.46339714956107025	0.3889981319209052	0.4857387989898666	0.3375724061167853	-1	0.8244786049732928	0.28455743576600473	0.0	0.38124718267334	0.7618875211357883	0.4339246679684948	0.5204773801834389	0.14483203019950996	0.388434919654241	0.4964836481867889	0.15196103150756476	0.6156148251097052	0.5263836861295351	0.6164970800240781	0.7388138741568921
NCTC13441_00656_1-223	0.4476461770931309	0.36630563787685133	0.3628436281126678	0.2533937629473236	0.1327670187307779	0.012526729625334743	0.16887457057243918	0.06593139681958139	-1	0.716330350163006	0.13514676333362738	0.38124718267334	0.0	0.6151735035438161	0.08513494212882852	0.22501747646442594	0.2764546391149162	0.011616491722746095	0.18623990434715354	0.47527349904251104	0.3787742631200576	0.2345629779647092	0.3802001231560323	0.5778829307451556
ERS227112_00416_1-207	0.7874396135265701	0.7561376188001124	0.39602503649726895	0.4845656554178601	0.5562593850005813	0.6102917334560622	0.5369814436778405	0.6405456519883579	-1	0.2628635178469516	0.667181558984889	0.7618875211357883	0.6151735035438161	0.0	0.5793625593793592	0.5034384843924558	0.7215605737434679	0.6106506298077209	0.5271008021750521	0.7980713390388171	0.38053677816224274	0.49724603673737455	0.37911169260676914	0.08834177889202345
BN373_48021_1-207	0.4946707878409444	0.4202551707235705	0.3035515277302736	0.1839165452553427	0.05206459268734776	0.07352929409010223	0.0915322185749088	0.145453273295702	-1	0.6899327967590391	0.20877599358714904	0.4339246679684948	0.08513494212882852	0.5793625593793592	0.0	0.15289963599778802	0.3380536315414502	0.07438251426738657	0.11051352475258959	0.5199460593349896	0.32096462583728763	0.16333341682497912	0.3225231726674536	0.5386018237082068
SEN4253_16-213	0.571935440439113	0.5088979440915363	0.17784420611120427	0.036615388890889077	0.10637332726741625	0.2151863277863393	0.06755046098235169	0.2761131567518904	-1	0.6339663912124688	0.3297538561603855	0.5204773801834389	0.22501747646442594	0.5034384843924558	0.15289963599778802	0.0	0.4392649903288201	0.2159090909090909	0.04765233921449875	0.5933461321219733	0.19840032773148558	0.012317053882370707	0.20024018862211548	0.45532053119199406
SEN3035_1-223	0.2366009751880698	0.1241815698355443	0.5389884629625495	0.4597965207726668	0.3725175995961136	0.2855182962223889	0.3986430512240653	0.22538306242017164	-1	0.7947521408365468	0.16338942816005209	0.14483203019950996	0.2764546391149162	0.7215605737434679	0.3380536315414502	0.4392649903288201	0.0	0.2848596978106691	0.4112076579169809	0.27478423700262244	0.5505150000180999	0.4461715936566717	0.5515466744324009	0.6945791527902497
SEN3786_1-207	0.45406259070495575	0.3736669431892058	0.35535511615537607	0.2446188844712653	0.12257441164634202	0.0009209359473987852	0.15910633628822168	0.07678199701690373	-1	0.7129963749279585	0.14519332379875247	0.388434919654241	0.011616491722746095	0.6106506298077209	0.07438251426738657	0.2159090909090909	0.2848596978106691	0.0	0.17667576518832748	0.4813689800975892	0.37147298424400577	0.22556678088504067	0.37291560244234057	0.572921780139177
STMMW_31541_1-223	0.5505165002370908	0.484324815263997	0.2170218528887587	0.08252291917348839	0.06165919282511191	0.17591683738022484	0.020893758222119085	0.23989224412958188	-1	0.6514087489023194	0.2962169474046988	0.4964836481867889	0.18623990434715354	0.5271008021750521	0.11051352475258959	0.04765233921449875	0.4112076579169809	0.17667576518832748	0.0	0.5729985123892504	0.23659842722865584	0.059382456667143466	0.23835061444401795	0.48127578200280613
t3113_1-223	0.0500174359326165	0.17195649461133045	0.6656671664167917	0.6082359216383115	0.5449398722236696	0.4818466060472535	0.5638864615596856	0.4382355865823528	-1	0.851151017213198	0.3932768258114198	0.15196103150756476	0.47527349904251104	0.7980713390388171	0.5199460593349896	0.5933461321219733	0.27478423700262244	0.4813689800975892	0.5729985123892504	0.0	0.6740263927822501	0.5983549097241014	0.6747745793297822	0.7785039872554754
NCTC13441_04643_1-208	0.656863589346227	0.6063327529333818	0.025002708456326597	0.16793390404517586	0.28366915200715787	0.37089361756168027	0.25254875511652575	0.4197325436928259	-1	0.5433710598313222	0.4627309107589294	0.6156148251097052	0.3787742631200576	0.38053677816224274	0.32096462583728763	0.19840032773148558	0.5505150000180999	0.37147298424400577	0.23659842722865584	0.6740263927822501	0.0	0.18840385427385223	0.0022952365804031877	0.3205093668931131
ROD_38991_1-207	0.5772079346843577	0.5149468745759039	0.16759138433997006	0.024601351176538923	0.11738017514618714	0.22485292007461619	0.0790354921970238	0.28502931000491666	-1	0.6294017121320853	0.3380093140285092	0.5263836861295351	0.2345629779647092	0.49724603673737455	0.16333341682497912	0.012317053882370707	0.4461715936566717	0.22556678088504067	0.059382456667143466	0.5983549097241014	0.18840385427385223	0.0	0.1902666594360371	0.4485280211134306
STM_MW39621_1-207	0.6576511685880279	0.6072363123993558	0.027240557905671665	0.16984369258592463	0.28531330077314226	0.37233756554361785	0.25426433255585024	0.4210643947849596	-1	0.5423205772781933	0.4639640704260754	0.6164970800240781	0.3802001231560323	0.37911169260676914	0.3225231726674536	0.20024018862211548	0.5515466744324009	0.37291560244234057	0.23835061444401795	0.6747745793297822	0.0022952365804031877	0.1902666594360371	0.0	0.3189461872689096
BN373_16641_4-213	0.7668420230828431	0.7325067930572584	0.33749847309148934	0.4346188816728808	0.5132598985833505	0.5725281059054028	0.4921138803975973	0.6057136987425155	-1	0.3279834659665602	0.6349306864028245	0.7388138741568921	0.5778829307451556	0.08834177889202345	0.5386018237082068	0.45532053119199406	0.6945791527902497	0.572921780139177	0.48127578200280613	0.7785039872554754	0.3205093668931131	0.4485280211134306	0.3189461872689096	0.0
