STMMW_06891_1-358	0.0	0.24413548717559597	0.054150687583069956	0.05817844131555994	0.7531785182714901	0.9283892809840801	0.02637449046425	0.7455231233586299	0.446916782560277	0.9679662597892702	0.21400636312831	0.71677575983132	0.184867679220018	0.10899911964803999	0.18142887398402696	5.87623912465178	0.11770513173300001	0.1332008886823699
ETEC_0647_1-352	0.24413548717559597	0.0	0.189984799592526	0.3023139284911559	0.997314005447086	1.172524768159676	0.27050997763984597	0.9896586105342259	0.20278129538468104	1.212101746964866	0.458141850303906	0.960911247006916	0.059267807955577956	0.35313460682363595	0.062706613191569	6.120374611827376	0.12643035544259595	0.37733637585796587
SL1344_0612_1-358	0.054150687583069956	0.189984799592526	0.0	0.11232912889862989	0.80732920585456	0.9825399685671501	0.08052517804731996	0.7996738109416999	0.39276609497720705	1.0221169473723402	0.26815705071137996	0.77092644741439	0.13071699163694805	0.16314980723110994	0.127278186400957	5.93038981223485	0.06355444414993006	0.18735157626543986
ENC_32200_6-340	0.05817844131555994	0.3023139284911559	0.11232912889862989	0.0	0.6950000769559301	0.8702108396685202	0.03180395085130994	0.68734468204307	0.5050952238758369	0.9097878184737103	0.15582792181275007	0.6585973185157601	0.24304612053557795	0.05082067833248005	0.2396073152995869	5.8180606833362205	0.17588357304855995	0.07502244736680996
ERS227112_02370_1-343	0.7531785182714901	0.997314005447086	0.80732920585456	0.6950000769559301	0.0	0.17521076271259006	0.7268040278072401	0.007655394912860158	1.2000953008317672	0.21478774151778013	0.5391721551431801	0.03640275844017005	0.9380461974915081	0.6441793986234501	0.934607392255517	5.12306060638029	0.8708836500044901	0.6199776295891202
SEN0593_1-358	0.9283892809840801	1.172524768159676	0.9825399685671501	0.8702108396685202	0.17521076271259006	0.0	0.9020147905198301	0.18286615762545022	1.375306063544357	0.039576978805190066	0.7143829178557701	0.2116135211527601	1.1132569602040983	0.8193901613360401	1.109818154968107	4.9478498436677	1.0460944127170801	0.7951883923017102
t0060_4-347	0.02637449046425	0.27050997763984597	0.08052517804731996	0.03180395085130994	0.7268040278072401	0.9020147905198301	0.0	0.7191486328943799	0.473291273024527	0.9415917693250202	0.18763187266406	0.69040126936707	0.211242169684268	0.08262462918378999	0.20780336444827696	5.84986463418753	0.14407962219725	0.1068263982181199
t2243_1-341	0.7455231233586299	0.9896586105342259	0.7996738109416999	0.68734468204307	0.007655394912860158	0.18286615762545022	0.7191486328943799	0.0	1.1924399059189068	0.2224431364306403	0.5315167602303199	0.028747363527309888	0.9303908025786479	0.6365240037105899	0.9269519973426569	5.13071600129315	0.8632282550916299	0.61232223467626
CS17_00625_1-353	0.446916782560277	0.20278129538468104	0.39276609497720705	0.5050952238758369	1.2000953008317672	1.375306063544357	0.473291273024527	1.1924399059189068	0.0	1.414883042349547	0.660923145688587	1.1636925423915971	0.262049103340259	0.555915902208317	0.26548790857625004	6.323155907212057	0.329211650827277	0.5801176712426469
ROD_06331_1-358	0.9679662597892702	1.212101746964866	1.0221169473723402	0.9097878184737103	0.21478774151778013	0.039576978805190066	0.9415917693250202	0.2224431364306403	1.414883042349547	0.0	0.7539598966609602	0.2511904999579502	1.1528339390092883	0.8589671401412302	1.149395133773297	4.90827286486251	1.0856713915222702	0.8347653711069003
STM_MW00591_4-348	0.21400636312831	0.458141850303906	0.26815705071137996	0.15582792181275007	0.5391721551431801	0.7143829178557701	0.18763187266406	0.5315167602303199	0.660923145688587	0.7539598966609602	0.0	0.50276939670301	0.398874042348328	0.10500724348027002	0.39543523711233697	5.6622327615234695	0.33171149486131	0.0808054744459401
STM_MW06891_1-358	0.71677575983132	0.960911247006916	0.77092644741439	0.6585973185157601	0.03640275844017005	0.2116135211527601	0.69040126936707	0.028747363527309888	1.1636925423915971	0.2511904999579502	0.50276939670301	0.0	0.901643439051338	0.60777664018328	0.898204633815347	5.15946336482046	0.83448089156432	0.5835748711489501
SL1344_0059_4-348	0.184867679220018	0.059267807955577956	0.13071699163694805	0.24304612053557795	0.9380461974915081	1.1132569602040983	0.211242169684268	0.9303908025786479	0.262049103340259	1.1528339390092883	0.398874042348328	0.901643439051338	0.0	0.293866798868058	0.0034388052359910493	6.061106803871798	0.067162547487018	0.3180685679023879
NCTC13441_03376_1-353	0.10899911964803999	0.35313460682363595	0.16314980723110994	0.05082067833248005	0.6441793986234501	0.8193901613360401	0.08262462918378999	0.6365240037105899	0.555915902208317	0.8589671401412302	0.10500724348027002	0.60777664018328	0.293866798868058	0.0	0.29042799363206695	5.76724000500374	0.22670425138104	0.024201769034329912
STMMW_00591_4-347	0.18142887398402696	0.062706613191569	0.127278186400957	0.2396073152995869	0.934607392255517	1.109818154968107	0.20780336444827696	0.9269519973426569	0.26548790857625004	1.149395133773297	0.39543523711233697	0.898204633815347	0.0034388052359910493	0.29042799363206695	0.0	6.057667998635807	0.06372374225102695	0.31462976266639686
b0618_1-352	5.87623912465178	6.120374611827376	5.93038981223485	5.8180606833362205	5.12306060638029	4.9478498436677	5.84986463418753	5.13071600129315	6.323155907212057	4.90827286486251	5.6622327615234695	5.15946336482046	6.061106803871798	5.76724000500374	6.057667998635807	0.0	5.99394425638478	5.74303823596941
BN373_05191_1-342	0.11770513173300001	0.12643035544259595	0.06355444414993006	0.17588357304855995	0.8708836500044901	1.0460944127170801	0.14407962219725	0.8632282550916299	0.329211650827277	1.0856713915222702	0.33171149486131	0.83448089156432	0.067162547487018	0.22670425138104	0.06372374225102695	5.99394425638478	0.0	0.2509060204153699
SEN0059_4-347	0.1332008886823699	0.37733637585796587	0.18735157626543986	0.07502244736680996	0.6199776295891202	0.7951883923017102	0.1068263982181199	0.61232223467626	0.5801176712426469	0.8347653711069003	0.0808054744459401	0.5835748711489501	0.3180685679023879	0.024201769034329912	0.31462976266639686	5.74303823596941	0.2509060204153699	0.0
