ETEC_0408_1-337	0.0	0.1654003515730499	0.3326989936923632	0.1946398762442328	0.1702028589589996	-1	0.3398288863471747
CS17_00392_1-338	0.1654003515730499	0.0	0.4430708147406963	0.32784672385635166	0.30745159782149273	-1	0.44902142064372386
BN373_27021_1-338	0.3326989936923632	0.4430708147406963	0.0	0.17142532064326307	0.19582633718104683	-1	0.010684672415321436
NCTC13441_03616_1-338	0.1946398762442328	0.32784672385635166	0.17142532064326307	0.0	0.02944938717742071	-1	0.1802783696638198
Ecoli9000q_44590_1-338	0.1702028589589996	0.30745159782149273	0.19582633718104683	0.02944938717742071	0.0	-1	0.2044186693332965
b0352_1-337	-1	-1	-1	-1	-1	-1	-1
ERS227112_04560_1-339	0.3398288863471747	0.44902142064372386	0.010684672415321436	0.1802783696638198	0.2044186693332965	-1	0.0
