SEN3633_1-245	0.0	0.009023154788042054	0.5078781634377989	2.003751848741249	6.328418758748239	0.025015010784964042	0.075309300897906	1.857643765689839	0.182965325692804	0.046105111858329995	0.5540186487706891	0.33259466608255894	0.25510486847637603	1.093449536673659
t0612_1-245	0.009023154788042054	0.0	0.49885500864975685	1.9947286939532072	6.319395603960197	0.01599185599692199	0.06628614610986394	1.848620610901797	0.17394217090476194	0.05512826664637205	0.544995493982647	0.3235715112945169	0.24608171368833398	1.084426381885617
SEN2235_1-245	0.5078781634377989	0.49885500864975685	0.0	1.4958736853034502	5.82054059531044	0.48286315265283486	0.4325688625398929	1.3497656022520401	0.3249128377449949	0.5539832752961289	0.04614048533289017	0.17528349735523996	0.25277329496142287	0.5855713732358601
STMMW_22785_4-248	2.003751848741249	1.9947286939532072	1.4958736853034502	0.0	4.324666910006989	1.978736837956285	1.9284425478433431	0.1461080830514101	1.820786523048445	2.049856960599579	1.44973319997056	1.6711571826586902	1.7486469802648732	0.9103023120675902
b2199_1-245	6.328418758748239	6.319395603960197	5.82054059531044	4.324666910006989	0.0	6.303403747963275	6.253109457850333	4.4707749930584	6.145453433055435	6.374523870606569	5.77440010997755	5.99582409266568	6.073313890271863	5.2349692220745805
NCTC13441_01510_1-245	0.025015010784964042	0.01599185599692199	0.48286315265283486	1.978736837956285	6.303403747963275	0.0	0.05029429011294195	1.832628754904875	0.15795031490783995	0.07112012264329404	0.529003637985725	0.3075796552975949	0.230089857691412	1.068434525888695
t3701_4-248	0.075309300897906	0.06628614610986394	0.4325688625398929	1.9284425478433431	6.253109457850333	0.05029429011294195	0.0	1.782334464791933	0.107656024794898	0.12141441275623599	0.4787093478727831	0.25728536518465295	0.17979556757847004	1.018140235775753
SL1344_2223E_4-248	1.857643765689839	1.848620610901797	1.3497656022520401	0.1461080830514101	4.4707749930584	1.832628754904875	1.782334464791933	0.0	1.674678439997035	1.903748877548169	1.30362511691915	1.52504909960728	1.602538897213463	0.7641942290161801
ETEC_2333_1-245	0.182965325692804	0.17394217090476194	0.3249128377449949	1.820786523048445	6.145453433055435	0.15795031490783995	0.107656024794898	1.674678439997035	0.0	0.229070437551134	0.3710533230778851	0.14962934038975495	0.07213954278357204	0.910484210980855
ERS227112_04598_1-245	0.046105111858329995	0.05512826664637205	0.5539832752961289	2.049856960599579	6.374523870606569	0.07112012264329404	0.12141441275623599	1.903748877548169	0.229070437551134	0.0	0.6001237606290191	0.37869977794088894	0.30120998033470603	1.139554648531989
ROD_23301_1-245	0.5540186487706891	0.544995493982647	0.04614048533289017	1.44973319997056	5.77440010997755	0.529003637985725	0.4787093478727831	1.30362511691915	0.3710533230778851	0.6001237606290191	0.0	0.22142398268813013	0.29891378029431304	0.5394308879029699
BN373_26641_1-245	0.33259466608255894	0.3235715112945169	0.17528349735523996	1.6711571826586902	5.99582409266568	0.3075796552975949	0.25728536518465295	1.52504909960728	0.14962934038975495	0.37869977794088894	0.22142398268813013	0.0	0.07748979760618291	0.7608548705911
CS17_02448_1-245	0.25510486847637603	0.24608171368833398	0.25277329496142287	1.7486469802648732	6.073313890271863	0.230089857691412	0.17979556757847004	1.602538897213463	0.07213954278357204	0.30120998033470603	0.29891378029431304	0.07748979760618291	0.0	0.8383446681972829
SL1344_3783_1-245	1.093449536673659	1.084426381885617	0.5855713732358601	0.9103023120675902	5.2349692220745805	1.068434525888695	1.018140235775753	0.7641942290161801	0.910484210980855	1.139554648531989	0.5394308879029699	0.7608548705911	0.8383446681972829	0.0
