ERS227112_05582_1-325	0.0	0.22856920998754499	0.14203661985730698	0.29169040493364706	0.379416636855301	0.3708808742785211	-1	0.841263939891821	0.34578625242126104
NCTC13441_04957_1-367	0.22856920998754499	0.0	0.08653259013023801	0.520259614921192	0.6079858468428461	0.5994500842660662	-1	1.069833149879366	0.5743554624088061
ERS227112_05583_1-207	0.14203661985730698	0.08653259013023801	0.0	0.43372702479095404	0.521453256712608	0.5129174941358281	-1	0.983300559749128	0.487822872278568
NCTC13441_04895_1-211	0.29169040493364706	0.520259614921192	0.43372702479095404	0.0	0.08772623192165396	0.07919046934487406	-1	0.549573534958174	0.05409584748761398
NCTC13441_04894_1-196	0.379416636855301	0.6079858468428461	0.521453256712608	0.08772623192165396	0.0	0.008535762576779904	-1	0.46184730303652	0.033630384434039984
NCTC13441_04897_1-182	0.3708808742785211	0.5994500842660662	0.5129174941358281	0.07919046934487406	0.008535762576779904	0.0	-1	0.4703830656132999	0.02509462185726008
b4640_1-178	-1	-1	-1	-1	-1	-1	-1	-1	-1
ETEC_0240_1-381	0.841263939891821	1.069833149879366	0.983300559749128	0.549573534958174	0.46184730303652	0.4703830656132999	-1	0.0	0.49547768747056
NCTC13441_04893_1-350	0.34578625242126104	0.5743554624088061	0.487822872278568	0.05409584748761398	0.033630384434039984	0.02509462185726008	-1	0.49547768747056	0.0
