STM_MW42811_1-286	0.0	2.524749680192815	0.22125793404573013	0.5398238964262192	0.805341071359321	2.7061393254791666	1.7458757080501286	0.046240762010591574	0.47304796183738373	-1	1.5772385458597071	0.22010233818328873	0.9440198904258925
ROD_32091_1-287	2.524749680192815	0.0	2.3034917461470847	1.9849257837665957	1.719408608833494	0.1813896452863515	0.7788739721426863	2.5709904422034064	2.051701718355431	-1	0.9475111343331077	2.304647342009526	3.4687695706187074
SEN4102_1-285	0.22125793404573013	2.3034917461470847	0.0	0.31856596238048906	0.5840831373135908	2.4848813914334364	1.5246177740043985	0.2674986960563217	0.2517900277916536	-1	1.355980611813977	0.0011555958624414053	1.1652778244716226
NCTC13441_04310_1-287	0.5398238964262192	1.9849257837665957	0.31856596238048906	0.0	0.2655171749331018	2.166315429052947	1.2060518116239094	0.5860646584368108	0.06677593458883546	-1	1.037414649433488	0.31972155824293047	1.4838437868521117
BN373_01471_1-286	0.805341071359321	1.719408608833494	0.5840831373135908	0.2655171749331018	0.0	1.9007982541198454	0.9405346366908076	0.8515818333699126	0.33229310952193725	-1	0.7718974745003861	0.5852387331760323	1.7493609617852135
CS17_04623_1-287	2.7061393254791666	0.1813896452863515	2.4848813914334364	2.166315429052947	1.9007982541198454	0.0	0.9602636174290378	2.752380087489758	2.2330913636417824	-1	1.1289007796194592	2.4860369872958774	3.6501592159050587
ETEC_4492_1-287	1.7458757080501286	0.7788739721426863	1.5246177740043985	1.2060518116239094	0.9405346366908076	0.9602636174290378	0.0	1.7921164700607202	1.2728277462127449	-1	0.16863716219042146	1.5257733698668399	2.689895598476021
t4384_1-285	0.046240762010591574	2.5709904422034064	0.2674986960563217	0.5860646584368108	0.8515818333699126	2.752380087489758	1.7921164700607202	0.0	0.5192887238479753	-1	1.6234793078702987	0.2663431001938803	0.8977791284153009
STMMW_42811_1-285	0.47304796183738373	2.051701718355431	0.2517900277916536	0.06677593458883546	0.33229310952193725	2.2330913636417824	1.2728277462127449	0.5192887238479753	0.0	-1	1.1041905840223234	0.252945623654095	1.4170678522632763
b4145_1-287	-1	-1	-1	-1	-1	-1	-1	-1	-1	-1	-1	-1	-1
SL1344_4269_1-285	1.5772385458597071	0.9475111343331077	1.355980611813977	1.037414649433488	0.7718974745003861	1.1289007796194592	0.16863716219042146	1.6234793078702987	1.1041905840223234	-1	0.0	1.3571362076764184	2.5212584362855996
ERS227112_02011_1-287	0.22010233818328873	2.304647342009526	0.0011555958624414053	0.31972155824293047	0.5852387331760323	2.4860369872958774	1.5257733698668399	0.2663431001938803	0.252945623654095	-1	1.3571362076764184	0.0	1.1641222286091812
Ecoli9000q_38060_1-287	0.9440198904258925	3.4687695706187074	1.1652778244716226	1.4838437868521117	1.7493609617852135	3.6501592159050587	2.689895598476021	0.8977791284153009	1.4170678522632763	-1	2.5212584362855996	1.1641222286091812	0.0
