ROD_29191_1-419	0.0	0.5628042475936679	0.4604702134225872	0.7014114240216003	0.03176532565217974	0.1035238800187632	0.6664298398367048	-1
Ecoli9000q_44130_3-360	0.5628042475936679	0.0	0.18967263108910387	0.31703687802325714	0.5766919130426047	0.5123174587009828	0.2370233280462587	-1
CS17_00357_7-360	0.4604702134225872	0.18967263108910387	0.0	0.4465762903054145	0.47760855279226977	0.39816602522696853	0.3817391208753329	-1
NCTC13441_03646_7-360	0.7014114240216003	0.31703687802325714	0.4465762903054145	0.0	0.7108961873735747	0.6669308090608713	0.10487024429214734	-1
ERS227112_01370_58-441	0.03176532565217974	0.5766919130426047	0.47760855279226977	0.7108961873735747	0.0	0.13200073590936973	0.6770258046021416	-1
BN373_39261_1-408	0.1035238800187632	0.5123174587009828	0.39816602522696853	0.6669308090608713	0.13200073590936973	0.0	0.6279095976697329	-1
ETEC_0371_7-360	0.6664298398367048	0.2370233280462587	0.3817391208753329	0.10487024429214734	0.6770258046021416	0.6279095976697329	0.0	-1
b0315_7-360	-1	-1	-1	-1	-1	-1	-1	-1
