ETEC_2891_1-165	0.0	0.492779060181858	0.832800448526699	5.62445869325033	0.6891383922340701	0.564709352245363	0.24101088465898002	0.3420356038699899	5.62445869325033	0.89738271323782	0.016512863044920056	0.4067152359969499	0.828742835313008	0.29496284368503	0.266131106165	1.12308365852	0.593242236779595	0.6794826379270498	0.3752427442320201	0.1306397732640301	0.2546208266483101	0.013035195565650026	0.7580987597229331	0.622594249615435	1.27656387689378
SEN2671_1-165	0.492779060181858	0.0	0.34002138834484097	6.117237753432188	1.1819174524159282	0.07193029206350499	0.251768175522878	0.8348146640518479	6.117237753432188	1.390161773419678	0.5092919232267781	0.8994942961788079	0.33596377513114994	0.197816216496828	0.226647954016858	1.615862718701858	0.10046317659773696	1.1722616981089078	0.11753631594983793	0.36213928691782793	0.7473998868301681	0.479743864616208	0.26531969954107504	0.12981518943357695	1.769342937075638
t2731_1-165	0.832800448526699	0.34002138834484097	0.0	6.457259141777029	1.521938840760769	0.268091096281336	0.591789563867719	1.1748360523966888	6.457259141777029	1.730183161764519	0.849313311571619	1.2395156845236488	0.004057613213691025	0.537837604841669	0.566669342361699	1.9558841070466988	0.239558211747104	1.5122830864537486	0.4575577042946789	0.7021606752626689	1.087421275175009	0.819765252961049	0.07470168880376593	0.21020619891126402	2.109364325420479
b1537_1-172	5.62445869325033	6.117237753432188	6.457259141777029	0.0	4.93532030101626	6.189168045495693	5.86546957790931	5.28242308938034	0.0	4.7270759800125095	5.60794583020541	5.2177434572533805	6.453201528563338	5.91942153693536	5.89058979941533	4.50137503473033	6.217700930029925	4.944976055323281	5.99970143748235	5.75509846651436	5.36983786660202	5.63749388881598	6.382557452973263	6.247052942865765	4.3478948163565505
STM_MW15141_1-175	0.6891383922340701	1.1819174524159282	1.521938840760769	4.93532030101626	0.0	1.2538477444794331	0.9301492768930502	0.34710278836408026	4.93532030101626	0.2082443210037499	0.6726255291891501	0.2824231562371202	1.517881227547078	0.9841012359191001	0.9552694983990702	0.4339452662859298	1.282380629013665	0.00965575430702037	1.0643811364660902	0.8197781654981002	0.43451756558576005	0.7021735877997202	1.4472371519570033	1.3117326418495052	0.5874254846597098
BN373_36651_1-165	0.564709352245363	0.07193029206350499	0.268091096281336	6.189168045495693	1.2538477444794331	0.0	0.323698467586383	0.9067449561153529	6.189168045495693	1.462092065483183	0.5812222152902831	0.9714245882423129	0.26403348306764496	0.269746508560333	0.298578246080363	1.687793010765363	0.028532884534231973	1.2441919901724128	0.18946660801334292	0.4340695789813329	0.8193301788936731	0.551674156679713	0.19338940747757005	0.057884897370071964	1.841273229139143
NCTC13441_01077_1-165	0.24101088465898002	0.251768175522878	0.591789563867719	5.86546957790931	0.9301492768930502	0.323698467586383	0.0	0.5830464885289699	5.86546957790931	1.1383935978968	0.2575237477039001	0.6477261206559299	0.587731950654028	0.05395195902604999	0.025120221506020002	1.36409454317898	0.35223135212061496	0.9204935225860298	0.13423185957304007	0.11037111139494993	0.4956317113072901	0.22797568909333	0.517087875063953	0.38158336495645495	1.51757476155276
CS17_03018_1-165	0.3420356038699899	0.8348146640518479	1.1748360523966888	5.28242308938034	0.34710278836408026	0.9067449561153529	0.5830464885289699	0.0	5.28242308938034	0.5553471093678302	0.3255227408250698	0.06467963212696004	1.1707784391829978	0.6369984475550199	0.6081667100349899	0.78104805465001	0.9352778406495849	0.3374470340570599	0.71727834810201	0.47267537713401997	0.08741477722167978	0.3550707994356399	1.100134363592923	0.9646298534854248	0.93452827302379
b2700_1-165	5.62445869325033	6.117237753432188	6.457259141777029	0.0	4.93532030101626	6.189168045495693	5.86546957790931	5.28242308938034	0.0	4.7270759800125095	5.60794583020541	5.2177434572533805	6.453201528563338	5.91942153693536	5.89058979941533	4.50137503473033	6.217700930029925	4.944976055323281	5.99970143748235	5.75509846651436	5.36983786660202	5.63749388881598	6.382557452973263	6.247052942865765	4.3478948163565505
ROD_14921_1-175	0.89738271323782	1.390161773419678	1.730183161764519	4.7270759800125095	0.2082443210037499	1.462092065483183	1.1383935978968	0.5553471093678302	4.7270759800125095	0.0	0.8808698501929	0.4906674772408701	1.726125548550828	1.19234555692285	1.16351381940282	0.22570094528217988	1.490624950017415	0.21790007531077027	1.2726254574698401	1.0280224865018501	0.64276188658951	0.9104179088034701	1.6554814729607532	1.5199769628532551	0.3791811636559599
STMMW_15141_1-175	0.016512863044920056	0.5092919232267781	0.849313311571619	5.60794583020541	0.6726255291891501	0.5812222152902831	0.2575237477039001	0.3255227408250698	5.60794583020541	0.8808698501929	0.0	0.39020237295202986	0.845255698357928	0.31147570672995006	0.2826439692099201	1.1065707954750799	0.609755099824515	0.6629697748821297	0.39175560727694014	0.14715263630895015	0.23810796360339004	0.029548058610570083	0.7746116227678531	0.639107112660355	1.2600510138488599
ERS227112_05085_3-169	0.4067152359969499	0.8994942961788079	1.2395156845236488	5.2177434572533805	0.2824231562371202	0.9714245882423129	0.6477261206559299	0.06467963212696004	5.2177434572533805	0.4906674772408701	0.39020237295202986	0.0	1.2354580713099579	0.7016780796819799	0.6728463421619499	0.71636842252305	0.9999574727765449	0.27276740193009985	0.78195798022897	0.53735500926098	0.15209440934863983	0.41975043156259995	1.164813995719883	1.029309485612385	0.86984864089683
ERS227112_01629_1-165	0.828742835313008	0.33596377513114994	0.004057613213691025	6.453201528563338	1.517881227547078	0.26403348306764496	0.587731950654028	1.1707784391829978	6.453201528563338	1.726125548550828	0.845255698357928	1.2354580713099579	0.0	0.533779991627978	0.5626117291480079	1.9518264938330079	0.23550059853341299	1.5082254732400577	0.4535000910809879	0.6981030620489779	1.083363661961318	0.8157076397473579	0.0706440755900749	0.206148585697573	2.105306712206788
CS17_01709_1-173	0.29496284368503	0.197816216496828	0.537837604841669	5.91942153693536	0.9841012359191001	0.269746508560333	0.05395195902604999	0.6369984475550199	5.91942153693536	1.19234555692285	0.31147570672995006	0.7016780796819799	0.533779991627978	0.0	0.028831737520029987	1.41804650220503	0.29827939309456497	0.9744454816120798	0.08027990054699008	0.16432307042099992	0.5495836703333401	0.28192764811938	0.46313591603790305	0.32763140593040496	1.57152672057881
STMMW_27921_1-165	0.266131106165	0.226647954016858	0.566669342361699	5.89058979941533	0.9552694983990702	0.298578246080363	0.025120221506020002	0.6081667100349899	5.89058979941533	1.16351381940282	0.2826439692099201	0.6728463421619499	0.5626117291480079	0.028831737520029987	0.0	1.389214764685	0.32711113061459496	0.9456137440920498	0.10911163806702007	0.13549133290096993	0.5207519328133101	0.25309591059935	0.49196765355793304	0.35646314345043495	1.54269498305878
SEN1537_1-175	1.12308365852	1.615862718701858	1.9558841070466988	4.50137503473033	0.4339452662859298	1.687793010765363	1.36409454317898	0.78104805465001	4.50137503473033	0.22570094528217988	1.1065707954750799	0.71636842252305	1.9518264938330079	1.41804650220503	1.389214764685	0.0	1.7163258952995948	0.44360102059295015	1.49832640275202	1.25372343178403	0.8684628318716898	1.13611885408565	1.881182418242933	1.745677908135435	0.15348021837378
STM_MW27921_1-165	0.593242236779595	0.10046317659773696	0.239558211747104	6.217700930029925	1.282380629013665	0.028532884534231973	0.35223135212061496	0.9352778406495849	6.217700930029925	1.490624950017415	0.609755099824515	0.9999574727765449	0.23550059853341299	0.29827939309456497	0.32711113061459496	1.7163258952995948	0.0	1.2727248747066446	0.2179994925475749	0.4626024635155649	0.8478630634279051	0.580207041213945	0.16485652294333808	0.02935201283583999	1.8698061136733748
t1435_1-175	0.6794826379270498	1.1722616981089078	1.5122830864537486	4.944976055323281	0.00965575430702037	1.2441919901724128	0.9204935225860298	0.3374470340570599	4.944976055323281	0.21790007531077027	0.6629697748821297	0.27276740193009985	1.5082254732400577	0.9744454816120798	0.9456137440920498	0.44360102059295015	1.2727248747066446	0.0	1.0547253821590699	0.8101224111910799	0.4248618112787397	0.6925178334926998	1.437581397649983	1.3020768875424849	0.5970812389667302
ETEC_1607_1-172	0.3752427442320201	0.11753631594983793	0.4575577042946789	5.99970143748235	1.0643811364660902	0.18946660801334292	0.13423185957304007	0.71727834810201	5.99970143748235	1.2726254574698401	0.39175560727694014	0.78195798022897	0.4535000910809879	0.08027990054699008	0.10911163806702007	1.49832640275202	0.2179994925475749	1.0547253821590699	0.0	0.24460297096799	0.6298635708803302	0.36220754866637006	0.38285601549091297	0.24735150538341488	1.6518066211258
SL1344_2810_1-165	0.1306397732640301	0.36213928691782793	0.7021606752626689	5.75509846651436	0.8197781654981002	0.4340695789813329	0.11037111139494993	0.47267537713401997	5.75509846651436	1.0280224865018501	0.14715263630895015	0.53735500926098	0.6981030620489779	0.16432307042099992	0.13549133290096993	1.25372343178403	0.4626024635155649	0.8101224111910799	0.24460297096799	0.0	0.3852605999123402	0.11760457769838006	0.627458986458903	0.4919544763514049	1.40720365015781
ENC_31070_2-170	0.2546208266483101	0.7473998868301681	1.087421275175009	5.36983786660202	0.43451756558576005	0.8193301788936731	0.4956317113072901	0.08741477722167978	5.36983786660202	0.64276188658951	0.23810796360339004	0.15209440934863983	1.083363661961318	0.5495836703333401	0.5207519328133101	0.8684628318716898	0.8478630634279051	0.4248618112787397	0.6298635708803302	0.3852605999123402	0.0	0.2676560222139601	1.0127195863712433	0.8772150762637451	1.0219430502454698
SL1344_1444_1-175	0.013035195565650026	0.479743864616208	0.819765252961049	5.63749388881598	0.7021735877997202	0.551674156679713	0.22797568909333	0.3550707994356399	5.63749388881598	0.9104179088034701	0.029548058610570083	0.41975043156259995	0.8157076397473579	0.28192764811938	0.25309591059935	1.13611885408565	0.580207041213945	0.6925178334926998	0.36220754866637006	0.11760457769838006	0.2676560222139601	0.0	0.745063564157283	0.6095590540497849	1.28959907245943
ROD_31141_1-165	0.7580987597229331	0.26531969954107504	0.07470168880376593	6.382557452973263	1.4472371519570033	0.19338940747757005	0.517087875063953	1.100134363592923	6.382557452973263	1.6554814729607532	0.7746116227678531	1.164813995719883	0.0706440755900749	0.46313591603790305	0.49196765355793304	1.881182418242933	0.16485652294333808	1.437581397649983	0.38285601549091297	0.627458986458903	1.0127195863712433	0.745063564157283	0.0	0.1355045101074981	2.034662636616713
ENC_29450_1-165	0.622594249615435	0.12981518943357695	0.21020619891126402	6.247052942865765	1.3117326418495052	0.057884897370071964	0.38158336495645495	0.9646298534854248	6.247052942865765	1.5199769628532551	0.639107112660355	1.029309485612385	0.206148585697573	0.32763140593040496	0.35646314345043495	1.745677908135435	0.02935201283583999	1.3020768875424849	0.24735150538341488	0.4919544763514049	0.8772150762637451	0.6095590540497849	0.1355045101074981	0.0	1.899158126509215
BN373_21551_3-169	1.27656387689378	1.769342937075638	2.109364325420479	4.3478948163565505	0.5874254846597098	1.841273229139143	1.51757476155276	0.93452827302379	4.3478948163565505	0.3791811636559599	1.2600510138488599	0.86984864089683	2.105306712206788	1.57152672057881	1.54269498305878	0.15348021837378	1.8698061136733748	0.5970812389667302	1.6518066211258	1.40720365015781	1.0219430502454698	1.28959907245943	2.034662636616713	1.899158126509215	0.0
