NCTC13441_03042_1-208	0.0	0.7564996290800527	0.2564144637789138	0.4938666117093708	-1	0.7947219126880654	0.1083280143549582	0.12920057882093172	0.46968633285360245	0.8684591634640143	0.8006714266917149	0.1220650786643266	0.7156408284005832	0.17083752968120539	0.11365657016536634	0.026805102108617085	0.8636405609535505	0.8090677126919374	0.2768010898283	0.1590135563823854	0.8968400483038669	0.8068368419398148
BN373_08341_3-206	0.7564996290800527	0.0	0.8189366461194576	0.8767563322162621	-1	0.15697012478300704	0.7269171008621547	0.7879600179460216	0.5408370818911464	0.4597920486156841	0.18140340996106274	0.786222521011189	0.143687296772085	0.7063297247084438	0.7252753698807499	0.7497927995229543	0.44000315674558477	0.2158850247877725	0.6633009708737864	0.7104586253822379	0.5763458129185033	0.20672335187657992
STM_MW09621_10-214	0.2564144637789138	0.8189366461194576	0.0	0.3193340057919801	-1	0.8473581833717162	0.33696560842081097	0.14608861910557275	0.6056664274495753	0.9021881365294189	0.8517821559323747	0.15302886563640805	0.7885546329068637	0.38344677989359865	0.3409278454503773	0.27634635000381086	0.8986050933978392	0.8580255127601158	0.4622397505854713	0.3746546443679318	0.9232917520014895	0.8563666695356588
Ecoli9000q_50730_1-208	0.4938666117093708	0.8767563322162621	0.3193340057919801	0.0	-1	0.8961019061269909	0.5486950366616417	0.4187715609579515	0.731590546790365	0.9334227907054577	0.8991131538083406	0.4234955507629113	0.8560763289868707	0.5803331894541203	0.5513919966686593	0.5074335688630814	0.9309839350900109	0.9033627944906903	0.6339648851867071	0.5743486817853306	0.9477873041121384	0.90223367631808
b0897_1-208	-1	-1	-1	-1	-1	-1	-1	-1	-1	-1	-1	-1	-1	-1	-1	-1	-1	-1	-1	-1	-1	-1
ERS227112_02697_3-206	0.7947219126880654	0.15697012478300704	0.8473581833717162	0.8961019061269909	-1	0.0	0.7697829576159276	0.8212439603880212	0.6129119424424228	0.35920663399352454	0.02898270381196949	0.8197791985638593	0.2781028086510449	0.7524271844660194	0.7683989293515342	0.7890678550034431	0.3357330982958653	0.06988471196183998	0.7161526594900455	0.7559079710858314	0.49746242744665525	0.059017157702467626
ETEC_0965_1-208	0.1083280143549582	0.7269171008621547	0.33696560842081097	0.5486950366616417	-1	0.7697829576159276	0.0	0.22353255101870712	0.40525924814968267	0.8524784464986548	0.7764552699678128	0.21717002542549654	0.6810944201709899	0.07010371115453107	0.0059759147939961645	0.08376833090984802	0.8470744385360428	0.7858716093116452	0.18894063981551149	0.05684325945348718	0.8843072863598977	0.783369713112104
STMMW_09621_10-214	0.12920057882093172	0.7879600179460216	0.14608861910557275	0.4187715609579515	-1	0.8212439603880212	0.22353255101870712	0.0	0.5382031656055679	0.8854543156830531	0.8264247937386958	0.0081275957741256	0.7523801979642685	0.27796580078298727	0.2281726543341309	0.1525424462217613	0.8812582794060492	0.8337362747277436	0.3702388076251506	0.2676694916783381	0.9101683737741466	0.8317936337680699
SL1344_0888_10-214	0.46968633285360245	0.5408370818911464	0.6056664274495753	0.731590546790365	-1	0.6129119424424228	0.40525924814968267	0.5382031656055679	0.0	0.7519565406567718	0.6241308009637646	0.534419112350595	0.46379060315464754	0.36042249121272496	0.4016837612872711	0.45507968825625184	0.7428702153195564	0.6399634798487022	0.2667111915026368	0.3694147258008309	0.8054737071906257	0.6357567793800402
STMMW_37501_9-214	0.8684591634640143	0.4597920486156841	0.9021881365294189	0.9334227907054577	-1	0.35920663399352454	0.8524784464986548	0.8854543156830531	0.7519565406567718	0.0	0.3400803790807137	0.8845157060233506	0.5374130688448824	0.8413569822022804	0.851591570368466	0.8648360808086903	0.035337506110028026	0.31106028010993675	0.8181125072426401	0.84358744717674	0.21575721720523183	0.31901694993513924
ENC_31170_1-203	0.8006714266917149	0.18140340996106274	0.8517821559323747	0.8991131538083406	-1	0.02898270381196949	0.7764552699678128	0.8264247937386958	0.6241308009637646	0.3400803790807137	0.0	0.8250024846726387	0.2990253411306043	0.7596025140505361	0.7751113545846736	0.7951812388863018	0.31590621061861685	0.04212284200337263	0.7243793228878608	0.7629824180627135	0.4824628000693904	0.03093091545166687
SEN0854_10-214	0.1220650786643266	0.786222521011189	0.15302886563640805	0.4234955507629113	-1	0.8197791985638593	0.21717002542549654	0.0081275957741256	0.534419112350595	0.8845157060233506	0.8250024846726387	0.0	0.7503511530507888	0.2720493118461764	0.22184815065173996	0.14559821387545005	0.8802852866073786	0.8323738773617559	0.3650784216883638	0.2616686327782018	0.9094322759226634	0.8304153180234811
ENC_44260_2-211	0.7156408284005832	0.143687296772085	0.7885546329068637	0.8560763289868707	-1	0.2781028086510449	0.6810944201709899	0.7523801979642685	0.46379060315464754	0.5374130688448824	0.2990253411306043	0.7503511530507888	0.0	0.6570525297773221	0.6791772105170677	0.7078086083111033	0.5204675893537127	0.3285523859345279	0.6068036502821818	0.6618742504621024	0.6372195378264186	0.32070712903785464
ERS227112_03529_9-214	0.17083752968120539	0.7063297247084438	0.38344677989359865	0.5803331894541203	-1	0.7524271844660194	0.07010371115453107	0.27796580078298727	0.36042249121272496	0.8413569822022804	0.7596025140505361	0.2720493118461764	0.6570525297773221	0.0	0.06451332247874549	0.14799957119037793	0.8355455728790735	0.7697287393691934	0.1277958951836712	0.01405964791531906	0.8755853582513564	0.7670382283632323
ROD_09611_1-208	0.11365657016536634	0.7252753698807499	0.3409278454503773	0.5513919966686593	-1	0.7683989293515342	0.0059759147939961645	0.2281726543341309	0.4016837612872711	0.851591570368466	0.7751113545846736	0.22184815065173996	0.6791772105170677	0.06451332247874549	0.0	0.08924365329589166	0.8461550743689832	0.784584303463856	0.18406467986497257	0.05117315104990554	0.8836117601555643	0.782067366262055
CS17_00960_1-208	0.026805102108617085	0.7497927995229543	0.27634635000381086	0.5074335688630814	-1	0.7890678550034431	0.08376833090984802	0.1525424462217613	0.45507968825625184	0.8648360808086903	0.7951812388863018	0.14559821387545005	0.7078086083111033	0.14799957119037793	0.08924365329589166	0.0	0.8598847575733298	0.8038087872000206	0.25688172868697534	0.13584992539544113	0.8939986718799602	0.8015164706692247
SEN3583_9-214	0.8636405609535505	0.44000315674558477	0.8986050933978392	0.9309839350900109	-1	0.3357330982958653	0.8470744385360428	0.8812582794060492	0.7428702153195564	0.035337506110028026	0.31590621061861685	0.8802852866073786	0.5204675893537127	0.8355455728790735	0.8461550743689832	0.8598847575733298	0.0	0.285823047694189	0.811449606562494	0.8378577442225091	0.2434704013339873	0.2940711861629268
SL1344_3726_9-214	0.8090677126919374	0.2158850247877725	0.8580255127601158	0.9033627944906903	-1	0.06988471196183998	0.7858716093116452	0.8337362747277436	0.6399634798487022	0.31106028010993675	0.04212284200337263	0.8323738773617559	0.3285523859345279	0.7697287393691934	0.784584303463856	0.8038087872000206	0.285823047694189	0.0	0.735989249122718	0.7729662722186792	0.4597039968955687	0.011549152408388021
BN373_16651_9-214	0.2768010898283	0.6633009708737864	0.4622397505854713	0.6339648851867071	-1	0.7161526594900455	0.18894063981551149	0.3702388076251506	0.2667111915026368	0.8181125072426401	0.7243793228878608	0.3650784216883638	0.6068036502821818	0.1277958951836712	0.18406467986497257	0.25688172868697534	0.811449606562494	0.735989249122718	0.0	0.14005877780768483	0.8573560465244048	0.7329045227483475
t1983_10-214	0.1590135563823854	0.7104586253822379	0.3746546443679318	0.5743486817853306	-1	0.7559079710858314	0.05684325945348718	0.2676694916783381	0.3694147258008309	0.84358744717674	0.7629824180627135	0.2616686327782018	0.6618742504621024	0.01405964791531906	0.05117315104990554	0.13584992539544113	0.8378577442225091	0.7729662722186792	0.14005877780768483	0.0	0.8773345843098529	0.7703135888501742
STM_MW37501_9-214	0.8968400483038669	0.5763458129185033	0.9232917520014895	0.9477873041121384	-1	0.49746242744665525	0.8843072863598977	0.9101683737741466	0.8054737071906257	0.21575721720523183	0.4824628000693904	0.9094322759226634	0.6372195378264186	0.8755853582513564	0.8836117601555643	0.8939986718799602	0.2434704013339873	0.4597039968955687	0.8573560465244048	0.8773345843098529	0.0	0.4659439577810647
t3757_9-214	0.8068368419398148	0.20672335187657992	0.8563666695356588	0.90223367631808	-1	0.059017157702467626	0.783369713112104	0.8317936337680699	0.6357567793800402	0.31901694993513924	0.03093091545166687	0.8304153180234811	0.32070712903785464	0.7670382283632323	0.782067366262055	0.8015164706692247	0.2940711861629268	0.011549152408388021	0.7329045227483475	0.7703135888501742	0.4659439577810647	0.0
