ETEC_1722_1-118	0.0	0.07907619785885156	0.6720157355477394	0.38261915266321056	0.44260399990424326	-1	0.8468588486182607	0.6037220473072293
STM_MW13691_1-120	0.07907619785885156	0.0	0.5929395376888879	0.303542954804359	0.5216801977630948	-1	0.7677826507594091	0.6827982451660809
SEN1682_1-119	0.6720157355477394	0.5929395376888879	0.0	0.28939658288452885	1.1146197354519827	-1	0.17484311307052125	1.2757377828549687
SL1344_1297_1-119	0.38261915266321056	0.303542954804359	0.28939658288452885	0.0	0.8252231525674538	-1	0.4642396959550501	0.9863411999704399
STMMW_13691_1-119	0.44260399990424326	0.5216801977630948	1.1146197354519827	0.8252231525674538	0.0	-1	1.289462848522504	0.16111804740298608
b1689_1-118	-1	-1	-1	-1	-1	-1	-1	-1
NCTC13441_02190_1-119	0.8468588486182607	0.7677826507594091	0.17484311307052125	0.4642396959550501	1.289462848522504	-1	0.0	1.45058089592549
CS17_01871_1-119	0.6037220473072293	0.6827982451660809	1.2757377828549687	0.9863411999704399	0.16111804740298608	-1	1.45058089592549	0.0
