ENC_38700_1-250	0.0	0.725534227500317	0.695075261085768	0.94729975291998	0.5416444015745301	0.3557700237442001	0.6341424161506801	0.48648190973889993	0.39280959940174	0.31006517134945	0.46147819625596	5.32630981106114	0.35454675829494
NCTC13441_01367_1-251	0.725534227500317	0.0	0.030458966414549038	1.6728339804202972	0.18388982592578695	0.36976420375611696	0.09139181134963692	0.2390523177614171	0.33272462809857706	1.035599398849767	0.26405603124435706	6.051844038561457	0.37098746920537706
ROD_27491_1-251	0.695075261085768	0.030458966414549038	0.0	1.642375014005748	0.15343085951123792	0.3393052373415679	0.06093284493508788	0.20859335134686807	0.302265661684028	1.005140432435218	0.23359706482980802	6.0213850721469075	0.340528502790828
CS17_02647_1-251	0.94729975291998	1.6728339804202972	1.642375014005748	0.0	1.4889441544945101	1.3030697766641801	1.5814421690706602	1.43378166265888	1.34010935232172	0.63723458157053	1.40877794917594	4.37901005814116	1.30184651121492
ERS227112_03852_1-253	0.5416444015745301	0.18388982592578695	0.15343085951123792	1.4889441544945101	0.0	0.18587437783033	0.09249801457615003	0.055162491835630156	0.1488348021727901	0.8517095729239801	0.0801662053185701	5.86795421263567	0.1870976432795901
BN373_33371_1-253	0.3557700237442001	0.36976420375611696	0.3393052373415679	1.3030697766641801	0.18587437783033	0.0	0.27837239240648004	0.13071188599469985	0.0370395756575399	0.6658351950936501	0.1057081725117599	5.68207983480534	0.0012232654492601025
t0472_1-251	0.6341424161506801	0.09139181134963692	0.06093284493508788	1.5814421690706602	0.09249801457615003	0.27837239240648004	0.0	0.1476605064117802	0.24133281674894014	0.9442075875001301	0.17266421989472014	5.96045222721182	0.27959565785574014
SEN2374_1-251	0.48648190973889993	0.2390523177614171	0.20859335134686807	1.43378166265888	0.055162491835630156	0.13071188599469985	0.1476605064117802	0.0	0.09367231033715995	0.7965470810883499	0.02500371348293995	5.81279172080004	0.13193515144395995
STMMW_24141_1-251	0.39280959940174	0.33272462809857706	0.302265661684028	1.34010935232172	0.1488348021727901	0.0370395756575399	0.24133281674894014	0.09367231033715995	0.0	0.70287477075119	0.06866859685422	5.71911941046288	0.038262841106800005
ETEC_2481_1-251	0.31006517134945	1.035599398849767	1.005140432435218	0.63723458157053	0.8517095729239801	0.6658351950936501	0.9442075875001301	0.7965470810883499	0.70287477075119	0.0	0.77154336760541	5.01624463971169	0.66461192964439
STM_MW24141_1-251	0.46147819625596	0.26405603124435706	0.23359706482980802	1.40877794917594	0.0801662053185701	0.1057081725117599	0.17266421989472014	0.02500371348293995	0.06866859685422	0.77154336760541	0.0	5.7877880073171	0.10693143796102
b2346_1-251	5.32630981106114	6.051844038561457	6.0213850721469075	4.37901005814116	5.86795421263567	5.68207983480534	5.96045222721182	5.81279172080004	5.71911941046288	5.01624463971169	5.7877880073171	0.0	5.68085656935608
SL1344_2361_1-251	0.35454675829494	0.37098746920537706	0.340528502790828	1.30184651121492	0.1870976432795901	0.0012232654492601025	0.27959565785574014	0.13193515144395995	0.038262841106800005	0.66461192964439	0.10693143796102	5.68085656935608	0.0
