BN373_18061_1-421	0.0	1.060864892067154	0.902499199913204	1.064214769445237	1.1356717624274602	1.1895220050214252	1.204110276800844	0.9841100248141841	1.140942999969977	0.8504441106102061	1.039895684209868	0.9316261939801271	1.1251718169682792	0.58638387992031	1.422264751150232	0.7763111792472501	5.22146827180102
NCTC13441_02695_1-422	1.060864892067154	0.0	0.15836569215395002	0.0033498773780830104	0.07480687036030598	0.12865711295427107	0.14324538473368997	0.07675486725296998	0.08007810790282299	0.21042078145694798	0.020969207857285954	0.12923869808702693	0.064306924901125	0.474481012146844	0.36139985908307803	0.28455371281990394	6.282333163868174
ERS227112_03652_1-421	0.902499199913204	0.15836569215395002	0.0	0.16171556953203303	0.233172562514256	0.2870228051082211	0.30161107688764	0.08161082490098004	0.23844380005677301	0.05205508930299796	0.13739648429666407	0.029126994066923095	0.22267261705507502	0.316115319992894	0.5197655512370281	0.12618802066595391	6.123967471714224
SL1344_1925_1-422	1.064214769445237	0.0033498773780830104	0.16171556953203303	0.0	0.07145699298222297	0.12530723557618806	0.13989550735560696	0.080104744631053	0.07672823052473998	0.213770658835031	0.024319085235368965	0.13258857546510994	0.060957047523041985	0.477830889524927	0.358049981704995	0.28790359019798695	6.285683041246257
STM_MW19761_1-422	1.1356717624274602	0.07480687036030598	0.233172562514256	0.07145699298222297	0.0	0.05385024259396509	0.068438514373384	0.15156173761327596	0.0052712375425170155	0.28522765181725396	0.09577607821759193	0.2040455684473329	0.010499945459180982	0.54928788250715	0.28659298872277206	0.3593605831802099	6.35714003422848
ROD_12511_1-421	1.1895220050214252	0.12865711295427107	0.2870228051082211	0.12530723557618806	0.05385024259396509	0.0	0.014588271779418904	0.20541198020724105	0.048579005051448076	0.33907789441121905	0.14962632081155702	0.257895811041298	0.06435018805314607	0.6031381251011151	0.23274274612880697	0.413210825774175	6.410990276822445
ERS227112_05713_1-421	1.204110276800844	0.14324538473368997	0.30161107688764	0.13989550735560696	0.068438514373384	0.014588271779418904	0.0	0.22000025198665996	0.06316727683086698	0.35366616619063795	0.16421459259097593	0.2724840828207169	0.07893845983256498	0.617726396880534	0.21815447434938806	0.4277990975535939	6.425578548601864
t0881_1-422	0.9841100248141841	0.07675486725296998	0.08161082490098004	0.080104744631053	0.15156173761327596	0.20541198020724105	0.22000025198665996	0.0	0.15683297515579298	0.133665914203978	0.05578565939568403	0.052483830834056944	0.14106179215409498	0.39772614489387403	0.438154726336048	0.20779884556693395	6.205578296615204
STM_MW19771_6-427	1.140942999969977	0.08007810790282299	0.23844380005677301	0.07672823052473998	0.0052712375425170155	0.048579005051448076	0.06316727683086698	0.15683297515579298	0.0	0.290498889359771	0.10104731576010895	0.20931680598984992	0.015771183001697997	0.554559120049667	0.28132175118025504	0.36463182072272693	6.362411271770997
STMMW_19761_1-422	0.8504441106102061	0.21042078145694798	0.05205508930299796	0.213770658835031	0.28522765181725396	0.33907789441121905	0.35366616619063795	0.133665914203978	0.290498889359771	0.0	0.18945157359966203	0.08118208336992105	0.274727706358073	0.26406023068989604	0.571820640540026	0.07413293136295596	6.0719123824112256
ETEC_1288_1-422	1.039895684209868	0.020969207857285954	0.13739648429666407	0.024319085235368965	0.09577607821759193	0.14962632081155702	0.16421459259097593	0.05578565939568403	0.10104731576010895	0.18945157359966203	0.0	0.10826949022974097	0.08527613275841095	0.45351180428955806	0.382369066940364	0.263584504962618	6.261363956010888
t4291_1-422	0.9316261939801271	0.12923869808702693	0.029126994066923095	0.13258857546510994	0.2040455684473329	0.257895811041298	0.2724840828207169	0.052483830834056944	0.20931680598984992	0.08118208336992105	0.10826949022974097	0.0	0.19354562298815192	0.3452423140598171	0.49063855717010496	0.155315014732877	6.153094465781147
CS17_01360_1-422	1.1251718169682792	0.064306924901125	0.22267261705507502	0.060957047523041985	0.010499945459180982	0.06435018805314607	0.07893845983256498	0.14106179215409498	0.015771183001697997	0.274727706358073	0.08527613275841095	0.19354562298815192	0.0	0.538787937047969	0.29709293418195304	0.34886063772102893	6.346640088769299
ERS227112_05373_1-421	0.58638387992031	0.474481012146844	0.316115319992894	0.477830889524927	0.54928788250715	0.6031381251011151	0.617726396880534	0.39772614489387403	0.554559120049667	0.26406023068989604	0.45351180428955806	0.3452423140598171	0.538787937047969	0.0	0.835880871229922	0.18992729932694008	5.80785215172133
ERS227112_00244_1-422	1.422264751150232	0.36139985908307803	0.5197655512370281	0.358049981704995	0.28659298872277206	0.23274274612880697	0.21815447434938806	0.438154726336048	0.28132175118025504	0.571820640540026	0.382369066940364	0.49063855717010496	0.29709293418195304	0.835880871229922	0.0	0.645953571902982	6.643733022951252
ENC_35710_1-421	0.7763111792472501	0.28455371281990394	0.12618802066595391	0.28790359019798695	0.3593605831802099	0.413210825774175	0.4277990975535939	0.20779884556693395	0.36463182072272693	0.07413293136295596	0.263584504962618	0.155315014732877	0.34886063772102893	0.18992729932694008	0.645953571902982	0.0	5.99777945104827
b1184_1-422	5.22146827180102	6.282333163868174	6.123967471714224	6.285683041246257	6.35714003422848	6.410990276822445	6.425578548601864	6.205578296615204	6.362411271770997	6.0719123824112256	6.261363956010888	6.153094465781147	6.346640088769299	5.80785215172133	6.643733022951252	5.99777945104827	0.0
