ERS227112_05371_1-222	0.0	-1	0.77821268510217	0.12800831028947757	0.6250285228500353	0.17552923079760396	0.35105964005265333	0.21457424877762254	0.032430185066745	0.4741368654587228
b1931_1-222	-1	-1	-1	-1	-1	-1	-1	-1	-1	-1
ERS227112_05090_1-222	0.77821268510217	-1	0.0	0.9062209953916476	0.15318416225213471	0.602683454304566	0.4271530450495167	0.9927869338797926	0.745782500035425	1.2523495505608928
SEN0917_1-196	0.12800831028947757	-1	0.9062209953916476	0.0	0.7530368331395129	0.30353754108708153	0.4790679503421309	0.08656593848814498	0.16043849535622257	0.34612855516924523
CS17_02167_1-222	0.6250285228500353	-1	0.15318416225213471	0.7530368331395129	0.0	0.44949929205243133	0.27396888279738196	0.8396027716276578	0.5925983377832903	1.0991653883087582
SL1344_0993_1-196	0.17552923079760396	-1	0.602683454304566	0.30353754108708153	0.44949929205243133	0.0	0.17553040925504937	0.3901034795752265	0.14309904573085896	0.6496660962563268
ETEC_2039_1-222	0.35105964005265333	-1	0.4271530450495167	0.4790679503421309	0.27396888279738196	0.17553040925504937	0.0	0.5656338888302759	0.31862945498590833	0.8251965055113761
STM_MW10661_1-196	0.21457424877762254	-1	0.9927869338797926	0.08656593848814498	0.8396027716276578	0.3901034795752265	0.5656338888302759	0.0	0.24700443384436754	0.25956261668110026
STMMW_10661_1-196	0.032430185066745	-1	0.745782500035425	0.16043849535622257	0.5925983377832903	0.14309904573085896	0.31862945498590833	0.24700443384436754	0.0	0.5065670505254678
ROD_16381_1-222	0.4741368654587228	-1	1.2523495505608928	0.34612855516924523	1.0991653883087582	0.6496660962563268	0.8251965055113761	0.25956261668110026	0.5065670505254678	0.0
