STM_MW39651_2-199	0.0	0.21051860610376266	0.4676901318854164	-1	0.42447753335256855	0.2811814648985234	0.6707410491096503	0.8334253773079036	0.24210858341253064	0.052419645423329324	0.2672016507724325	0.009236898967057964	0.06833175220004875
ROD_38961_1-198	0.21051860610376266	0.0	0.32574741820382175	-1	0.2710119945865714	0.43250614094963485	0.5829427350207766	0.7890075383917285	0.04001358050107497	0.16684491179754743	0.07179782209803388	0.2178109659755543	0.2644652530780294
STMMW_39651_2-199	0.4676901318854164	0.32574741820382175	0.0	-1	0.07508412101541839	0.6173658003818148	0.38145247606141647	0.6870720746130521	0.29764362484616036	0.43824303074287374	0.2735929759180216	0.47260702435635876	0.5040637978870628
b3865_13-210	-1	-1	-1	-1	-1	-1	-1	-1	-1	-1	-1	-1	-1
Ecoli9000q_34780_10-207	0.42447753335256855	0.2710119945865714	0.07508412101541839	-1	0.0	0.5863037836065049	0.42789557320260846	0.7105679928319095	0.24062675199725062	0.3926399340512449	0.21462368569186646	0.4297935762302629	0.46380399192908167
ETEC_4134_1-198	0.2811814648985234	0.43250614094963485	0.6173658003818148	-1	0.5863037836065049	0.0	0.7633225632519498	0.880263073731386	0.4552136021626123	0.3188616776322598	0.4732509640834597	0.27447990912049874	0.22846084236647501
ERS227112_00412_13-210	0.6707410491096503	0.5829427350207766	0.38145247606141647	-1	0.42789557320260846	0.7633225632519498	0.0	0.4940923481604318	0.5655592032261136	0.6525266176107616	0.5506827338824972	0.673782380773024	0.6932398901515379
t3620_13-210	0.8334253773079036	0.7890075383917285	0.6870720746130521	-1	0.7105679928319095	0.880263073731386	0.4940923481604318	0.0	0.7802130766408121	0.824210557038708	0.7726869569675198	0.8349640102681862	0.8448077131485164
CS17_04315_13-210	0.24210858341253064	0.04001358050107497	0.29764362484616036	-1	0.24062675199725062	0.4552136021626123	0.5655592032261136	0.7802130766408121	0.0	0.20018242998921648	0.03310905336926436	0.24910914985554952	0.2938966318853295
NCTC13441_04636_13-210	0.052419645423329324	0.16684491179754743	0.43824303074287374	-1	0.3926399340512449	0.3188616776322598	0.6525266176107616	0.824210557038708	0.20018242998921648	0.0	0.22666363260037883	0.06117234942172299	0.11716947140189672
BN373_48051_13-210	0.2672016507724325	0.07179782209803388	0.2735929759180216	-1	0.21462368569186646	0.4732509640834597	0.5506827338824972	0.7726869569675198	0.03310905336926436	0.22666363260037883	0.0	0.27397043508747443	0.31727504598445544
SL1344_3948_2-199	0.009236898967057964	0.2178109659755543	0.47260702435635876	-1	0.4297935762302629	0.27447990912049874	0.673782380773024	0.8349640102681862	0.24910914985554952	0.06117234942172299	0.27397043508747443	0.0	0.059645795419086704
SEN3789_2-199	0.06833175220004875	0.2644652530780294	0.5040637978870628	-1	0.46380399192908167	0.22846084236647501	0.6932398901515379	0.8448077131485164	0.2938966318853295	0.11716947140189672	0.31727504598445544	0.059645795419086704	0.0
