STM_MW22551_1-94	0	0.027432430171369513	0	0	0	0.032559534408011806	0.0502419115001944	-1	0.0771781651169024	0.07017441427354516	0.04157400561769298	0.10642794879241939	0.026575420908031847
ENC_39830_1-94	0.027432430171369513	0.0	0.027432430171369513	0.027432430171369513	0.027432430171369513	0.005127104236642293	0.022809481328824887	-1	0.04974573494553289	0.042741984102175654	0.014141575446323464	0.07899551862104988	0.0008570092633376665
NCTC13441_01524_1-94	0	0.027432430171369513	0	0	0	0.032559534408011806	0.0502419115001944	-1	0.0771781651169024	0.07017441427354516	0.04157400561769298	0.10642794879241939	0.026575420908031847
ERS227112_03962_1-94	0	0.027432430171369513	0	0	0	0.032559534408011806	0.0502419115001944	-1	0.0771781651169024	0.07017441427354516	0.04157400561769298	0.10642794879241939	0.026575420908031847
STMMW_22551_1-94	0	0.027432430171369513	0	0	0	0.032559534408011806	0.0502419115001944	-1	0.0771781651169024	0.07017441427354516	0.04157400561769298	0.10642794879241939	0.026575420908031847
ETEC_2322_1-94	0.032559534408011806	0.005127104236642293	0.032559534408011806	0.032559534408011806	0.032559534408011806	0.0	0.017682377092182594	-1	0.04461863070889059	0.03761487986553336	0.009014471209681171	0.07386841438440758	0.0059841134999799594
SEN2217_1-94	0.0502419115001944	0.022809481328824887	0.0502419115001944	0.0502419115001944	0.0502419115001944	0.017682377092182594	0.0	-1	0.026936253616707997	0.019932502773350763	0.008667905882501423	0.05618603729222499	0.023666490592162553
b2185_1-94	-1	-1	-1	-1	-1	-1	-1	-1	-1	-1	-1	-1	-1
BN373_32241_1-94	0.0771781651169024	0.04974573494553289	0.0771781651169024	0.0771781651169024	0.0771781651169024	0.04461863070889059	0.026936253616707997	-1	0.0	0.007003750843357234	0.03560415949920942	0.02924978367551699	0.05060274420887055
t0630_1-94	0.07017441427354516	0.042741984102175654	0.07017441427354516	0.07017441427354516	0.07017441427354516	0.03761487986553336	0.019932502773350763	-1	0.007003750843357234	0.0	0.028600408655852186	0.036253534518874225	0.04359899336551332
ROD_23161_1-94	0.04157400561769298	0.014141575446323464	0.04157400561769298	0.04157400561769298	0.04157400561769298	0.009014471209681171	0.008667905882501423	-1	0.03560415949920942	0.028600408655852186	0.0	0.06485394317472641	0.01499858470966113
CS17_02436_1-94	0.10642794879241939	0.07899551862104988	0.10642794879241939	0.10642794879241939	0.10642794879241939	0.07386841438440758	0.05618603729222499	-1	0.02924978367551699	0.036253534518874225	0.06485394317472641	0.0	0.07985252788438754
SL1344_2201_1-94	0.026575420908031847	0.0008570092633376665	0.026575420908031847	0.026575420908031847	0.026575420908031847	0.0059841134999799594	0.023666490592162553	-1	0.05060274420887055	0.04359899336551332	0.01499858470966113	0.07985252788438754	0.0
