Ecoli9000q_5050_1-1296	0.0	-1	-1	0.9076749667330206	0.6015125423661732	0.9308891380202606	0.00102442174704942	0.15045139840993582
b4696_1-1773	-1	-1	-1	-1	-1	-1	-1	-1
b2647_27-1526	-1	-1	-1	-1	-1	-1	-1	-1
Ecoli9000q_44120_23-1349	0.9076749667330206	-1	-1	0.0	1.5091875090991937	1.8385641047532812	0.9066505449859712	1.0581263651429564
ROD_10521_1-1635	0.6015125423661732	-1	-1	1.5091875090991937	0.0	0.32937659565408745	0.6025369641132227	0.4510611439562374
CS17_01674_1-1806	0.9308891380202606	-1	-1	1.8385641047532812	0.32937659565408745	0.0	0.93191355976731	0.7804377396103248
ETEC_2845_28-1524	0.00102442174704942	-1	-1	0.9066505449859712	0.6025369641132227	0.93191355976731	0.0	0.15147582015698524
CS17_03917_1-1240	0.15045139840993582	-1	-1	1.0581263651429564	0.4510611439562374	0.7804377396103248	0.15147582015698524	0.0
