STM_MW23271_1-126	0.0	0.23839747810745943	0.6694269694776669	0.9047800933625514	-1	0.5225941683002431	0.08149608197210939	1.0675690561338527	0.18595362545574723	0.2713321059155806	0.36429368687834535
NCTC13441_01449_1-129	0.23839747810745943	0.0	0.4310294913702074	0.666382615255092	-1	0.2841966901927836	0.15690139613535004	0.8291715780263933	0.42435110356320666	0.032934627808121175	0.12589620877088592
STMMW_23271_1-125	0.6694269694776669	0.4310294913702074	0.0	0.2353531238848846	-1	0.1468328011774238	0.5879308875055574	0.3981420866561859	0.8553805949334141	0.39809486356208623	0.3051332825993215
SL1344_2272_1-125	0.9047800933625514	0.666382615255092	0.2353531238848846	0.0	-1	0.3821859250623084	0.823284011390442	0.16278896277130128	1.0907337188182986	0.6334479874469708	0.5404864064842061
b2258_1-128	-1	-1	-1	-1	-1	-1	-1	-1	-1	-1	-1
ETEC_2393_1-128	0.5225941683002431	0.2841966901927836	0.1468328011774238	0.3821859250623084	-1	0.0	0.44109808632813363	0.5449748878336097	0.7085477937559903	0.2512620623846624	0.15830048142189768
t0560_1-125	0.08149608197210939	0.15690139613535004	0.5879308875055574	0.823284011390442	-1	0.44109808632813363	0.0	0.9860729741617433	0.2674497074278566	0.1898360239434712	0.28279760490623596
BN373_44761_1-126	1.0675690561338527	0.8291715780263933	0.3981420866561859	0.16278896277130128	-1	0.5449748878336097	0.9860729741617433	0.0	1.2535226815896	0.7962369502182721	0.7032753692555074
ERS227112_00744_1-127	0.18595362545574723	0.42435110356320666	0.8553805949334141	1.0907337188182986	-1	0.7085477937559903	0.2674497074278566	1.2535226815896	0.0	0.45728573137132783	0.5502473123340925
SEN2285_1-125	0.2713321059155806	0.032934627808121175	0.39809486356208623	0.6334479874469708	-1	0.2512620623846624	0.1898360239434712	0.7962369502182721	0.45728573137132783	0.0	0.09296158096276474
CS17_02507_1-129	0.36429368687834535	0.12589620877088592	0.3051332825993215	0.5404864064842061	-1	0.15830048142189768	0.28279760490623596	0.7032753692555074	0.5502473123340925	0.09296158096276474	0.0
