Ecoli9000q_1370_1-423	0.0	0.1743397577903356	0.5241807940852892	0.22143687459956832	0.379119023745057	0.26521729014511	-1	0.5245205178251737	0.018081139586689055	0.5453802535650439	0.20122995825855824	0.4616192206066132	0.3444796690401374	0.5454350181714194	0.5034515255731044	0.6613676567582454	0.4980263599016934
STMMW_17951_1-432	0.1743397577903356	0.0	0.3498410362949536	0.04709711680923273	0.20477926595472146	0.09087753235477436	-1	0.35018076003483817	0.15625861820364653	0.3710404957747084	0.026890200468222658	0.28727946281627764	0.17013991124980182	0.3710952603810838	0.3291117677827688	0.4870278989679098	0.32368660211135786
ETEC_1293_1-432	0.5241807940852892	0.3498410362949536	0.0	0.3027439194857209	0.14506177034023215	0.25896350394017925	-1	0.0003397237398845565	0.5060996544986002	0.021199459479754768	0.32295083582673095	0.06256157347867597	0.1797011250451518	0.021254224086130202	0.020729268512184817	0.1371868626729562	0.026154434183595754
NCTC13441_02690_1-432	0.22143687459956832	0.04709711680923273	0.3027439194857209	0.0	0.15768214914548873	0.04378041554554163	-1	0.30308364322560544	0.20335573501287926	0.32394337896547565	0.020206916341010073	0.2401823460070449	0.12304279444056909	0.3239981435718511	0.28201465097353606	0.4399307821586771	0.2765894853021251
SEN1234_1-432	0.379119023745057	0.20477926595472146	0.14506177034023215	0.15768214914548873	0.0	0.1139017335999471	-1	0.1454014940801167	0.361037884158368	0.16626122981998692	0.1778890654864988	0.08250019686155619	0.034639354704919634	0.16631599442636236	0.12433250182804734	0.28224863301318837	0.1189073361566364
ERS227112_04357_1-432	0.26521729014511	0.09087753235477436	0.25896350394017925	0.04378041554554163	0.1139017335999471	0.0	-1	0.2593032276800638	0.2471361505584209	0.280162963419934	0.0639873318865517	0.19640193046150328	0.07926237889502746	0.28021772802630945	0.23823423542799443	0.39615036661313546	0.2328090697565835
b1189_1-432	-1	-1	-1	-1	-1	-1	-1	-1	-1	-1	-1	-1	-1	-1	-1	-1	-1
SL1344_1731_1-432	0.5245205178251737	0.35018076003483817	0.0003397237398845565	0.30308364322560544	0.1454014940801167	0.2593032276800638	-1	0.0	0.5064393782384847	0.02085973573987021	0.3232905595666155	0.06290129721856053	0.18004084878503634	0.020914500346245646	0.021068992252069374	0.13684713893307165	0.02649415792348031
STM_MW17951_1-432	0.018081139586689055	0.15625861820364653	0.5060996544986002	0.20335573501287926	0.361037884158368	0.2471361505584209	-1	0.5064393782384847	0.0	0.5272991139783549	0.1831488186718692	0.4435380810199242	0.3263985294534484	0.5273538785847304	0.48537038598641535	0.6432865171715564	0.4799452203150044
ERS227112_04501_1-417	0.5453802535650439	0.3710404957747084	0.021199459479754768	0.32394337896547565	0.16626122981998692	0.280162963419934	-1	0.02085973573987021	0.5272991139783549	0.0	0.3441502953064857	0.08376103295843074	0.20090058452490656	5.476460637543479e-05	0.041928727991939585	0.11598740319320144	0.04735389366335052
t1074_1-432	0.20122995825855824	0.026890200468222658	0.32295083582673095	0.020206916341010073	0.1778890654864988	0.0639873318865517	-1	0.3232905595666155	0.1831488186718692	0.3441502953064857	0.0	0.260389262348055	0.14324971078157916	0.34420505991286116	0.30222156731454614	0.46013769849968716	0.2967964016431352
CS17_01365_1-432	0.4616192206066132	0.28727946281627764	0.06256157347867597	0.2401823460070449	0.08250019686155619	0.19640193046150328	-1	0.06290129721856053	0.4435380810199242	0.08376103295843074	0.260389262348055	0.0	0.11713955156647582	0.08381579756480617	0.04183230496649115	0.19974843615163218	0.036407139295080215
ROD_25431_1-367	0.3444796690401374	0.17013991124980182	0.1797011250451518	0.12304279444056909	0.034639354704919634	0.07926237889502746	-1	0.18004084878503634	0.3263985294534484	0.20090058452490656	0.14324971078157916	0.11713955156647582	0.0	0.200955349131282	0.15897185653296697	0.316887987718108	0.15354669086155603
BN373_27581_1-416	0.5454350181714194	0.3710952603810838	0.021254224086130202	0.3239981435718511	0.16631599442636236	0.28021772802630945	-1	0.020914500346245646	0.5273538785847304	5.476460637543479e-05	0.34420505991286116	0.08381579756480617	0.200955349131282	0.0	0.04198349259831502	0.11593263858682601	0.047408658269725956
BN373_28921_1-432	0.5034515255731044	0.3291117677827688	0.020729268512184817	0.28201465097353606	0.12433250182804734	0.23823423542799443	-1	0.021068992252069374	0.48537038598641535	0.041928727991939585	0.30222156731454614	0.04183230496649115	0.15897185653296697	0.04198349259831502	0.0	0.15791613118514103	0.005425165671410936
ROD_18291_1-432	0.6613676567582454	0.4870278989679098	0.1371868626729562	0.4399307821586771	0.28224863301318837	0.39615036661313546	-1	0.13684713893307165	0.6432865171715564	0.11598740319320144	0.46013769849968716	0.19974843615163218	0.316887987718108	0.11593263858682601	0.15791613118514103	0.0	0.16334129685655197
ENC_07040_1-432	0.4980263599016934	0.32368660211135786	0.026154434183595754	0.2765894853021251	0.1189073361566364	0.2328090697565835	-1	0.02649415792348031	0.4799452203150044	0.04735389366335052	0.2967964016431352	0.036407139295080215	0.15354669086155603	0.047408658269725956	0.005425165671410936	0.16334129685655197	0.0
