t1069_1-113	0.0	0.03067081640332403	0.481981663909099	0.489313930637974	0.22754730514467802	0.08513998281954904	0.5502924256901319	1.0921824646250622	4.823953250517472	0.218777737748795	0.454905134440618	1.544199592264682	0.07663189550458194	0.110803297311171	0.5000819525513619	0.6574288476484721	0.932557015806042	0.8581457059605121	0.5258251531405821	3.950443298926552	6.494270383179522
STM_MW18001_1-114	0.03067081640332403	0.0	0.451310847505775	0.45864311423465	0.196876488741354	0.05446916641622501	0.5196216092868079	1.061511648221738	4.793282434114148	0.24944855415211903	0.42423431803729394	1.5135287758613578	0.04596107910125791	0.08013248090784697	0.46941113614803787	0.6267580312451481	0.901886199402718	0.8274748895571881	0.49515433673725806	3.9197724825232276	6.463599566776198
t1149_1-120	0.481981663909099	0.451310847505775	0.0	0.007332266728874992	0.254434358764421	0.39684168108955	0.0683107617810329	0.610200800715963	4.341971586608373	0.700759401657894	0.027076529468481048	1.062217928355583	0.4053497684045171	0.371178366597928	0.018100288642262874	0.17544718373937307	0.450575351896943	0.3761640420514131	0.04384348923148307	3.468461635017453	6.012288719270423
SEN1229_1-113	0.489313930637974	0.45864311423465	0.007332266728874992	0.0	0.261766625493296	0.404173947818425	0.06097849505215791	0.6028685339870881	4.334639319879498	0.7080916683867691	0.03440879619735604	1.054885661626708	0.4126820351333921	0.378510633326803	0.010768021913387882	0.16811491701049808	0.443243085168068	0.3688317753225381	0.036511222502608076	3.461129368288578	6.004956452541548
ERS227112_04352_1-114	0.22754730514467802	0.196876488741354	0.254434358764421	0.261766625493296	0.0	0.14240732232512898	0.3227451205454539	0.864635159480384	4.596405945372794	0.446325042893473	0.22735782929593995	1.316652287120004	0.1509154096400961	0.11674400783350702	0.27253464740668387	0.42988154250379407	0.705009710661364	0.6305984008158341	0.29827784799590407	3.722895993781874	6.266723078034844
STM_MW12771_1-120	0.08513998281954904	0.05446916641622501	0.39684168108955	0.404173947818425	0.14240732232512898	0.0	0.4651524428705829	1.007042481805513	4.738813267697923	0.30391772056834404	0.36976515162106893	1.459059609445133	0.008508087314967105	0.025663314491621958	0.41494196973181285	0.572288864828923	0.847417032986493	0.773005723140963	0.44068517032103305	3.8653033161070027	6.409130400359973
SL1344_1736_1-113	0.5502924256901319	0.5196216092868079	0.0683107617810329	0.06097849505215791	0.3227451205454539	0.4651524428705829	0.0	0.5418900389349302	4.27366082482734	0.769070163438927	0.09538729124951395	0.99390716657455	0.47366053018555	0.4394891283789609	0.05021047313877003	0.10713642195834017	0.3822645901159101	0.30785328027038017	0.024467272549549834	3.40015087323642	5.94397795748939
ETEC_1829_1-119	1.0921824646250622	1.061511648221738	0.610200800715963	0.6028685339870881	0.864635159480384	1.007042481805513	0.5418900389349302	0.0	3.73177078589241	1.3109602023738571	0.6372773301844441	0.4520171276396199	1.0155505691204803	0.9813791673138911	0.5921005120737002	0.43475361697659	0.15962544881902008	0.23403675866454998	0.56635731148448	2.8582608343014897	5.40208791855446
ERS227112_04132_1-111	4.823953250517472	4.793282434114148	4.341971586608373	4.334639319879498	4.596405945372794	4.738813267697923	4.27366082482734	3.73177078589241	0.0	5.042730988266267	4.369048116076854	3.27975365825279	4.74732135501289	4.713149953206301	4.32387129796611	4.166524402868999	3.89139623471143	3.96580754455696	4.29812809737689	0.8735099515909202	1.67031713266205
STMMW_12771_1-120	0.218777737748795	0.24944855415211903	0.700759401657894	0.7080916683867691	0.446325042893473	0.30391772056834404	0.769070163438927	1.3109602023738571	5.042730988266267	0.0	0.673682872189413	1.762977330013477	0.29540963325337694	0.329581035059966	0.718859690300157	0.8762065853972671	1.151334753554837	1.0769234437093071	0.7446028908893771	4.169221036675347	6.713048120928317
SEN1781_1-120	0.454905134440618	0.42423431803729394	0.027076529468481048	0.03440879619735604	0.22735782929593995	0.36976515162106893	0.09538729124951395	0.6372773301844441	4.369048116076854	0.673682872189413	0.0	1.089294457824064	0.37827323893603604	0.344101837129447	0.04517681811074392	0.20252371320785412	0.477651881365424	0.4032405715198941	0.07092001869996412	3.495538164485934	6.039365248738904
NCTC13441_02084_1-120	1.544199592264682	1.5135287758613578	1.062217928355583	1.054885661626708	1.316652287120004	1.459059609445133	0.99390716657455	0.4520171276396199	3.27975365825279	1.762977330013477	1.089294457824064	0.0	1.4675676967601001	1.433396294953511	1.04411763971332	0.8867707446162099	0.61164257645864	0.6860538863041699	1.0183744391240999	2.40624370666187	4.95007079091484
SL1344_1206_1-120	0.07663189550458194	0.04596107910125791	0.4053497684045171	0.4126820351333921	0.1509154096400961	0.008508087314967105	0.47366053018555	1.0155505691204803	4.74732135501289	0.29540963325337694	0.37827323893603604	1.4675676967601001	0.0	0.03417140180658906	0.42345005704677996	0.5807969521438902	0.8559251203014601	0.7815138104559302	0.44919325763600015	3.87381140342197	6.41763848767494
ROD_12541_1-120	0.110803297311171	0.08013248090784697	0.371178366597928	0.378510633326803	0.11674400783350702	0.025663314491621958	0.4394891283789609	0.9813791673138911	4.713149953206301	0.329581035059966	0.344101837129447	1.433396294953511	0.03417140180658906	0.0	0.3892786552401909	0.5466255503373011	0.821753718494871	0.7473424086493411	0.4150218558294111	3.839640001615381	6.383467085868351
BN373_28971_1-114	0.5000819525513619	0.46941113614803787	0.018100288642262874	0.010768021913387882	0.27253464740668387	0.41494196973181285	0.05021047313877003	0.5921005120737002	4.32387129796611	0.718859690300157	0.04517681811074392	1.04411763971332	0.42345005704677996	0.3892786552401909	0.0	0.1573468950971102	0.4324750632546801	0.3580637534091502	0.025743200589220194	3.45036134637519	5.99418843062816
ENC_09340_1-108	0.6574288476484721	0.6267580312451481	0.17544718373937307	0.16811491701049808	0.42988154250379407	0.572288864828923	0.10713642195834017	0.43475361697659	4.166524402868999	0.8762065853972671	0.20252371320785412	0.8867707446162099	0.5807969521438902	0.5466255503373011	0.1573468950971102	0.0	0.2751281681575699	0.20071685831204	0.13160369450789	3.2930144512780797	5.83684153553105
CS17_01983_1-120	0.932557015806042	0.901886199402718	0.450575351896943	0.443243085168068	0.705009710661364	0.847417032986493	0.3822645901159101	0.15962544881902008	3.89139623471143	1.151334753554837	0.477651881365424	0.61164257645864	0.8559251203014601	0.821753718494871	0.4324750632546801	0.2751281681575699	0.0	0.0744113098455299	0.4067318626654599	3.01788628312051	5.56171336737348
STMMW_18001_1-113	0.8581457059605121	0.8274748895571881	0.3761640420514131	0.3688317753225381	0.6305984008158341	0.773005723140963	0.30785328027038017	0.23403675866454998	3.96580754455696	1.0769234437093071	0.4032405715198941	0.6860538863041699	0.7815138104559302	0.7473424086493411	0.3580637534091502	0.20071685831204	0.0744113098455299	0.0	0.33232055281993	3.0922975929660397	5.63612467721901
ROD_18341_1-113	0.5258251531405821	0.49515433673725806	0.04384348923148307	0.036511222502608076	0.29827784799590407	0.44068517032103305	0.024467272549549834	0.56635731148448	4.29812809737689	0.7446028908893771	0.07092001869996412	1.0183744391240999	0.44919325763600015	0.4150218558294111	0.025743200589220194	0.13160369450789	0.4067318626654599	0.33232055281993	0.0	3.4246181457859697	5.96844523003894
BN373_30561_1-110	3.950443298926552	3.9197724825232276	3.468461635017453	3.461129368288578	3.722895993781874	3.8653033161070027	3.40015087323642	2.8582608343014897	0.8735099515909202	4.169221036675347	3.495538164485934	2.40624370666187	3.87381140342197	3.839640001615381	3.45036134637519	3.2930144512780797	3.01788628312051	3.0922975929660397	3.4246181457859697	0.0	2.54382708425297
b1797_1-119	6.494270383179522	6.463599566776198	6.012288719270423	6.004956452541548	6.266723078034844	6.409130400359973	5.94397795748939	5.40208791855446	1.67031713266205	6.713048120928317	6.039365248738904	4.95007079091484	6.41763848767494	6.383467085868351	5.99418843062816	5.83684153553105	5.56171336737348	5.63612467721901	5.96844523003894	2.54382708425297	0.0
