SEN4044_1-104	0.0	0.5184579670983441	0.32663757125977705	0.15319536785483845	0.14932862107072872	0.18716007624008874	0.038463170287533675	0.2529115493428585	0.3431462063675026	0.037681179572823784	0.394203199808403	0.15439288335074716	0.07589186948436039	-1
ERS227112_01952_1-104	0.5184579670983441	0.0	0.2848694665032605	0.5922279759662801	0.5903659748591439	0.407580731671973	0.5369796003104457	0.3554417385543976	0.6836972888950424	0.536603038911974	0.7082833773104201	0.5928046300126111	0.5550030922105502	-1
Ecoli9000q_37220_1-104	0.32663757125977705	0.2848694665032605	0.0	0.42979357623026293	0.4271898542243914	0.17159282036063697	0.3525372250216395	0.09868446213037951	0.5576993341923924	0.3520106618547301	0.5920791952999307	0.4305999381730421	0.37774030481740195	-1
SL1344_4210_1-104	0.15319536785483845	0.5922279759662801	0.42979357623026293	0.0	0.00454552354750285	0.3116833873675872	0.11932168797071849	0.36736203936138057	0.22431483166485824	0.12003733672249867	0.2846085422832812	0.001414157942045141	0.08365200545021045	-1
ETEC_4378_1-104	0.14932862107072872	0.5903659748591439	0.4271898542243914	0.00454552354750285	0.0	0.30854034120639257	0.11530026449049047	0.36447323749735655	0.22784072686297432	0.11601918109462342	0.2878603710000149	0.005953253401322536	0.0794677042235216	-1
CS17_04550_1-104	0.18716007624008874	0.407580731671973	0.17159282036063697	0.3116833873675872	0.30854034120639257	0.0	0.2184244766441721	0.08089104777066873	0.4660830124623523	0.21778884337124635	0.5075841751182641	0.3126567757719829	0.24884801764575337	-1
STM_MW42251_1-104	0.038463170287533675	0.5369796003104457	0.3525372250216395	0.11932168797071849	0.11530026449049047	0.2184244766441721	0.0	0.28164693964033377	0.3168708952844583	0.0008126108500743702	0.36997025857787297	0.1205671062000616	0.038925913225829556	-1
t4180_1-104	0.2529115493428585	0.3554417385543976	0.09868446213037951	0.36736203936138057	0.36447323749735655	0.08089104777066873	0.28164693964033377	0.0	0.5092721170068317	0.2810627234088529	0.5474162071318058	0.36825668935785694	0.30960948853340325	-1
STMMW_42251_1-104	0.3431462063675026	0.6836972888950424	0.5576993341923924	0.22431483166485824	0.22784072686297432	0.4660830124623523	0.3168708952844583	0.5092721170068317	0.0	0.3174260134069517	0.07772961644713632	0.22321633687840392	0.2892024515940769	-1
ROD_34561_1-104	0.037681179572823784	0.536603038911974	0.3520106618547301	0.12003733672249867	0.11601918109462342	0.21778884337124635	0.0008126108500743702	0.2810627234088529	0.3174260134069517	0.0	0.37048222758162214	0.12128174291147574	0.03970689245646756	-1
ENC_05040_1-104	0.394203199808403	0.7082833773104201	0.5920791952999307	0.2846085422832812	0.2878603710000149	0.5075841751182641	0.36997025857787297	0.5474162071318058	0.07772961644713632	0.37048222758162214	0.0	0.2835954330752471	0.3444524724032341	-1
NCTC13441_04402_1-104	0.15439288335074716	0.5928046300126111	0.4305999381730421	0.001414157942045141	0.005953253401322536	0.3126567757719829	0.1205671062000616	0.36825668935785694	0.22321633687840392	0.12128174291147574	0.2835954330752471	0.0	0.08494786624438017	-1
BN373_00861_1-103	0.07589186948436039	0.5550030922105502	0.37774030481740195	0.08365200545021045	0.0794677042235216	0.24884801764575337	0.038925913225829556	0.30960948853340325	0.2892024515940769	0.03970689245646756	0.3444524724032341	0.08494786624438017	0.0	-1
b4068_1-104	-1	-1	-1	-1	-1	-1	-1	-1	-1	-1	-1	-1	-1	-1
