STM_MW37431_1-346	0.0	0.6683317683182541	0.5380783953071202	0.14716118292085012	0.32583268586298986	0.27207086564376004
t3764_1-327	0.6683317683182541	0.0	0.13025337301113393	0.521170585397404	0.994164454181244	0.3962609026744941
SL1344_3720_1-345	0.5380783953071202	0.13025337301113393	0.0	0.3909172123862701	0.8639110811701101	0.26600752966336016
STMMW_37431_1-345	0.14716118292085012	0.521170585397404	0.3909172123862701	0.0	0.47299386878384	0.12490968272290992
ENC_02940_1-345	0.32583268586298986	0.994164454181244	0.8639110811701101	0.47299386878384	0.0	0.5979035515067499
SEN3577_1-345	0.27207086564376004	0.3962609026744941	0.26600752966336016	0.12490968272290992	0.5979035515067499	0.0
