b4480_1-279	-1	-1	-1	-1	-1	-1	-1	-1	-1	-1	-1	-1	-1
SEN3704_1-282	-1	0.0	0.43623789645128275	0.40343090808073057	0.23650782339210363	0.49821254077858224	0.41791344658234364	0.32917012507052335	0.44144684805135026	0.37678056192081466	0.2738221556603564	0.18380374580525416	0.11556883308136434
Ecoli9000q_33810_1-280	-1	0.43623789645128275	0.0	0.03280698837055218	0.6727457198433864	0.06197464432729949	0.018324449868939108	0.1070677713807594	0.877684744502633	0.05945733453046809	0.7100600521116391	0.2524341506460286	0.3206690633699184
NCTC13441_04755_1-280	-1	0.40343090808073057	0.03280698837055218	0.0	0.6399387314728342	0.09478163269785167	0.014482538501613074	0.07426078301020722	0.8448777561320808	0.026650346159915905	0.677253063741087	0.2196271622754764	0.2878620749993662
STMMW_38731_1-282	-1	0.23650782339210363	0.6727457198433864	0.6399387314728342	0.0	0.7347203641706859	0.6544212699744473	0.565677948462627	0.20493902465924663	0.6132883853129183	0.03731433226825276	0.4203115691973578	0.352076656473468
ETEC_4047_1-279	-1	0.49821254077858224	0.06197464432729949	0.09478163269785167	0.7347203641706859	0.0	0.0802990941962386	0.1690424157080589	0.9396593888299325	0.12143197885776758	0.7720346964389386	0.3144087949733281	0.3826437076972179
t3449_1-278	-1	0.41791344658234364	0.018324449868939108	0.014482538501613074	0.6544212699744473	0.0802990941962386	0.0	0.0887433215118203	0.8593602946336939	0.04113288466152898	0.6917356022427	0.23410970077708948	0.3023446135009793
SL1344_3858_1-282	-1	0.32917012507052335	0.1070677713807594	0.07426078301020722	0.565677948462627	0.1690424157080589	0.0887433215118203	0.0	0.7706169731218736	0.047610436850291316	0.6029922807308797	0.14536637926526919	0.213601291989159
BN373_48911_1-273	-1	0.44144684805135026	0.877684744502633	0.8448777561320808	0.20493902465924663	0.9396593888299325	0.8593602946336939	0.7706169731218736	0.0	0.8182274099721649	0.16762469239099387	0.6252505938566044	0.5570156811327146
CS17_04217_1-280	-1	0.37678056192081466	0.05945733453046809	0.026650346159915905	0.6132883853129183	0.12143197885776758	0.04113288466152898	0.047610436850291316	0.8182274099721649	0.0	0.650602717581171	0.1929768161155605	0.2612117288394503
ERS227112_01734_1-274	-1	0.2738221556603564	0.7100600521116391	0.677253063741087	0.03731433226825276	0.7720346964389386	0.6917356022427	0.6029922807308797	0.16762469239099387	0.650602717581171	0.0	0.45762590146561055	0.38939098874172073
STM_MW38731_1-283	-1	0.18380374580525416	0.2524341506460286	0.2196271622754764	0.4203115691973578	0.3144087949733281	0.23410970077708948	0.14536637926526919	0.6252505938566044	0.1929768161155605	0.45762590146561055	0.0	0.06823491272388982
ROD_39831_1-277	-1	0.11556883308136434	0.3206690633699184	0.2878620749993662	0.352076656473468	0.3826437076972179	0.3023446135009793	0.213601291989159	0.5570156811327146	0.2612117288394503	0.38939098874172073	0.06823491272388982	0.0
