ENC_43940_1-252	0.0	0.5892824105969501	0.6564327320452901	0.09773726230259006	0.807835236162731	0.5390290559758801	0.3367707885665101	0.852196949459545
CS17_00316_1-245	0.5892824105969501	0.0	0.06715032144833999	0.49154514829436	0.21855282556578093	0.050253354621069946	0.25251162203044	0.26291453886259497
SL1344_2718_1-267	0.6564327320452901	0.06715032144833999	0.0	0.5586954697427	0.15140250411744094	0.11740367606940993	0.31966194347877996	0.19576421741425498
ENC_02860_1-247	0.09773726230259006	0.49154514829436	0.5586954697427	0.0	0.710097973860141	0.4412917936732901	0.23903352626392005	0.754459687156955
ERS227112_02622_1-246	0.807835236162731	0.21855282556578093	0.15140250411744094	0.710097973860141	0.0	0.2688061801868509	0.4710644475962209	0.04436171329681404
ERS227112_02176_1-246	0.5390290559758801	0.050253354621069946	0.11740367606940993	0.4412917936732901	0.2688061801868509	0.0	0.20225826740937003	0.3131678934836649
t4524_1-286	0.3367707885665101	0.25251162203044	0.31966194347877996	0.23903352626392005	0.4710644475962209	0.20225826740937003	0.0	0.515426160893035
t2650_1-244	0.852196949459545	0.26291453886259497	0.19576421741425498	0.754459687156955	0.04436171329681404	0.3131678934836649	0.515426160893035	0.0
