STM_MW20411_1-484	0.0	0.8527750462624769	0.21808412838672475	0.23150328496559192	0.24366561092965777	0.7522586119020908	-1	0.2836112392135215	0.5115346118776604	0.9680628571952145	0.3211806563482802	0.007511959093788045	0.25431017130889433
CS17_02226_1-484	0.8527750462624769	0.0	0.6346909178757522	0.621271761296885	0.6091094353328191	0.10051643436038615	-1	0.5691638070489554	0.34124043438481655	0.11528781093273754	0.5315943899141967	0.8452630871686888	0.5984648749535826
ERS227112_04167_1-484	0.21808412838672475	0.6346909178757522	0.0	0.013419156578867164	0.02558148254293302	0.534174483515366	-1	0.06552711082679674	0.2934504834909356	0.7499787288084897	0.10309652796155544	0.2105721692929367	0.03622604292216958
t0868_1-484	0.23150328496559192	0.621271761296885	0.013419156578867164	0.0	0.012162325964065857	0.5207553269364988	-1	0.05210795424792958	0.28003132691206845	0.7365595722296225	0.08967737138268828	0.22399132587180387	0.022806886343302413
BN373_30271_1-484	0.24366561092965777	0.6091094353328191	0.02558148254293302	0.012162325964065857	0.0	0.508593000972433	-1	0.03994562828386372	0.2678690009480026	0.7243972462655567	0.07751504541862242	0.23615365183586973	0.010644560379236556
NCTC13441_01771_1-484	0.7522586119020908	0.10051643436038615	0.534174483515366	0.5207553269364988	0.508593000972433	0.0	-1	0.46864737268856926	0.2407240000244304	0.2158042452931237	0.43107795555381057	0.7447466528083027	0.49794844059319643
b1982_1-484	-1	-1	-1	-1	-1	-1	-1	-1	-1	-1	-1	-1	-1
SL1344_1986_1-484	0.2836112392135215	0.5691638070489554	0.06552711082679674	0.05210795424792958	0.03994562828386372	0.46864737268856926	-1	0.0	0.22792337266413887	0.684451617981693	0.0375694171347587	0.27609928011973345	0.029301067904627165
ENC_41600_1-484	0.5115346118776604	0.34124043438481655	0.2934504834909356	0.28003132691206845	0.2678690009480026	0.2407240000244304	-1	0.22792337266413887	0.0	0.4565282453175541	0.19035395552938017	0.5040226527838723	0.25722444056876603
ETEC_2095_1-484	0.9680628571952145	0.11528781093273754	0.7499787288084897	0.7365595722296225	0.7243972462655567	0.2158042452931237	-1	0.684451617981693	0.4565282453175541	0.0	0.6468822008469343	0.9605508981014264	0.7137526858863201
ROD_20941_1-484	0.3211806563482802	0.5315943899141967	0.10309652796155544	0.08967737138268828	0.07751504541862242	0.43107795555381057	-1	0.0375694171347587	0.19035395552938017	0.6468822008469343	0.0	0.31366869725449215	0.06687048503938586
STMMW_20411_1-484	0.007511959093788045	0.8452630871686888	0.2105721692929367	0.22399132587180387	0.23615365183586973	0.7447466528083027	-1	0.27609928011973345	0.5040226527838723	0.9605508981014264	0.31366869725449215	0.0	0.24679821221510628
SEN2007_1-484	0.25431017130889433	0.5984648749535826	0.03622604292216958	0.022806886343302413	0.010644560379236556	0.49794844059319643	-1	0.029301067904627165	0.25722444056876603	0.7137526858863201	0.06687048503938586	0.24679821221510628	0.0
