ETEC_0342_1-316	0.0	-1	0.021057081093769265	-1	0.3564725522767853	0.22442060541159206	0.31670057155456055	0.0027744061036935816	0.3893847437744815	0.436364566111702	0.04471591284070289	0.18081473122839103	0.07225530027767081	-1	-1	0.13300446760982884	0.1821880650994576
b0285_1-316	-1	-1	-1	-1	-1	-1	-1	-1	-1	-1	-1	-1	-1	-1	-1	-1	-1
CS17_03224_2-285	0.021057081093769265	-1	0.0	-1	0.3700233619295594	0.20773787765382695	0.30200278765090066	0.01833353967445079	0.40224251874191497	0.4242407570422535	0.024167733674776003	0.1631940402747061	0.05229949386743113	-1	-1	0.11435537696226247	0.164596914583865
b2867_2-285	-1	-1	-1	-1	-1	-1	-1	-1	-1	-1	-1	-1	-1	-1	-1	-1	-1
Ecoli9000q_43680_1-316	0.3564725522767853	-1	0.3700233619295594	-1	0.0	0.5008933716938058	0.5602780627817749	0.3582579587556429	0.05114341527177867	0.6372851277834969	0.38524846953977654	0.47283179477495085	0.4029708212489493	-1	-1	0.44206457785352343	0.4737155728158701
NCTC13441_00875_3-117	0.22442060541159206	-1	0.20773787765382695	-1	0.5008933716938058	0.0	0.11898197242841982	0.2222628467064251	0.5264193892501668	0.2732717787230364	0.18811649328868466	0.053230784104051625	0.16401635620172642	-1	-1	0.10544014863576429	0.05164089506381506
NCTC13441_00875_120-253	0.31670057155456055	-1	0.30200278765090066	-1	0.5602780627817749	0.11898197242841982	0.0	0.31479954723615894	0.5827669444210377	0.1751267300623777	0.28471599429929917	0.16587925284586	0.26348333905874255	-1	-1	0.2118766442063551	0.16447853193957312
ETEC_3061_2-285	0.0027744061036935816	-1	0.01833353967445079	-1	0.3582579587556429	0.2222628467064251	0.31479954723615894	0.0	0.391078838468362	0.4347964619659511	0.042058193245058724	0.17853565553714665	0.06967419869610968	-1	-1	0.13059237779618885	0.1799128101945003
ROD_03861_1-310	0.3893847437744815	-1	0.40224251874191497	-1	0.05114341527177867	0.5264193892501668	0.5827669444210377	0.391078838468362	0.0	0.6558356051185157	0.4166889623510653	0.49979297721285376	0.43350493246718325	-1	-1	0.47059930084319584	0.5006315558264183
CS17_03237_3-117	0.436364566111702	-1	0.4242407570422535	-1	0.6372851277834969	0.2732717787230364	0.1751267300623777	0.4347964619659511	0.6558356051185157	0.0	0.40998134328358204	0.3119560917721519	0.39246709352584586	-1	-1	0.349898110392284	0.310800674537913
CS17_03237_120-253	0.04471591284070289	-1	0.024167733674776003	-1	0.38524846953977654	0.18811649328868466	0.28471599429929917	0.042058193245058724	0.4166889623510653	0.40998134328358204	0.0	0.14246947082767975	0.028828479200214734	-1	-1	0.09242125557818855	0.1439070891126764
CS17_00330_1-316	0.18081473122839103	-1	0.1631940402747061	-1	0.47283179477495085	0.053230784104051625	0.16587925284586	0.17853565553714665	0.49979297721285376	0.3119560917721519	0.14246947082767975	0.0	0.11701433700802785	-1	-1	0.05514476353385212	0.0016764630950040253
NCTC13441_00888_2-285	0.07225530027767081	-1	0.05229949386743113	-1	0.4029708212489493	0.16401635620172642	0.26348333905874255	0.06967419869610968	0.43350493246718325	0.39246709352584586	0.028828479200214734	0.11701433700802785	0.0	-1	-1	0.06548047900498924	0.11849462988545156
b2880_3-117	-1	-1	-1	-1	-1	-1	-1	-1	-1	-1	-1	-1	-1	-1	-1	-1	-1
b2880_120-253	-1	-1	-1	-1	-1	-1	-1	-1	-1	-1	-1	-1	-1	-1	-1	-1	-1
ETEC_3074_3-117	0.13300446760982884	-1	0.11435537696226247	-1	0.44206457785352343	0.10544014863576429	0.2118766442063551	0.13059237779618885	0.47059930084319584	0.349898110392284	0.09242125557818855	0.05514476353385212	0.06548047900498924	-1	-1	0.0	0.05672877846790892
ETEC_3074_120-253	0.1821880650994576	-1	0.164596914583865	-1	0.4737155728158701	0.05164089506381506	0.16447853193957312	0.1799128101945003	0.5006315558264183	0.310800674537913	0.1439070891126764	0.0016764630950040253	0.11849462988545156	-1	-1	0.05672877846790892	0.0
