CS17_02836_4-1090	0.0	0.13032631258971472	-1	0.030527313886514085	0.36374368323393125	0.21533146446462814	0.17861030648077836
ETEC_2706_4-1090	0.13032631258971472	0.0	-1	0.09979899870320064	0.23341737064421653	0.08500515187491342	0.04828399389106364
b2549_4-1090	-1	-1	-1	-1	-1	-1	-1
ROD_24911_1-1084	0.030527313886514085	0.09979899870320064	-1	0.0	0.33321636934741716	0.18480415057811406	0.14808299259426427
BN373_35301_1-1065	0.36374368323393125	0.23341737064421653	-1	0.33321636934741716	0.0	0.1484122187693031	0.1851333767531529
NCTC13441_01192_4-1090	0.21533146446462814	0.08500515187491342	-1	0.18480415057811406	0.1484122187693031	0.0	0.036721157983849784
ERS227112_00042_5-1091	0.17861030648077836	0.04828399389106364	-1	0.14808299259426427	0.1851333767531529	0.036721157983849784	0.0
