STMMW_35681_1-221	0.0	0.13289729950877205	0.8322698814499281	0.05853223452367806	0.11794878713786805	0.416976638837838	0.08816780854855799	0.968664009114762	0.2763996234552579	0.290690495746208	0.03714175069081105	0.0038679333142259686	0.247920394120284
ROD_43461_1-221	0.13289729950877205	0.0	0.9651671809587001	0.1914295340324501	0.014948512370903999	0.54987393834661	0.22106510805733004	0.83576670960599	0.40929692296403	0.42358779525498	0.095755548817961	0.13676523282299802	0.11502309461151194
ENC_26660_1-221	0.8322698814499281	0.9651671809587001	0.0	0.77373764692625	0.9502186685877961	0.4152932426120901	0.7441020729013701	1.80093389056469	0.5558702579946702	0.5415793857037201	0.8694116321407391	0.8284019481357021	1.080190275570212
ETEC_3717_1-221	0.05853223452367806	0.1914295340324501	0.77373764692625	0.0	0.1764810216615461	0.3584444043141599	0.02963557402487993	1.02719624363844	0.21786738893157986	0.23215826122252992	0.09567398521448911	0.05466430120945209	0.30645262864396206
NCTC13441_00229_1-221	0.11794878713786805	0.014948512370903999	0.9502186685877961	0.1764810216615461	0.0	0.534925425975706	0.20611659568642604	0.850715221976894	0.394348410593126	0.408639282884076	0.080807036447057	0.12181672045209402	0.12997160698241594
CS17_03891_1-221	0.416976638837838	0.54987393834661	0.4152932426120901	0.3584444043141599	0.534925425975706	0.0	0.32880883028928	1.3856406479526	0.14057701538258005	0.12628614309163	0.454118389528649	0.413108705523612	0.664897032958122
ERS227112_00748_1-221	0.08816780854855799	0.22106510805733004	0.7441020729013701	0.02963557402487993	0.20611659568642604	0.32880883028928	0.0	1.05683181766332	0.18823181490669993	0.20252268719765	0.12530955923936904	0.08429987523433202	0.336088202668842
b3471_1-221	0.968664009114762	0.83576670960599	1.80093389056469	1.02719624363844	0.850715221976894	1.3856406479526	1.05683181766332	0.0	1.24506363257002	1.25935450486097	0.931522258423951	0.972531942428988	0.720743614994478
BN373_44721_1-221	0.2763996234552579	0.40929692296403	0.5558702579946702	0.21786738893157986	0.394348410593126	0.14057701538258005	0.18823181490669993	1.24506363257002	0.0	0.014290872290950052	0.313541374146069	0.27253169014103196	0.5243200175755419
t3943_1-221	0.290690495746208	0.42358779525498	0.5415793857037201	0.23215826122252992	0.408639282884076	0.12628614309163	0.20252268719765	1.25935450486097	0.014290872290950052	0.0	0.327832246437019	0.286822562431982	0.538610889866492
SEN3402_1-221	0.03714175069081105	0.095755548817961	0.8694116321407391	0.09567398521448911	0.080807036447057	0.454118389528649	0.12530955923936904	0.931522258423951	0.313541374146069	0.327832246437019	0.0	0.04100968400503702	0.21077864342947294
SL1344_3544_1-221	0.0038679333142259686	0.13676523282299802	0.8284019481357021	0.05466430120945209	0.12181672045209402	0.413108705523612	0.08429987523433202	0.972531942428988	0.27253169014103196	0.286822562431982	0.04100968400503702	0.0	0.25178832743450996
STM_MW35681_1-221	0.247920394120284	0.11502309461151194	1.080190275570212	0.30645262864396206	0.12997160698241594	0.664897032958122	0.336088202668842	0.720743614994478	0.5243200175755419	0.538610889866492	0.21077864342947294	0.25178832743450996	0.0
