SEN0585_1-136	0.0	0.08228685014809771	0.5970096470602811	0.17272615897629753	0.161961651001989	0.3855475413860098	-1	0.18659097915591985	0.2701656616980168	0.3295100456169325	0.059018751447399015	0.5134638228440932	0.041712659405764616	0.4830503674284009
NCTC13441_03385_1-136	0.08228685014809771	0.0	0.5608754729026688	0.24079991756405614	0.23092118704434755	0.4361088987711094	-1	0.11365657016536639	0.20472498577604384	0.3846825520190568	0.02472748392860031	0.4698385032028554	0.12056710620006153	0.4366980219744886
CS17_00616_1-136	0.5970096470602811	0.5608754729026688	0.0	0.6666166228280612	0.6622786299602722	0.7523815868384701	-1	0.5045661621486162	0.447833115282973	0.7297990166406316	0.5717339175891223	0.17171554375373058	0.6138194463962645	0.22044561491413098
Ecoli9000q_47150_1-136	0.17272615897629753	0.24079991756405614	0.6666166228280612	0.0	0.012844887095177645	0.25725626975749455	-1	0.32708799500298896	0.39622714364192607	0.1895187287036952	0.22155082817861052	0.5975013479272444	0.13671630002885277	0.5723410918467016
t2251_1-136	0.161961651001989	0.23092118704434755	0.6622786299602722	0.012844887095177645	0.0	0.2667967291131106	-1	0.31833204711173835	0.3883708360873502	0.1999292691262523	0.21142162802489126	0.5922640253684601	0.12548323086649335	0.5667763834045687
BN373_12321_1-136	0.3855475413860098	0.4361088987711094	0.7523815868384701	0.25725626975749455	0.2667967291131106	0.0	-1	0.5001988272835566	0.5515514964494318	0.0835769356464686	0.42181175831719214	0.7010466497419012	0.3588014444258782	0.6823590272867821
b0610_1-136	-1	-1	-1	-1	-1	-1	-1	-1	-1	-1	-1	-1	-1	-1
ROD_06241_1-136	0.18659097915591985	0.11365657016536639	0.5045661621486162	0.32708799500298896	0.31833204711173835	0.5001988272835566	-1	0.0	0.10274619582577403	0.4546174227194771	0.13557361308182275	0.40185544456954164	0.22052043259996545	0.36446533131000086
ETEC_0639_1-136	0.2701656616980168	0.20472498577604384	0.447833115282973	0.39622714364192607	0.3883708360873502	0.5515514964494318	-1	0.10274619582577403	0.0	0.510653407804707	0.2243901359090841	0.33336080309968513	0.30060899287423903	0.29168907868281047
ERS227112_03093_1-136	0.3295100456169325	0.3846825520190568	0.7297990166406316	0.1895187287036952	0.1999292691262523	0.0835769356464686	-1	0.4546174227194771	0.510653407804707	0.0	0.3690815255826447	0.673782380773024	0.30032472935800686	0.6533904644387251
STMMW_06811_1-136	0.059018751447399015	0.02472748392860031	0.5717339175891223	0.22155082817861052	0.21142162802489126	0.42181175831719214	-1	0.13557361308182275	0.2243901359090841	0.3690815255826447	0.0	0.48294806309446947	0.0982695817754848	0.45062706258306323
SL1344_0604_1-136	0.5134638228440932	0.4698385032028554	0.17171554375373058	0.5975013479272444	0.5922640253684601	0.7010466497419012	-1	0.40185544456954164	0.33336080309968513	0.673782380773024	0.48294806309446947	0.0	0.5337585406903803	0.05883253125531521
STM_MW06811_1-136	0.041712659405764616	0.12056710620006153	0.6138194463962645	0.13671630002885277	0.12548323086649335	0.3588014444258782	-1	0.22052043259996545	0.30060899287423903	0.30032472935800686	0.0982695817754848	0.5337585406903803	0.0	0.5046137113817952
ENC_21060_1-136	0.4830503674284009	0.4366980219744886	0.22044561491413098	0.5723410918467016	0.5667763834045687	0.6823590272867821	-1	0.36446533131000086	0.29168907868281047	0.6533904644387251	0.45062706258306323	0.05883253125531521	0.5046137113817952	0.0
