ROD_07171_1-348	0.0	0.0022710598919624125	0.33544325752144566	0.16151309012882786	0.06572873514028588	-1	0.19940774010449486	0.0956532929929148	0.016030164552694792	0.2533302732196294	0.0919008655139506	0.2698479054981388	0.21534942340293323
SEN0679_1-320	0.0022710598919624125	0.0	0.33771431741340807	0.16378415002079028	0.06345767524832346	-1	0.19713668021253244	0.0933822331009524	0.01375910466073238	0.25560133311159183	0.08962980562198819	0.2675768456061764	0.21307836351097081
ETEC_0727_16-294	0.33544325752144566	0.33771431741340807	0.0	0.1739301673926178	0.40117199266173154	-1	0.5348509976259406	0.43109655051436047	0.35147342207414045	0.08211298430181624	0.42734412303539626	0.6052911630195845	0.5507926809243788
SL1344_0711_1-320	0.16151309012882786	0.16378415002079028	0.1739301673926178	0.0	0.22724182526911374	-1	0.3609208302333227	0.25716638312174267	0.17754325468152266	0.09181718309080156	0.25341395564277847	0.43136099562696667	0.3768625135317611
BN373_19331_5-350	0.06572873514028588	0.06345767524832346	0.40117199266173154	0.22724182526911374	0.0	-1	0.13367900496420898	0.02992455785262893	0.049698570587591084	0.3190590083599153	0.026172130373664726	0.20411917035785293	0.14962068826264735
b0715_1-348	-1	-1	-1	-1	-1	-1	-1	-1	-1	-1	-1	-1	-1
STM_MW07861_1-320	0.19940774010449486	0.19713668021253244	0.5348509976259406	0.3609208302333227	0.13367900496420898	-1	0.0	0.10375444711158005	0.18337757555180006	0.4527380133241243	0.10750687459054425	0.07044016539364395	0.01594168329843837
t2147_1-348	0.0956532929929148	0.0933822331009524	0.43109655051436047	0.25716638312174267	0.02992455785262893	-1	0.10375444711158005	0.0	0.07962312844022001	0.3489835662125442	0.0037524274789642043	0.174194612505224	0.11969613041001842
NCTC13441_03286_1-348	0.016030164552694792	0.01375910466073238	0.35147342207414045	0.17754325468152266	0.049698570587591084	-1	0.18337757555180006	0.07962312844022001	0.0	0.2693604377723242	0.07587070096125581	0.253817740945444	0.19931925885023843
CS17_00713_1-348	0.2533302732196294	0.25560133311159183	0.08211298430181624	0.09181718309080156	0.3190590083599153	-1	0.4527380133241243	0.3489835662125442	0.2693604377723242	0.0	0.34523113873358	0.5231781787177683	0.46867969662256265
STMMW_07861_1-320	0.0919008655139506	0.08962980562198819	0.42734412303539626	0.25341395564277847	0.026172130373664726	-1	0.10750687459054425	0.0037524274789642043	0.07587070096125581	0.34523113873358	0.0	0.1779470399841882	0.12344855788898262
ERS227112_05353_5-351	0.2698479054981388	0.2675768456061764	0.6052911630195845	0.43136099562696667	0.20411917035785293	-1	0.07044016539364395	0.174194612505224	0.253817740945444	0.5231781787177683	0.1779470399841882	0.0	0.05449848209520558
Ecoli9000q_48090_16-363	0.21534942340293323	0.21307836351097081	0.5507926809243788	0.3768625135317611	0.14962068826264735	-1	0.01594168329843837	0.11969613041001842	0.19931925885023843	0.46867969662256265	0.12344855788898262	0.05449848209520558	0.0
