BN373_25591_1-373	0.0	0.023585627240124585	0.07812119910213289	0.10189726474935373	-1	0.008324017011289597	0.07220061823069301	0.22496002342137666	0.4047917398455131	0.04681369327853502	0.012738394575202094	0.20150558124277318	0.47319039723746636
ENC_13110_1-373	0.023585627240124585	0.0	0.0545355718620083	0.12548289198947832	-1	0.03190964425141418	0.04861499099056843	0.24854565066150125	0.4283773670856377	0.0703993205186596	0.01084723266492249	0.22509120848289776	0.4496047699973418
CS17_01819_1-370	0.07812119910213289	0.0545355718620083	0.0	0.18001846385148662	-1	0.08644521611342249	0.005920580871439873	0.30308122252350955	0.482912938947646	0.1249348923806679	0.0653828045269308	0.27962678034490607	0.3950691981353335
SEN1601_1-373	0.10189726474935373	0.12548289198947832	0.18001846385148662	0.0	-1	0.09357324773806414	0.17409788298004675	0.12306275867202293	0.3028944750961594	0.055083571470818715	0.11463565932455583	0.09960831649341945	0.5750876619868202
b1640_1-369	-1	-1	-1	-1	-1	-1	-1	-1	-1	-1	-1	-1	-1
ETEC_1675_1-369	0.008324017011289597	0.03190964425141418	0.08644521611342249	0.09357324773806414	-1	0.0	0.08052463524198261	0.21663600641008707	0.3964677228342235	0.03848967626724542	0.02106241158649169	0.19318156423148358	0.48151441424875596
SL1344_1378_1-373	0.07220061823069301	0.04861499099056843	0.005920580871439873	0.17409788298004675	-1	0.08052463524198261	0.0	0.2971606416520697	0.4769923580762061	0.11901431150922803	0.05946222365549092	0.2737061994734662	0.40098977900677335
STMMW_14491_1-373	0.22496002342137666	0.24854565066150125	0.30308122252350955	0.12306275867202293	-1	0.21663600641008707	0.2971606416520697	0.0	0.17983171642413645	0.17814633014284165	0.23769841799657876	0.023454442178603485	0.698150420658843
STM_MW14491_1-373	0.4047917398455131	0.4283773670856377	0.482912938947646	0.3028944750961594	-1	0.3964677228342235	0.4769923580762061	0.17983171642413645	0.0	0.35797804656697807	0.4175301344207152	0.20328615860273994	0.8779821370829795
NCTC13441_02241_1-370	0.04681369327853502	0.0703993205186596	0.1249348923806679	0.055083571470818715	-1	0.03848967626724542	0.11901431150922803	0.17814633014284165	0.35797804656697807	0.0	0.05955208785373711	0.15469188796423816	0.5200040905160014
ERS227112_04696_1-373	0.012738394575202094	0.01084723266492249	0.0653828045269308	0.11463565932455583	-1	0.02106241158649169	0.05946222365549092	0.23769841799657876	0.4175301344207152	0.05955208785373711	0.0	0.21424397581797527	0.46045200266226427
t1314_1-373	0.20150558124277318	0.22509120848289776	0.27962678034490607	0.09960831649341945	-1	0.19318156423148358	0.2737061994734662	0.023454442178603485	0.20328615860273994	0.15469188796423816	0.21424397581797527	0.0	0.6746959784802395
ROD_14271_1-373	0.47319039723746636	0.4496047699973418	0.3950691981353335	0.5750876619868202	-1	0.48151441424875596	0.40098977900677335	0.698150420658843	0.8779821370829795	0.5200040905160014	0.46045200266226427	0.6746959784802395	0.0
