SL1344_3515_1-323	0.0	0.38624723369980996	0.2535158318300501	0.30215871328267996	0.5033540686705902	0.5621313667859698
STMMW_35381_1-323	0.38624723369980996	0.0	0.6397630655298601	0.08408852041713	0.8896013023704001	0.9483786004857797
SEN3372_1-323	0.2535158318300501	0.6397630655298601	0.0	0.5556745451127301	0.24983823684054007	0.30861553495591965
NCTC13441_01748_1-322	0.30215871328267996	0.08408852041713	0.5556745451127301	0.0	0.8055127819532701	0.8642900800686497
t3972_1-323	0.5033540686705902	0.8896013023704001	0.24983823684054007	0.8055127819532701	0.0	0.05877729811537957
STM_MW35381_1-324	0.5621313667859698	0.9483786004857797	0.30861553495591965	0.8642900800686497	0.05877729811537957	0.0
