NCTC13441_03519_13-184	0.0	0.7605923010936029	0.10667617999544632	0.44979770183590584	0.49970798806988004	1.5278065378699597	0.15808170693335288	1.1441239114407504	0.13475953620273806	1.2756845881217749	0.03852763161070283	0.5124361471292489	0.5197155207231776	-1
t2388_17-183	0.7605923010936029	0.0	0.6539161210981566	0.31079459925769704	0.26088431302372284	0.7672142367763568	0.9186740080269558	0.38353161034714756	0.8953518372963409	0.515092287028172	0.7220646694829	0.24815615396435398	0.24087678037042526	-1
ROD_05141_27-184	0.10667617999544632	0.6539161210981566	0.0	0.3431215218404595	0.3930318080744337	1.4211303578745134	0.2647578869287992	1.037447731445304	0.24143571619818438	1.1690084081263286	0.06814854838474349	0.4057599671338026	0.4130393407277313	-1
BN373_09281_23-183	0.44979770183590584	0.31079459925769704	0.3431215218404595	0.0	0.0499102862339742	1.0780088360340538	0.6078794087692587	0.6943262096048446	0.5845572380386439	0.825886886285869	0.411270070225203	0.06263844529334306	0.06991781888727178	-1
SEN0453_17-183	0.49970798806988004	0.26088431302372284	0.3930318080744337	0.0499102862339742	0.0	1.0280985498000796	0.6577896950032329	0.6444159233708704	0.6344675242726181	0.7759766000518948	0.4611803564591772	0.01272815905936886	0.020007532653297577	-1
CS17_00491_7-184	1.5278065378699597	0.7672142367763568	1.4211303578745134	1.0780088360340538	1.0280985498000796	0.0	1.6858882448033126	0.38368262642920925	1.6625660740726977	0.2521219497481848	1.4892789062592569	1.0153703907407108	1.008091017146782	-1
ERS227112_02793_23-183	0.15808170693335288	0.9186740080269558	0.2647578869287992	0.6078794087692587	0.6577896950032329	1.6858882448033126	0.0	1.3022056183741033	0.023322170730614822	1.4337662950551278	0.1966093385440557	0.6705178540626018	0.6777972276565305	-1
Ecoli9000q_45740_7-184	1.1441239114407504	0.38353161034714756	1.037447731445304	0.6943262096048446	0.6444159233708704	0.38368262642920925	1.3022056183741033	0.0	1.2788834476434885	0.13156067668102445	1.1055962798300476	0.6316877643115015	0.6244083907175728	-1
STM_MW05421_17-184	0.13475953620273806	0.8953518372963409	0.24143571619818438	0.5845572380386439	0.6344675242726181	1.6625660740726977	0.023322170730614822	1.2788834476434885	0.0	1.410444124324513	0.1732871678134409	0.647195683331987	0.6544750569259157	-1
ETEC_0511_7-183	1.2756845881217749	0.515092287028172	1.1690084081263286	0.825886886285869	0.7759766000518948	0.2521219497481848	1.4337662950551278	0.13156067668102445	1.410444124324513	0.0	1.237156956511072	0.763248440992526	0.7559690673985973	-1
SL1344_0465_17-183	0.03852763161070283	0.7220646694829	0.06814854838474349	0.411270070225203	0.4611803564591772	1.4892789062592569	0.1966093385440557	1.1055962798300476	0.1732871678134409	1.237156956511072	0.0	0.47390851551854607	0.4811878891124748	-1
ENC_22700_25-183	0.5124361471292489	0.24815615396435398	0.4057599671338026	0.06263844529334306	0.01272815905936886	1.0153703907407108	0.6705178540626018	0.6316877643115015	0.647195683331987	0.763248440992526	0.47390851551854607	0.0	0.007279373593928717	-1
STMMW_05421_17-183	0.5197155207231776	0.24087678037042526	0.4130393407277313	0.06991781888727178	0.020007532653297577	1.008091017146782	0.6777972276565305	0.6244083907175728	0.6544750569259157	0.7559690673985973	0.4811878891124748	0.007279373593928717	0.0	-1
b0459_7-183	-1	-1	-1	-1	-1	-1	-1	-1	-1	-1	-1	-1	-1	-1
