t2570_1-148	0.0	0.0396819247023501	0.06066304755495899	0.29345035354460003	0.03011253906196698	0.089434762149465	0.11510801599697595
STM_MW02951_1-154	0.0396819247023501	0.0	0.1003449722573091	0.2537684288422499	0.06979446376431708	0.1291166868518151	0.15478994069932606
CS17_00572_1-154	0.06066304755495899	0.1003449722573091	0.0	0.354113401099559	0.030550508492992012	0.028771714594506004	0.05444496844201696
SL1344_0285_1-148	0.29345035354460003	0.2537684288422499	0.354113401099559	0.0	0.323562892606567	0.382885115694065	0.408558369541576
ETEC_0596_1-153	0.03011253906196698	0.06979446376431708	0.030550508492992012	0.323562892606567	0.0	0.059322223087498016	0.08499547693500897
STMMW_02951_1-148	0.089434762149465	0.1291166868518151	0.028771714594506004	0.382885115694065	0.059322223087498016	0.0	0.025673253847510957
ENC_07430_1-146	0.11510801599697595	0.15478994069932606	0.05444496844201696	0.408558369541576	0.08499547693500897	0.025673253847510957	0.0
