CS17_04669_1-249	0.0	0.1648990707744485	0.06514702833697454	0.0952228768629832	0.20287902156065665	0.2288062409382687	-1	0.047102341172875206	0.23154650623303635	0.290421719079398	0.03263439868100273	0.1446559587951467	0.6541058255330814	0.13914795575864689
STMMW_43241_1-249	0.1648990707744485	0.0	0.10670345547495386	0.07700923479352131	0.33432353020012356	0.3559753751946021	-1	0.20423427965661553	0.3582637732885871	0.40743051824493587	0.19215208743767098	0.023666631208170866	0.7111434534889712	0.2811016579283304
ENC_42880_1-240	0.06514702833697454	0.10670345547495386	0.0	0.032171741907720784	0.2548090845310414	0.2790472226131612	-1	0.1091807919547226	0.28160896776711986	0.33664863545383417	0.09565539292234586	0.08504966328205858	0.6766398031186721	0.19522990827878076
SL1344_4313_1-249	0.0952228768629832	0.07700923479352131	0.032171741907720784	0.0	0.27878317433548694	0.3022415292949051	-1	0.1378399976023955	0.3047208586449372	0.3579898043481478	0.1247497342168873	0.05463564525235847	0.687042863915968	0.2211207639646886
STM_MW43241_1-250	0.20287902156065665	0.33432353020012356	0.2548090845310414	0.27878317433548694	0.0	0.032526078322984424	-1	0.16347682140338066	0.035963781468287076	0.10982360254793234	0.1759878815698288	0.31818732097252533	0.5660706670345906	0.07403254279099067
ERS227112_02061_1-238	0.2288062409382687	0.3559753751946021	0.2790472226131612	0.3022415292949051	0.032526078322984424	0.0	-1	0.1906856398294062	0.003553277321773956	0.07989623543646601	0.20278976427297687	0.3403640135721768	0.5514821399906699	0.10415063282870564
b4190_1-249	-1	-1	-1	-1	-1	-1	-1	-1	-1	-1	-1	-1	-1	-1
ETEC_4536_1-249	0.047102341172875206	0.20423427965661553	0.1091807919547226	0.1378399976023955	0.16347682140338066	0.1906856398294062	-1	0.0	0.19356135819158637	0.2553468104917088	0.014956023319565555	0.18494466564416354	0.6370080551014651	0.09659548822804973
ROD_32441_1-249	0.23154650623303635	0.3582637732885871	0.28160896776711986	0.3047208586449372	0.035963781468287076	0.003553277321773956	-1	0.19356135819158637	0.0	0.07661519314299038	0.20562247332427178	0.3427078831633768	0.5498827485690209	0.10733383406880094
Ecoli9000q_38480_1-249	0.290421719079398	0.40743051824493587	0.33664863545383417	0.3579898043481478	0.10982360254793234	0.07989623543646601	-1	0.2553468104917088	0.07661519314299038	0.0	0.2664838609589837	0.39306644564617965	0.5125355668747951	0.17572562478383247
SEN4146_1-249	0.03263439868100273	0.19215208743767098	0.09565539292234586	0.1247497342168873	0.1759878815698288	0.20278976427297687	-1	0.014956023319565555	0.20562247332427178	0.2664838609589837	0.0	0.17256959724524593	0.6424369710941821	0.11010682717311175
BN373_01931_1-238	0.1446559587951467	0.023666631208170866	0.08504966328205858	0.05463564525235847	0.31818732097252533	0.3403640135721768	-1	0.18494466564416354	0.3427078831633768	0.39306644564617965	0.17256959724524593	0.0	0.7041414789822492	0.26367533359914186
t4431_1-249	0.6541058255330814	0.7111434534889712	0.6766398031186721	0.687042863915968	0.5660706670345906	0.5514821399906699	-1	0.6370080551014651	0.5498827485690209	0.5125355668747951	0.6424369710941821	0.7041414789822492	0.0	0.5981955589456185
NCTC13441_04263_1-249	0.13914795575864689	0.2811016579283304	0.19522990827878076	0.2211207639646886	0.07403254279099067	0.10415063282870564	-1	0.09659548822804973	0.10733383406880094	0.17572562478383247	0.11010682717311175	0.26367533359914186	0.5981955589456185	0.0
