ROD_16141_1-206	0.0	0.5335887935708474	1.003718800012289	0.11542451685954691	1.1709290199293099	1.1211177988108127	0.21145348488335958	1.1976227174871825
BN373_24541_1-308	0.5335887935708474	0.0	0.47013000644144154	0.6490133104303943	0.6373402263584624	0.5875290052399653	0.32213530868748785	0.6640339239163352
BN373_25291_1-246	1.003718800012289	0.47013000644144154	0.0	1.1191433168718359	0.1672102199170209	0.11739899879852383	0.7922653151289294	0.19390391747489366
ERS227112_04803_1-309	0.11542451685954691	0.6490133104303943	1.1191433168718359	0.0	1.2863535367888568	1.2365423156703597	0.3268780017429065	1.3130472343467297
BN373_25301_1-206	1.1709290199293099	0.6373402263584624	0.1672102199170209	1.2863535367888568	0.0	0.04981122111849706	0.9594755350459503	0.026693697557872764
ERS227112_04725_1-207	1.1211177988108127	0.5875290052399653	0.11739899879852383	1.2365423156703597	0.04981122111849706	0.0	0.9096643139274532	0.07650491867636983
ROD_16131_1-246	0.21145348488335958	0.32213530868748785	0.7922653151289294	0.3268780017429065	0.9594755350459503	0.9096643139274532	0.0	0.986169232603823
ERS227112_04726_1-247	1.1976227174871825	0.6640339239163352	0.19390391747489366	1.3130472343467297	0.026693697557872764	0.07650491867636983	0.986169232603823	0.0
