Ecoli9000q_36180_1-631	0.0	0.5773624004328588	0.600914484388515	0.6775384362129763	0.476853724708005	0.5179272867427327	0.6386275357260306	0.6361533459137461	0.40761578749051236	0.4899271305191943	-1	0.23840452310837618	0.3990003785464578	0.554784506933119
CS17_04458_1-631	0.5773624004328588	0.0	0.05572642845733066	0.23702584881874247	0.1921234661734995	0.12329076518049571	0.14495902720420195	0.1391048632234803	0.28654817153761986	0.17141721339279117	-1	0.4450628812921862	0.29677559772005385	0.05071228169579483
ENC_01290_1-631	0.600914484388515	0.05572642845733066	0.0	0.19199882939138188	0.23714354003813826	0.17214663963254592	0.09449867224504767	0.08829902401052425	0.32630629381418047	0.21759117277163348	-1	0.4759875449361744	0.33596378206315636	0.10361269581529678
SL1344_4103_1-631	0.6775384362129763	0.23702584881874247	0.19199882939138188	0.0	0.3836110873444693	0.3310935157308189	0.10767533316386235	0.11374322076195155	0.4556546967701994	0.3678127517049638	-1	0.5765973228949329	0.4634579585805109	0.2757180089000563
NCTC13441_04501_1-631	0.476853724708005	0.1921234661734995	0.23714354003813826	0.3836110873444693	0.0	0.0785125766436976	0.30923246261809156	0.3045030209128942	0.11688011894203504	0.024989962518403328	-1	0.3130916724621784	0.12953975906549778	0.14896556834246177
ROD_37581_1-631	0.5179272867427327	0.12329076518049571	0.17214663963254592	0.3310935157308189	0.0785125766436976	0.0	0.2503776830008713	0.24524528337682494	0.1862161362891716	0.054894423716437386	-1	0.36702261517518575	0.19788183544715934	0.0764557278949675
STMMW_41171_1-631	0.6386275357260306	0.14495902720420195	0.09449867224504767	0.10767533316386235	0.30923246261809156	0.2503776830008713	0.0	0.006800089500611643	0.38996945454858567	0.291527768097519	-1	0.5255060261795735	0.3987143229808112	0.18832010587806888
BN373_49911_1-631	0.6361533459137461	0.1391048632234803	0.08829902401052425	0.11374322076195155	0.3045030209128942	0.24524528337682494	0.006800089500611643	0.0	0.3857927905524212	0.2866771085931171	-1	0.5222573332876689	0.39459753201461945	0.182762819910231
SEN3950_1-631	0.40761578749051236	0.28654817153761986	0.32630629381418047	0.4556546967701994	0.11688011894203504	0.1862161362891716	0.38996945454858567	0.3857927905524212	0.0	0.13894925166893038	-1	0.222179975480888	0.01433513206417307	0.24843457393836202
ERS227112_01846_1-631	0.4899271305191943	0.17141721339279117	0.21759117277163348	0.3678127517049638	0.024989962518403328	0.054894423716437386	0.291527768097519	0.2866771085931171	0.13894925166893038	0.0	-1	0.3302574858209277	0.15129252786021133	0.1271531584887899
b3994_1-631	-1	-1	-1	-1	-1	-1	-1	-1	-1	-1	-1	-1	-1	-1
t3467_1-631	0.23840452310837618	0.4450628812921862	0.4759875449361744	0.5765973228949329	0.3130916724621784	0.36702261517518575	0.5255060261795735	0.5222573332876689	0.222179975480888	0.3302574858209277	-1	0.0	0.21086765915881964	0.41541736187301986
ETEC_4254_1-631	0.3990003785464578	0.29677559772005385	0.33596378206315636	0.4634579585805109	0.12953975906549778	0.19788183544715934	0.3987143229808112	0.39459753201461945	0.01433513206417307	0.15129252786021133	-1	0.21086765915881964	0.0	0.2592083635758221
STM_MW41171_1-631	0.554784506933119	0.05071228169579483	0.10361269581529678	0.2757180089000563	0.14896556834246177	0.0764557278949675	0.18832010587806888	0.182762819910231	0.24843457393836202	0.1271531584887899	-1	0.41541736187301986	0.2592083635758221	0.0
