t0089_1-620	0.0	0.31386662718133296	1.1492484654533899	0.2458503758825239	0.3791513028431599	0.393281749929985	1.10303875386188	0.49510613857753993	2.1485112028822897	0.04775448344107308	1.38311436927627	0.67572685884258	1.2364628740544399	0.047432810504493994	0.785974888048	0.13844618199269698	0.298959734395443	1.81617676727742	0.7932559442115898	0.10717679711715905	1.9239690290608598	0.99220981491341	0.59222917323585	0.15169634315760805	1.67587840107274	-1	0.6241365497828999	-1	0.09588907116994694	0.88704654607177	1.9282011649450401	0.56196674380033	0.39806073249832497	0.1308907248570439	0.71659661870983	0.68091447327203	-1	0.10654639400519594
SL1344_0485_1-558	0.31386662718133296	0.0	0.8353818382720569	0.06801625129880906	0.06528467566182694	0.07941512274865203	0.789172126680547	0.18123951139620698	1.834644575700957	0.36162111062240604	1.069247742094937	0.36186023166124703	0.9225962468731069	0.26643381667683896	0.472108260866667	0.17542044518863598	0.01490689278588997	1.5023101400960872	0.4793893170302569	0.421043424298492	1.610102401879527	0.678343187732077	0.27836254605451705	0.465562970338941	1.3620117738914073	-1	0.31026992260156694	-1	0.21797755601138602	0.5731799188904371	1.6143345377637073	0.248100116618997	0.08419410531699201	0.18297590232428906	0.4027299915284971	0.36704784609069707	-1	0.20732023317613701
NCTC13441_00344_1-602	1.1492484654533899	0.8353818382720569	0.0	0.903398089570866	0.77009716261023	0.7559667155234049	0.04620971159150988	0.6541423268758499	0.9992627374289	1.197002948894463	0.23386590382288008	0.4735216066108099	0.08721440860105001	1.1018156549488958	0.3632735774053899	1.010802283460693	0.8502887310579469	0.6669283018240302	0.35599252124180003	1.256425262570549	0.7747205636074699	0.1570386505399799	0.5570192922175399	1.300944808610998	0.5266299356193502	-1	0.52511191567049	-1	1.053359394283443	0.26220191938161985	0.7789526994916502	0.5872817216530599	0.7511877329550649	1.018357740596346	0.43265184674355983	0.46833399218135985	-1	1.0427020714481938
ETEC_0047_1-620	0.2458503758825239	0.06801625129880906	0.903398089570866	0.0	0.133300926960636	0.1474313740474611	0.8571883779793561	0.24925576269501604	1.902660826999766	0.293604859323597	1.137263993393746	0.4298764829600561	0.990612498171916	0.1984175653780299	0.5401245121654761	0.10740419388982692	0.05310935851291909	1.5703263913948962	0.547405568329066	0.35302717299968295	1.6781186531783359	0.7463594390308861	0.3463787973533261	0.39754671904013195	1.4300280251902162	-1	0.378286173900376	-1	0.14996130471257696	0.6411961701892461	1.6823507890625162	0.31611636791780606	0.15221035661580107	0.11495965102548	0.47074624282730615	0.43506409738950613	-1	0.13930398187732795
NCTC13441_03500_1-558	0.3791513028431599	0.06528467566182694	0.77009716261023	0.133300926960636	0.0	0.014130447086825093	0.7238874510187201	0.11595483573438004	1.76935990003913	0.426905786284233	1.00396306643311	0.2965755559994201	0.85731157121128	0.3317184923386659	0.4068235852048401	0.24070512085046292	0.08019156844771691	1.4370254644342602	0.41410464136842995	0.48632809996031895	1.5448177262176999	0.6130585120702501	0.2130778703926901	0.530847646000768	1.2967270982295802	-1	0.24498524693974	-1	0.28326223167321296	0.5078952432286101	1.5490498621018802	0.18281544095717006	0.018909429655165066	0.248260577986116	0.33744531586667015	0.30176317042887013	-1	0.27260490883796396
ROD_05361_1-558	0.393281749929985	0.07941512274865203	0.7559667155234049	0.1474313740474611	0.014130447086825093	0.0	0.709757003931895	0.10182438864755494	1.755229452952305	0.4410362333710581	0.989832619346285	0.282445108912595	0.8431811241244549	0.345848939425491	0.392693138118015	0.254835567937288	0.094322015534542	1.422895017347435	0.39997419428160486	0.5004585470471441	1.5306872791308748	0.598928064983425	0.198947423305865	0.544978093087593	1.2825966511427551	-1	0.2308547998529149	-1	0.29739267876003805	0.49376479614178503	1.5349194150150551	0.16868499387034497	0.004778982568339973	0.2623910250729411	0.32331486877984505	0.28763272334204504	-1	0.28673535592478905
BN373_05311_1-621	1.10303875386188	0.789172126680547	0.04620971159150988	0.8571883779793561	0.7238874510187201	0.709757003931895	0.0	0.6079326152843401	1.04547244902041	1.150793237302953	0.28007561541438997	0.4273118950193	0.1334241201925599	1.055605943357386	0.31706386581388	0.964592571869183	0.804079019466437	0.7131380134155401	0.30978280965029015	1.210215550979039	0.8209302751989798	0.11082893894847001	0.51080958062603	1.2547350970194882	0.5728396472108601	-1	0.4789022040789801	-1	1.007149682691933	0.21599220779010997	0.8251624110831601	0.54107201006155	0.704978021363555	0.9721480290048361	0.38644213515204995	0.42212428058984997	-1	0.996492359856684
ENC_22490_1-558	0.49510613857753993	0.18123951139620698	0.6541423268758499	0.24925576269501604	0.11595483573438004	0.10182438864755494	0.6079326152843401	0.0	1.65340506430475	0.542860622018613	0.88800823069873	0.18062072026504006	0.7413567354769	0.44767332807304594	0.29086874947046004	0.35665995658484295	0.19614640418209695	1.3210706286998801	0.2981498056340499	0.602282935694699	1.4288628904833198	0.49710367633587005	0.09712303465831007	0.646802481735148	1.1807722624952002	-1	0.12903041120535996	-1	0.399217067407593	0.3919404074942301	1.4330950263675002	0.06686060522279003	0.09704540607921497	0.36421541372049604	0.2214904801322901	0.1858083346944901	-1	0.388559744572344
STMMW_34491_1-601	2.1485112028822897	1.834644575700957	0.9992627374289	1.902660826999766	1.76935990003913	1.755229452952305	1.04547244902041	1.65340506430475	0.0	2.196265686323363	0.76539683360602	1.47278434403971	0.91204832882785	2.101078392377796	1.36253631483429	2.010065020889593	1.849551468486847	0.33233443560486986	1.3552552586707	2.255687999999449	0.22454217382143016	1.15630138796888	1.55628202964644	2.300207546039898	0.4726328018095498	-1	1.52437465309939	-1	2.0526221317123428	1.26146465681052	0.2203100379372498	1.58654445908196	1.750450470383965	2.017620478025246	1.4319145841724599	1.4675967296102599	-1	2.041964808877094
SEN0088_1-620	0.04775448344107308	0.36162111062240604	1.197002948894463	0.293604859323597	0.426905786284233	0.4410362333710581	1.150793237302953	0.542860622018613	2.196265686323363	0.0	1.430868852717343	0.723481342283653	1.284217357495513	0.09518729394556708	0.833729371489073	0.18620066543377006	0.34671421783651607	1.863931250718493	0.8410104276526629	0.05942231367608597	1.9717235125019328	1.039964298354483	0.639983656676923	0.10394185971653497	1.7236328845138131	-1	0.6718910332239729	-1	0.14364355461102002	0.934801029512843	1.9759556483861132	0.609721227241403	0.44581521593939805	0.17864520829811698	0.7643511021509031	0.728668956713103	-1	0.15430087744626902
ETEC_3601_1-601	1.38311436927627	1.069247742094937	0.23386590382288008	1.137263993393746	1.00396306643311	0.989832619346285	0.28007561541438997	0.88800823069873	0.76539683360602	1.430868852717343	0.0	0.70738751043369	0.14665149522183007	1.335681558771776	0.59713948122827	1.244668187283573	1.0841546348808269	0.4330623980011501	0.5898584250646801	1.490291166393429	0.5408546597845898	0.39090455436286	0.79088519604042	1.534810712433878	0.29276403179647015	-1	0.7589778194933701	-1	1.287225298106323	0.49606782320449994	0.5450867956687702	0.82114762547594	0.985053636777945	1.252223644419226	0.6665177505664399	0.7021998960042399	-1	1.2765679752710741
ETEC_0530_1-558	0.67572685884258	0.36186023166124703	0.4735216066108099	0.4298764829600561	0.2965755559994201	0.282445108912595	0.4273118950193	0.18062072026504006	1.47278434403971	0.723481342283653	0.70738751043369	0.0	0.5607360152118599	0.628294048338086	0.11024802920541998	0.537280676849883	0.376767124447137	1.14044990843484	0.11752908536900986	0.7829036559597391	1.2482421702182798	0.31648295607083	0.08349768560672999	0.827423202000188	1.0001515422301601	-1	0.051590309059680095	-1	0.579837787672633	0.21131968722919003	1.2524743061024601	0.11376011504225003	0.277666126344255	0.5448361339855361	0.040869759867250055	0.005187614429450038	-1	0.569180464837384
SEN3285_1-601	1.2364628740544399	0.9225962468731069	0.08721440860105001	0.990612498171916	0.85731157121128	0.8431811241244549	0.1334241201925599	0.7413567354769	0.91204832882785	1.284217357495513	0.14665149522183007	0.5607360152118599	0.0	1.189030063549946	0.4504879860064399	1.098016692061743	0.9375031396589969	0.5797138932229802	0.44320692984285004	1.343639671171599	0.6875061550064199	0.2442530591410299	0.6442337008185899	1.3881592172120478	0.4394155270183002	-1	0.61232632427154	-1	1.140573802884493	0.34941632798266986	0.6917382908906002	0.6744961302541099	0.8384021415561149	1.105572149197396	0.5198662553446098	0.5555484007824099	-1	1.129916480049244
SEN0473_1-558	0.047432810504493994	0.26643381667683896	1.1018156549488958	0.1984175653780299	0.3317184923386659	0.345848939425491	1.055605943357386	0.44767332807304594	2.101078392377796	0.09518729394556708	1.335681558771776	0.628294048338086	1.189030063549946	0.0	0.738542077543506	0.09101337148820299	0.251526923890949	1.768743956772926	0.7458231337070959	0.15460960762165304	1.8765362185563657	0.944777004408916	0.544796362731356	0.19912915366210204	1.628445590568246	-1	0.5767037392784059	-1	0.048456260665452944	0.839613735567276	1.880768354440546	0.514533933295836	0.35062792199383097	0.0834579143525499	0.669163808205336	0.633481662767536	-1	0.05911358350070195
CS17_00510_1-558	0.785974888048	0.472108260866667	0.3632735774053899	0.5401245121654761	0.4068235852048401	0.392693138118015	0.31706386581388	0.29086874947046004	1.36253631483429	0.833729371489073	0.59713948122827	0.11024802920541998	0.4504879860064399	0.738542077543506	0.0	0.647528706055303	0.487015153652557	1.03020187922942	0.007281056163589872	0.8931516851651591	1.1379941410128598	0.20623492686541	0.19374571481214997	0.937671231205608	0.8899035130247401	-1	0.16183833826510008	-1	0.690085816878053	0.10107165802377005	1.1422262768970401	0.22400814424767002	0.387914155549675	0.6550841631909561	0.06937826933816993	0.10506041477596995	-1	0.679428494042804
SL1344_0087_1-620	0.13844618199269698	0.17542044518863598	1.010802283460693	0.10740419388982692	0.24070512085046292	0.254835567937288	0.964592571869183	0.35665995658484295	2.010065020889593	0.18620066543377006	1.244668187283573	0.537280676849883	1.098016692061743	0.09101337148820299	0.647528706055303	0.0	0.160513552402746	1.677730585284723	0.6548097622188929	0.24562297910985603	1.7855228470681628	0.853763632920713	0.453782991243153	0.29014252515030503	1.5374322190800431	-1	0.4856903677902029	-1	0.042557110822750044	0.748600364079073	1.7897549829523431	0.423520561807633	0.259614550505628	0.0075554571356530875	0.5781504367171331	0.542468291279333	-1	0.03189978798750104
NCTC13441_03943_1-621	0.298959734395443	0.01490689278588997	0.8502887310579469	0.05310935851291909	0.08019156844771691	0.094322015534542	0.804079019466437	0.19614640418209695	1.849551468486847	0.34671421783651607	1.0841546348808269	0.376767124447137	0.9375031396589969	0.251526923890949	0.487015153652557	0.160513552402746	0.0	1.5172170328819772	0.49429620981614686	0.40613653151260204	1.6250092946654169	0.693250080517967	0.293269438840407	0.45065607755305104	1.3769186666772972	-1	0.3251768153874569	-1	0.20307066322549605	0.588086811676327	1.6292414305495972	0.26300700940488697	0.09910099810288198	0.1680690095383991	0.41763688431438706	0.38195473887658704	-1	0.19241334039024705
STM_MW34491_1-602	1.81617676727742	1.5023101400960872	0.6669283018240302	1.5703263913948962	1.4370254644342602	1.422895017347435	0.7131380134155401	1.3210706286998801	0.33233443560486986	1.863931250718493	0.4330623980011501	1.14044990843484	0.5797138932229802	1.768743956772926	1.03020187922942	1.677730585284723	1.5172170328819772	0.0	1.0229208230658302	1.9233535643945792	0.1077922617834397	0.8239669523640101	1.22394759404157	1.9678731104350282	0.14029836620467995	-1	1.1920402174945202	-1	1.7202876961074731	0.92913022120565	0.11202439766762007	1.25421002347709	1.418116034779095	1.6852860424203762	1.09958014856759	1.13526229400539	-1	1.709630373272224
ROD_44681_1-601	0.7932559442115898	0.4793893170302569	0.35599252124180003	0.547405568329066	0.41410464136842995	0.39997419428160486	0.30978280965029015	0.2981498056340499	1.3552552586707	0.8410104276526629	0.5898584250646801	0.11752908536900986	0.44320692984285004	0.7458231337070959	0.007281056163589872	0.6548097622188929	0.49429620981614686	1.0229208230658302	0.0	0.900432741328749	1.13071308484927	0.19895387070182013	0.20102677097573984	0.9449522873691979	0.8826224568611503	-1	0.16911939442868995	-1	0.6973668730416429	0.09379060186018018	1.1349452207334503	0.2312892004112599	0.3951952117132649	0.662365219354546	0.0766593255017598	0.11234147093955982	-1	0.6867095502063939
t2368_1-558	0.10717679711715905	0.421043424298492	1.256425262570549	0.35302717299968295	0.48632809996031895	0.5004585470471441	1.210215550979039	0.602282935694699	2.255687999999449	0.05942231367608597	1.490291166393429	0.7829036559597391	1.343639671171599	0.15460960762165304	0.8931516851651591	0.24562297910985603	0.40613653151260204	1.9233535643945792	0.900432741328749	0.0	2.031145826178019	1.099386612030569	0.6994059703530091	0.044519546040449	1.7830551981898992	-1	0.731313346900059	-1	0.203065868287106	0.9942233431889291	2.0353779620621992	0.6691435409174891	0.5052375296154841	0.23806752197420294	0.8237734158269892	0.7880912703891891	-1	0.213723191122355
SL1344_3424_1-601	1.9239690290608598	1.610102401879527	0.7747205636074699	1.6781186531783359	1.5448177262176999	1.5306872791308748	0.8209302751989798	1.4288628904833198	0.22454217382143016	1.9717235125019328	0.5408546597845898	1.2482421702182798	0.6875061550064199	1.8765362185563657	1.1379941410128598	1.7855228470681628	1.6250092946654169	0.1077922617834397	1.13071308484927	2.031145826178019	0.0	0.9317592141474498	1.3317398558250098	2.075665372218468	0.24809062798811965	-1	1.2998324792779599	-1	1.8280799578909128	1.0369224829890897	0.004232135884180366	1.3620022852605298	1.5259082965625348	1.7930783042038159	1.2073724103510297	1.2430545557888297	-1	1.8174226350556637
ERS227112_02380_1-622	0.99220981491341	0.678343187732077	0.1570386505399799	0.7463594390308861	0.6130585120702501	0.598928064983425	0.11082893894847001	0.49710367633587005	1.15630138796888	1.039964298354483	0.39090455436286	0.31648295607083	0.2442530591410299	0.944777004408916	0.20623492686541	0.853763632920713	0.693250080517967	0.8239669523640101	0.19895387070182013	1.099386612030569	0.9317592141474498	0.0	0.39998064167756	1.143906158071018	0.6836685861593301	-1	0.3680732651305101	-1	0.896320743743463	0.10516326884163996	0.9359913500316301	0.43024307111308	0.594149082415085	0.8613190900563661	0.27561319620357994	0.31129534164137995	-1	0.885663420908214
t4048_1-601	0.59222917323585	0.27836254605451705	0.5570192922175399	0.3463787973533261	0.2130778703926901	0.198947423305865	0.51080958062603	0.09712303465831007	1.55628202964644	0.639983656676923	0.79088519604042	0.08349768560672999	0.6442337008185899	0.544796362731356	0.19374571481214997	0.453782991243153	0.293269438840407	1.22394759404157	0.20102677097573984	0.6994059703530091	1.3317398558250098	0.39998064167756	0.0	0.743925516393458	1.08364922783689	-1	0.03190737654704989	-1	0.49634010206590307	0.29481737283592	1.3359719917091901	0.030262429435520044	0.19416844073752504	0.4613384483788061	0.12436744547398004	0.08868530003618003	-1	0.48568277923065406
STM_MW00911_1-621	0.15169634315760805	0.465562970338941	1.300944808610998	0.39754671904013195	0.530847646000768	0.544978093087593	1.2547350970194882	0.646802481735148	2.300207546039898	0.10394185971653497	1.534810712433878	0.827423202000188	1.3881592172120478	0.19912915366210204	0.937671231205608	0.29014252515030503	0.45065607755305104	1.9678731104350282	0.9449522873691979	0.044519546040449	2.075665372218468	1.143906158071018	0.743925516393458	0.0	1.8275747442303483	-1	0.775832892940508	-1	0.247585414327555	1.0387428892293782	2.0798975081026483	0.713663086957938	0.549757075655933	0.28258706801465194	0.8682929618674381	0.8326108164296381	-1	0.258242737162804
CS17_03772_1-602	1.67587840107274	1.3620117738914073	0.5266299356193502	1.4300280251902162	1.2967270982295802	1.2825966511427551	0.5728396472108601	1.1807722624952002	0.4726328018095498	1.7236328845138131	0.29276403179647015	1.0001515422301601	0.4394155270183002	1.628445590568246	0.8899035130247401	1.5374322190800431	1.3769186666772972	0.14029836620467995	0.8826224568611503	1.7830551981898992	0.24809062798811965	0.6836685861593301	1.08364922783689	1.8275747442303483	0.0	-1	1.0517418512898402	-1	1.5799893299027932	0.7888318550009701	0.2523227638723	1.1139116572724101	1.2778176685744151	1.5449876762156962	0.9592817823629101	0.9949639278007101	-1	1.569332007067544
b0478_1-558	-1	-1	-1	-1	-1	-1	-1	-1	-1	-1	-1	-1	-1	-1	-1	-1	-1	-1	-1	-1	-1	-1	-1	-1	-1	-1	-1	-1	-1	-1	-1	-1	-1	-1	-1	-1	-1	-1
CS17_00048_1-621	0.6241365497828999	0.31026992260156694	0.52511191567049	0.378286173900376	0.24498524693974	0.2308547998529149	0.4789022040789801	0.12903041120535996	1.52437465309939	0.6718910332239729	0.7589778194933701	0.051590309059680095	0.61232632427154	0.5767037392784059	0.16183833826510008	0.4856903677902029	0.3251768153874569	1.1920402174945202	0.16911939442868995	0.731313346900059	1.2998324792779599	0.3680732651305101	0.03190737654704989	0.775832892940508	1.0517418512898402	-1	0.0	-1	0.528247478612953	0.26290999628887013	1.3040646151621402	0.06216980598256994	0.22607581728457493	0.493245824925856	0.09246006892693015	0.05677792348913013	-1	0.517590155777704
b0047_1-620	-1	-1	-1	-1	-1	-1	-1	-1	-1	-1	-1	-1	-1	-1	-1	-1	-1	-1	-1	-1	-1	-1	-1	-1	-1	-1	-1	-1	-1	-1	-1	-1	-1	-1	-1	-1	-1	-1
STMMW_00911_1-620	0.09588907116994694	0.21797755601138602	1.053359394283443	0.14996130471257696	0.28326223167321296	0.29739267876003805	1.007149682691933	0.399217067407593	2.0526221317123428	0.14364355461102002	1.287225298106323	0.579837787672633	1.140573802884493	0.048456260665452944	0.690085816878053	0.042557110822750044	0.20307066322549605	1.7202876961074731	0.6973668730416429	0.203065868287106	1.8280799578909128	0.896320743743463	0.49634010206590307	0.247585414327555	1.5799893299027932	-1	0.528247478612953	-1	0.0	0.7911574749018231	1.8323120937750932	0.466077672630383	0.302171661328378	0.035001653687096956	0.6207075475398831	0.5850254021020831	-1	0.010657322835249006
ERS227112_00850_1-602	0.88704654607177	0.5731799188904371	0.26220191938161985	0.6411961701892461	0.5078952432286101	0.49376479614178503	0.21599220779010997	0.3919404074942301	1.26146465681052	0.934801029512843	0.49606782320449994	0.21131968722919003	0.34941632798266986	0.839613735567276	0.10107165802377005	0.748600364079073	0.588086811676327	0.92913022120565	0.09379060186018018	0.9942233431889291	1.0369224829890897	0.10516326884163996	0.29481737283592	1.0387428892293782	0.7888318550009701	-1	0.26290999628887013	-1	0.7911574749018231	0.0	1.04115461887327	0.32507980227144007	0.48898581357344506	0.7561558212147261	0.17044992736193998	0.20613207279974	-1	0.7805001520665741
BN373_43731_1-601	1.9282011649450401	1.6143345377637073	0.7789526994916502	1.6823507890625162	1.5490498621018802	1.5349194150150551	0.8251624110831601	1.4330950263675002	0.2203100379372498	1.9759556483861132	0.5450867956687702	1.2524743061024601	0.6917382908906002	1.880768354440546	1.1422262768970401	1.7897549829523431	1.6292414305495972	0.11202439766762007	1.1349452207334503	2.0353779620621992	0.004232135884180366	0.9359913500316301	1.3359719917091901	2.0798975081026483	0.2523227638723	-1	1.3040646151621402	-1	1.8323120937750932	1.04115461887327	0.0	1.3662344211447102	1.5301404324467152	1.7973104400879962	1.21160454623521	1.24728669167301	-1	1.821654770939844
BN373_09471_1-558	0.56196674380033	0.248100116618997	0.5872817216530599	0.31611636791780606	0.18281544095717006	0.16868499387034497	0.54107201006155	0.06686060522279003	1.58654445908196	0.609721227241403	0.82114762547594	0.11376011504225003	0.6744961302541099	0.514533933295836	0.22400814424767002	0.423520561807633	0.26300700940488697	1.25421002347709	0.2312892004112599	0.6691435409174891	1.3620022852605298	0.43024307111308	0.030262429435520044	0.713663086957938	1.1139116572724101	-1	0.06216980598256994	-1	0.466077672630383	0.32507980227144007	1.3662344211447102	0.0	0.163906011302005	0.43107601894328607	0.1546298749095001	0.11894772947170007	-1	0.455420349795134
ERS227112_02812_1-558	0.39806073249832497	0.08419410531699201	0.7511877329550649	0.15221035661580107	0.018909429655165066	0.004778982568339973	0.704978021363555	0.09704540607921497	1.750450470383965	0.44581521593939805	0.985053636777945	0.277666126344255	0.8384021415561149	0.35062792199383097	0.387914155549675	0.259614550505628	0.09910099810288198	1.418116034779095	0.3951952117132649	0.5052375296154841	1.5259082965625348	0.594149082415085	0.19416844073752504	0.549757075655933	1.2778176685744151	-1	0.22607581728457493	-1	0.302171661328378	0.48898581357344506	1.5301404324467152	0.163906011302005	0.0	0.26717000764128107	0.3185358862115051	0.28285374077370506	-1	0.291514338493129
STM_MW05621_1-558	0.1308907248570439	0.18297590232428906	1.018357740596346	0.11495965102548	0.248260577986116	0.2623910250729411	0.9721480290048361	0.36421541372049604	2.017620478025246	0.17864520829811698	1.252223644419226	0.5448361339855361	1.105572149197396	0.0834579143525499	0.6550841631909561	0.0075554571356530875	0.1680690095383991	1.6852860424203762	0.662365219354546	0.23806752197420294	1.7930783042038159	0.8613190900563661	0.4613384483788061	0.28258706801465194	1.5449876762156962	-1	0.493245824925856	-1	0.035001653687096956	0.7561558212147261	1.7973104400879962	0.43107601894328607	0.26717000764128107	0.0	0.5857058938527862	0.5500237484149861	-1	0.02434433085184795
ROD_00531_1-624	0.71659661870983	0.4027299915284971	0.43265184674355983	0.47074624282730615	0.33744531586667015	0.32331486877984505	0.38644213515204995	0.2214904801322901	1.4319145841724599	0.7643511021509031	0.6665177505664399	0.040869759867250055	0.5198662553446098	0.669163808205336	0.06937826933816993	0.5781504367171331	0.41763688431438706	1.09958014856759	0.0766593255017598	0.8237734158269892	1.2073724103510297	0.27561319620357994	0.12436744547398004	0.8682929618674381	0.9592817823629101	-1	0.09246006892693015	-1	0.6207075475398831	0.17044992736193998	1.21160454623521	0.1546298749095001	0.3185358862115051	0.5857058938527862	0.0	0.03568214543780002	-1	0.6100502247046341
ENC_45620_1-621	0.68091447327203	0.36704784609069707	0.46833399218135985	0.43506409738950613	0.30176317042887013	0.28763272334204504	0.42212428058984997	0.1858083346944901	1.4675967296102599	0.728668956713103	0.7021998960042399	0.005187614429450038	0.5555484007824099	0.633481662767536	0.10506041477596995	0.542468291279333	0.38195473887658704	1.13526229400539	0.11234147093955982	0.7880912703891891	1.2430545557888297	0.31129534164137995	0.08868530003618003	0.8326108164296381	0.9949639278007101	-1	0.05677792348913013	-1	0.5850254021020831	0.20613207279974	1.24728669167301	0.11894772947170007	0.28285374077370506	0.5500237484149861	0.03568214543780002	0.0	-1	0.5743680792668341
b3350_1-601	-1	-1	-1	-1	-1	-1	-1	-1	-1	-1	-1	-1	-1	-1	-1	-1	-1	-1	-1	-1	-1	-1	-1	-1	-1	-1	-1	-1	-1	-1	-1	-1	-1	-1	-1	-1	-1	-1
STMMW_05621_1-558	0.10654639400519594	0.20732023317613701	1.0427020714481938	0.13930398187732795	0.27260490883796396	0.28673535592478905	0.996492359856684	0.388559744572344	2.041964808877094	0.15430087744626902	1.2765679752710741	0.569180464837384	1.129916480049244	0.05911358350070195	0.679428494042804	0.03189978798750104	0.19241334039024705	1.709630373272224	0.6867095502063939	0.213723191122355	1.8174226350556637	0.885663420908214	0.48568277923065406	0.258242737162804	1.569332007067544	-1	0.517590155777704	-1	0.010657322835249006	0.7805001520665741	1.821654770939844	0.455420349795134	0.291514338493129	0.02434433085184795	0.6100502247046341	0.5743680792668341	-1	0.0
