ERS227112_03500_1-473	0.0	-1	-1	0.13319707558036997	0.38005766233615623	0.10305848331506551	0.19280932529910344	0.18365676768434702	0.3393574193251037	0.4422085872566897	-1	0.15488769552597714	0.2478688166071154	0.11899040679384698	0.05513035898859303	0.3483485629870071	0.33753197124967826
b3870_15-166	-1	-1	-1	-1	-1	-1	-1	-1	-1	-1	-1	-1	-1	-1	-1	-1	-1
b3870_180-421	-1	-1	-1	-1	-1	-1	-1	-1	-1	-1	-1	-1	-1	-1	-1	-1	-1
ETEC_1401_1-472	0.13319707558036997	-1	-1	0.0	0.24686058675578626	0.030138592265304465	0.05961224971873347	0.05045969210397705	0.4725544949054737	0.5754056628370597	-1	0.02169061994560717	0.3810658921874854	0.25218748237421695	0.188327434568963	0.4815456385673771	0.47072904683004824
ROD_03561_1-472	0.38005766233615623	-1	-1	0.24686058675578626	0.0	0.2769991790210907	0.1872483370370528	0.1964008946518092	0.7194150816612599	0.822266249592846	-1	0.2251699668101791	0.6279264789432717	0.4990480691300032	0.43518802132474926	0.7284062253231633	0.7175896335858345
CS17_04324_15-166	0.10305848331506551	-1	-1	0.030138592265304465	0.2769991790210907	0.0	0.08975084198403793	0.08059828436928151	0.4424159026401692	0.5452670705717553	-1	0.051829212210911635	0.3509272999221809	0.2220488901089125	0.15818884230365854	0.4514070463020726	0.44059045456474377
CS17_04324_180-421	0.19280932529910344	-1	-1	0.05961224971873347	0.1872483370370528	0.08975084198403793	0.0	0.009152557614756418	0.5321667446242071	0.6350179125557932	-1	0.0379216297731263	0.44067814190621885	0.3117997320929504	0.24793968428769647	0.5411578882861106	0.5303412965487817
CS17_01483_1-472	0.18365676768434702	-1	-1	0.05045969210397705	0.1964008946518092	0.08059828436928151	0.009152557614756418	0.0	0.5230141870094507	0.6258653549410368	-1	0.02876907215836988	0.4315255842914624	0.302647174478194	0.23878712667294005	0.5320053306713541	0.5211887389340253
Ecoli9000q_34840_15-166	0.3393574193251037	-1	-1	0.4725544949054737	0.7194150816612599	0.4424159026401692	0.5321667446242071	0.5230141870094507	0.0	0.10285116793158601	-1	0.49424511485108086	0.09148860271798831	0.22036701253125673	0.2842270603365107	0.0089911436619034	0.001825448075425451
Ecoli9000q_34840_180-421	0.4422085872566897	-1	-1	0.5754056628370597	0.822266249592846	0.5452670705717553	0.6350179125557932	0.6258653549410368	0.10285116793158601	0.0	-1	0.5970962827826669	0.1943397706495743	0.32321818046284273	0.3870782282680967	0.09386002426968261	0.10467661600701146
b1297_1-472	-1	-1	-1	-1	-1	-1	-1	-1	-1	-1	-1	-1	-1	-1	-1	-1	-1
BN373_16341_1-473	0.15488769552597714	-1	-1	0.02169061994560717	0.2251699668101791	0.051829212210911635	0.0379216297731263	0.02876907215836988	0.49424511485108086	0.5970962827826669	-1	0.0	0.40275651213309255	0.2738781023198241	0.21001805451457017	0.5032362585129843	0.4924196667756554
Ecoli9000q_3300_1-472	0.2478688166071154	-1	-1	0.3810658921874854	0.6279264789432717	0.3509272999221809	0.44067814190621885	0.4315255842914624	0.09148860271798831	0.1943397706495743	-1	0.40275651213309255	0.0	0.12887840981326842	0.19273845761852237	0.10047974637989171	0.08966315464256286
NCTC13441_04628_15-166	0.11899040679384698	-1	-1	0.25218748237421695	0.4990480691300032	0.2220488901089125	0.3117997320929504	0.302647174478194	0.22036701253125673	0.32321818046284273	-1	0.2738781023198241	0.12887840981326842	0.0	0.06386004780525395	0.22935815619316013	0.21854156445583128
NCTC13441_04628_180-421	0.05513035898859303	-1	-1	0.188327434568963	0.43518802132474926	0.15818884230365854	0.24793968428769647	0.23878712667294005	0.2842270603365107	0.3870782282680967	-1	0.21001805451457017	0.19273845761852237	0.06386004780525395	0.0	0.2932182039984141	0.28240161226108523
ETEC_4139_15-166	0.3483485629870071	-1	-1	0.4815456385673771	0.7284062253231633	0.4514070463020726	0.5411578882861106	0.5320053306713541	0.0089911436619034	0.09386002426968261	-1	0.5032362585129843	0.10047974637989171	0.22935815619316013	0.2932182039984141	0.0	0.010816591737328851
ETEC_4139_180-421	0.33753197124967826	-1	-1	0.47072904683004824	0.7175896335858345	0.44059045456474377	0.5303412965487817	0.5211887389340253	0.001825448075425451	0.10467661600701146	-1	0.4924196667756554	0.08966315464256286	0.21854156445583128	0.28240161226108523	0.010816591737328851	0.0
