STMMW_08101_1-312	0.0	0.06228341272142286	0.13239723509149998	0.6442112748296052	-1	0.4527844682582158	0.5859470247534782	0.2763490362023763	0.03307691251487137	0.7043258255359334	0.5400430891360545	0.004641693607517608	-1	0.13332181217403247	0.6342215555975532	0.6067320825263273	0.6259479068396602	0.5537883605399081	0.47279652407917994	0.14409271555162748	0.7426868905742144	0.6709869051301048	0.1781532187050474	0.3687895094658782	0.35009609095018307	0.15627080642512353	0.07548382817549777	0.5439082334427809	0.5518215494402129	0.6547805867868306
ETEC_0756_1-313	0.06228341272142286	0.0	0.07477080316298987	0.6205796826064921	-1	0.4868669190692622	0.5584455038294903	0.22828392542592266	0.0933001822425801	0.7227414221751448	0.5094926152486824	0.05791052201374446	-1	0.18730148744305203	0.6099264432721598	0.5806111112793607	0.6011032563197943	0.5241508516394291	0.4377795134766041	0.19740154220019773	0.7255960778378095	0.6491337581808694	0.2293406409782139	0.3268643222298023	0.30692928133440034	0.20882114001366087	0.014077190947837333	0.513614483581996	0.522053404365511	0.6318510113860111
BN373_24061_2-305	0.13239723509149998	0.07477080316298987	0.0	0.5899174834834496	-1	0.525234291659953	0.5227620381198426	0.16591902070074419	0.16109485584403893	0.7434722687229376	0.4698531062052874	0.12835130893417865	-1	0.24806760795630223	0.5784033209702567	0.546718920939414	0.5688671033686845	0.4856959227104921	0.39234463369141	0.257412473507266	0.7034205977283596	0.6207791074702327	0.2869634602173478	0.2724660223959854	0.25091996552321066	0.2679782188204181	0.06156020700393532	0.4743080762250454	0.4834289738495089	0.6020996852752339
STM_MW40261_1-300	0.6442112748296052	0.6205796826064921	0.5899174834834496	0.0	-1	0.8053068835681509	0.14071689749708313	0.5083420834496468	0.6559796673658439	0.8948024624016208	0.22647379185561045	0.6425521112493707	-1	0.6916456724204111	0.02731084727633857	0.09530193193495638	0.048825733965660194	0.20264579919767953	0.3251396445196614	0.6954778384020591	0.2767811590922316	0.07525710739618326	0.7075961813976765	0.4363390176400092	0.45255180001829687	0.6998106658289494	0.6151622480889032	0.21991855311038763	0.2061449524714878	0.029706708530922582
b3915_1-300	-1	-1	-1	-1	-1	-1	-1	-1	-1	-1	-1	-1	-1	-1	-1	-1	-1	-1	-1	-1	-1	-1	-1	-1	-1	-1	-1	-1	-1	-1
Ecoli9000q_48520_1-292	0.4527844682582158	0.4868669190692622	0.525234291659953	0.8053068835681509	-1	0.0	0.7734237809812067	0.6040069530500287	0.434065088708309	0.4596751054873437	0.7483044344432775	0.45532447509383595	-1	0.36860585690467695	0.7998403540466325	0.78479768742266	0.7953128849421373	0.7558260604434724	0.7115060695878715	0.36066027047022786	0.859194270001437	0.8199589243407601	0.33416356406536313	0.654591815781378	0.6443624868282403	0.35143226534187505	0.4940903914311763	0.7504195014403416	0.7547497908617171	0.8110905752309688
ROD_38351_1-300	0.5859470247534782	0.5584455038294903	0.5227620381198426	0.14071689749708313	-1	0.7734237809812067	0.0	0.42782778444234065	0.5996426187922295	0.8775752283595939	0.09980051290283137	0.5840161552002404	-1	0.6411493177493942	0.11659022813526011	0.05019903011317319	0.09660812620019456	0.0720704288495958	0.21462396558874755	0.6456090423389802	0.3785502705962093	0.2053840582258707	0.6597118950080473	0.3440334382019604	0.3629012389664153	0.6506514170979739	0.5521409058433213	0.09217178294627952	0.07614260630032883	0.16624337016868415
CS17_00751_1-313	0.2763490362023763	0.22828392542592266	0.16591902070074419	0.5083420834496468	-1	0.6040069530500287	0.42782778444234065	0.0	0.3002851758232126	0.7860350986790114	0.36439397738081764	0.27297440615090524	-1	0.3728274940773606	0.4945374735868654	0.45655027472104065	0.48310427005117995	0.38338831593834577	0.2714671819766168	0.38062186868752834	0.6444237314693252	0.5453428360776604	0.4052697846219327	0.12774179526879456	0.10190970293301632	0.3894345558853488	0.21726521844445146	0.3697351494376373	0.3806704157377109	0.5229476218735287
SEN0703_1-312	0.03307691251487137	0.0933001822425801	0.16109485584403893	0.6559796673658439	-1	0.434065088708309	0.5996426187922295	0.3002851758232126	0.0	0.6942112787552877	0.5552570436373117	0.03756507322901228	-1	0.10367411943786363	0.6463203772028787	0.6197401710275094	0.6383203952011293	0.5685476639014468	0.490234787329749	0.11481347841791349	0.7511980137836207	0.6818696424853634	0.15003913761900667	0.3896680036397444	0.37159290569289677	0.12740816255682477	0.10606396870952062	0.5589943409039472	0.5666459088404295	0.6661993791161178
STM_MW08101_1-313	0.7043258255359334	0.7227414221751448	0.7434722687229376	0.8948024624016208	-1	0.4596751054873437	0.8775752283595939	0.7860350986790114	0.6942112787552877	0.0	0.8640026200912605	0.7056982544614513	-1	0.6588420262361107	0.891848760414556	0.8837208331577691	0.8894024561482603	0.8680667418663794	0.844119547482525	0.6545488280840758	0.9239191587917489	0.902719324786476	0.6402319979909343	0.813367359298265	0.8078401982107255	0.6495627071865362	0.7266444441171112	0.8651454434433363	0.8674852066181503	0.8979275349892266
ERS227112_00360_1-299	0.5400430891360545	0.5094926152486824	0.4698531062052874	0.22647379185561045	-1	0.7483044344432775	0.09980051290283137	0.36439397738081764	0.5552570436373117	0.8640026200912605	0.0	0.5378981539512278	-1	0.6013653780144056	0.2047549764707344	0.1449896540634852	0.18676709855766505	0.02988382406959733	0.12755334160007356	0.6063195294591782	0.44057127233403337	0.2846871367756952	0.621985893272097	0.27130978055396987	0.29226935788643094	0.6119209265175719	0.5024890587297832	0.008403274775166437	0.02560774721709192	0.24945270946198558
t2120_1-312	0.004641693607517608	0.05791052201374446	0.12835130893417865	0.6425521112493707	-1	0.45532447509383595	0.5840161552002404	0.27297440615090524	0.03756507322901228	0.7056982544614513	0.5378981539512278	0.0	-1	0.1373446667782392	0.632515806566027	0.6048981407519372	0.6242035749758977	0.5517075242207854	0.47033799533799536	0.14806557492247924	0.741486952212841	0.6694526054016159	0.18196797965614311	0.3658459607155501	0.34706536844476626	0.16018713882941601	0.07117249548530538	0.5417813227376873	0.5497315412133963	0.6531707114954793
b0752_1-313	-1	-1	-1	-1	-1	-1	-1	-1	-1	-1	-1	-1	-1	-1	-1	-1	-1	-1	-1	-1	-1	-1	-1	-1	-1	-1	-1	-1	-1	-1
BN373_13221_1-313	0.13332181217403247	0.18730148744305203	0.24806760795630223	0.6916456724204111	-1	0.36860585690467695	0.6411493177493942	0.3728274940773606	0.10367411943786363	0.6588420262361107	0.6013653780144056	0.1373446667782392	-1	0.0	0.6829878006594862	0.6591632739538252	0.6758172097472865	0.6132781049258735	0.5430842468733925	0.012427800224917917	0.7769923406189954	0.714851527167146	0.051727858345521543	0.45294363592714726	0.4367424578436922	0.026479256745410712	0.19874199958733957	0.6047152142778451	0.6115735126461936	0.7008058645540666
ETEC_4184_1-300	0.6342215555975532	0.6099264432721598	0.5784033209702567	0.02731084727633857	-1	0.7998403540466325	0.11659022813526011	0.4945374735868654	0.6463203772028787	0.891848760414556	0.2047549764707344	0.632515806566027	-1	0.6829878006594862	0.0	0.06990011605273233	0.022118974627276376	0.1802579492434755	0.30619113661272135	0.6869275649417519	0.29653287840363424	0.10051261930596565	0.6993861628007744	0.42051272929109607	0.4371807288600125	0.6913820480772508	0.6043568998034994	0.19801568188019922	0.1838553505962203	0.05620624042749042
SL1344_4010_1-300	0.6067320825263273	0.5806111112793607	0.546718920939414	0.09530193193495638	-1	0.78479768742266	0.05019903011317319	0.45655027472104065	0.6197401710275094	0.8837208331577691	0.1449896540634852	0.6048981407519372	-1	0.6591632739538252	0.06990011605273233	0.0	0.04886191692618636	0.11865159333467883	0.25404908079032257	0.6633991246944421	0.3457053118425018	0.1633868916044469	0.6767940278376929	0.3769623233908949	0.39488297885660556	0.6681883771310669	0.5746229979973508	0.13774387895174756	0.12251935142693632	0.1221775337514534
SEN3851_1-300	0.6259479068396602	0.6011032563197943	0.5688671033686845	0.048825733965660194	-1	0.7953128849421373	0.09660812620019456	0.48310427005117995	0.6383203952011293	0.8894024561482603	0.18676709855766505	0.6242035749758977	-1	0.6758172097472865	0.022118974627276376	0.04886191692618636	0.0	0.16171596596418647	0.29049767263575815	0.6798460887009038	0.3120928498173474	0.1204083578570923	0.692586491199535	0.40740513858725314	0.4244501564743354	0.6844013290828319	0.5954077337315146	0.17987536590750297	0.16539473798184948	0.07708199064885654
NCTC13441_04585_1-300	0.5537883605399081	0.5241508516394291	0.4856959227104921	0.20264579919767953	-1	0.7558260604434724	0.0720704288495958	0.38338831593834577	0.5685476639014468	0.8680667418663794	0.02988382406959733	0.5517075242207854	-1	0.6132781049258735	0.1802579492434755	0.11865159333467883	0.16171596596418647	0.0	0.15362538404980505	0.6180842073804564	0.4233384191028058	0.26265236992025764	0.6332824003333796	0.2930858308731313	0.313419055884016	0.6235182132746131	0.5173565881714022	0.02166258595656457	0.004388455306672178	0.22633256803682078
t3558_1-298	0.47279652407917994	0.4377795134766041	0.39234463369141	0.3251396445196614	-1	0.7115060695878715	0.21462396558874755	0.2714671819766168	0.490234787329749	0.844119547482525	0.12755334160007356	0.47033799533799536	-1	0.5430842468733925	0.30619113661272135	0.25404908079032257	0.29049767263575815	0.15362538404980505	0.0	0.5487627045728679	0.511928275934905	0.37592768276947164	0.566719520226963	0.16477390058155147	0.18879780752263722	0.5551830364114547	0.429752023828419	0.13488475059728391	0.14989473508877543	0.3451875243989906
ROD_07401_1-313	0.14409271555162748	0.19740154220019773	0.257412473507266	0.6954778384020591	-1	0.36066027047022786	0.6456090423389802	0.38062186868752834	0.11481347841791349	0.6545488280840758	0.6063195294591782	0.14806557492247924	-1	0.012427800224917917	0.6869275649417519	0.6633991246944421	0.6798460887009038	0.6180842073804564	0.5487627045728679	0.0	0.779763835258409	0.7183952954219532	0.039794617679147055	0.45974234313161466	0.4437425100527891	0.014228282776381303	0.20869987394508532	0.6096277346267496	0.6164007994330933	0.7045241894978557
STMMW_40261_1-300	0.7426868905742144	0.7255960778378095	0.7034205977283596	0.2767811590922316	-1	0.859194270001437	0.3785502705962093	0.6444237314693252	0.7511980137836207	0.9239191587917489	0.44057127233403337	0.741486952212841	-1	0.7769923406189954	0.29653287840363424	0.3457053118425018	0.3120928498173474	0.4233384191028058	0.511928275934905	0.779763835258409	0.0	0.21792441262091033	0.7885280492334222	0.5923497576726734	0.6040751473521885	0.7828974176879381	0.7216780871253052	0.43583040016683966	0.425869072677648	0.2546389351896113
CS17_04370_1-300	0.6709869051301048	0.6491337581808694	0.6207791074702327	0.07525710739618326	-1	0.8199589243407601	0.2053840582258707	0.5453428360776604	0.6818696424853634	0.902719324786476	0.2846871367756952	0.6694526054016159	-1	0.714851527167146	0.10051261930596565	0.1633868916044469	0.1204083578570923	0.26265236992025764	0.37592768276947164	0.7183952954219532	0.21792441262091033	0.0	0.7296016469772857	0.4787585127245132	0.49375116799816715	0.722402046789849	0.6441240241145822	0.2786252263367292	0.2658881870403432	0.04694497969402104
NCTC13441_03242_1-313	0.1781532187050474	0.2293406409782139	0.2869634602173478	0.7075961813976765	-1	0.33416356406536313	0.6597118950080473	0.4052697846219327	0.15003913761900667	0.6402319979909343	0.621985893272097	0.18196797965614311	-1	0.051727858345521543	0.6993861628007744	0.6767940278376929	0.692586491199535	0.6332824003333796	0.566719520226963	0.039794617679147055	0.7885280492334222	0.7296016469772857	0.0	0.48124169003492384	0.46587856419640034	0.02593535040219268	0.2401893599309015	0.6251624496798206	0.6316659829616799	0.7162825364102245
SL1344_0735_1-312	0.3687895094658782	0.3268643222298023	0.2724660223959854	0.4363390176400092	-1	0.654591815781378	0.3440334382019604	0.12774179526879456	0.3896680036397444	0.813367359298265	0.27130978055396987	0.3658459607155501	-1	0.45294363592714726	0.42051272929109607	0.3769623233908949	0.40740513858725314	0.2930858308731313	0.16477390058155147	0.45974234313161466	0.5923497576726734	0.4787585127245132	0.48124169003492384	0.0	0.028763357560082366	0.4674292818456432	0.317253164659685	0.2774331646939512	0.28996989549311103	0.45308353015323094
Ecoli9000q_35380_1-300	0.35009609095018307	0.30692928133440034	0.25091996552321066	0.45255180001829687	-1	0.6443624868282403	0.3629012389664153	0.10190970293301632	0.37159290569289677	0.8078401982107255	0.29226935788643094	0.34706536844476626	-1	0.4367424578436922	0.4371807288600125	0.39488297885660556	0.4244501564743354	0.313419055884016	0.18879780752263722	0.4437425100527891	0.6040751473521885	0.49375116799816715	0.46587856419640034	0.028763357560082366	0.0	0.4516570989162381	0.29703348750811687	0.2982166129389162	0.31039274526746535	0.4688146841309316
ERS227112_03199_1-313	0.15627080642512353	0.20882114001366087	0.2679782188204181	0.6998106658289494	-1	0.35143226534187505	0.6506514170979739	0.3894345558853488	0.12740816255682477	0.6495627071865362	0.6119209265175719	0.16018713882941601	-1	0.026479256745410712	0.6913820480772508	0.6681883771310669	0.6844013290828319	0.6235182132746131	0.5551830364114547	0.014228282776381303	0.7828974176879381	0.722402046789849	0.02593535040219268	0.4674292818456432	0.4516570989162381	0.0	0.2199587158995808	0.6151820616065368	0.6218587573315532	0.7087283028832605
ENC_19910_1-312	0.07548382817549777	0.014077190947837333	0.06156020700393532	0.6151622480889032	-1	0.4940903914311763	0.5521409058433213	0.21726521844445146	0.10606396870952062	0.7266444441171112	0.5024890587297832	0.07117249548530538	-1	0.19874199958733957	0.6043568998034994	0.5746229979973508	0.5954077337315146	0.5173565881714022	0.429752023828419	0.20869987394508532	0.7216780871253052	0.6441240241145822	0.2401893599309015	0.317253164659685	0.29703348750811687	0.2199587158995808	0.0	0.5066697798729286	0.5152291931515685	0.6265945110166216
BN373_48551_1-299	0.5439082334427809	0.513614483581996	0.4743080762250454	0.21991855311038763	-1	0.7504195014403416	0.09217178294627952	0.3697351494376373	0.5589943409039472	0.8651454434433363	0.008403274775166437	0.5417813227376873	-1	0.6047152142778451	0.19801568188019922	0.13774387895174756	0.17987536590750297	0.02166258595656457	0.13488475059728391	0.6096277346267496	0.43583040016683966	0.2786252263367292	0.6251624496798206	0.2774331646939512	0.2982166129389162	0.6151820616065368	0.5066697798729286	0.0	0.017350271541109175	0.24309220528351771
ERS227112_04833_2-306	0.5518215494402129	0.522053404365511	0.4834289738495089	0.2061449524714878	-1	0.7547497908617171	0.07614260630032883	0.3806704157377109	0.5666459088404295	0.8674852066181503	0.02560774721709192	0.5497315412133963	-1	0.6115735126461936	0.1838553505962203	0.12251935142693632	0.16539473798184948	0.004388455306672178	0.14989473508877543	0.6164007994330933	0.425869072677648	0.2658881870403432	0.6316659829616799	0.28996989549311103	0.31039274526746535	0.6218587573315532	0.5152291931515685	0.017350271541109175	0.0	0.22972777298421904
ENC_00760_1-276	0.6547805867868306	0.6318510113860111	0.6020996852752339	0.029706708530922582	-1	0.8110905752309688	0.16624337016868415	0.5229476218735287	0.6661993791161178	0.8979275349892266	0.24945270946198558	0.6531707114954793	-1	0.7008058645540666	0.05620624042749042	0.1221775337514534	0.07708199064885654	0.22633256803682078	0.3451875243989906	0.7045241894978557	0.2546389351896113	0.04694497969402104	0.7162825364102245	0.45308353015323094	0.4688146841309316	0.7087283028832605	0.6265945110166216	0.24309220528351771	0.22972777298421904	0.0
