Ecoli9000q_49070_4-110	0.0	0.7942641649601472	0.8401654914838552	0.4984824654935114	0.7868387200860796	0.7898268071925637	0.8698594291051854
STM_MW10511_17-118	0.7942641649601472	0.0	0.22310807699016805	0.5897733959744711	0.03483486718162958	0.021112862721979635	0.36743848795420014
STMMW_10511_1-87	0.8401654914838552	0.22310807699016805	0.0	0.681298264728814	0.25017100394269637	0.23951048951048942	0.18577926567297512
CS17_01728_1-106	0.4984824654935114	0.5897733959744711	0.681298264728814	0.0	0.574967443314462	0.5809255343100728	0.7405064390761978
SL1344_2559_1-105	0.7868387200860796	0.03483486718162958	0.25017100394269637	0.574967443314462	0.0	0.014017963805108884	0.38947368421052636
STMMW_26151_1-104	0.7898268071925637	0.021112862721979635	0.23951048951048942	0.5809255343100728	0.014017963805108884	0.0	0.380793672321231
SL1344_0979_1-87	0.8698594291051854	0.36743848795420014	0.18577926567297512	0.7405064390761978	0.38947368421052636	0.380793672321231	0.0
