b2671_1-114	-1	-1	-1	-1	-1	-1	-1	-1	-1	-1	-1	-1	-1
ETEC_2868_1-114	-1	0.0	0.2575358164434147	0.37278830424271714	0.14952762689422738	0.7540956264455776	0.6571160299459309	0.0626352353838382	1.0796426397130012	1.2114197699766496	0.9678605940209855	1.2677413698141218	0.8434708795536265
BN373_36381_1-114	-1	0.2575358164434147	0.0	0.6303241206861319	0.4070634433376421	1.0116314428889923	0.9146518463893456	0.3201710518272529	0.8221068232695865	1.4689555864200643	0.7103247775775707	1.010205553370707	1.1010066959970413
t2697_1-114	-1	0.37278830424271714	0.6303241206861319	0.0	0.22326067734848976	0.38130732220286045	0.28432772570321374	0.31015306885887894	1.4524309439557184	0.8386314657339324	1.3406488982637026	1.640529674056839	0.4706825753109094
STMMW_27681_1-114	-1	0.14952762689422738	0.4070634433376421	0.22326067734848976	0.0	0.6045679995513502	0.5075884030517035	0.08689239151038919	1.2291702666072286	1.0618921430824222	1.1173882209152128	1.4172689967083492	0.6939432526593992
NCTC13441_01108_1-114	-1	0.7540956264455776	1.0116314428889923	0.38130732220286045	0.6045679995513502	0.0	0.09697959649964671	0.6914603910617394	1.8337382661585788	0.457324143531072	1.721956220466563	2.021836996259699	0.08937525310804895
SL1344_2785_1-114	-1	0.6571160299459309	0.9146518463893456	0.28432772570321374	0.5075884030517035	0.09697959649964671	0.0	0.5944807945620927	1.736758669658932	0.5543037400307187	1.6249766239669163	1.9248573997600527	0.18635484960769566
SEN2645_1-114	-1	0.0626352353838382	0.3201710518272529	0.31015306885887894	0.08689239151038919	0.6914603910617394	0.5944807945620927	0.0	1.1422778750968394	1.1487845345928114	1.0304958294048236	1.33037660519796	0.7808356441697883
ENC_29200_1-114	-1	1.0796426397130012	0.8221068232695865	1.4524309439557184	1.2291702666072286	1.8337382661585788	1.736758669658932	1.1422778750968394	0.0	2.291062409689651	0.11178204569201577	0.18809873010112055	1.9231135192666278
STM_MW27681_1-114	-1	1.2114197699766496	1.4689555864200643	0.8386314657339324	1.0618921430824222	0.457324143531072	0.5543037400307187	1.1487845345928114	2.291062409689651	0.0	2.179280363997635	2.4791611397907714	0.36794889042302303
CS17_02988_1-114	-1	0.9678605940209855	0.7103247775775707	1.3406488982637026	1.1173882209152128	1.721956220466563	1.6249766239669163	1.0304958294048236	0.11178204569201577	2.179280363997635	0.0	0.2998807757931363	1.811331473574612
ERS227112_01662_1-114	-1	1.2677413698141218	1.010205553370707	1.640529674056839	1.4172689967083492	2.021836996259699	1.9248573997600527	1.33037660519796	0.18809873010112055	2.4791611397907714	0.2998807757931363	0.0	2.1112122493677483
ROD_31371_1-114	-1	0.8434708795536265	1.1010066959970413	0.4706825753109094	0.6939432526593992	0.08937525310804895	0.18635484960769566	0.7808356441697883	1.9231135192666278	0.36794889042302303	1.811331473574612	2.1112122493677483	0.0
