ETEC_1239_1-247	0.0	0.3242230045861443	0.3393538146350239	0.6061402075239647	0.09912862297499947	0.6061402075239647	0.07132334237999538	0.03437395387615405	0.04434561664034686	0.2991798076939016	0.6604624307220254	0.28499479105312364	0.0038129572735654538	0.7289132764982611	0.2679745378988829	0.03483229353237194	0.2224115532790112	0.4223432117410527	0.009857008567245362	0.4943987458730983
NCTC13441_02526_1-248	0.3242230045861443	0.0	0.015130810048879617	0.2819172029378204	0.42335162756114375	0.2819172029378204	0.2528996622061489	0.35859695846229833	0.2798773879457974	0.02504319689224266	0.3362394261358811	0.6092177956392679	0.32803596185970973	1.0531362810844054	0.5921975424850272	0.3590552981185162	0.5466345578651555	0.09812020715490843	0.33408001315338964	0.8186217504592426
NCTC13441_01841_1-248	0.3393538146350239	0.015130810048879617	0.0	0.2667863928889408	0.43848243761002337	0.2667863928889408	0.2680304722550285	0.37372776851117795	0.29500819799467703	0.040174006941122276	0.3211086160870015	0.6243486056881475	0.34316677190858935	1.068267091133285	0.6073283525339068	0.37418610816739584	0.5617653679140351	0.08298939710602882	0.34921082320226926	0.8337525605081222
Ecoli9000q_49110_1-248	0.6061402075239647	0.2819172029378204	0.2667863928889408	0.0	0.7052688304989642	0.0	0.5348168651439693	0.6405141614001187	0.5617945908836178	0.30696039983006307	0.05432222319806068	0.8911349985770883	0.6099531647975301	1.3350534840222257	0.8741147454228476	0.6409725010563366	0.8285517608029759	0.18379699578291198	0.61599721609121	1.1005389533970629
ETEC_0831_1-247	0.09912862297499947	0.42335162756114375	0.43848243761002337	0.7052688304989642	0.0	0.7052688304989642	0.17045196535499485	0.06475466909884542	0.14347423961534633	0.3983084306689011	0.7595910536970248	0.18586616807812417	0.09531566570143402	0.6297846535232616	0.16884591492388346	0.06429632944262753	0.12328293030401172	0.5214718347160522	0.08927161440775411	0.3952701228980988
Ecoli9000q_1000_1-248	0.6061402075239647	0.2819172029378204	0.2667863928889408	0.0	0.7052688304989642	0.0	0.5348168651439693	0.6405141614001187	0.5617945908836178	0.30696039983006307	0.05432222319806068	0.8911349985770883	0.6099531647975301	1.3350534840222257	0.8741147454228476	0.6409725010563366	0.8285517608029759	0.18379699578291198	0.61599721609121	1.1005389533970629
ENC_17050_1-236	0.07132334237999538	0.2528996622061489	0.2680304722550285	0.5348168651439693	0.17045196535499485	0.5348168651439693	0.0	0.10569729625614943	0.026977725739648517	0.22785646531390624	0.58913908834203	0.356318133433119	0.07513629965356083	0.8002366188782565	0.3392978802788783	0.10615563591236732	0.29373489565900657	0.35101986936105734	0.08118035094724074	0.5657220882530937
STM_MW10571_1-246	0.03437395387615405	0.35859695846229833	0.37372776851117795	0.6405141614001187	0.06475466909884542	0.6405141614001187	0.10569729625614943	0.0	0.07871957051650091	0.3335537615700557	0.6948363845981794	0.2506208371769696	0.030560996602588597	0.694539322622107	0.23360058402272887	0.00045833965621788764	0.18803759940285714	0.45671716561720677	0.02451694530890869	0.46002479199694424
Ecoli9000q_2600_1-212	0.04434561664034686	0.2798773879457974	0.29500819799467703	0.5617945908836178	0.14347423961534633	0.5617945908836178	0.026977725739648517	0.07871957051650091	0.0	0.25483419105355476	0.6161168140816785	0.3293404076934705	0.04815857391391232	0.773258893138608	0.3123201545392298	0.0791779101727188	0.26675716991935805	0.37799759510070585	0.054202625207592225	0.5387443625134452
CS17_01724_1-248	0.2991798076939016	0.02504319689224266	0.040174006941122276	0.30696039983006307	0.3983084306689011	0.30696039983006307	0.22785646531390624	0.3335537615700557	0.25483419105355476	0.0	0.36128262302812375	0.5841745987470253	0.3029927649674671	1.0280930841921627	0.5671543455927845	0.33401210122627356	0.5215913609729128	0.12316340404715109	0.309036816261147	0.7935785535669999
Ecoli9000q_210_1-225	0.6604624307220254	0.3362394261358811	0.3211086160870015	0.05432222319806068	0.7595910536970248	0.05432222319806068	0.58913908834203	0.6948363845981794	0.6161168140816785	0.36128262302812375	0.0	0.945457221775149	0.6642753879955908	1.3893757072202866	0.9284369686209083	0.6952947242543973	0.8828739840010366	0.23811921898097266	0.6703194392892707	1.1548611765951238
ETEC_4721_1-247	0.28499479105312364	0.6092177956392679	0.6243486056881475	0.8911349985770883	0.18586616807812417	0.8911349985770883	0.356318133433119	0.2506208371769696	0.3293404076934705	0.5841745987470253	0.945457221775149	0.0	0.2811818337795582	0.44391848544513746	0.017020253154240716	0.2501624975207517	0.06258323777411245	0.7073380027941764	0.2751377824858783	0.20940395481997465
NCTC13441_02730_1-200	0.0038129572735654538	0.32803596185970973	0.34316677190858935	0.6099531647975301	0.09531566570143402	0.6099531647975301	0.07513629965356083	0.030560996602588597	0.04815857391391232	0.3029927649674671	0.6642753879955908	0.2811818337795582	0.0	0.7251003192246956	0.26416158062531747	0.031019336258806485	0.21859859600544573	0.42615616901461817	0.0060440512936799085	0.49058578859953283
SL1344_0985_1-245	0.7289132764982611	1.0531362810844054	1.068267091133285	1.3350534840222257	0.6297846535232616	1.3350534840222257	0.8002366188782565	0.694539322622107	0.773258893138608	1.0280930841921627	1.3893757072202866	0.44391848544513746	0.7251003192246956	0.0	0.4609387385993782	0.6940809829658892	0.5065017232192499	1.151256488239314	0.7190562679310157	0.2345145306251628
STMMW_10571_1-245	0.2679745378988829	0.5921975424850272	0.6073283525339068	0.8741147454228476	0.16884591492388346	0.8741147454228476	0.3392978802788783	0.23360058402272887	0.3123201545392298	0.5671543455927845	0.9284369686209083	0.017020253154240716	0.26416158062531747	0.4609387385993782	0.0	0.233142244366511	0.04556298461987174	0.6903177496399356	0.25811752933163756	0.22642420797421536
CS17_01316_1-200	0.03483229353237194	0.3590552981185162	0.37418610816739584	0.6409725010563366	0.06429632944262753	0.6409725010563366	0.10615563591236732	0.00045833965621788764	0.0791779101727188	0.33401210122627356	0.6952947242543973	0.2501624975207517	0.031019336258806485	0.6940809829658892	0.233142244366511	0.0	0.18757925974663925	0.45717550527342465	0.024975284965126576	0.45956645234072635
CS17_00825_1-200	0.2224115532790112	0.5466345578651555	0.5617653679140351	0.8285517608029759	0.12328293030401172	0.8285517608029759	0.29373489565900657	0.18803759940285714	0.26675716991935805	0.5215913609729128	0.8828739840010366	0.06258323777411245	0.21859859600544573	0.5065017232192499	0.04556298461987174	0.18757925974663925	0.0	0.6447547650200639	0.21255454471176582	0.2719871925940871
Ecoli9000q_52010_1-248	0.4223432117410527	0.09812020715490843	0.08298939710602882	0.18379699578291198	0.5214718347160522	0.18379699578291198	0.35101986936105734	0.45671716561720677	0.37799759510070585	0.12316340404715109	0.23811921898097266	0.7073380027941764	0.42615616901461817	1.151256488239314	0.6903177496399356	0.45717550527342465	0.6447547650200639	0.0	0.4322002203082981	0.916741957614151
STMMW_26111_1-245	0.009857008567245362	0.33408001315338964	0.34921082320226926	0.61599721609121	0.08927161440775411	0.61599721609121	0.08118035094724074	0.02451694530890869	0.054202625207592225	0.309036816261147	0.6703194392892707	0.2751377824858783	0.0060440512936799085	0.7190562679310157	0.25811752933163756	0.024975284965126576	0.21255454471176582	0.4322002203082981	0.0	0.4845417373058529
SL1344_2555_1-245	0.4943987458730983	0.8186217504592426	0.8337525605081222	1.1005389533970629	0.3952701228980988	1.1005389533970629	0.5657220882530937	0.46002479199694424	0.5387443625134452	0.7935785535669999	1.1548611765951238	0.20940395481997465	0.49058578859953283	0.2345145306251628	0.22642420797421536	0.45956645234072635	0.2719871925940871	0.916741957614151	0.4845417373058529	0.0
