ERS227112_00449_1-609	0.0	0.01472913999961064	0.046158675535472246	0.00014039305087122037	0.003976309389486941	0.22456727558710993	0.11332259941993095	0.00442035701694406	0.02541066614094004	0.00442035701694406	0.01564549665253394	0.25173999781076295	0.00638809128794524
BN373_47701_1-609	0.01472913999961064	0.0	0.0314295355358616	0.01458874694873942	0.0107528306101237	0.2098381355874993	0.0985934594203203	0.0191494970165547	0.0106815261413294	0.0191494970165547	0.0009163566529232989	0.2370108578111523	0.0083410487116654
SEN3675_1-609	0.046158675535472246	0.0314295355358616	0.0	0.04601828248460102	0.042182366145985306	0.1784086000516377	0.0671639238844587	0.0505790325524163	0.020748009394532203	0.0505790325524163	0.030513178882938304	0.2055813222752907	0.039770584247527004
ETEC_4020_1-609	0.00014039305087122037	0.01458874694873942	0.04601828248460102	0.0	0.0038359163386157205	0.22442688253623871	0.11318220636905972	0.00456075006781528	0.02527027309006882	0.00456075006781528	0.015505103601662719	0.25159960475989174	0.00624769823707402
ENC_04150_1-609	0.003976309389486941	0.0107528306101237	0.042182366145985306	0.0038359163386157205	0.0	0.220590966197623	0.10934629003044401	0.008396666406431	0.0214343567514531	0.008396666406431	0.011669187263046998	0.247763688421276	0.002411781898458299
SL1344_3828_1-609	0.22456727558710993	0.2098381355874993	0.1784086000516377	0.22442688253623871	0.220590966197623	0.0	0.111244676167179	0.228987632604054	0.1991566094461699	0.228987632604054	0.208921778934576	0.027172722223652995	0.2181791842991647
CS17_04184_1-609	0.11332259941993095	0.0985934594203203	0.0671639238844587	0.11318220636905972	0.10934629003044401	0.111244676167179	0.0	0.117742956436875	0.08791193327899091	0.117742956436875	0.09767710276739701	0.138417398390832	0.10693450813198571
ROD_40111_1-609	0.00442035701694406	0.0191494970165547	0.0505790325524163	0.00456075006781528	0.008396666406431	0.228987632604054	0.117742956436875	0.0	0.0298310231578841	0.0	0.020065853669478	0.256160354827707	0.0108084483048893
STM_MW38461_1-609	0.02541066614094004	0.0106815261413294	0.020748009394532203	0.02527027309006882	0.0214343567514531	0.1991566094461699	0.08791193327899091	0.0298310231578841	0.0	0.0298310231578841	0.009765169488406101	0.2263293316698229	0.0190225748529948
b3729_1-609	0.00442035701694406	0.0191494970165547	0.0505790325524163	0.00456075006781528	0.008396666406431	0.228987632604054	0.117742956436875	0.0	0.0298310231578841	0.0	0.020065853669478	0.256160354827707	0.0108084483048893
STMMW_38461_1-609	0.01564549665253394	0.0009163566529232989	0.030513178882938304	0.015505103601662719	0.011669187263046998	0.208921778934576	0.09767710276739701	0.020065853669478	0.009765169488406101	0.020065853669478	0.0	0.236094501158229	0.0092574053645887
t3658_1-609	0.25173999781076295	0.2370108578111523	0.2055813222752907	0.25159960475989174	0.247763688421276	0.027172722223652995	0.138417398390832	0.256160354827707	0.2263293316698229	0.256160354827707	0.236094501158229	0.0	0.2453519065228177
NCTC13441_04788_1-609	0.00638809128794524	0.0083410487116654	0.039770584247527004	0.00624769823707402	0.002411781898458299	0.2181791842991647	0.10693450813198571	0.0108084483048893	0.0190225748529948	0.0108084483048893	0.0092574053645887	0.2453519065228177	0.0
