Ecoli9000q_38410_1-220	0.0	0.1797353416399017	0.43613910461221334	0.08116363354037497	0.5785091482180085	0.8831804021899996	0.4027919931674472	0.5126052567898491	0.3845501796283423	-1
STM_MW43171_1-228	0.1797353416399017	0.0	0.3125866272050815	0.1072788493116942	0.4861526124694306	0.8575830414983986	0.27193253939952516	0.40580794473753456	0.24969360303528568	-1
STMMW_43171_1-227	0.43613910461221334	0.3125866272050815	0.0	0.38633154283999105	0.25249142965993826	0.7928219552631692	0.055838352907609475	0.13561173119665873	0.08382312135978444	-1
NCTC13441_04270_1-220	0.08116363354037497	0.1072788493116942	0.38633154283999105	0.0	0.5412775689255303	0.8728613689289216	0.35003877879403134	0.46955218469624244	0.33018560993286344	-1
SL1344_4306_1-227	0.5785091482180085	0.4861526124694306	0.25249142965993826	0.5412775689255303	0.0	0.7228419138491216	0.29423107701204926	0.1352166644106447	0.31514993126903224	-1
CS17_04662_1-220	0.8831804021899996	0.8575830414983986	0.7928219552631692	0.8728613689289216	0.7228419138491216	0.0	0.8043904360398929	0.7603183057728815	0.8101882656502273	-1
t4424_1-227	0.4027919931674472	0.27193253939952516	0.055838352907609475	0.35003877879403134	0.29423107701204926	0.8043904360398929	0.0	0.1838777483992973	0.02963980642335552	-1
ETEC_4529_1-219	0.5126052567898491	0.40580794473753456	0.13561173119665873	0.46955218469624244	0.1352166644106447	0.7603183057728815	0.1838777483992973	0.0	0.2080674539545352	-1
SEN4139_1-227	0.3845501796283423	0.24969360303528568	0.08382312135978444	0.33018560993286344	0.31514993126903224	0.8101882656502273	0.02963980642335552	0.2080674539545352	0.0	-1
b4183_1-219	-1	-1	-1	-1	-1	-1	-1	-1	-1	-1
