b2518_1-143	0.0	6.069352468871465	6.414612798321301	6.47623281648729	6.340288381643341	5.71791046767832	6.339982656998781	6.047389867548774	6.007111491395966	5.67671907591438	5.95724056884532	5.97419938017149
STMMW_25431_1-143	6.069352468871465	0.0	0.3452603294498361	0.40688034761582503	0.270935912771876	0.35144200119314506	0.2706301881273161	0.02196260132269101	0.06224097747549895	0.392633392957085	0.1121119000261449	0.09515308869997485
NCTC13441_01218_1-143	6.414612798321301	0.3452603294498361	0.0	0.06162001816598894	0.07432441667796008	0.6967023306429811	0.07463014132252	0.3672229307725271	0.40750130692533504	0.7378937224069211	0.457372229475981	0.44041341814981094
ERS227112_00067_1-143	6.47623281648729	0.40688034761582503	0.06162001816598894	0.0	0.13594443484394902	0.7583223488089701	0.13625015948850894	0.42884294893851604	0.469121325091324	0.79951374057291	0.5189922476419699	0.5020334363157999
STM_MW25431_1-143	6.340288381643341	0.270935912771876	0.07432441667796008	0.13594443484394902	0.0	0.6223779139650211	0.00030572464455991266	0.292898514094567	0.33317689024737496	0.663569305728961	0.3830478127980209	0.36608900147185086
CS17_02804_1-143	5.71791046767832	0.35144200119314506	0.6967023306429811	0.7583223488089701	0.6223779139650211	0.0	0.6220721893204612	0.32947939987045405	0.2892010237176461	0.04119139176393993	0.23933010116700015	0.2562889124931702
t0330_1-143	6.339982656998781	0.2706301881273161	0.07463014132252	0.13625015948850894	0.00030572464455991266	0.6220721893204612	0.0	0.2925927894500071	0.33287116560281504	0.6632635810844011	0.382742088153461	0.36578327682729095
ETEC_2675_1-143	6.047389867548774	0.02196260132269101	0.3672229307725271	0.42884294893851604	0.292898514094567	0.32947939987045405	0.2925927894500071	0.0	0.04027837615280794	0.370670791634394	0.0901492987034539	0.07319048737728384
SEN2506_1-143	6.007111491395966	0.06224097747549895	0.40750130692533504	0.469121325091324	0.33317689024737496	0.2892010237176461	0.33287116560281504	0.04027837615280794	0.0	0.33039241548158604	0.04987092255064596	0.032912111224475904
BN373_35051_1-143	5.67671907591438	0.392633392957085	0.7378937224069211	0.79951374057291	0.663569305728961	0.04119139176393993	0.6632635810844011	0.370670791634394	0.33039241548158604	0.0	0.2805214929309401	0.29748030425711014
ROD_24611_1-143	5.95724056884532	0.1121119000261449	0.457372229475981	0.5189922476419699	0.3830478127980209	0.23933010116700015	0.382742088153461	0.0901492987034539	0.04987092255064596	0.2805214929309401	0.0	0.016958811326170053
SL1344_2488_1-143	5.97419938017149	0.09515308869997485	0.44041341814981094	0.5020334363157999	0.36608900147185086	0.2562889124931702	0.36578327682729095	0.07319048737728384	0.032912111224475904	0.29748030425711014	0.016958811326170053	0.0
