STM_MW02671_1-164	0.0	0.612180484597745	0.19441497310727496	0.07512533600625992	0.637303809872775	0.5013117775041751
ROD_27641_1-167	0.612180484597745	0.0	0.80659545770502	0.6873058206040049	0.02512332527503003	0.11086870709356988
t2595_1-164	0.19441497310727496	0.80659545770502	0.0	0.11928963710101503	0.83171878298005	0.6957267506114501
ENC_07340_18-186	0.07512533600625992	0.6873058206040049	0.11928963710101503	0.0	0.7124291458790349	0.576437113510435
SL1344_0263_1-164	0.637303809872775	0.02512332527503003	0.83171878298005	0.7124291458790349	0.0	0.1359920323685999
STMMW_02671_1-164	0.5013117775041751	0.11086870709356988	0.6957267506114501	0.576437113510435	0.1359920323685999	0.0
