ETEC_4115_1-258	0.0	0.7909742098150065	-1	1.19408039326715	0.15023081242230907	0.16521516649815382	0.31090474348978425	1.2485921647071536	0.0857105916306824	0.21725336890243252	9.144712293496227e-05	0.2478204654080569	0.931336678522638	0.5959511596521867
BN373_49591_1-259	0.7909742098150065	0.0	-1	1.9850546030821565	0.6407433973926975	0.9561893763131604	1.1018789533047908	2.03956637452216	0.8766848014456889	0.573720840912574	0.7910656569379415	1.0387946752230635	0.14036246870763147	1.3869253694671932
b3839_1-258	-1	-1	-1	-1	-1	-1	-1	-1	-1	-1	-1	-1	-1	-1
Ecoli9000q_34550_1-259	1.19408039326715	1.9850546030821565	-1	0.0	1.344311205689459	1.0288652267689962	0.8831756497773657	0.05451177144000352	1.1083698016364676	1.4113337621695825	1.193988946144215	0.9462599278590931	2.125417071789788	0.5981292336149633
STMMW_39461_1-259	0.15023081242230907	0.6407433973926975	-1	1.344311205689459	0.0	0.3154459789204629	0.4611355559120933	1.3988229771294627	0.23594140405299147	0.06702255648012345	0.15032225954524403	0.398051277830366	0.781105866100329	0.7461819720744958
STM_MW39461_1-259	0.16521516649815382	0.9561893763131604	-1	1.0288652267689962	0.3154459789204629	0.0	0.14568957699163043	1.0833769982089998	0.07950457486747142	0.38246853540058634	0.16512371937521886	0.08260529890990309	1.0965518450207918	0.4307359931540329
ROD_39161_1-261	0.31090474348978425	1.1018789533047908	-1	0.8831756497773657	0.4611355559120933	0.14568957699163043	0.0	0.9376874212173693	0.22519415185910185	0.5281581123922168	0.3108132963668493	0.06308427808172734	1.2422414220124223	0.28504641616240245
t3322_1-259	1.2485921647071536	2.03956637452216	-1	0.05451177144000352	1.3988229771294627	1.0833769982089998	0.9376874212173693	0.0	1.1628815730764712	1.4658455336095861	1.2485007175842187	1.0007716992990967	2.1799288432297916	0.6526410050549668
ERS227112_01806_1-259	0.0857105916306824	0.8766848014456889	-1	1.1083698016364676	0.23594140405299147	0.07950457486747142	0.22519415185910185	1.1628815730764712	0.0	0.3029639605331149	0.08561914450774744	0.1621098737773745	1.0170472701533204	0.5102405680215043
ENC_01730_1-256	0.21725336890243252	0.573720840912574	-1	1.4113337621695825	0.06702255648012345	0.38246853540058634	0.5281581123922168	1.4658455336095861	0.3029639605331149	0.0	0.21734481602536748	0.46507383431048943	0.7140833096202055	0.8132045285546192
NCTC13441_04661_1-259	9.144712293496227e-05	0.7910656569379415	-1	1.193988946144215	0.15032225954524403	0.16512371937521886	0.3108132963668493	1.2485007175842187	0.08561914450774744	0.21734481602536748	0.0	0.24772901828512195	0.931428125645573	0.5958597125292517
SEN3770_1-259	0.2478204654080569	1.0387946752230635	-1	0.9462599278590931	0.398051277830366	0.08260529890990309	0.06308427808172734	1.0007716992990967	0.1621098737773745	0.46507383431048943	0.24772901828512195	0.0	1.179157143930695	0.3481306942441298
CS17_04291_1-259	0.931336678522638	0.14036246870763147	-1	2.125417071789788	0.781105866100329	1.0965518450207918	1.2422414220124223	2.1799288432297916	1.0170472701533204	0.7140833096202055	0.931428125645573	1.179157143930695	0.0	1.5272878381748247
SL1344_3929_1-259	0.5959511596521867	1.3869253694671932	-1	0.5981292336149633	0.7461819720744958	0.4307359931540329	0.28504641616240245	0.6526410050549668	0.5102405680215043	0.8132045285546192	0.5958597125292517	0.3481306942441298	1.5272878381748247	0.0
