ERS227112_04674_5-411	0.0	0.1468817185120823	1.2705854140715338	0.3496951848273126	1.1587551991745868	0.0029091059204074954	0.6182892707735528	0.6414288603326359	0.17846732568754803	1.2198163763314072	1.3542861416662166	0.5713466316495632	1.1626049378403307	0.0737087548405761	0.1198303447139677	0.6072324633270176	0.6924559859204764	0.8140974070847367	0.4276207314541364	1.1836301048100013	0.15657807302447607	1.4729689073728345	1.8024238948303075	0.15342408176021632	0.3360055527127606	0.3507832197811222	0.25722406196265296	0.7625125247209361	0.2706645437624379	0.13048550674680287	1.1038703730728747	0.40587775729853787	0.29329586789483947	1.0486045117830387	0.8496418360252889	0.10930647714147318	1.465770257589981	0.21078806111730602	0.14088180248245147	0.7276188780595203	-1	1.2730109747578897	0.6658759020102221	-1	1.1365541453032786	0.32218338031896915	0.17963353322852832	0.07500130957523377	0.1346926308311887	0.6594012447503004	0.313457057475556	0.37912918551079183	0.4130311331237419	-1	0.8882135870536298	0.4257483334096353	0.33004718023315	0.521535641161045	0.7665020486996412	2.0232190077977172	0.21427640053769254	0.1220396107331902	0.5047033175458195	0.2944868763155269	0.44049904408002954	0.0980519770443462	0.16247054089311536	0.2933104051834677	0.14489171923165028	0.16675078312981678	1.128656034831708	1.2764755841733904	0.25051001872928497	-1	0.26746263255129227	0.11659631503032242	-1	0.3684495420088671	-1	0.6871562081276472	1.0085276201645585	0.5448882091335494	0.5816948556844206	0.25481734601229117	1.188953457130508
STM_MW14311_1-401	0.1468817185120823	0.0	1.4174671325836161	0.49657690333939486	1.3056369176866691	0.1439726125916748	0.7651709892856351	0.7883105788447182	0.3253490441996303	1.3666980948434895	1.501167860178299	0.7182283501616454	1.309486656352413	0.22059047335265838	0.26671206322605	0.7541141818390998	0.8393377044325587	0.960979125596819	0.5745024499662187	1.3305118233220836	0.30345979153655833	1.6198506258849168	1.9493056133423898	0.3003058002722986	0.4828872712248429	0.49766493829320446	0.4041057804747352	0.9093942432330184	0.4175462622745202	0.27736722525888513	1.250752091584957	0.5527594758106201	0.44017758640692173	1.195486230295121	0.9965235545373712	0.25618819565355544	1.6126519761020632	0.3576697796293883	0.28776352099453373	0.8745005965716026	-1	1.419892693269972	0.8127576205223044	-1	1.283435863815361	0.4690650988310514	0.3265152517406106	0.22188302808731605	0.28157434934327097	0.8062829632623827	0.4603387759876383	0.5260109040228741	0.5599128516358242	-1	1.0350953055657122	0.5726300519217176	0.47692889874523225	0.6684173596731272	0.9133837672117235	2.1701007263097996	0.3611581190497748	0.024842107778892092	0.6515850360579017	0.44136859482760915	0.5873807625921118	0.2449336955564285	0.3093522594051976	0.44019212369554994	0.0019899992804320032	0.31363250164189904	1.2755377533437904	1.4233573026854727	0.3973917372413672	-1	0.4143443510633745	0.03028540348175987	-1	0.5153312605209494	-1	0.8340379266397295	1.1554093386766409	0.6917699276456317	0.7285765741965028	0.40169906452437343	1.3358351756425904
NCTC13441_04839_1-395	1.2705854140715338	1.4174671325836161	0.0	0.9208902292442213	0.111830214896947	1.2734945199919414	0.652296143297981	0.6291565537388979	1.0921180883839858	0.050769037740126643	0.08370072759468283	0.6992387824219707	0.1079804762312031	1.1968766592309579	1.150755069357566	0.6633529507445163	0.5781294281510574	0.45648800698679715	0.8429646826173974	0.0869553092615325	1.1140073410470577	0.20238349330130068	0.5318384807587737	1.1171613323113174	0.9345798613587732	0.9198021942904117	1.013361352108881	0.5080728893505977	0.9999208703090959	1.140099907324731	0.16671504099865908	0.864707656772996	0.9772895461766944	0.2219809022884951	0.42094357804624494	1.1612789369300607	0.19518484351844712	1.0597973529542277	1.1297036115890824	0.5429665360120135	-1	0.00242556068635591	0.6047095120613117	-1	0.13403126876825522	0.9484020337525647	1.0909518808430057	1.1955841044963	1.1358927832403451	0.6111841693212334	0.9571283565959778	0.891456228560742	0.857554280947792	-1	0.38237182701790395	0.8448370806618986	0.9405382338383839	0.7490497729104889	0.5040833653718926	0.7526335937261832	1.0563090135338413	1.392625024804724	0.7658820965257144	0.976098537756007	0.8300863699915043	1.1725334370271876	1.1081148731784185	0.9772750088880662	1.4154771333031841	1.103834630941717	0.14192937923982574	0.005890170101856551	1.020075395342249	-1	1.0031227815202417	1.3871817291018562	-1	0.9021358720626668	-1	0.5834292059438866	0.26205779390697526	0.7256972049379844	0.6888905583871133	1.0157680680592427	0.08163195694102576
STMMW_09171_1-410	0.3496951848273126	0.49657690333939486	0.9208902292442213	0.0	0.8090600143472743	0.3526042907477201	0.26859408594624024	0.29173367550532336	0.17122785913976457	0.8701211915040946	1.004590956838904	0.22165144682225058	0.8129097530130182	0.2759864299867365	0.2298648401133449	0.257537278499705	0.34276080109316387	0.4644022222574241	0.07792554662682383	0.8339349199826888	0.19311711180283653	1.1232737225455218	1.452728710002995	0.19627110306709628	0.013689632114551986	0.0010880349538096024	0.09247112286465964	0.41281733989362357	0.07903064106487467	0.21920967808050973	0.7541751882455622	0.05618257247122527	0.05639931693247313	0.6989093269557262	0.4999466511979763	0.24038870768583942	1.1160750727626683	0.13890712371000657	0.20881338234486113	0.37792369323220776	-1	0.9233157899305772	0.3161807171829095	-1	0.786858960475966	0.02751180450834345	0.17006165159878428	0.27469387525207883	0.2150025539961239	0.30970605992298783	0.03623812735175658	0.029434000683479233	0.0633359482964293	-1	0.5385184022263173	0.0760531485823227	0.019648004594162605	0.17184045633373235	0.4168068638723287	1.6735238229704046	0.13541878428962006	0.4717347955605028	0.15500813271850689	0.05520830851178571	0.09080385925271695	0.2516432077829664	0.18722464393419724	0.05638477964384492	0.4945869040589629	0.18294440169749582	0.7789608500043955	0.9267803993460778	0.09918516609802763	-1	0.08223255227602033	0.466291499857635	-1	0.018754357181554493	-1	0.3374610233003347	0.658832435337246	0.19519302430623686	0.23199967085710793	0.09487783881502143	0.8392582723031955
STMMW_38321_1-395	1.1587551991745868	1.3056369176866691	0.111830214896947	0.8090600143472743	0.0	1.1616643050949944	0.540465928401034	0.5173263388419509	0.9802878734870388	0.061061177156820357	0.19553094249162983	0.5874085675250237	0.003849738665743896	1.0850464443340107	1.038924854460619	0.5515227358475693	0.4662992132541104	0.34465779208985015	0.7311344677204504	0.0248749056354145	1.002177126150111	0.3142137081982477	0.6436686956557207	1.0053311174143706	0.8227496464618262	0.8079719793934647	0.9015311372119339	0.3962426744536507	0.8880906554121489	1.0282696924277839	0.05488482610171208	0.752877441876049	0.8654593312797474	0.1101506873915481	0.30911336314929794	1.0494487220331137	0.3070150584153941	0.9479671380572808	1.0178733966921354	0.4311363211150665	-1	0.11425577558330291	0.49287929716436474	-1	0.02220105387130822	0.8365718188556177	0.9791216659460585	1.083753889599353	1.0240625683433981	0.49935395442428643	0.8452981416990308	0.779626013663795	0.745724066050845	-1	0.27054161212095695	0.7330068657649516	0.8287080189414369	0.6372195580135419	0.3922531504749456	0.8644638086231302	0.9444787986368943	1.280794809907777	0.6540518816287674	0.86426832285906	0.7182561550945573	1.0607032221302406	0.9962846582814715	0.8654447939911192	1.3036469184062371	0.9920044160447701	0.030099164342878737	0.11772038499880355	0.9082451804453019	-1	0.8912925666232946	1.2753515142049092	-1	0.7903056571657198	-1	0.4715989910469396	0.15022757901002826	0.6138669900410374	0.5770603434901663	0.9039378531622957	0.030198257955921237
t0633_1-396	0.0029091059204074954	0.1439726125916748	1.2734945199919414	0.3526042907477201	1.1616643050949944	0.0	0.6211983766939604	0.6443379662530435	0.18137643160795552	1.2227254822518148	1.3571952475866242	0.5742557375699706	1.1655140437607383	0.07661786076098359	0.12273945063437519	0.610141569247425	0.695365091840884	0.8170065130051443	0.4305298373745439	1.186539210730409	0.15948717894488357	1.475878013293242	1.8053330007507151	0.15633318768062382	0.3389146586331681	0.3536923257015297	0.26013316788306046	0.7654216306413437	0.2735736496828454	0.13339461266721037	1.1067794789932823	0.40878686321894536	0.29620497381524696	1.0515136177034463	0.8525509419456965	0.11221558306188067	1.4686793635103885	0.21369716703771352	0.14379090840285896	0.7305279839799279	-1	1.2759200806782973	0.6687850079306297	-1	1.1394632512236862	0.32509248623937664	0.18254263914893581	0.07791041549564126	0.1376017367515962	0.662310350670708	0.3163661633959635	0.38203829143119933	0.4159402390441494	-1	0.8911226929740375	0.4286574393300428	0.3329562861535575	0.5244447470814524	0.7694111546200488	2.0261281137181246	0.21718550645810003	0.1191305048127827	0.5076124234662269	0.2973959822359344	0.44340815000043704	0.1009610829647537	0.16537964681352285	0.2962195111038752	0.1419826133112428	0.16965988905022428	1.1315651407521157	1.279384690093798	0.25341912464969246	-1	0.27037173847169976	0.11368720910991492	-1	0.3713586479292746	-1	0.6900653140480548	1.0114367260849662	0.547797315053957	0.584603961604828	0.25772645193269866	1.1918625630509156
SL1344_0842_1-410	0.6182892707735528	0.7651709892856351	0.652296143297981	0.26859408594624024	0.540465928401034	0.6211983766939604	0.0	0.02313958955908313	0.4398219450860048	0.6015271055578544	0.7359968708926639	0.04694263912398966	0.5443156670667779	0.5445805159329767	0.49845892605958514	0.011056807446535255	0.07416671514692363	0.19580813631118388	0.1906685393194164	0.5653408340364485	0.46171119774907676	0.8546796365992817	1.1841346240567547	0.4648651890133365	0.2822837180607922	0.26750605099243063	0.3610652088108999	0.14422325394738333	0.3476247270111149	0.48780376402674996	0.48558110229932194	0.21241151347501497	0.32499340287871337	0.4303152410094859	0.2313525652517361	0.5089827936320797	0.8474809868164281	0.4075012096562468	0.47740746829110137	0.10932960728596752	-1	0.6547217039843369	0.047586631236669286	-1	0.5182648745297258	0.2961058904545837	0.4386557375450245	0.543287961198319	0.4835966399423641	0.041111973976747596	0.3048322132979968	0.239160085262761	0.20525813764981093	-1	0.26992431628007707	0.19254093736391753	0.28824209054040284	0.09675362961250789	0.14821277792608845	1.4049297370241642	0.4040128702358603	0.740328881506743	0.11358595322773335	0.32380239445802594	0.1777902266935233	0.5202372937292066	0.4558187298804375	0.32497886559008515	0.7631809900052031	0.45153848764373605	0.5103667640581553	0.6581863133998376	0.36777925204426787	-1	0.35082663822226057	0.7348855858038752	-1	0.24983972876468574	-1	0.06886693735409444	0.39023834939100577	0.07340106164000337	0.036594415089132304	0.36347192476126167	0.5706641863569553
CS17_04803_1-411	0.6414288603326359	0.7883105788447182	0.6291565537388979	0.29173367550532336	0.5173263388419509	0.6443379662530435	0.02313958955908313	0.0	0.46296153464508794	0.5783875159987713	0.7128572813335807	0.07008222868307279	0.5211760775076948	0.5677201054920599	0.5215985156186682	0.034196397005618384	0.051027125587840505	0.17266854675210075	0.21380812887849954	0.5422012444773654	0.4848507873081599	0.8315400470401986	1.1609950344976716	0.48800477857241964	0.30542330761987535	0.29064564055151376	0.384204798369983	0.1210836643883002	0.37076431657019804	0.5109433535858331	0.4624415127402388	0.2355511030340981	0.3481329924377965	0.4071756514504028	0.20821297569265296	0.5321223831911628	0.824341397257345	0.43064079921532994	0.5005470578501845	0.0861900177268844	-1	0.6315821144252538	0.024447041677586157	-1	0.4951252849706427	0.3192454800136668	0.46179532710410764	0.5664275507574021	0.5067362295014473	0.017972384417664466	0.32797180285707994	0.26229967482184413	0.22839772720889406	-1	0.24678472672099394	0.21568052692300066	0.31138168009948597	0.11989321917159101	0.12507318836700532	1.381790147465081	0.42715245979494343	0.7634684710658262	0.13672554278681648	0.3469419840171091	0.20092981625260642	0.5433768832882897	0.4789583194395206	0.3481184551491683	0.7863205795642862	0.4746780772028192	0.48722717449907216	0.6350467238407544	0.390918841603351	-1	0.3739662277813437	0.7580251753629583	-1	0.27297931832376887	-1	0.04572734779501131	0.36709875983192264	0.0965406511990865	0.05973400464821543	0.3866115143203448	0.5475245967978721
ERS227112_03965_1-399	0.17846732568754803	0.3253490441996303	1.0921180883839858	0.17122785913976457	0.9802878734870388	0.18137643160795552	0.4398219450860048	0.46296153464508794	0.0	1.0413490506438592	1.1758188159786687	0.39287930596201515	0.9841376121527827	0.10475857084697193	0.05863698097358033	0.42876513763946955	0.5139886602329284	0.6356300813971887	0.2491534057665884	1.0051627791224533	0.021889252663071956	1.2945015816852865	1.6239565691427595	0.025043243927331704	0.15753822702521258	0.17231589409357417	0.07875673627510493	0.5840451990333881	0.0921972180748899	0.04798181894074516	0.9254030473853267	0.22741043161098984	0.11482854220729144	0.8701371860954907	0.6711745103377409	0.06916084854607485	1.287302931902433	0.032320735429757996	0.03758552320509656	0.5491515523719723	-1	1.0945436490703417	0.4874085763226741	-1	0.9580868196157306	0.14371605463142112	0.0011662075409802908	0.10346601611231426	0.04377469485635932	0.4809339190627524	0.134989731788008	0.2006618598232438	0.23456380743619387	-1	0.7097462613660819	0.24728100772208728	0.15157985454560197	0.3430683154734969	0.5880347230120933	1.844751682110169	0.03580907485014451	0.3005069364207382	0.32623599185827146	0.11601955062797886	0.2620317183924815	0.08041534864320182	0.015996784794432672	0.11484307949591965	0.3233590449191983	0.011716542557731247	0.9501887091441601	1.0980082584858424	0.07204269304173694	-1	0.08899530686374424	0.29506364071787045	-1	0.18998221632131906	-1	0.5086888824400992	0.8300602944770106	0.36642088344600143	0.4032275299968725	0.07635002032474314	1.01048613144296
ENC_03670_1-394	1.2198163763314072	1.3666980948434895	0.050769037740126643	0.8701211915040946	0.061061177156820357	1.2227254822518148	0.6015271055578544	0.5783875159987713	1.0413490506438592	0.0	0.13446976533480948	0.648469744681844	0.05721143849107646	1.146107621490831	1.0999860316174395	0.6125839130043896	0.5273603904109307	0.4057189692466705	0.7921956448772708	0.036186271521405855	1.0632383033069313	0.2531525310414273	0.5826075184989004	1.066392294571191	0.8838108236186466	0.869033156550285	0.9625923143687543	0.45730385161047105	0.9491518325689693	1.0893308695846042	0.11594600325853244	0.8139386190328693	0.9265205084365677	0.17121186454836845	0.3701745403061183	1.110509899189934	0.24595388125857376	1.0090283152141013	1.0789345738489557	0.49219749827188686	-1	0.05319459842648255	0.5539404743211851	-1	0.08326223102812857	0.8976329960124381	1.0401828431028788	1.1448150667561734	1.0851237455002185	0.5604151315811068	0.9063593188558512	0.8406871908206154	0.8067852432076653	-1	0.3316027892777773	0.7940680429217719	0.8897691960982572	0.6982807351703623	0.45331432763176593	0.8034026314663099	1.0055399757937147	1.3418559870645974	0.7151130587855877	0.9253295000158803	0.7793173322513777	1.121764399287061	1.0573458354382919	0.9265059711479395	1.3647080955630575	1.0530655932015904	0.0911603414996991	0.056659207841983195	0.9693063576021222	-1	0.952353743780115	1.3364126913617296	-1	0.8513668343225401	-1	0.5326601682037599	0.2112887561668486	0.6749281671978578	0.6381215206469867	0.964999030319116	0.03086291920089912
NCTC13441_04807_1-391	1.3542861416662166	1.501167860178299	0.08370072759468283	1.004590956838904	0.19553094249162983	1.3571952475866242	0.7359968708926639	0.7128572813335807	1.1758188159786687	0.13446976533480948	0.0	0.7829395100166535	0.19168120382588594	1.2805773868256405	1.234455796952249	0.7470536783391991	0.6618301557457402	0.54018873458148	0.9266654102120803	0.17065603685621533	1.1977080686417407	0.11868276570661784	0.4481377531640909	1.2008620599060005	1.018280588953456	1.0035029218850946	1.0970620797035637	0.5917736169452805	1.0836215979037789	1.2238006349194137	0.2504157685933419	0.9484083843676788	1.0609902737713772	0.30568162988317793	0.5046443056409278	1.2449796645247435	0.11148411592376428	1.1434980805489108	1.2134043391837652	0.6266672636066963	-1	0.08127516690832692	0.6884102396559946	-1	0.21773199636293805	1.0321027613472475	1.1746526084376883	1.2792848320909829	1.219593510835028	0.6948848969159163	1.0408290841906607	0.9751569561554249	0.9412550085424748	-1	0.4660725546125868	0.9285378082565814	1.0242389614330667	0.8327505005051717	0.5877840929665754	0.6689328661315004	1.1400097411285242	1.4763257523994069	0.8495828241203972	1.0597992653506898	0.9137870975861871	1.2562341646218704	1.1918156007731013	1.060975736482749	1.499177860897867	1.1875353585364	0.22563010683450857	0.07781055749282628	1.1037761229369316	-1	1.0868235091149243	1.470882456696539	-1	0.9858365996573496	-1	0.6671299335385694	0.3457585215016581	0.8093979325326672	0.7725912859817962	1.0994687956539255	0.1653326845357086
ERS227112_00537_1-388	0.5713466316495632	0.7182283501616454	0.6992387824219707	0.22165144682225058	0.5874085675250237	0.5742557375699706	0.04694263912398966	0.07008222868307279	0.39287930596201515	0.648469744681844	0.7829395100166535	0.0	0.5912583061907676	0.4976378768089871	0.4515162869355955	0.035885831677454405	0.1211093542709133	0.24275077543517354	0.14372590019542675	0.6122834731604382	0.4147685586250871	0.9016222757232714	1.2310772631807443	0.41792254988934685	0.23534107893680256	0.22056341186844097	0.3141225696869102	0.191165893071373	0.30068208788712525	0.4408611249027603	0.5325237414233116	0.1654688743510253	0.2780507637547237	0.4772578801334756	0.27829520437572575	0.46204015450809	0.8944236259404178	0.36055857053225715	0.4304648291671117	0.15627224640995718	-1	0.7016643431083266	0.09452927036065895	-1	0.5652075136537155	0.24916325133059403	0.39171309842103486	0.4963453220743294	0.43665400081837447	0.08805461310073726	0.25788957417400715	0.19221744613877134	0.15831549852582127	-1	0.31686695540406673	0.14559829823992787	0.24129945141641318	0.049810990488518225	0.1951554170500781	1.4518723761481538	0.35707023111187064	0.6933862423827534	0.06664331410374369	0.2768597553340363	0.13084758756953363	0.47329465460521697	0.4088760907564478	0.2780362264660955	0.7162383508812135	0.4045958485197464	0.557309403182145	0.7051289525238272	0.3208366129202782	-1	0.3038839990982709	0.6879429466798856	-1	0.20289708964069608	-1	0.1158095764780841	0.43718098851499543	0.026458422516013713	0.010348224034857356	0.316529285637272	0.6176068254809449
ETEC_3967_1-394	1.1626049378403307	1.309486656352413	0.1079804762312031	0.8129097530130182	0.003849738665743896	1.1655140437607383	0.5443156670667779	0.5211760775076948	0.9841376121527827	0.05721143849107646	0.19168120382588594	0.5912583061907676	0.0	1.0888961829997545	1.042774593126363	0.5553724745133132	0.4701489519198543	0.34850753075559404	0.7349842063861943	0.021025166969670606	1.0060268648158548	0.3103639695325038	0.6398189569899768	1.0091808560801145	0.8265993851275701	0.8118217180592086	0.9053808758776778	0.4000924131193946	0.8919403940778928	1.0321194310935278	0.05873456476745598	0.7567271805417929	0.8693090699454913	0.11400042605729199	0.31296310181504183	1.0532984606988576	0.3031653197496502	0.9518168767230247	1.0217231353578793	0.4349860597808104	-1	0.11040603691755901	0.49672903583010863	-1	0.026050792537052114	0.8404215575213616	0.9829714046118024	1.087603628265097	1.027912307009142	0.5032036930900303	0.8491478803647747	0.7834757523295389	0.7495738047165889	-1	0.27439135078670085	0.7368566044306954	0.8325577576071808	0.6410692966792858	0.3961028891406895	0.8606140699573863	0.9483285373026382	1.284644548573521	0.6579016202945113	0.8681180615248039	0.7221058937603012	1.0645529607959845	1.0001343969472154	0.8692945326568631	1.307496657071981	0.995854154710514	0.03394890300862263	0.11387064633305966	0.9120949191110458	-1	0.8951423052890385	1.2792012528706531	-1	0.7941553958314637	-1	0.4754487297126835	0.15407731767577215	0.6177167287067813	0.5809100821559102	0.9077875918280396	0.02634851929017734
SEN1619_1-401	0.0737087548405761	0.22059047335265838	1.1968766592309579	0.2759864299867365	1.0850464443340107	0.07661786076098359	0.5445805159329767	0.5677201054920599	0.10475857084697193	1.146107621490831	1.2805773868256405	0.4976378768089871	1.0888961829997545	0.0	0.0461215898733916	0.5335237084864415	0.6187472310799004	0.7403886522441606	0.35391197661356033	1.1099213499694254	0.08286931818389998	1.3992601525322583	1.7287151399897316	0.07971532691964023	0.2622967978721845	0.2770744649405461	0.18351530712207687	0.6888037698803601	0.19695578892186183	0.056776751906226774	1.0301616182322988	0.33216900245796177	0.21958711305426337	0.9748957569424627	0.7759330811847128	0.03559772230089708	1.3920615027494048	0.13707930627672993	0.06717304764187537	0.6539101232189443	-1	1.1993022199173136	0.592167147169646	-1	1.0628453904627024	0.24847462547839305	0.10592477838795222	0.0012925547346576693	0.06098387599061261	0.5856924899097243	0.23974830263497993	0.30542043067021574	0.3393223782831658	-1	0.8145048322130538	0.3520395785690592	0.2563384253925739	0.44782688632046885	0.6927932938590652	1.949510252957141	0.14056764569711644	0.1957483655737663	0.4309945627052434	0.2207781214749508	0.36679028923945345	0.02434322220377011	0.08876178605253926	0.21960165034289159	0.21860047407222638	0.09304202828924069	1.054947279991132	1.2027668293328144	0.17680126388870887	-1	0.19375387771071617	0.1903050698708985	-1	0.294740787168291	-1	0.6134474532870712	0.9348188653239825	0.47117945429297337	0.5079861008438444	0.18110859117171507	1.115244702289932
NCTC13441_02469_1-388	0.1198303447139677	0.26671206322605	1.150755069357566	0.2298648401133449	1.038924854460619	0.12273945063437519	0.49845892605958514	0.5215985156186682	0.05863698097358033	1.0999860316174395	1.234455796952249	0.4515162869355955	1.042774593126363	0.0461215898733916	0.0	0.4874021186130499	0.5726256412065087	0.694267062370769	0.30779038674016873	1.0637997600960336	0.036747728310508376	1.3531385626588668	1.6825935501163398	0.03359373704624863	0.21617520799879292	0.2309528750671545	0.13739371724868527	0.6426821800069684	0.15083419904847023	0.010655162032835175	0.984040028358907	0.28604741258457017	0.17346552318087177	0.928774167069071	0.7298114913113212	0.010523867572494516	1.3459399128760132	0.09095771640333833	0.021051457768483772	0.6077885333455526	-1	1.153180630043922	0.5460455572962544	-1	1.0167238005893109	0.20235303560500145	0.05980318851456062	0.04482903513873393	0.014862286117221013	0.5395709000363327	0.19362671276158833	0.25929884079682414	0.2932007884097742	-1	0.7683832423396622	0.3059179886956676	0.2102168355191823	0.40170529644707725	0.6466717039856735	1.9033886630837493	0.09444605582372484	0.2418699554471579	0.3848729728318518	0.1746565316015592	0.32066869936606185	0.02177836766962149	0.04264019617914766	0.17348006046949999	0.264722063945618	0.046920438415849086	1.0088256901177404	1.1566452394594227	0.13067967401531727	-1	0.14763228783732457	0.2364266597442901	-1	0.2486191972948994	-1	0.5673258634136795	0.8886972754505909	0.42505786441958177	0.46186451097045284	0.13498700129832347	1.0691231124165403
CS17_00902_1-410	0.6072324633270176	0.7541141818390998	0.6633529507445163	0.257537278499705	0.5515227358475693	0.610141569247425	0.011056807446535255	0.034196397005618384	0.42876513763946955	0.6125839130043896	0.7470536783391991	0.035885831677454405	0.5553724745133132	0.5335237084864415	0.4874021186130499	0.0	0.08522352259345889	0.20686494375771913	0.17961173187288115	0.5763976414829838	0.4506543903025415	0.865736444045817	1.1951914315032899	0.45380838156680126	0.27122691061425697	0.2564492435458954	0.3500084013643646	0.1552800613939186	0.33656791956457965	0.4767469565802147	0.4966379097458572	0.2013547060284797	0.3139365954321781	0.4413720484560212	0.24240937269827134	0.4979259861855444	0.8585377942629634	0.39644440220971155	0.4663506608445661	0.12038641473250278	-1	0.6657785114308722	0.05864343868320454	-1	0.5293216819762611	0.28504908300804843	0.42759893009848926	0.5322311537517839	0.47253983249582887	0.05216878142328285	0.29377540585146156	0.22810327781622575	0.19420133020327568	-1	0.2809811237266123	0.18148412991738228	0.2771852830938676	0.08569682216597263	0.1592695853726237	1.4159865444706994	0.39295606278932504	0.7292720740602078	0.1025291457811981	0.3127455870114907	0.16673341924698803	0.5091804862826714	0.4447619224339022	0.3139220581435499	0.7521241825586679	0.4404816801972008	0.5214235715046905	0.6692431208463728	0.3567224445977326	-1	0.3397698307757253	0.72382877835734	-1	0.2387829213181505	-1	0.07992374480062969	0.401295156837541	0.06234425419346812	0.02553760764259705	0.3524151173147264	0.5817209938034905
SEN3615_1-394	0.6924559859204764	0.8393377044325587	0.5781294281510574	0.34276080109316387	0.4662992132541104	0.695365091840884	0.07416671514692363	0.051027125587840505	0.5139886602329284	0.5273603904109307	0.6618301557457402	0.1211093542709133	0.4701489519198543	0.6187472310799004	0.5726256412065087	0.08522352259345889	0.0	0.12164142116426024	0.26483525446634004	0.4911741188895249	0.5358779128960004	0.7805129214523581	1.109967908909831	0.5390319041602601	0.35645043320771586	0.34167276613935427	0.4352319239578235	0.0700565388004597	0.42179144215803854	0.5619704791736736	0.4114143871523983	0.2865782286219386	0.399160118025637	0.3561485258625623	0.15718585010481245	0.5831495087790033	0.7733142716695045	0.48166792480317044	0.551574183438025	0.03516289213904389	-1	0.5805549888374133	0.02658008391025435	-1	0.44409815938280217	0.3702726056015073	0.5128224526919481	0.6174546763452426	0.5577633550892878	0.03305474117017604	0.37899892844492045	0.31332680040968464	0.27942485279673457	-1	0.19575760113315344	0.26670765251084116	0.3624088056873265	0.17092034475943152	0.07404606277916481	1.3307630218772406	0.47817958538278393	0.8144955966536667	0.18775266837465698	0.3979691096049496	0.2519569418404469	0.5944040088761302	0.5299854450273611	0.3991455807370088	0.8373477051521268	0.5257052027906597	0.43620004891123165	0.5840195982529139	0.4419459671911915	-1	0.4249933533691842	0.8090523009507988	-1	0.3240064439116094	-1	0.005299777792829197	0.31607163424408213	0.147567776786927	0.11076113023605594	0.4376386399081853	0.4964974712100316
ETEC_4001_1-391	0.8140974070847367	0.960979125596819	0.45648800698679715	0.4644022222574241	0.34465779208985015	0.8170065130051443	0.19580813631118388	0.17266854675210075	0.6356300813971887	0.4057189692466705	0.54018873458148	0.24275077543517354	0.34850753075559404	0.7403886522441606	0.694267062370769	0.20686494375771913	0.12164142116426024	0.0	0.3864766756306003	0.36953269772526465	0.6575193340602606	0.6588715002880978	0.9883264877455709	0.6606733253245204	0.4780918543719761	0.4633141873036145	0.5568733451220838	0.051584882363800544	0.5434328633222988	0.6836119003379338	0.28977296598813806	0.40821964978619885	0.5208015391898972	0.23450710469830205	0.03554442894055221	0.7047909299432635	0.6516728505052443	0.6033093459674307	0.6732156046022852	0.08647852902521636	-1	0.45891356767315306	0.1482215050745146	-1	0.3224567382185419	0.49191402676576756	0.6344638738562084	0.7390960975095029	0.679404776253548	0.15469616233443628	0.5006403496091807	0.4349682215739449	0.4010662739609948	-1	0.07411617996889319	0.3883490736751014	0.4840502268515867	0.29256176592369176	0.04759535838509543	1.2091216007129804	0.5998210065470442	0.9361370178179269	0.3093940895389172	0.5196105307692098	0.37359836300470717	0.7160454300403905	0.6516268661916214	0.520787001901269	0.958989126316387	0.6473466239549199	0.3145586277469714	0.4623781770886537	0.5635873883554517	-1	0.5466347745334444	0.9306937221150591	-1	0.4456478650758696	-1	0.12694119895708944	0.1944302130798219	0.26920919795118725	0.23240255140031618	0.5592800610724455	0.3748560500457714
CS17_04160_1-392	0.4276207314541364	0.5745024499662187	0.8429646826173974	0.07792554662682383	0.7311344677204504	0.4305298373745439	0.1906685393194164	0.21380812887849954	0.2491534057665884	0.7921956448772708	0.9266654102120803	0.14372590019542675	0.7349842063861943	0.35391197661356033	0.30779038674016873	0.17961173187288115	0.26483525446634004	0.3864766756306003	0.0	0.7560093733558649	0.27104265842966035	1.045348175918698	1.3748031633761713	0.2741966496939201	0.09161517874137581	0.07683751167301422	0.17039666949148347	0.33489179326679974	0.1569561876916985	0.29713522470733356	0.6762496416187384	0.02174297415559856	0.13432486355929696	0.6209837803289023	0.4220211045711525	0.31831425431266325	1.0381495261358444	0.2168326703368304	0.28673892897168496	0.29999814660538393	-1	0.8453902433037533	0.2382551705560857	-1	0.7089334138491422	0.10543735113516728	0.2479871982256081	0.35261942187890266	0.2929281006229477	0.231780513296164	0.1141636739785804	0.048491545943344594	0.014589598330394526	-1	0.4605928555994935	0.0018723980445011223	0.09757355122098643	0.09391490970690852	0.33888131724550485	1.5955982763435808	0.2133443309164439	0.5496603421873266	0.07708258609168306	0.13313385513860954	0.012878312625893118	0.3295687544097902	0.26515019056102107	0.13431032627066875	0.5725124506857867	0.26086994832431964	0.7010353033775717	0.848854852719254	0.17711071272485146	-1	0.16015809890284416	0.5442170464844589	-1	0.059171189445269334	-1	0.25953547667351085	0.5809068887104222	0.11726747767941303	0.1540741242302841	0.17280338544184526	0.7613327256763717
SL1344_3766_1-394	1.1836301048100013	1.3305118233220836	0.0869553092615325	0.8339349199826888	0.0248749056354145	1.186539210730409	0.5653408340364485	0.5422012444773654	1.0051627791224533	0.036186271521405855	0.17065603685621533	0.6122834731604382	0.021025166969670606	1.1099213499694254	1.0637997600960336	0.5763976414829838	0.4911741188895249	0.36953269772526465	0.7560093733558649	0.0	1.0270520317855252	0.2893388025628332	0.6187937900203062	1.030206023049785	0.8476245520972407	0.8328468850288792	0.9264060428473484	0.4211175800890652	0.9129655610475634	1.0531445980631986	0.07975973173712658	0.7777523475114635	0.8903342369151619	0.1350255930269626	0.33398826878471244	1.0743236276685282	0.2821401527799796	0.9728420436926953	1.04274830232755	0.456011226750481	-1	0.08938086994788841	0.5177542027997792	-1	0.04707595950672272	0.8614467244910322	1.0039965715814732	1.1086287952347675	1.0489374739788127	0.5242288600597009	0.8701730473344453	0.8045009192992095	0.7705989716862595	-1	0.29541651775637146	0.757881771400366	0.8535829245768514	0.6620944636489564	0.4171280561103601	0.8395889029877157	0.9693537042723088	1.3056697155431916	0.6789267872641819	0.8891432284944745	0.7431310607299718	1.085578127765655	1.021159563916886	0.8903196996265337	1.3285218240416516	1.0168793216801846	0.05497406997829324	0.09284547936338905	0.9331200860807164	-1	0.9161674722587091	1.3002264198403237	-1	0.8151805628011343	-1	0.4964738966823541	0.17510248464544276	0.6387418956764519	0.6019352491255808	0.9288127587977102	0.005323352320506736
BN373_25811_2-392	0.15657807302447607	0.30345979153655833	1.1140073410470577	0.19311711180283653	1.002177126150111	0.15948717894488357	0.46171119774907676	0.4848507873081599	0.021889252663071956	1.0632383033069313	1.1977080686417407	0.4147685586250871	1.0060268648158548	0.08286931818389998	0.036747728310508376	0.4506543903025415	0.5358779128960004	0.6575193340602606	0.27104265842966035	1.0270520317855252	0.0	1.3163908343483586	1.6458458218058314	0.003153991264259748	0.17942747968828454	0.19420514675664613	0.10064598893817689	0.6059344516964601	0.11408647073796185	0.0260925662776732	0.9472923000483987	0.2492996842740618	0.1367177948703634	0.8920264387585627	0.6930637630008128	0.04727159588300289	1.309192184565505	0.05420998809282995	0.015696270542024604	0.5710408050350443	-1	1.1164329017334138	0.509297828985746	-1	0.9799760722788026	0.16560530729449308	0.023055460204052247	0.0815767634492423	0.021885442193287363	0.5028231717258244	0.15687898445107995	0.22255111248631576	0.25645306009926583	-1	0.7316355140291538	0.26917026038515923	0.17346910720867392	0.3649575681365689	0.6099239756751652	1.866640934773241	0.05769832751321646	0.27861768375766627	0.3481252445213434	0.13790880329105082	0.2839209710555535	0.058526095980129866	0.005892467868639284	0.1367323321589916	0.30146979225612636	0.01017271010534071	0.972077961807232	1.1198975111489142	0.0939319457048089	-1	0.1108845595268162	0.2731743880547985	-1	0.21187146898439102	-1	0.5305781351031712	0.8519495471400825	0.3883101361090734	0.42511678265994446	0.0982392729878151	1.032375384106032
SEN3661_1-395	1.4729689073728345	1.6198506258849168	0.20238349330130068	1.1232737225455218	0.3142137081982477	1.475878013293242	0.8546796365992817	0.8315400470401986	1.2945015816852865	0.2531525310414273	0.11868276570661784	0.9016222757232714	0.3103639695325038	1.3992601525322583	1.3531385626588668	0.865736444045817	0.7805129214523581	0.6588715002880978	1.045348175918698	0.2893388025628332	1.3163908343483586	0.0	0.32945498745747304	1.3195448256126183	1.136963354660074	1.1221856875917124	1.2157448454101816	0.7104563826518984	1.2023043636103967	1.3424834006260316	0.36909853429995976	1.0670911500742966	1.179673039477995	0.4243643955897958	0.6233270713475456	1.3636624302313614	0.007198649782853561	1.2621808462555286	1.332087104890383	0.7453500293133142	-1	0.19995793261494477	0.8070930053626124	-1	0.3364147620695559	1.1507855270538654	1.293335374144306	1.3979675977976007	1.3382762765416458	0.8135676626225341	1.1595118498972785	1.0938397218620426	1.0599377742490925	-1	0.5847553203192046	1.0472205739631992	1.1429217271396845	0.9514332662117896	0.7064668586731933	0.5502501004248825	1.258692506835142	1.5950085181060247	0.968265589827015	1.1784820310573076	1.032469863292805	1.3749169303284883	1.3104983664797192	1.1796585021893669	1.6178606266044848	1.3062181242430178	0.3443128725411264	0.19649332319944413	1.2224588886435495	-1	1.2055062748215422	1.589565222403157	-1	1.1045193653639673	-1	0.7858126992451873	0.46444128720827593	0.9280806982392851	0.891274051688414	1.2181515613605434	0.28401545024232644
BN373_47561_1-392	1.8024238948303075	1.9493056133423898	0.5318384807587737	1.452728710002995	0.6436686956557207	1.8053330007507151	1.1841346240567547	1.1609950344976716	1.6239565691427595	0.5826075184989004	0.4481377531640909	1.2310772631807443	0.6398189569899768	1.7287151399897316	1.6825935501163398	1.1951914315032899	1.109967908909831	0.9883264877455709	1.3748031633761713	0.6187937900203062	1.6458458218058314	0.32945498745747304	0.0	1.6489998130700911	1.466418342117547	1.4516406750491853	1.5451998328676546	1.0399113701093714	1.5317593510678695	1.6719383880835048	0.6985535217574328	1.3965461375317698	1.509128026935468	0.7538193830472688	0.9527820588050187	1.6931174176888344	0.3366536372403266	1.5916358337130014	1.661542092347856	1.0748050167707872	-1	0.5294129200724178	1.1365479928200855	-1	0.6658697495270289	1.4802405145113384	1.6227903616017794	1.7274225852550738	1.6677312639991189	1.1430226500800071	1.4889668373547515	1.4232947093195158	1.3893927617065658	-1	0.9142103077766777	1.3766755614206723	1.4723767145971576	1.2808882536692625	1.0359218461306663	0.2207951129674095	1.588147494292615	1.9244635055634978	1.2977205772844882	1.5079370185147807	1.361924850750278	1.7043719177859613	1.6399533539371922	1.50911348964684	1.9473156140619579	1.6356731117004908	0.6737678599985994	0.5259483106569172	1.5519138761010227	-1	1.5349612622790154	1.91902020986063	-1	1.4339743528214406	-1	1.1152676867026603	0.793896274665749	1.257535685696758	1.220729039145887	1.5476065488180164	0.6134704376997995
STM_MW09171_1-411	0.15342408176021632	0.3003058002722986	1.1171613323113174	0.19627110306709628	1.0053311174143706	0.15633318768062382	0.4648651890133365	0.48800477857241964	0.025043243927331704	1.066392294571191	1.2008620599060005	0.41792254988934685	1.0091808560801145	0.07971532691964023	0.03359373704624863	0.45380838156680126	0.5390319041602601	0.6606733253245204	0.2741966496939201	1.030206023049785	0.003153991264259748	1.3195448256126183	1.6489998130700911	0.0	0.1825814709525443	0.19735913802090588	0.10379998020243664	0.6090884429607198	0.1172404620022216	0.022938575013413454	0.9504462913126585	0.25245367553832154	0.13987178613462314	0.8951804300228224	0.6962177542650726	0.044117604618743145	1.3123461758297648	0.0573639793570897	0.012542279277764856	0.574194796299304	-1	1.1195868929976736	0.5124518202500058	-1	0.9831300635430623	0.16875929855875282	0.026209451468311995	0.07842277218498256	0.018731450929027615	0.5059771629900841	0.1600329757153397	0.2257051037505755	0.2596070513635256	-1	0.7347895052934136	0.272324251649419	0.17662309847293367	0.3681115594008286	0.613077966939425	1.8697949260375006	0.06085231877747621	0.2754636924934065	0.35127923578560316	0.14106279455531057	0.2870749623198132	0.05537210471587012	0.009046459132899032	0.13988632342325136	0.2983158009918666	0.013326701369600458	0.9752319530714918	1.123051502413174	0.09708593696906864	-1	0.11403855079107594	0.27002039679053874	-1	0.21502546024865077	-1	0.533732126367431	0.8551035384043423	0.39146412737333314	0.4282707739242042	0.10139326425207484	1.0355293753702917
SEN4278_1-413	0.3360055527127606	0.4828872712248429	0.9345798613587732	0.013689632114551986	0.8227496464618262	0.3389146586331681	0.2822837180607922	0.30542330761987535	0.15753822702521258	0.8838108236186466	1.018280588953456	0.23534107893680256	0.8265993851275701	0.2622967978721845	0.21617520799879292	0.27122691061425697	0.35645043320771586	0.4780918543719761	0.09161517874137581	0.8476245520972407	0.17942747968828454	1.136963354660074	1.466418342117547	0.1825814709525443	0.0	0.014777667068361588	0.07878149075010765	0.42650697200817556	0.06534100895032269	0.20552004596595774	0.7678648203601142	0.06987220458577725	0.042709684817921145	0.7125989590702781	0.5136362833125283	0.22669907557128743	1.1297647048772204	0.1252174915954546	0.19512375023030915	0.39161332534675974	-1	0.9370054220451292	0.3298703492974615	-1	0.800548592590518	0.013822172393791465	0.1563720194842323	0.26100424313752685	0.2013129218815719	0.3233956920375398	0.02254849523720459	0.04312363279803122	0.07702558041098129	-1	0.5522080343408693	0.08974278069687469	0.0059583724796106186	0.18553008844828434	0.43049649598688067	1.6872134550849565	0.12172915217506808	0.4580451634459508	0.16869776483305887	0.04151867639723372	0.10449349136726893	0.2379535756684144	0.17353501181964526	0.04269514752929293	0.4808972719444109	0.16925476958294383	0.7926504821189475	0.9404700314606298	0.08549553398347565	-1	0.06854292016146835	0.45260186774308303	-1	0.03244398929610648	-1	0.35115065541488666	0.672522067451798	0.20888265642078885	0.24568930297165992	0.08118820670046945	0.8529479044177475
