ETEC_3173_1-83	0.0	0.3193838885815099	0.03500986985864707	0.6980020386700099	0.06315234641305811	0.0404704213315199	0.8827643932392699
ROD_43371_1-83	0.3193838885815099	0.0	0.35439375844015697	0.37861815008849997	0.382536234994568	0.27891346724999	0.56338050465776
ROD_35131_1-83	0.03500986985864707	0.35439375844015697	0.0	0.7330119085286569	0.028142476554411044	0.07548029119016697	0.917774263097917
ENC_26730_1-85	0.6980020386700099	0.37861815008849997	0.7330119085286569	0.0	0.761154385083068	0.65753161733849	0.18476235456926005
ROD_43381_1-85	0.06315234641305811	0.382536234994568	0.028142476554411044	0.761154385083068	0.0	0.10362276774457801	0.945916739652328
ETEC_3172_1-85	0.0404704213315199	0.27891346724999	0.07548029119016697	0.65753161733849	0.10362276774457801	0.0	0.84229397190775
ENC_26740_1-86	0.8827643932392699	0.56338050465776	0.917774263097917	0.18476235456926005	0.945916739652328	0.84229397190775	0.0
