NCTC13441_03088_27-176	0.0	1.1994942557047419	0.708360006689769	1.230908951580147	0.37940108720163	0.6101896152297739	0.14964323798129997	0.21969446881187005	0.8170214610608559	0.41179826454925095	0.2274804806663302	0.0787594166137402	-1	-1	-1	0.3716639856150099	0.36222840425747993	1.2930480150401602	1.239761227569731	1.218010362929124	0.07861373545505002	0.35534515706071	1.2325099891840001	0.2712148211407701	0.8653938667703449	1.3072883281968095	1.3072883281968095
CS17_02610_24-176	1.1994942557047419	0.0	0.49113424901497293	0.03141469587540499	0.8200931685031119	0.589304640474968	1.049851017723442	1.419188724516612	0.38247279464388595	0.7876959911554909	1.426974736371072	1.278253672318482	-1	-1	-1	0.827830270089732	0.837265851447262	2.4925422707449023	0.04026697186498898	0.01851610722438199	1.1208805202496919	1.554839412765452	2.4320042448887422	1.470709076845512	0.334100388934397	0.10779407249206749	0.10779407249206749
NCTC13441_05004_27-176	0.708360006689769	0.49113424901497293	0.0	0.522548944890378	0.32895891948813893	0.09817039145999507	0.558716768708469	0.928054475501639	0.10866145437108699	0.296561742140518	0.9358404873560991	0.7871194233035091	-1	-1	-1	0.33669602107475904	0.346131602432289	2.001408021729929	0.5314012208799619	0.509650356239355	0.6297462712347189	1.063705163750479	1.940869995873769	0.9795748278305391	0.15703386008057596	0.5989283215070405	0.5989283215070405
CS17_02896_14-178	1.230908951580147	0.03141469587540499	0.522548944890378	0.0	0.8515078643785169	0.620719336350373	1.0812657135988468	1.4506034203920168	0.41388749051929097	0.819110687030896	1.4583894322464772	1.3096683681938872	-1	-1	-1	0.859244965965137	0.868680547322667	2.523956966620307	0.00885227598958399	0.012898588651023002	1.152295216125097	1.586254108640857	2.463418940764147	1.5021237727209171	0.365515084809802	0.0763793766166625	0.0763793766166625
STMMW_22631_9-143	0.37940108720163	0.8200931685031119	0.32895891948813893	0.8515078643785169	0.0	0.23078852802814387	0.22975784922033005	0.5990955560135001	0.4376203738592259	0.03239717734762093	0.6068815678679602	0.4581605038153702	-1	-1	-1	0.00773710158662011	0.017172682944150086	1.6724491022417902	0.8603601403681009	0.8386092757274939	0.30078735174658	0.73474624426234	1.6119110763856301	0.6506159083424001	0.4859927795687149	0.9278872409951794	0.9278872409951794
SL1344_2209_9-143	0.6101896152297739	0.589304640474968	0.09817039145999507	0.620719336350373	0.23078852802814387	0.0	0.4605463772484739	0.8298840840416439	0.20683184583108205	0.19839135068052294	0.8376700958961041	0.6889490318435141	-1	-1	-1	0.23852562961476398	0.24796121097229396	1.903237630269934	0.6295716123399571	0.60782074769935	0.5315758797747239	0.9655347722904839	1.842699604413774	0.881404436370544	0.255204251540571	0.6970987129670355	0.6970987129670355
NCTC13441_03089_14-178	0.14964323798129997	1.049851017723442	0.558716768708469	1.0812657135988468	0.22975784922033005	0.4605463772484739	0.0	0.36933770679317	0.667378223079556	0.262155026567951	0.37712371864763017	0.22840265459504017	-1	-1	-1	0.22202074763370994	0.21258516627617996	1.4426912530214602	1.090117989588431	1.068367124947824	0.07102950252624995	0.50498839504201	1.3821532271653	0.4208580591220701	0.7157506287890449	1.1576450902155093	1.1576450902155093
ETEC_0310_8-146	0.21969446881187005	1.419188724516612	0.928054475501639	1.4506034203920168	0.5990955560135001	0.8298840840416439	0.36933770679317	0.0	1.036715929872726	0.631492733361121	0.007786011854460151	0.14093505219812985	-1	-1	-1	0.59135845442688	0.58192287306935	1.0733535462282902	1.459455696381601	1.437704831740994	0.29830820426692006	0.13565068824883997	1.01281552037213	0.051520352328900065	1.085088335582215	1.5269827970086793	1.5269827970086793
NCTC13441_05005_14-178	0.8170214610608559	0.38247279464388595	0.10866145437108699	0.41388749051929097	0.4376203738592259	0.20683184583108205	0.667378223079556	1.036715929872726	0.0	0.405223196511605	1.0445019417271861	0.8957808776745961	-1	-1	-1	0.44535747544584603	0.454793056803376	2.110069476101016	0.42273976650887496	0.40098890186826797	0.7384077256058059	1.172366618121566	2.049531450244856	1.088236282201626	0.048372405709488975	0.49026686713595347	0.49026686713595347
SL1344_2675_1-135	0.41179826454925095	0.7876959911554909	0.296561742140518	0.819110687030896	0.03239717734762093	0.19839135068052294	0.262155026567951	0.631492733361121	0.405223196511605	0.0	0.6392787452155811	0.49055768116299114	-1	-1	-1	0.04013427893424104	0.04956986029177102	1.704846279589411	0.8279629630204799	0.806212098379873	0.33318452909420093	0.767143421609961	1.644308253733251	0.6830130856900211	0.45359560222109396	0.8954900636475585	0.8954900636475585
ETEC_2724_1-139	0.2274804806663302	1.426974736371072	0.9358404873560991	1.4583894322464772	0.6068815678679602	0.8376700958961041	0.37712371864763017	0.007786011854460151	1.0445019417271861	0.6392787452155811	0.0	0.14872106405259	-1	-1	-1	0.5991444662813401	0.5897088849238101	1.06556753437383	1.4672417082360611	1.445490843595454	0.3060942161213802	0.12786467639437982	1.00502950851767	0.043734340474439914	1.092874347436675	1.5347688088631397	1.5347688088631397
ROD_36591_27-175	0.0787594166137402	1.278253672318482	0.7871194233035091	1.3096683681938872	0.4581605038153702	0.6889490318435141	0.22840265459504017	0.14093505219812985	0.8957808776745961	0.49055768116299114	0.14872106405259	0.0	-1	-1	-1	0.4504234022287501	0.4409878208712201	1.21428859842642	1.3185206441834711	1.296769779542864	0.1573731520687902	0.2765857404469698	1.15375057257026	0.19245540452702992	0.9441532833840851	1.3860477448105497	1.3860477448105497
b0561_17-145	-1	-1	-1	-1	-1	-1	-1	-1	-1	-1	-1	-1	-1	-1	-1	-1	-1	-1	-1	-1	-1	-1	-1	-1	-1	-1	-1
b1155_1-137	-1	-1	-1	-1	-1	-1	-1	-1	-1	-1	-1	-1	-1	-1	-1	-1	-1	-1	-1	-1	-1	-1	-1	-1	-1	-1	-1
b2354_8-146	-1	-1	-1	-1	-1	-1	-1	-1	-1	-1	-1	-1	-1	-1	-1	-1	-1	-1	-1	-1	-1	-1	-1	-1	-1	-1	-1
ETEC_2007_24-175	0.3716639856150099	0.827830270089732	0.33669602107475904	0.859244965965137	0.00773710158662011	0.23852562961476398	0.22202074763370994	0.59135845442688	0.44535747544584603	0.04013427893424104	0.5991444662813401	0.4504234022287501	-1	-1	-1	0.0	0.009435581357529976	1.66471200065517	0.868097241954721	0.846346377314114	0.2930502501599599	0.7270091426757199	1.60417397479901	0.64287880675578	0.493729881155335	0.9356243425817995	0.9356243425817995
ETEC_1245_24-175	0.36222840425747993	0.837265851447262	0.346131602432289	0.868680547322667	0.017172682944150086	0.24796121097229396	0.21258516627617996	0.58192287306935	0.454793056803376	0.04956986029177102	0.5897088849238101	0.4409878208712201	-1	-1	-1	0.009435581357529976	0.0	1.6552764192976401	0.877532823312251	0.855781958671644	0.2836146688024299	0.71757356131819	1.59473839344148	0.63344322539825	0.503165462512865	0.9450599239393295	0.9450599239393295
t3435_9-146	1.2930480150401602	2.4925422707449023	2.001408021729929	2.523956966620307	1.6724491022417902	1.903237630269934	1.4426912530214602	1.0733535462282902	2.110069476101016	1.704846279589411	1.06556753437383	1.21428859842642	-1	-1	-1	1.66471200065517	1.6552764192976401	0.0	2.532809242609891	2.511058377969284	1.3716617504952102	0.9377028579794502	0.06053802585616008	1.02183319389939	2.1584418818105053	2.6003363432369695	2.6003363432369695
CS17_02901_14-178	1.239761227569731	0.04026697186498898	0.5314012208799619	0.00885227598958399	0.8603601403681009	0.6295716123399571	1.090117989588431	1.459455696381601	0.42273976650887496	0.8279629630204799	1.4672417082360611	1.3185206441834711	-1	-1	-1	0.868097241954721	0.877532823312251	2.532809242609891	0.0	0.021750864640606993	1.161147492114681	1.595106384630441	2.472271216753731	1.510976048710501	0.374367360799386	0.0675271006270785	0.0675271006270785
CS17_01322_24-176	1.218010362929124	0.01851610722438199	0.509650356239355	0.012898588651023002	0.8386092757274939	0.60782074769935	1.068367124947824	1.437704831740994	0.40098890186826797	0.806212098379873	1.445490843595454	1.296769779542864	-1	-1	-1	0.846346377314114	0.855781958671644	2.511058377969284	0.021750864640606993	0.0	1.1393966274740739	1.573355519989834	2.450520352113124	1.489225184069894	0.352616496158779	0.0892779652676855	0.0892779652676855
NCTC13441_02518_27-178	0.07861373545505002	1.1208805202496919	0.6297462712347189	1.152295216125097	0.30078735174658	0.5315758797747239	0.07102950252624995	0.29830820426692006	0.7384077256058059	0.33318452909420093	0.3060942161213802	0.1573731520687902	-1	-1	-1	0.2930502501599599	0.2836146688024299	1.3716617504952102	1.161147492114681	1.1393966274740739	0.0	0.43395889251576003	1.3111237246390501	0.34982855659582013	0.7867801313152949	1.2286745927417595	1.2286745927417595
STM_MW22631_9-143	0.35534515706071	1.554839412765452	1.063705163750479	1.586254108640857	0.73474624426234	0.9655347722904839	0.50498839504201	0.13565068824883997	1.172366618121566	0.767143421609961	0.12786467639437982	0.2765857404469698	-1	-1	-1	0.7270091426757199	0.71757356131819	0.9377028579794502	1.595106384630441	1.573355519989834	0.43395889251576003	0.0	0.8771648321232901	0.0841303359199399	1.220739023831055	1.6626334852575195	1.6626334852575195
t4304_1-135	1.2325099891840001	2.4320042448887422	1.940869995873769	2.463418940764147	1.6119110763856301	1.842699604413774	1.3821532271653	1.01281552037213	2.049531450244856	1.644308253733251	1.00502950851767	1.15375057257026	-1	-1	-1	1.60417397479901	1.59473839344148	0.06053802585616008	2.472271216753731	2.450520352113124	1.3111237246390501	0.8771648321232901	0.0	0.96129516804323	2.0979038559543453	2.5397983173808094	2.5397983173808094
ROD_09021_1-141	0.2712148211407701	1.470709076845512	0.9795748278305391	1.5021237727209171	0.6506159083424001	0.881404436370544	0.4208580591220701	0.051520352328900065	1.088236282201626	0.6830130856900211	0.043734340474439914	0.19245540452702992	-1	-1	-1	0.64287880675578	0.63344322539825	1.02183319389939	1.510976048710501	1.489225184069894	0.34982855659582013	0.0841303359199399	0.96129516804323	0.0	1.136608687911115	1.5785031493375796	1.5785031493375796
NCTC13441_05036_27-178	0.8653938667703449	0.334100388934397	0.15703386008057596	0.365515084809802	0.4859927795687149	0.255204251540571	0.7157506287890449	1.085088335582215	0.048372405709488975	0.45359560222109396	1.092874347436675	0.9441532833840851	-1	-1	-1	0.493729881155335	0.503165462512865	2.1584418818105053	0.374367360799386	0.352616496158779	0.7867801313152949	1.220739023831055	2.0979038559543453	1.136608687911115	0.0	0.4418944614264645	0.4418944614264645
CS17_01321_15-88	1.3072883281968095	0.10779407249206749	0.5989283215070405	0.0763793766166625	0.9278872409951794	0.6970987129670355	1.1576450902155093	1.5269827970086793	0.49026686713595347	0.8954900636475585	1.5347688088631397	1.3860477448105497	-1	-1	-1	0.9356243425817995	0.9450599239393295	2.6003363432369695	0.0675271006270785	0.0892779652676855	1.2286745927417595	1.6626334852575195	2.5397983173808094	1.5785031493375796	0.4418944614264645	0.0	0.0
CS17_01321_88-178	1.3072883281968095	0.10779407249206749	0.5989283215070405	0.0763793766166625	0.9278872409951794	0.6970987129670355	1.1576450902155093	1.5269827970086793	0.49026686713595347	0.8954900636475585	1.5347688088631397	1.3860477448105497	-1	-1	-1	0.9356243425817995	0.9450599239393295	2.6003363432369695	0.0675271006270785	0.0892779652676855	1.2286745927417595	1.6626334852575195	2.5397983173808094	1.5785031493375796	0.4418944614264645	0.0	0.0
