SL1344_3459_1-259	0.0	0.28176352850585495	0.026925806193081592	0.16780583681184572	0.55990402738183	0.07160158796157083	0.18863801180101103	0.20383018813488082	0.08067032183572528	0.16917140374596085	-1	0.29253355875191434	0.19016723179689582
ROD_44281_1-259	0.28176352850585495	0.0	0.26188930292743884	0.13693642269423614	0.38725476902803374	0.2263704222445233	0.417250228491484	0.4281618036158395	0.218738948003587	0.1355178736836199	-1	0.014995103525799126	0.4183485700654666
NCTC13441_00305_1-259	0.026925806193081592	0.26188930292743884	0.0	0.14477830315035378	0.5477261904393945	0.04591199936533719	0.21048458744769036	0.22526770218594325	0.0552316729646084	0.14618165650491421	-1	0.27295734924354165	0.21197263196233937
ETEC_3645_1-259	0.16780583681184572	0.13693642269423614	0.14477830315035378	0.0	0.47116190898028826	0.10362388345650543	0.32478928918806527	0.3374321296592369	0.09478157514735451	0.001640923470171448	-1	0.14987815038528263	0.3260618971428712
t4014_1-259	0.55990402738183	0.38725476902803374	0.5477261904393945	0.47116190898028826	0.0	0.5259621656914757	0.6429228566581539	0.649608872277995	0.5212860162450565	0.47029269983913313	-1	0.3779267157297677	0.6435958602195898
ERS227112_00820_1-261	0.07160158796157083	0.2263704222445233	0.04591199936533719	0.10362388345650543	0.5259621656914757	0.0	0.24673281856771592	0.26083721095148843	0.009768148842739592	0.1050947680642428	-1	0.23797107785358693	0.2481525439835528
BN373_44041_1-261	0.18863801180101103	0.417250228491484	0.21048458744769036	0.32478928918806527	0.6429228566581539	0.24673281856771592	0.0	0.018724288979315433	0.2540908445142974	0.3258972582907477	-1	0.42598862164489	0.001884756764707776
STMMW_34821_1-259	0.20383018813488082	0.4281618036158395	0.22526770218594325	0.3374321296592369	0.649608872277995	0.26083721095148843	0.018724288979315433	0.0	0.26805746309392886	0.33851935282826057	-1	0.43673657657062626	0.016871330569027253
CS17_03816_1-259	0.08067032183572528	0.218738948003587	0.0552316729646084	0.09478157514735451	0.5212860162450565	0.009768148842739592	0.2540908445142974	0.26805746309392886	0.0	0.09626696930632685	-1	0.23045403835894795	0.2554967018409566
STM_MW34821_1-259	0.16917140374596085	0.1355178736836199	0.14618165650491421	0.001640923470171448	0.47029269983913313	0.1050947680642428	0.3258972582907477	0.33851935282826057	0.09626696930632685	0.0	-1	0.14848087266393697	0.3271677779932923
b3395_1-259	-1	-1	-1	-1	-1	-1	-1	-1	-1	-1	-1	-1	-1
SEN3318_1-259	0.29253355875191434	0.014995103525799126	0.27295734924354165	0.14987815038528263	0.3779267157297677	0.23797107785358693	0.42598862164489	0.43673657657062626	0.23045403835894795	0.14848087266393697	-1	0.0	0.42707049347326403
ENC_25930_1-256	0.19016723179689582	0.4183485700654666	0.21197263196233937	0.3260618971428712	0.6435958602195898	0.2481525439835528	0.001884756764707776	0.016871330569027253	0.2554967018409566	0.3271677779932923	-1	0.42707049347326403	0.0
