STMMW_39591_1-194	0.0	0.5134692676116315	0.5353845057363538	0.2397879003965867	0.15462773291451695	0.4542181905170712	0.6401328858050099	0.07022090916826333	0.6617754466824716	0.2735199553985446	0.05194034981260436	0.06999643890182337	-1	0.16448976862231235
Ecoli9000q_34680_1-194	0.5134692676116315	0.0	0.04504389274063079	0.630133450409452	0.4244775333525685	0.10856183930112019	0.2603404261259911	0.4767243776657303	0.304823866609224	0.33029030046478747	0.48681421860723667	0.5475246862951133	-1	0.5934985952098384
ETEC_4127_1-194	0.5353845057363538	0.04504389274063079	0.0	0.6467936795975558	0.45040130561005864	0.1487156841965457	0.2254517581999034	0.500294748671942	0.27203341796947755	0.3604566323380116	0.5099301039003091	0.5679059357934195	-1	0.6118090008861222
ENC_00110_1-175	0.2397879003965867	0.630133450409452	0.6467936795975558	0.0	0.3573377738924475	0.5850900646876326	0.7264246655396053	0.29317068519145273	0.7428776021850552	0.44772107997354627	0.2792735827817624	0.18257076488424237	-1	0.09012233357108497
STM_MW39591_1-194	0.15462773291451695	0.4244775333525685	0.45040130561005864	0.3573377738924475	0.0	0.35438879327734085	0.5743092975646422	0.09078158949643324	0.5999105169565168	0.14063889615627223	0.10831320907035245	0.21380078115686188	-1	0.2936828215271277
CS17_04307_1-194	0.4542181905170712	0.10856183930112019	0.1487156841965457	0.5850900646876326	0.35438879327734085	0.0	0.3406392299224363	0.41299840482033423	0.3802934662883675	0.2487311750148031	0.4243170148892548	0.49242097359826964	-1	0.5439937140771851
t3626_1-194	0.6401328858050099	0.2603404261259911	0.2254517581999034	0.7264246655396053	0.5743092975646422	0.3406392299224363	0.0	0.6129541761655773	0.06014042412815444	0.5046428090224941	0.6204172236168285	0.6653223022765351	-1	0.6993273441537231
SEN3783_1-194	0.07022090916826333	0.4767243776657303	0.500294748671942	0.29317068519145273	0.09078158949643324	0.41299840482033423	0.6129541761655773	0.0	0.6362312761680105	0.21865306311461527	0.019282077190022364	0.13530213449185988	-1	0.22316005668903963
NCTC13441_04646_1-194	0.6617754466824716	0.304823866609224	0.27203341796947755	0.7428776021850552	0.5999105169565168	0.3802934662883675	0.06014042412815444	0.6362312761680105	0.0	0.5344338005828125	0.6432454927802548	0.6854499609638585	-1	0.7174099252000568
BN373_47991_1-193	0.2735199553985446	0.33029030046478747	0.3604566323380116	0.44772107997354627	0.14063889615627223	0.2487311750148031	0.5046428090224941	0.21865306311461527	0.5344338005828125	0.0	0.23371905506382679	0.3243709714538843	-1	0.3930184898437652
SL1344_3942_1-194	0.05194034981260436	0.48681421860723667	0.5099301039003091	0.2792735827817624	0.10831320907035245	0.4243170148892548	0.6204172236168285	0.019282077190022364	0.6432454927802548	0.23371905506382679	0.0	0.11830114919223045	-1	0.20788646231207947
ROD_39021_1-194	0.06999643890182337	0.5475246862951133	0.5679059357934195	0.18257076488424237	0.21380078115686188	0.49242097359826964	0.6653223022765351	0.13530213449185988	0.6854499609638585	0.3243709714538843	0.11830114919223045	0.0	-1	0.10160534182138868
b3857_1-194	-1	-1	-1	-1	-1	-1	-1	-1	-1	-1	-1	-1	-1	-1
ERS227112_00419_1-193	0.16448976862231235	0.5934985952098384	0.6118090008861222	0.09012233357108497	0.2936828215271277	0.5439937140771851	0.6993273441537231	0.22316005668903963	0.7174099252000568	0.3930184898437652	0.20788646231207947	0.10160534182138868	-1	0.0
