SL1344_3311_1-297	0.0	1.32864668788372	0.57899976254066	0.13341122123749005	1.32864668788372	0.7346153233276402	0.24385755514996	1.306072820641493	0.18671298238602008	0.5562303797825001	1.32864668788372	1.2971237269905131	5.67135331211628	5.67135331211628	1.2825657441284284	1.32864668788372	0.835091668017702	1.32864668788372	0.21460993021366992	0.27467633150010995	5.67135331211628	0.2840623127233799	0.10030622397798994	1.2924241584412193	0.495091054395859	1.307756988070185	0.00043938530226994565	0.671729989998379	0.16840468709631007	0.12799328206284	1.2614624425591487	1.32864668788372	0.23245091162861997	0.007210334006999997	0.6216934222856589	0.33278345890694294	0.46347926703487097	0.17050750866590003	1.91203880498238	0.649911604187817	0.31336014130078005	5.67135331211628
STM_MW25071_1-293	1.32864668788372	0.0	1.90764645042438	1.46205790912121	0.0	2.06326201121136	1.57250424303368	0.0225738672422268	1.51535967026974	1.88487706766622	0.0	0.0315229608932069	7.0	7.0	0.0460809437552915	0.0	0.493555019866018	0.0	1.11403675767005	1.60332301938383	7.0	1.04458437516034	1.42895291186171	0.0362225294425006	0.833555633487861	0.0208896998135351	1.32908607318599	0.656916697885341	1.16024200078741	1.45663996994656	0.0671842453245713	0.0	1.0961957762551	1.33585702189072	0.706953265598061	0.995863228976777	0.865167420848849	1.15813917921782	3.2406854928661	0.678735083695903	1.6420068291845	7.0
STMMW_35211_1-301	0.57899976254066	1.90764645042438	0.0	0.44558854130316994	1.90764645042438	0.15561556078698024	0.3351422073907	1.885072583182153	0.3922867801546399	0.022769382758159873	1.90764645042438	1.8761234895311731	5.09235354957562	5.09235354957562	1.8615655066690884	1.90764645042438	1.4140914305583618	1.90764645042438	0.7936096927543299	0.30432343104055004	5.09235354957562	0.8630620752640399	0.47869353856267005	1.8714239209818793	1.0740908169365189	1.886756750610845	0.57856037723839	1.2507297525390388	0.7474044496369701	0.45100648047782	1.8404622050998087	1.90764645042438	0.81145067416928	0.57178942853366	1.200693184826319	0.9117832214476029	1.042479029575531	0.74950727120656	1.33303904244172	1.228911366728477	0.26563962123987994	5.09235354957562
NCTC13441_03316_1-295	0.13341122123749005	1.46205790912121	0.44558854130316994	0.0	1.46205790912121	0.6012041020901502	0.11044633391246994	1.4394840418789832	0.053301761148530025	0.42281915854501007	1.46205790912121	1.4305349482280032	5.53794209087879	5.53794209087879	1.4159769653659184	1.46205790912121	0.968502889255192	1.46205790912121	0.34802115145115997	0.1412651102626199	5.53794209087879	0.41747353396086995	0.03310499725950011	1.4258353796787093	0.628502275633349	1.441168209307675	0.1329718359352201	0.805141211235869	0.3018159083338001	0.005417939174650055	1.3948736637966388	1.46205790912121	0.36586213286611	0.12620088723049006	0.755104643523149	0.466194680144433	0.596890488272361	0.3039187299033901	1.77862758374489	0.7833228254253071	0.17994892006329	5.53794209087879
t0370_1-292	1.32864668788372	0.0	1.90764645042438	1.46205790912121	0.0	2.06326201121136	1.57250424303368	0.0225738672422268	1.51535967026974	1.88487706766622	0.0	0.0315229608932069	7.0	7.0	0.0460809437552915	0.0	0.493555019866018	0.0	1.11403675767005	1.60332301938383	7.0	1.04458437516034	1.42895291186171	0.0362225294425006	0.833555633487861	0.0208896998135351	1.32908607318599	0.656916697885341	1.16024200078741	1.45663996994656	0.0671842453245713	0.0	1.0961957762551	1.33585702189072	0.706953265598061	0.995863228976777	0.865167420848849	1.15813917921782	3.2406854928661	0.678735083695903	1.6420068291845	7.0
SEN3356_1-301	0.7346153233276402	2.06326201121136	0.15561556078698024	0.6012041020901502	2.06326201121136	0.0	0.49075776817768024	2.0406881439691333	0.5479023409416202	0.17838494354514012	2.06326201121136	2.031739050318153	4.936737988788639	4.936737988788639	2.0171810674560686	2.06326201121136	1.5697069913453423	2.06326201121136	0.9492252535413102	0.4599389918275303	4.936737988788639	1.0186776360510201	0.6343090993496503	2.0270394817688597	1.2297063777234993	2.042372311397825	0.7341759380253703	1.4063453133260193	0.9030200104239503	0.6066220412648002	1.996077765886789	2.06326201121136	0.9670662349562602	0.7274049893206402	1.3563087456132992	1.0673987822345832	1.198094590362511	0.9051228319935403	1.1774234816547398	1.3845269275154573	0.4212551820268602	4.936737988788639
ERS227112_05045_1-295	0.24385755514996	1.57250424303368	0.3351422073907	0.11044633391246994	1.57250424303368	0.49075776817768024	0.0	1.549930375791453	0.057144572763939916	0.3123728246325401	1.57250424303368	1.5409812821404731	5.42749575696632	5.42749575696632	1.5264232992783884	1.57250424303368	1.0789492231676618	1.57250424303368	0.4584674853636299	0.030818776350149957	5.42749575696632	0.5279198678733399	0.14355133117197005	1.5362817135911793	0.738948609545819	1.551614543220145	0.24341816984769005	0.915587545148339	0.41226224224627006	0.11586427308712	1.5053199977091087	1.57250424303368	0.47630846677857996	0.23664722114296	0.8655509774356189	0.5766410140569029	0.707336822184831	0.41436506381586	1.66818124983242	0.893769159337777	0.06950258615082006	5.42749575696632
ROD_24271_1-292	1.306072820641493	0.0225738672422268	1.885072583182153	1.4394840418789832	0.0225738672422268	2.0406881439691333	1.549930375791453	0.0	1.4927858030275132	1.8623032004239932	0.0225738672422268	0.008949093650980101	6.977426132757773	6.977426132757773	0.023507076513064704	0.0225738672422268	0.4709811526237912	0.0225738672422268	1.0914628904278232	1.580749152141603	6.977426132757773	1.0220105079181132	1.406379044619483	0.013648662200273803	0.8109817662456342	0.001684167428691697	1.306512205943763	0.6343428306431143	1.137668133545183	1.434066102704333	0.044610378082344505	0.0225738672422268	1.0736219090128731	1.313283154648493	0.6843793983558343	0.9732893617345503	0.8425935536066222	1.135565311975593	3.218111625623873	0.6561612164536762	1.6194329619422732	6.977426132757773
NCTC13441_04177_1-300	0.18671298238602008	1.51535967026974	0.3922867801546399	0.053301761148530025	1.51535967026974	0.5479023409416202	0.057144572763939916	1.4927858030275132	0.0	0.36951739739648004	1.51535967026974	1.4838367093765332	5.48464032973026	5.48464032973026	1.4692787265144485	1.51535967026974	1.021804650403722	1.51535967026974	0.40132291259969	0.08796334911408987	5.48464032973026	0.47077529510939997	0.08640675840803014	1.4791371408272393	0.6818040367818791	1.494469970456205	0.18627359708375013	0.858442972384399	0.35511766948233014	0.05871970032318008	1.4481754249451688	1.51535967026974	0.41916389401464005	0.17950264837902008	0.808406404671679	0.519496441292963	0.650192249420891	0.3572204910519201	1.72532582259636	0.8366245865738371	0.12664715891475997	5.48464032973026
ROD_15151_1-294	0.5562303797825001	1.88487706766622	0.022769382758159873	0.42281915854501007	1.88487706766622	0.17838494354514012	0.3123728246325401	1.8623032004239932	0.36951739739648004	0.0	1.88487706766622	1.8533541067730133	5.1151229323337795	5.1151229323337795	1.8387961239109285	1.88487706766622	1.3913220478002022	1.88487706766622	0.77084030999617	0.28155404828239017	5.1151229323337795	0.84029269250588	0.4559241558045102	1.8486545382237194	1.0513214341783592	1.863987367852685	0.5557909944802302	1.2279603697808792	0.7246350668788102	0.4282370977196601	1.8176928223416489	1.88487706766622	0.7886812914111201	0.5490200457755001	1.177923802068159	0.8890138386894431	1.019709646817371	0.7267378884484001	1.3558084251998799	1.2061419839703171	0.24287023848172007	5.1151229323337795
ETEC_2583_1-292	1.32864668788372	0.0	1.90764645042438	1.46205790912121	0.0	2.06326201121136	1.57250424303368	0.0225738672422268	1.51535967026974	1.88487706766622	0.0	0.0315229608932069	7.0	7.0	0.0460809437552915	0.0	0.493555019866018	0.0	1.11403675767005	1.60332301938383	7.0	1.04458437516034	1.42895291186171	0.0362225294425006	0.833555633487861	0.0208896998135351	1.32908607318599	0.656916697885341	1.16024200078741	1.45663996994656	0.0671842453245713	0.0	1.0961957762551	1.33585702189072	0.706953265598061	0.995863228976777	0.865167420848849	1.15813917921782	3.2406854928661	0.678735083695903	1.6420068291845	7.0
CS17_02761_1-293	1.2971237269905131	0.0315229608932069	1.8761234895311731	1.4305349482280032	0.0315229608932069	2.031739050318153	1.5409812821404731	0.008949093650980101	1.4838367093765332	1.8533541067730133	0.0315229608932069	0.0	6.968477039106793	6.968477039106793	0.014557982862084602	0.0315229608932069	0.46203205897281113	0.0315229608932069	1.0825137967768432	1.571800058490623	6.968477039106793	1.0130614142671333	1.397429950968503	0.004699568549293702	0.802032672594654	0.010633261079671798	1.297563112292783	0.6253937369921341	1.128719039894203	1.4251170090533531	0.035661284431364404	0.0315229608932069	1.0646728153618932	1.3043340609975131	0.6754303047048541	0.9643402680835701	0.8336444599556421	1.1266162183246131	3.209162531972893	0.647212122802696	1.6104838682912932	6.968477039106793
b4298_1-300	5.67135331211628	7.0	5.09235354957562	5.53794209087879	7.0	4.936737988788639	5.42749575696632	6.977426132757773	5.48464032973026	5.1151229323337795	7.0	6.968477039106793	0.0	0.0	6.953919056244708	7.0	6.506444980133982	7.0	5.88596324232995	5.39667698061617	0.0	5.9554156248396595	5.57104708813829	6.963777470557499	6.166444366512139	6.9791103001864645	5.67091392681401	6.343083302114659	5.8397579992125905	5.5433600300534405	6.9328157546754285	7.0	5.9038042237449	5.66414297810928	6.293046734401939	6.004136771023223	6.134832579151151	5.8418608207821805	3.7593145071339	6.321264916304097	5.3579931708155	0.0
b0268_1-302	5.67135331211628	7.0	5.09235354957562	5.53794209087879	7.0	4.936737988788639	5.42749575696632	6.977426132757773	5.48464032973026	5.1151229323337795	7.0	6.968477039106793	0.0	0.0	6.953919056244708	7.0	6.506444980133982	7.0	5.88596324232995	5.39667698061617	0.0	5.9554156248396595	5.57104708813829	6.963777470557499	6.166444366512139	6.9791103001864645	5.67091392681401	6.343083302114659	5.8397579992125905	5.5433600300534405	6.9328157546754285	7.0	5.9038042237449	5.66414297810928	6.293046734401939	6.004136771023223	6.134832579151151	5.8418608207821805	3.7593145071339	6.321264916304097	5.3579931708155	0.0
SEN2468_1-292	1.2825657441284284	0.0460809437552915	1.8615655066690884	1.4159769653659184	0.0460809437552915	2.0171810674560686	1.5264232992783884	0.023507076513064704	1.4692787265144485	1.8387961239109285	0.0460809437552915	0.014557982862084602	6.953919056244708	6.953919056244708	0.0	0.0460809437552915	0.44747407611072654	0.0460809437552915	1.0679558139147585	1.5572420756285383	6.953919056244708	0.9985034314050486	1.3828719681064183	0.0098584143127909	0.7874746897325695	0.0251912439417564	1.2830051294306983	0.6108357541300495	1.1141610570321183	1.4105590261912684	0.021103301569279802	0.0460809437552915	1.0501148324998084	1.2897760781354284	0.6608723218427696	0.9497822852214856	0.8190864770935575	1.1120582354625284	3.1946045491108084	0.6326541399406115	1.5959258854292084	6.953919056244708
NCTC13441_01250_1-293	1.32864668788372	0.0	1.90764645042438	1.46205790912121	0.0	2.06326201121136	1.57250424303368	0.0225738672422268	1.51535967026974	1.88487706766622	0.0	0.0315229608932069	7.0	7.0	0.0460809437552915	0.0	0.493555019866018	0.0	1.11403675767005	1.60332301938383	7.0	1.04458437516034	1.42895291186171	0.0362225294425006	0.833555633487861	0.0208896998135351	1.32908607318599	0.656916697885341	1.16024200078741	1.45663996994656	0.0671842453245713	0.0	1.0961957762551	1.33585702189072	0.706953265598061	0.995863228976777	0.865167420848849	1.15813917921782	3.2406854928661	0.678735083695903	1.6420068291845	7.0
NCTC13441_04954_1-302	0.835091668017702	0.493555019866018	1.4140914305583618	0.968502889255192	0.493555019866018	1.5697069913453423	1.0789492231676618	0.4709811526237912	1.021804650403722	1.3913220478002022	0.493555019866018	0.46203205897281113	6.506444980133982	6.506444980133982	0.44747407611072654	0.493555019866018	0.0	0.493555019866018	0.620481737804032	1.1097679995178118	6.506444980133982	0.5510293552943221	0.9353978919956919	0.4573324904235174	0.340000613621843	0.4726653200524829	0.8355310533199719	0.163361678019323	0.6666869809213919	0.963084950080542	0.42637077454144673	0.493555019866018	0.602640756389082	0.842302002024702	0.21339824573204302	0.502308209110759	0.371612400982831	0.6645841593518019	2.747130473000082	0.18518006382988494	1.1484518093184821	6.506444980133982
SL1344_2452_1-292	1.32864668788372	0.0	1.90764645042438	1.46205790912121	0.0	2.06326201121136	1.57250424303368	0.0225738672422268	1.51535967026974	1.88487706766622	0.0	0.0315229608932069	7.0	7.0	0.0460809437552915	0.0	0.493555019866018	0.0	1.11403675767005	1.60332301938383	7.0	1.04458437516034	1.42895291186171	0.0362225294425006	0.833555633487861	0.0208896998135351	1.32908607318599	0.656916697885341	1.16024200078741	1.45663996994656	0.0671842453245713	0.0	1.0961957762551	1.33585702189072	0.706953265598061	0.995863228976777	0.865167420848849	1.15813917921782	3.2406854928661	0.678735083695903	1.6420068291845	7.0
ENC_43800_8-309	0.21460993021366992	1.11403675767005	0.7936096927543299	0.34802115145115997	1.11403675767005	0.9492252535413102	0.4584674853636299	1.0914628904278232	0.40132291259969	0.77084030999617	1.11403675767005	1.0825137967768432	5.88596324232995	5.88596324232995	1.0679558139147585	1.11403675767005	0.620481737804032	1.11403675767005	0.0	0.48928626171377987	5.88596324232995	0.06945238250970998	0.31491615419165986	1.0778142282275494	0.28048112418218907	1.093147057856515	0.21504931551593987	0.45712005978470904	0.04620524311735985	0.3426032122765099	1.0468525123454788	1.11403675767005	0.017840981414950052	0.22182026422066992	0.407083492071989	0.11817352869327302	0.24886933682120105	0.04410242154776989	2.12664873519605	0.4353016739741471	0.52797007151445	5.88596324232995
SL1344_3499_1-301	0.27467633150010995	1.60332301938383	0.30432343104055004	0.1412651102626199	1.60332301938383	0.4599389918275303	0.030818776350149957	1.580749152141603	0.08796334911408987	0.28155404828239017	1.60332301938383	1.571800058490623	5.39667698061617	5.39667698061617	1.5572420756285383	1.60332301938383	1.1097679995178118	1.60332301938383	0.48928626171377987	0.0	5.39667698061617	0.5587386442234898	0.17437010752212	1.5671004899413292	0.7697673858959689	1.5824333195702949	0.27423694619784	0.9464063214984889	0.44308101859642	0.14668304943726995	1.5361387740592587	1.60332301938383	0.5071272431287299	0.26746599749310995	0.8963697537857689	0.6074597904070529	0.7381555985349809	0.44518384016601	1.63736247348227	0.924587935687927	0.0386838098006701	5.39667698061617
b2478_1-292	5.67135331211628	7.0	5.09235354957562	5.53794209087879	7.0	4.936737988788639	5.42749575696632	6.977426132757773	5.48464032973026	5.1151229323337795	7.0	6.968477039106793	0.0	0.0	6.953919056244708	7.0	6.506444980133982	7.0	5.88596324232995	5.39667698061617	0.0	5.9554156248396595	5.57104708813829	6.963777470557499	6.166444366512139	6.9791103001864645	5.67091392681401	6.343083302114659	5.8397579992125905	5.5433600300534405	6.9328157546754285	7.0	5.9038042237449	5.66414297810928	6.293046734401939	6.004136771023223	6.134832579151151	5.8418608207821805	3.7593145071339	6.321264916304097	5.3579931708155	0.0
STM_MW33381_1-298	0.2840623127233799	1.04458437516034	0.8630620752640399	0.41747353396086995	1.04458437516034	1.0186776360510201	0.5279198678733399	1.0220105079181132	0.47077529510939997	0.84029269250588	1.04458437516034	1.0130614142671333	5.9554156248396595	5.9554156248396595	0.9985034314050486	1.04458437516034	0.5510293552943221	1.04458437516034	0.06945238250970998	0.5587386442234898	5.9554156248396595	0.0	0.38436853670136983	1.0083618457178394	0.2110287416724791	1.023694675346805	0.28450169802564984	0.38766767727499907	0.11565762562706983	0.4120555947862199	0.9774001298357687	1.04458437516034	0.05161140109475992	0.2912726467303799	0.33763110956227904	0.04872114618356305	0.17941695431149107	0.11355480405747986	2.19610111770576	0.3658492914644371	0.5974224540241599	5.9554156248396595
SEN3172_1-297	0.10030622397798994	1.42895291186171	0.47869353856267005	0.03310499725950011	1.42895291186171	0.6343090993496503	0.14355133117197005	1.406379044619483	0.08640675840803014	0.4559241558045102	1.42895291186171	1.397429950968503	5.57104708813829	5.57104708813829	1.3828719681064183	1.42895291186171	0.9353978919956919	1.42895291186171	0.31491615419165986	0.17437010752212	5.57104708813829	0.38436853670136983	0.0	1.3927303824192092	0.5953972783738489	1.4080632120481749	0.09986683867572	0.7720362139763689	0.2687109110743	0.027687058084850058	1.3617686665371387	1.42895291186171	0.3327571356066099	0.09309588997098994	0.7219996462636489	0.4330896828849329	0.5637854910128609	0.27081373264388997	1.81173258100439	0.750217828165807	0.2130539173227901	5.57104708813829
BN373_34711_1-292	1.2924241584412193	0.0362225294425006	1.8714239209818793	1.4258353796787093	0.0362225294425006	2.0270394817688597	1.5362817135911793	0.013648662200273803	1.4791371408272393	1.8486545382237194	0.0362225294425006	0.004699568549293702	6.963777470557499	6.963777470557499	0.0098584143127909	0.0362225294425006	0.4573324904235174	0.0362225294425006	1.0778142282275494	1.5671004899413292	6.963777470557499	1.0083618457178394	1.3927303824192092	0.0	0.7973331040453604	0.0153328296289655	1.2928635437434892	0.6206941684428404	1.1240194713449092	1.4204174405040593	0.030961715882070702	0.0362225294425006	1.0599732468125993	1.2996344924482193	0.6707307361555604	0.9596406995342764	0.8289448914063484	1.1219166497753192	3.2044629634235995	0.6425125542534024	1.6057842997419993	6.963777470557499
t3256_1-297	0.495091054395859	0.833555633487861	1.0740908169365189	0.628502275633349	0.833555633487861	1.2297063777234993	0.738948609545819	0.8109817662456342	0.6818040367818791	1.0513214341783592	0.833555633487861	0.802032672594654	6.166444366512139	6.166444366512139	0.7874746897325695	0.833555633487861	0.340000613621843	0.833555633487861	0.28048112418218907	0.7697673858959689	6.166444366512139	0.2110287416724791	0.5953972783738489	0.7973331040453604	0.0	0.8126659336743259	0.49553043969812893	0.17663893560251998	0.3266863672995489	0.623084336458699	0.7663713881632896	0.833555633487861	0.262640142767239	0.502301388402859	0.12660236788979995	0.16230759548891605	0.03161178736098802	0.32458354572995896	2.407129859378239	0.15482054979195803	0.808451195696639	6.166444366512139
ERS227112_03767_1-293	1.307756988070185	0.0208896998135351	1.886756750610845	1.441168209307675	0.0208896998135351	2.042372311397825	1.551614543220145	0.001684167428691697	1.494469970456205	1.863987367852685	0.0208896998135351	0.010633261079671798	6.9791103001864645	6.9791103001864645	0.0251912439417564	0.0208896998135351	0.4726653200524829	0.0208896998135351	1.093147057856515	1.5824333195702949	6.9791103001864645	1.023694675346805	1.4080632120481749	0.0153328296289655	0.8126659336743259	0.0	1.3081963733724549	0.636026998071806	1.1393523009738749	1.435750270133025	0.046294545511036206	0.0208896998135351	1.075306076441565	1.314967322077185	0.686063565784526	0.974973529163242	0.844277721035314	1.137249479404285	3.219795793052565	0.6578453838823679	1.621117129370965	6.9791103001864645
STMMW_33381_1-297	0.00043938530226994565	1.32908607318599	0.57856037723839	0.1329718359352201	1.32908607318599	0.7341759380253703	0.24341816984769005	1.306512205943763	0.18627359708375013	0.5557909944802302	1.32908607318599	1.297563112292783	5.67091392681401	5.67091392681401	1.2830051294306983	1.32908607318599	0.8355310533199719	1.32908607318599	0.21504931551593987	0.27423694619784	5.67091392681401	0.28450169802564984	0.09986683867572	1.2928635437434892	0.49553043969812893	1.3081963733724549	0.0	0.6721693753006489	0.16884407239858001	0.12755389676057005	1.2619018278614187	1.32908607318599	0.23289029693088992	0.006770948704730051	0.6221328075879289	0.3332228442092129	0.4639186523371409	0.17094689396816998	1.91159941968011	0.650350989490087	0.3129207559985101	5.67091392681401
ETEC_3486_1-297	0.671729989998379	0.656916697885341	1.2507297525390388	0.805141211235869	0.656916697885341	1.4063453133260193	0.915587545148339	0.6343428306431143	0.858442972384399	1.2279603697808792	0.656916697885341	0.6253937369921341	6.343083302114659	6.343083302114659	0.6108357541300495	0.656916697885341	0.163361678019323	0.656916697885341	0.45712005978470904	0.9464063214984889	6.343083302114659	0.38766767727499907	0.7720362139763689	0.6206941684428404	0.17663893560251998	0.636026998071806	0.6721693753006489	0.0	0.5033253029020689	0.799723272061219	0.5897324525607697	0.656916697885341	0.439279078369759	0.678940324005379	0.050036567712720026	0.338946531091436	0.208250722963508	0.5012224813324789	2.583768794980759	0.021818385810561947	0.985090131299159	6.343083302114659
BN373_22031_1-294	0.16840468709631007	1.16024200078741	0.7474044496369701	0.3018159083338001	1.16024200078741	0.9030200104239503	0.41226224224627006	1.137668133545183	0.35511766948233014	0.7246350668788102	1.16024200078741	1.128719039894203	5.8397579992125905	5.8397579992125905	1.1141610570321183	1.16024200078741	0.6666869809213919	1.16024200078741	0.04620524311735985	0.44308101859642	5.8397579992125905	0.11565762562706983	0.2687109110743	1.1240194713449092	0.3266863672995489	1.1393523009738749	0.16884407239858001	0.5033253029020689	0.0	0.29639796915915007	1.0930577554628387	1.16024200078741	0.0640462245323099	0.17561502110331006	0.45328873518934887	0.16437877181063287	0.2950745799385609	0.0021028215695899632	2.08044349207869	0.48150691709150695	0.4817648283970901	5.8397579992125905
NCTC13441_04103_17-319	0.12799328206284	1.45663996994656	0.45100648047782	0.005417939174650055	1.45663996994656	0.6066220412648002	0.11586427308712	1.434066102704333	0.05871970032318008	0.4282370977196601	1.45663996994656	1.4251170090533531	5.5433600300534405	5.5433600300534405	1.4105590261912684	1.45663996994656	0.963084950080542	1.45663996994656	0.3426032122765099	0.14668304943726995	5.5433600300534405	0.4120555947862199	0.027687058084850058	1.4204174405040593	0.623084336458699	1.435750270133025	0.12755389676057005	0.799723272061219	0.29639796915915007	0.0	1.3894557246219887	1.45663996994656	0.36044419369145997	0.12078294805584	0.7496867043484989	0.46077674096978294	0.591472549097711	0.29850079072874003	1.78404552291954	0.777904886250657	0.18536685923794005	5.5433600300534405
STMMW_25071_1-292	1.2614624425591487	0.0671842453245713	1.8404622050998087	1.3948736637966388	0.0671842453245713	1.996077765886789	1.5053199977091087	0.044610378082344505	1.4481754249451688	1.8176928223416489	0.0671842453245713	0.035661284431364404	6.9328157546754285	6.9328157546754285	0.021103301569279802	0.0671842453245713	0.42637077454144673	0.0671842453245713	1.0468525123454788	1.5361387740592587	6.9328157546754285	0.9774001298357687	1.3617686665371387	0.030961715882070702	0.7663713881632896	0.046294545511036206	1.2619018278614187	0.5897324525607697	1.0930577554628387	1.3894557246219887	0.0	0.0671842453245713	1.0290115309305288	1.2686727765661487	0.6397690202734897	0.9286789836522057	0.7979831755242777	1.0909549338932487	3.1735012475415285	0.6115508383713316	1.5748225838599288	6.9328157546754285
ENC_37950_1-280	1.32864668788372	0.0	1.90764645042438	1.46205790912121	0.0	2.06326201121136	1.57250424303368	0.0225738672422268	1.51535967026974	1.88487706766622	0.0	0.0315229608932069	7.0	7.0	0.0460809437552915	0.0	0.493555019866018	0.0	1.11403675767005	1.60332301938383	7.0	1.04458437516034	1.42895291186171	0.0362225294425006	0.833555633487861	0.0208896998135351	1.32908607318599	0.656916697885341	1.16024200078741	1.45663996994656	0.0671842453245713	0.0	1.0961957762551	1.33585702189072	0.706953265598061	0.995863228976777	0.865167420848849	1.15813917921782	3.2406854928661	0.678735083695903	1.6420068291845	7.0
BN373_29921_1-281	0.23245091162861997	1.0961957762551	0.81145067416928	0.36586213286611	1.0961957762551	0.9670662349562602	0.47630846677857996	1.0736219090128731	0.41916389401464005	0.7886812914111201	1.0961957762551	1.0646728153618932	5.9038042237449	5.9038042237449	1.0501148324998084	1.0961957762551	0.602640756389082	1.0961957762551	0.017840981414950052	0.5071272431287299	5.9038042237449	0.05161140109475992	0.3327571356066099	1.0599732468125993	0.262640142767239	1.075306076441565	0.23289029693088992	0.439279078369759	0.0640462245323099	0.36044419369145997	1.0290115309305288	1.0961957762551	0.0	0.23966124563561997	0.38924251065703896	0.10033254727832297	0.231028355406251	0.06194340296271994	2.144489716611	0.41746069255919704	0.5458110529294	5.9038042237449
ROD_45971_1-297	0.007210334006999997	1.33585702189072	0.57178942853366	0.12620088723049006	1.33585702189072	0.7274049893206402	0.23664722114296	1.313283154648493	0.17950264837902008	0.5490200457755001	1.33585702189072	1.3043340609975131	5.66414297810928	5.66414297810928	1.2897760781354284	1.33585702189072	0.842302002024702	1.33585702189072	0.22182026422066992	0.26746599749310995	5.66414297810928	0.2912726467303799	0.09309588997098994	1.2996344924482193	0.502301388402859	1.314967322077185	0.006770948704730051	0.678940324005379	0.17561502110331006	0.12078294805584	1.2686727765661487	1.33585702189072	0.23966124563561997	0.0	0.6289037562926589	0.33999379291394294	0.47068960104187096	0.17771784267290003	1.90482847097538	0.657121938194817	0.30614980729378005	5.66414297810928
ROD_38421_1-296	0.6216934222856589	0.706953265598061	1.200693184826319	0.755104643523149	0.706953265598061	1.3563087456132992	0.8655509774356189	0.6843793983558343	0.808406404671679	1.177923802068159	0.706953265598061	0.6754303047048541	6.293046734401939	6.293046734401939	0.6608723218427696	0.706953265598061	0.21339824573204302	0.706953265598061	0.407083492071989	0.8963697537857689	6.293046734401939	0.33763110956227904	0.7219996462636489	0.6707307361555604	0.12660236788979995	0.686063565784526	0.6221328075879289	0.050036567712720026	0.45328873518934887	0.7496867043484989	0.6397690202734897	0.706953265598061	0.38924251065703896	0.6289037562926589	0.0	0.288909963378716	0.15821415525078797	0.4511859136197589	2.5337322272680387	0.02821818190215808	0.935053563586439	6.293046734401939
CS17_03662_1-298	0.33278345890694294	0.995863228976777	0.9117832214476029	0.466194680144433	0.995863228976777	1.0673987822345832	0.5766410140569029	0.9732893617345503	0.519496441292963	0.8890138386894431	0.995863228976777	0.9643402680835701	6.004136771023223	6.004136771023223	0.9497822852214856	0.995863228976777	0.502308209110759	0.995863228976777	0.11817352869327302	0.6074597904070529	6.004136771023223	0.04872114618356305	0.4330896828849329	0.9596406995342764	0.16230759548891605	0.974973529163242	0.3332228442092129	0.338946531091436	0.16437877181063287	0.46077674096978294	0.9286789836522057	0.995863228976777	0.10033254727832297	0.33999379291394294	0.288909963378716	0.0	0.13069580812792803	0.1622759502410429	2.244822263889323	0.3171281452808741	0.646143600207723	6.004136771023223
ROD_25481_1-306	0.46347926703487097	0.865167420848849	1.042479029575531	0.596890488272361	0.865167420848849	1.198094590362511	0.707336822184831	0.8425935536066222	0.650192249420891	1.019709646817371	0.865167420848849	0.8336444599556421	6.134832579151151	6.134832579151151	0.8190864770935575	0.865167420848849	0.371612400982831	0.865167420848849	0.24886933682120105	0.7381555985349809	6.134832579151151	0.17941695431149107	0.5637854910128609	0.8289448914063484	0.03161178736098802	0.844277721035314	0.4639186523371409	0.208250722963508	0.2950745799385609	0.591472549097711	0.7979831755242777	0.865167420848849	0.231028355406251	0.47068960104187096	0.15821415525078797	0.13069580812792803	0.0	0.29297175836897094	2.375518072017251	0.18643233715294605	0.776839408335651	6.134832579151151
NCTC13441_00473_1-298	0.17050750866590003	1.15813917921782	0.74950727120656	0.3039187299033901	1.15813917921782	0.9051228319935403	0.41436506381586	1.135565311975593	0.3572204910519201	0.7267378884484001	1.15813917921782	1.1266162183246131	5.8418608207821805	5.8418608207821805	1.1120582354625284	1.15813917921782	0.6645841593518019	1.15813917921782	0.04410242154776989	0.44518384016601	5.8418608207821805	0.11355480405747986	0.27081373264388997	1.1219166497753192	0.32458354572995896	1.137249479404285	0.17094689396816998	0.5012224813324789	0.0021028215695899632	0.29850079072874003	1.0909549338932487	1.15813917921782	0.06194340296271994	0.17771784267290003	0.4511859136197589	0.1622759502410429	0.29297175836897094	0.0	2.08254631364828	0.479404095521917	0.4838676499666801	5.8418608207821805
STM_MW35211_1-302	1.91203880498238	3.2406854928661	1.33303904244172	1.77862758374489	3.2406854928661	1.1774234816547398	1.66818124983242	3.218111625623873	1.72532582259636	1.3558084251998799	3.2406854928661	3.209162531972893	3.7593145071339	3.7593145071339	3.1946045491108084	3.2406854928661	2.747130473000082	3.2406854928661	2.12664873519605	1.63736247348227	3.7593145071339	2.19610111770576	1.81173258100439	3.2044629634235995	2.407129859378239	3.219795793052565	1.91159941968011	2.583768794980759	2.08044349207869	1.78404552291954	3.1735012475415285	3.2406854928661	2.144489716611	1.90482847097538	2.5337322272680387	2.244822263889323	2.375518072017251	2.08254631364828	0.0	2.561950409170197	1.5986786636816	3.7593145071339
ERS227112_04255_1-293	0.649911604187817	0.678735083695903	1.228911366728477	0.7833228254253071	0.678735083695903	1.3845269275154573	0.893769159337777	0.6561612164536762	0.8366245865738371	1.2061419839703171	0.678735083695903	0.647212122802696	6.321264916304097	6.321264916304097	0.6326541399406115	0.678735083695903	0.18518006382988494	0.678735083695903	0.4353016739741471	0.924587935687927	6.321264916304097	0.3658492914644371	0.750217828165807	0.6425125542534024	0.15482054979195803	0.6578453838823679	0.650350989490087	0.021818385810561947	0.48150691709150695	0.777904886250657	0.6115508383713316	0.678735083695903	0.41746069255919704	0.657121938194817	0.02821818190215808	0.3171281452808741	0.18643233715294605	0.479404095521917	2.561950409170197	0.0	0.9632717454885971	6.321264916304097
ENC_34680_1-297	0.31336014130078005	1.6420068291845	0.26563962123987994	0.17994892006329	1.6420068291845	0.4212551820268602	0.06950258615082006	1.6194329619422732	0.12664715891475997	0.24287023848172007	1.6420068291845	1.6104838682912932	5.3579931708155	5.3579931708155	1.5959258854292084	1.6420068291845	1.1484518093184821	1.6420068291845	0.52797007151445	0.0386838098006701	5.3579931708155	0.5974224540241599	0.2130539173227901	1.6057842997419993	0.808451195696639	1.621117129370965	0.3129207559985101	0.985090131299159	0.4817648283970901	0.18536685923794005	1.5748225838599288	1.6420068291845	0.5458110529294	0.30614980729378005	0.935053563586439	0.646143600207723	0.776839408335651	0.4838676499666801	1.5986786636816	0.9632717454885971	0.0	5.3579931708155
b3225_1-297	5.67135331211628	7.0	5.09235354957562	5.53794209087879	7.0	4.936737988788639	5.42749575696632	6.977426132757773	5.48464032973026	5.1151229323337795	7.0	6.968477039106793	0.0	0.0	6.953919056244708	7.0	6.506444980133982	7.0	5.88596324232995	5.39667698061617	0.0	5.9554156248396595	5.57104708813829	6.963777470557499	6.166444366512139	6.9791103001864645	5.67091392681401	6.343083302114659	5.8397579992125905	5.5433600300534405	6.9328157546754285	7.0	5.9038042237449	5.66414297810928	6.293046734401939	6.004136771023223	6.134832579151151	5.8418608207821805	3.7593145071339	6.321264916304097	5.3579931708155	0.0
