ETEC_1190_2-371	0.0	0.407804275630262	0.07871018813484598	-1	0.015069951163171003	1.4835527684331122	0.30048923956680706	0.261568394288773
SEN1131_3-359	0.407804275630262	0.0	0.486514463765108	-1	0.422874226793433	1.0757484928028502	0.10731503606345494	0.669372669919035
CS17_01263_2-373	0.07871018813484598	0.486514463765108	0.0	-1	0.06364023697167498	1.5622629565679582	0.37919942770165305	0.182858206153927
b1140_3-372	-1	-1	-1	-1	-1	-1	-1	-1
CS17_00775_10-355	0.015069951163171003	0.422874226793433	0.06364023697167498	-1	0.0	1.4986227195962831	0.31555919072997807	0.24649844312560198
NCTC13441_02775_6-378	1.4835527684331122	1.0757484928028502	1.5622629565679582	-1	1.4986227195962831	0.0	1.1830635288663052	1.7451211627218852
ETEC_0780_10-355	0.30048923956680706	0.10731503606345494	0.37919942770165305	-1	0.31555919072997807	1.1830635288663052	0.0	0.56205763385558
NCTC13441_02577_3-377	0.261568394288773	0.669372669919035	0.182858206153927	-1	0.24649844312560198	1.7451211627218852	0.56205763385558	0.0
