CS17_03139_1-366	0.0	0.06050398047923	0.238318966748167	5.91801351087365	0.38365395340237596	0.04954551221855996	0.289786861390383	0.45237720566223594	0.018417590173849918	0.06939869181062996	0.05145142002869996	0.34018913363409997	0.375825597691801
BN373_38041_1-366	0.06050398047923	0.0	0.298822947227397	5.85750953039442	0.44415793388160596	0.11004949269778996	0.350290841869613	0.5128811861414659	0.042086390305380084	0.12990267228985997	0.009052560450530045	0.40069311411333	0.436329578171031
ERS227112_01500_1-366	0.238318966748167	0.298822947227397	0.0	6.156332477621817	0.14533498665420896	0.18877345452960703	0.05146789464221602	0.21405823891406894	0.2567365569220169	0.16892027493753703	0.28977038677686695	0.10187016688593298	0.13750663094363402
b2806_1-366	5.91801351087365	5.85750953039442	6.156332477621817	0.0	6.301667464276026	5.96755902309221	6.207800372264033	6.370390716535886	5.8995959206998005	5.98741220268428	5.86656209084495	6.25820264450775	6.293839108565451
ROD_28511_1-366	0.38365395340237596	0.44415793388160596	0.14533498665420896	6.301667464276026	0.0	0.334108441183816	0.09386709201199295	0.06872325225985998	0.4020715435762259	0.314255261591746	0.4351053734310759	0.043464819768275986	0.007828355710574941
ETEC_2996_1-366	0.04954551221855996	0.11004949269778996	0.18877345452960703	5.96755902309221	0.334108441183816	0.0	0.24024134917182305	0.402831693443676	0.06796310239240988	0.019853179592070003	0.10099693224725992	0.29064362141554	0.32628008547324105
SEN2824_1-366	0.289786861390383	0.350290841869613	0.05146789464221602	6.207800372264033	0.09386709201199295	0.24024134917182305	0.0	0.16259034427185293	0.30820445156423293	0.22038816957975305	0.34123828141908297	0.05040227224371696	0.086038736301418
t2888_1-366	0.45237720566223594	0.5128811861414659	0.21405823891406894	6.370390716535886	0.06872325225985998	0.402831693443676	0.16259034427185293	0.0	0.47079479583608586	0.382978513851606	0.5038286256909359	0.11218807202813597	0.07655160797043492
SL1344_2960_1-366	0.018417590173849918	0.042086390305380084	0.2567365569220169	5.8995959206998005	0.4020715435762259	0.06796310239240988	0.30820445156423293	0.47079479583608586	0.0	0.08781628198447988	0.03303382985485004	0.3586067238079499	0.39424318786565093
ENC_30440_1-366	0.06939869181062996	0.12990267228985997	0.16892027493753703	5.98741220268428	0.314255261591746	0.019853179592070003	0.22038816957975305	0.382978513851606	0.08781628198447988	0.0	0.12085011183932992	0.27079044182347	0.30642690588117105
STMMW_29431_1-366	0.05145142002869996	0.009052560450530045	0.28977038677686695	5.86656209084495	0.4351053734310759	0.10099693224725992	0.34123828141908297	0.5038286256909359	0.03303382985485004	0.12085011183932992	0.0	0.39164055366279993	0.427277017720501
NCTC13441_00969_1-366	0.34018913363409997	0.40069311411333	0.10187016688593298	6.25820264450775	0.043464819768275986	0.29064362141554	0.05040227224371696	0.11218807202813597	0.3586067238079499	0.27079044182347	0.39164055366279993	0.0	0.035636464057701045
STM_MW29431_1-366	0.375825597691801	0.436329578171031	0.13750663094363402	6.293839108565451	0.007828355710574941	0.32628008547324105	0.086038736301418	0.07655160797043492	0.39424318786565093	0.30642690588117105	0.427277017720501	0.035636464057701045	0.0
