ETEC_4157_1-145	0.0	0.18875904599429183	0.2556303028706941	0.6687783828853806	0.6952226321175841	-1	0.2894782056469051	0.31708342701939773	0.04830401324003941	0.657518654046904	0.09105639274516486	0.10553796717148134	0.2211919293823048	0.6994375070777554
ERS227112_00401_1-145	0.18875904599429183	0.0	0.44438934886498593	0.8575374288796724	0.5064635861232922	-1	0.10071915965261324	0.1283243810251059	0.23706305923433124	0.8462777000411958	0.09770265324912697	0.29429701316577317	0.03243288338801298	0.5106784610834636
NCTC13441_04616_1-145	0.2556303028706941	0.44438934886498593	0.0	0.4131480800146865	0.9508529349882782	-1	0.5451085085175992	0.5727137298900918	0.2073262896306547	0.4018883511762099	0.34668669561585896	0.15009233569921276	0.4768222322529989	0.9550678099484495
STMMW_39921_1-145	0.6687783828853806	0.8575374288796724	0.4131480800146865	0.0	1.3640010150029647	-1	0.9582565885322857	0.9858618099047783	0.6204743696453412	0.01125972883847659	0.7598347756305455	0.5632404157138993	0.8899703122676854	1.368215889963136
Ecoli9000q_35020_1-145	0.6952226321175841	0.5064635861232922	0.9508529349882782	1.3640010150029647	0.0	-1	0.405744426470679	0.3781392050981863	0.7435266453576235	1.352741286164488	0.6041662393724192	0.8007605992890654	0.47403070273527925	0.004214874960171366
b3887_1-145	-1	-1	-1	-1	-1	-1	-1	-1	-1	-1	-1	-1	-1	-1
STM_MW39921_1-145	0.2894782056469051	0.10071915965261324	0.5451085085175992	0.9582565885322857	0.405744426470679	-1	0.0	0.02760522137249266	0.3377822188869445	0.9469968596938091	0.1984218129017402	0.3950161728183864	0.06828627626460027	0.40995930143085035
SEN3816_1-145	0.31708342701939773	0.1283243810251059	0.5727137298900918	0.9858618099047783	0.3781392050981863	-1	0.02760522137249266	0.0	0.36538744025943715	0.9746020810663018	0.22602703427423287	0.4226213941908791	0.09589149763709293	0.3823540800583577
CS17_04341_1-145	0.04830401324003941	0.23706305923433124	0.2073262896306547	0.6204743696453412	0.7435266453576235	-1	0.3377822188869445	0.36538744025943715	0.0	0.6092146408068646	0.13936040598520427	0.05723395393144193	0.2694959426223442	0.7477415203177948
ENC_00350_1-145	0.657518654046904	0.8462777000411958	0.4018883511762099	0.01125972883847659	1.352741286164488	-1	0.9469968596938091	0.9746020810663018	0.6092146408068646	0.0	0.7485750467920689	0.5519806868754227	0.8787105834292088	1.3569561611246594
SL1344_3974_1-145	0.09105639274516486	0.09770265324912697	0.34668669561585896	0.7598347756305455	0.6041662393724192	-1	0.1984218129017402	0.22602703427423287	0.13936040598520427	0.7485750467920689	0.0	0.1965943599166462	0.13013553663713995	0.6083811143325906
BN373_48141_1-145	0.10553796717148134	0.29429701316577317	0.15009233569921276	0.5632404157138993	0.8007605992890654	-1	0.3950161728183864	0.4226213941908791	0.05723395393144193	0.5519806868754227	0.1965943599166462	0.0	0.32672989655378615	0.8049754742492368
ROD_38731_1-145	0.2211919293823048	0.03243288338801298	0.4768222322529989	0.8899703122676854	0.47403070273527925	-1	0.06828627626460027	0.09589149763709293	0.2694959426223442	0.8787105834292088	0.13013553663713995	0.32672989655378615	0.0	0.4782455776954506
t3593_1-145	0.6994375070777554	0.5106784610834636	0.9550678099484495	1.368215889963136	0.004214874960171366	-1	0.40995930143085035	0.3823540800583577	0.7477415203177948	1.3569561611246594	0.6083811143325906	0.8049754742492368	0.4782455776954506	0.0
