CS17_04152_1-366	0.0	0.00811401237508471	0.02882422567631479	0.012182983925780232	0.06150139663824236	0.04167968210002153	0.044776827051613344	0.032704131298419405	0.04785063398602928	-1	0.05259515805216742	0.00740270889115717	0.04099625515123613	0.0524899281386341
ROD_40261_1-366	0.00811401237508471	0.0	0.0369382380513995	0.0040689715506955215	0.05338738426315765	0.03356566972493682	0.03666281467652864	0.024590118923334695	0.03973662161094457	-1	0.04448114567708271	0.0007113034839275403	0.03288224277615142	0.04437591576354939
SEN3654_1-366	0.02882422567631479	0.0369382380513995	0.0	0.04100720960209502	0.09032562231455715	0.07050390777633632	0.07360105272792813	0.061528356974734195	0.07667485966234407	-1	0.0814193837284822	0.03622693456747196	0.06982048082755092	0.08131415381494889
ENC_03930_1-366	0.012182983925780232	0.0040689715506955215	0.04100720960209502	0.0	0.04931841271246213	0.029496698174241297	0.03259384312583312	0.020521147372639173	0.03566765006024905	-1	0.04041217412638719	0.004780275034623062	0.0288132712254559	0.04030694421285387
Ecoli9000q_33200_1-366	0.06150139663824236	0.05338738426315765	0.09032562231455715	0.04931841271246213	0.0	0.019821714538220833	0.016724569586629014	0.028797265339822957	0.01365076265221308	-1	0.008906238586074944	0.05409868774708519	0.02050514148700623	0.00901146849960826
BN373_47481_1-366	0.04167968210002153	0.03356566972493682	0.07050390777633632	0.029496698174241297	0.019821714538220833	0.0	0.003097144951591819	0.008975550801602124	0.0061709518860077524	-1	0.010915475952145889	0.03427697320886436	0.0006834269487853983	0.010810246038612574
ETEC_3991_1-366	0.044776827051613344	0.03666281467652864	0.07360105272792813	0.03259384312583312	0.016724569586629014	0.003097144951591819	0.0	0.012072695753193943	0.0030738069344159336	-1	0.00781833100055407	0.037374118160456174	0.003780571900377217	0.007713101087020755
STMMW_38221_1-366	0.032704131298419405	0.024590118923334695	0.061528356974734195	0.020521147372639173	0.028797265339822957	0.008975550801602124	0.012072695753193943	0.0	0.015146502687609876	-1	0.019891026753748015	0.025301422407262235	0.008292123852816725	0.019785796840214698
SL1344_3804_1-366	0.04785063398602928	0.03973662161094457	0.07667485966234407	0.03566765006024905	0.01365076265221308	0.0061709518860077524	0.0030738069344159336	0.015146502687609876	0.0	-1	0.004744524066138137	0.04044792509487211	0.006854378834793151	0.0046392941526048215
b3701_1-366	-1	-1	-1	-1	-1	-1	-1	-1	-1	-1	-1	-1	-1	-1
ERS227112_00471_1-366	0.05259515805216742	0.04448114567708271	0.0814193837284822	0.04041217412638719	0.008906238586074944	0.010915475952145889	0.00781833100055407	0.019891026753748015	0.004744524066138137	-1	0.0	0.04519244916101025	0.011598902900931287	0.00010522991353331505
STM_MW38221_1-366	0.00740270889115717	0.0007113034839275403	0.03622693456747196	0.004780275034623062	0.05409868774708519	0.03427697320886436	0.037374118160456174	0.025301422407262235	0.04044792509487211	-1	0.04519244916101025	0.0	0.03359354626007896	0.04508721924747693
NCTC13441_04815_1-366	0.04099625515123613	0.03288224277615142	0.06982048082755092	0.0288132712254559	0.02050514148700623	0.0006834269487853983	0.003780571900377217	0.008292123852816725	0.006854378834793151	-1	0.011598902900931287	0.03359354626007896	0.0	0.011493672987397972
t3682_1-366	0.0524899281386341	0.04437591576354939	0.08131415381494889	0.04030694421285387	0.00901146849960826	0.010810246038612574	0.007713101087020755	0.019785796840214698	0.0046392941526048215	-1	0.00010522991353331505	0.04508721924747693	0.011493672987397972	0.0
