SL1344_1591_1-250	0.0	0.26784485745576503	0.14359051772391696	0.27450837257084204	0.009543988182366014	0.14720249716196	0.3385245406960089	-1	0.03801399347219403	0.150320047425632	0.05498296708033701	0.29808232838509907	0.21984797375658993
NCTC13441_02431_1-250	0.26784485745576503	0.0	0.411435375179682	0.006663515115077012	0.258300869273399	0.12064236029380504	0.6063693981517739	-1	0.229830863983571	0.418164904881397	0.32282782453610204	0.5659271858408641	0.48769283121235496
ROD_16721_1-250	0.14359051772391696	0.411435375179682	0.0	0.418098890294759	0.15313450590628297	0.29079301488587694	0.19493402297209195	-1	0.18160451119611098	0.006729529701715031	0.08860755064357995	0.15449181066118212	0.07625745603267298
ERS227112_05155_1-250	0.27450837257084204	0.006663515115077012	0.418098890294759	0.0	0.264964384388476	0.12730587540888205	0.6130329132668509	-1	0.236494379098648	0.424828419996474	0.32949133965117905	0.5725907009559411	0.494356346327432
STM_MW16561_15-264	0.009543988182366014	0.258300869273399	0.15313450590628297	0.264964384388476	0.0	0.13765850897959397	0.3480685288783749	-1	0.028470005289828015	0.159864035607998	0.06452695526270302	0.3076263165674651	0.22939196193895595
t1564_15-264	0.14720249716196	0.12064236029380504	0.29079301488587694	0.12730587540888205	0.13765850897959397	0.0	0.4857270378579689	-1	0.10918850368976596	0.297522544587592	0.202185464242297	0.44528482554705906	0.3670504709185499
BN373_20861_1-250	0.3385245406960089	0.6063693981517739	0.19493402297209195	0.6130329132668509	0.3480685288783749	0.4857270378579689	0.0	-1	0.37653853416820293	0.18820449327037692	0.2835415736156719	0.04044221231090983	0.11867656693941897
b1334_1-250	-1	-1	-1	-1	-1	-1	-1	-1	-1	-1	-1	-1	-1
ETEC_1438_1-250	0.03801399347219403	0.229830863983571	0.18160451119611098	0.236494379098648	0.028470005289828015	0.10918850368976596	0.37653853416820293	-1	0.0	0.18833404089782602	0.09299696055253104	0.3360963218572931	0.25786196722878396
SEN1371_1-250	0.150320047425632	0.418164904881397	0.006729529701715031	0.424828419996474	0.159864035607998	0.297522544587592	0.18820449327037692	-1	0.18833404089782602	0.0	0.09533708034529498	0.14776228095946708	0.06952792633095795
STMMW_16561_15-264	0.05498296708033701	0.32282782453610204	0.08860755064357995	0.32949133965117905	0.06452695526270302	0.202185464242297	0.2835415736156719	-1	0.09299696055253104	0.09533708034529498	0.0	0.24309936130476206	0.16486500667625292
CS17_01520_1-250	0.29808232838509907	0.5659271858408641	0.15449181066118212	0.5725907009559411	0.3076263165674651	0.44528482554705906	0.04044221231090983	-1	0.3360963218572931	0.14776228095946708	0.24309936130476206	0.0	0.07823435462850914
ENC_12660_1-250	0.21984797375658993	0.48769283121235496	0.07625745603267298	0.494356346327432	0.22939196193895595	0.3670504709185499	0.11867656693941897	-1	0.25786196722878396	0.06952792633095795	0.16486500667625292	0.07823435462850914	0.0
