ROD_38281_1-255	0.0	0.364397864796168	0.09561584231528908	0.23873720775194496	6.348213590177289	0.514501015866266	0.027675074937173028	0.38264221958656497	0.44375515883886796	0.6591716023632991	0.29107703743178	0.570296245506759	0.075886616931641	0.07518928284483106	0.056843895422876045
NCTC13441_04581_1-256	0.364397864796168	0.0	0.46001370711145706	0.12566065704422302	6.712611454973457	0.15010315107009797	0.392072939733341	0.018244354790396988	0.07935729404269998	1.023569467159467	0.073320827364388	0.9346941103029269	0.288511247864527	0.43958714764099904	0.421241760219044
CS17_04375_1-256	0.09561584231528908	0.46001370711145706	0.0	0.33435305006723404	6.252597747862	0.610116858181555	0.06794076737811605	0.47825806190185405	0.539371001154157	0.56355576004801	0.38669287974706906	0.47468040319146987	0.17150245924693008	0.020426559470458017	0.038771946892413034
ERS227112_00574_1-255	0.23873720775194496	0.12566065704422302	0.33435305006723404	0.0	6.586950797929234	0.275763808114321	0.266412282689118	0.14390501183462	0.205017951086923	0.897908810115244	0.052339829679835026	0.8090334532587039	0.16285059082030395	0.313926490596776	0.295581103174821
b3919_1-255	6.348213590177289	6.712611454973457	6.252597747862	6.586950797929234	0.0	6.862714606043555	6.320538515240116	6.730855809763854	6.791968749016157	5.68904198781399	6.639290627609069	5.77791734467053	6.42410020710893	6.273024307332458	6.291369694754413
STM_MW40461_1-256	0.514501015866266	0.15010315107009797	0.610116858181555	0.275763808114321	6.862714606043555	0.0	0.542176090803439	0.13185879627970098	0.070745857027398	1.1736726182295651	0.22342397843448597	1.084797261373025	0.43861439893462495	0.589690298711097	0.571344911289142
ROD_50521_1-264	0.027675074937173028	0.392072939733341	0.06794076737811605	0.266412282689118	6.320538515240116	0.542176090803439	0.0	0.410317294523738	0.471430233776041	0.631496527426126	0.318752112368953	0.5426211705695859	0.10356169186881403	0.047514207907658035	0.029168820485703018
t3537_1-255	0.38264221958656497	0.018244354790396988	0.47825806190185405	0.14390501183462	6.730855809763854	0.13185879627970098	0.410317294523738	0.0	0.06111293925230299	1.041813821949864	0.09156518215478499	0.9529384650933239	0.30675560265492396	0.45783150243139603	0.439486115009441
ETEC_4188_1-255	0.44375515883886796	0.07935729404269998	0.539371001154157	0.205017951086923	6.791968749016157	0.070745857027398	0.471430233776041	0.06111293925230299	0.0	1.1029267612021671	0.15267812140708797	1.014051404345627	0.36786854190722695	0.518944441683699	0.500599054261744
BN373_17341_1-264	0.6591716023632991	1.023569467159467	0.56355576004801	0.897908810115244	5.68904198781399	1.1736726182295651	0.631496527426126	1.041813821949864	1.1029267612021671	0.0	0.9502486397950791	0.08887535685654013	0.7350582192949401	0.583982319518468	0.602327706940423
ENC_00810_1-249	0.29107703743178	0.073320827364388	0.38669287974706906	0.052339829679835026	6.639290627609069	0.22342397843448597	0.318752112368953	0.09156518215478499	0.15267812140708797	0.9502486397950791	0.0	0.861373282938539	0.21519042050013898	0.36626632027661105	0.34792093285465603
BN373_46471_1-255	0.570296245506759	0.9346941103029269	0.47468040319146987	0.8090334532587039	5.77791734467053	1.084797261373025	0.5426211705695859	0.9529384650933239	1.014051404345627	0.08887535685654013	0.861373282938539	0.0	0.6461828624384	0.4951069626619279	0.5134523500838829
SEN3871_1-255	0.075886616931641	0.288511247864527	0.17150245924693008	0.16285059082030395	6.42410020710893	0.43861439893462495	0.10356169186881403	0.30675560265492396	0.36786854190722695	0.7350582192949401	0.21519042050013898	0.6461828624384	0.0	0.15107589977647207	0.13273051235451705
STMMW_40461_1-255	0.07518928284483106	0.43958714764099904	0.020426559470458017	0.313926490596776	6.273024307332458	0.589690298711097	0.047514207907658035	0.45783150243139603	0.518944441683699	0.583982319518468	0.36626632027661105	0.4951069626619279	0.15107589977647207	0.0	0.018345387421955017
SL1344_4030_1-255	0.056843895422876045	0.421241760219044	0.038771946892413034	0.295581103174821	6.291369694754413	0.571344911289142	0.029168820485703018	0.439486115009441	0.500599054261744	0.602327706940423	0.34792093285465603	0.5134523500838829	0.13273051235451705	0.018345387421955017	0.0
