NCTC13441_04355_1-743	0.0	0.34054417521722	0.33110419405939995	0.586836476194728	0.47429687887941996	5.6347745148063	0.48155304498647	0.39775592409208804
CS17_00293_1-795	0.34054417521722	0.0	0.009439981157820077	0.24629230097750798	0.81484105409664	5.97531869002352	0.14100886976924998	0.05721174887486802
ETEC_4417_1-742	0.33110419405939995	0.009439981157820077	0.0	0.25573228213532806	0.8054010729388199	5.9658787088657	0.15044885092707005	0.0666517300326881
CS17_04586_1-743	0.586836476194728	0.24629230097750798	0.25573228213532806	0.0	1.061133355074148	6.221610991001028	0.105283431208258	0.18908055210263996
ENC_05420_1-784	0.47429687887941996	0.81484105409664	0.8054010729388199	1.061133355074148	0.0	5.16047763592688	0.95584992386589	0.872052802971508
b4109_1-742	5.6347745148063	5.97531869002352	5.9658787088657	6.221610991001028	5.16047763592688	0.0	6.11632755979277	6.032530438898388
CS17_03362_1-798	0.48155304498647	0.14100886976924998	0.15044885092707005	0.105283431208258	0.95584992386589	6.11632755979277	0.0	0.08379712089438196
NCTC13441_01728_1-720	0.39775592409208804	0.05721174887486802	0.0666517300326881	0.18908055210263996	0.872052802971508	6.032530438898388	0.08379712089438196	0.0
