Ecoli9000q_49700_3-258	0.0	0.29225908372827797	0.408034034305499	0.45013271683823064	0.3494909784347998	0.4314253208456838	0.5806346582566625	0.5601634292402642	0.16806978023303665	0.39558395322426587	0.5225218877012465	0.14099465622547902	0.6908490817005383	0.7297879378222262	0.8069215705261867	0.793108964668712	-1	-1	0.01813110181311022	0.08477360264898787	0.5559626808162708	0.23972476830701728	0.5018526297835812	0.06700045255448484	0.0011936821324846168	-1	-1	0.12646833651456182	0.19418347448176482	0.024409690363427793	0.04137802304191843	0.4671024506582647	0.2982577574260308	0.6888847068290768	0.6156856171571793	0.16568104425380392	0.27351818819378854	0.19980393504210064	0.21683045364368148	0.5114503816793894	0.06841339155749637	0.7861725910863485	0.7630263251730152	0.6254430061216731	0.5951479551462202	-1	-1	0.32465864994112215	0.038867296951246674	0.3031732301195168	0.3104988448797988	0.3189314774359156	0.1992843045530358	0.011244487232917766	0.03201989489417166	-1	0.6138774155651566	0.04679091461519152	0.7813900980791794	0.7737774746829833	0.07142083011478931	0.05428583081501156	0.833981841763943	0.37484737484737485	0.755497609975277	0.7238006019437551	0.6478064272751359	0.6816257718817009	0.5694891822346618	0.5354221011735757	0.1844778279674822	0.17249611887885197	0.718240424626785	0.7233666022319297	0.6396068648975048	0.5980529150527129	0.40800469762435326	0.25913287410015146	0.6923146573947314	0.6258872804264807	0.7704282420890564	0.6996188885924608	0.4121159030197701	0.2520224658956896	0.3062518813575834	0.45278795055240484
Ecoli9000q_49700_317-527	0.29225908372827797	0.0	0.581041465037699	0.610836425187247	0.5396081490344239	0.597596435606424	0.7031979887819664	0.6887096624006924	0.4112089439879943	0.5722300332456098	0.3253490065064489	0.39204677091471496	0.7812012458164945	0.8087598675266308	0.8633504954118985	0.8535747490862291	-1	-1	0.2791900043084876	0.22670399551392553	0.6857366208620683	0.46192211090291263	0.647440723764683	0.2414348772092493	0.29141325639311894	-1	-1	0.18979363215318626	0.4296906738828287	0.30953482035199936	0.26171010754673113	0.622846600149925	0.503348302254126	0.7798109773450653	0.7280049865504207	0.1517142078610278	0.025796785590399007	0.11554061902446576	0.4457188676656702	0.3097055616139587	0.24028436018957336	0.8486655936914442	0.8322840342456727	0.7349106899565712	0.7134696428207056	-1	-1	0.045778851367701746	0.26363871083905677	0.5068271834021224	0.512011820704818	0.5179799397966669	0.43330074003121644	0.30021726742550886	0.31492087347960324	-1	0.45442947333201816	0.3253749285112255	0.8452808277084872	0.8398930626508317	0.23782382889418927	0.3306793873698659	0.7654252362423569	0.11669283097854541	0.8269556544532766	0.804522384945975	0.7507381981346933	0.7746735320742528	0.6953098793698712	0.671199212204995	0.4228215907258009	0.4143416449569125	0.8005872199570294	0.8042152255922662	0.7449350323445215	0.7155256018066593	0.5810207022681045	0.47565802148004394	0.7822384937011685	0.7352251210601316	0.8375226737059989	0.7874079969817099	0.5839303705416381	0.47062569466235216	0.5090060708502328	0.6127156427290322
STM_MW45241_5-260	0.408034034305499	0.581041465037699	0.0	0.07111672794117652	0.08999576320992102	0.03951458005316556	0.2915718706035177	0.2569901037406522	0.28844276643740635	0.02059852836080093	0.717349208155081	0.31087045035905475	0.4777555869504042	0.5435344634032159	0.6738352529316588	0.6505018069939863	-1	-1	0.4187670294994021	0.458217121863009	0.24989383694925804	0.22137938865072618	0.15848646867394356	0.4476960219038832	0.4087406535017875	-1	-1	0.4828989852601187	0.26538368605211093	0.39322279050206976	0.43252841567403755	0.09978346691513927	0.15643390153742515	0.4744371953784211	0.350782975517961	0.5061115736644753	0.5699474927146452	0.5263111636622575	0.24414072476565077	0.7107952534011598	0.44853243370526835	0.63878428608174	0.5996836160184231	0.3672659990868015	0.31608898430705745	-1	-1	0.6002209055389683	0.43104215127917866	0.15048331768879586	0.14145761570000104	0.13082759504745634	0.26070393141967557	0.4013019820866997	0.3884523425925351	-1	0.7714285714285715	0.3789757412398922	0.6307052861318723	0.6178453856690732	0.45031273497510316	0.37405403769655454	0.9017229006369699	0.6299309225450739	0.5869654605263158	0.533420138888889	0.40504422021683856	0.4621747759691237	0.2727439705756426	0.21519491702301438	0.27412646032768173	0.28463662926574707	0.524027407483382	0.5326869891185031	0.39119281176971393	0.32099629329919593	4.9555597870446024e-05	0.2009822746885873	0.480231363902334	0.36801650558642135	0.6121875729095212	0.49257030164710786	0.006895444925591616	0.20857788007848446	0.14671341112548353	0.07560217789615668
STM_MW45241_321-551	0.45013271683823064	0.610836425187247	0.07111672794117652	0.0	0.15471228694303904	0.03290226715753814	0.23733352649759032	0.20010412652549614	0.3390463886312535	0.09025035636455377	0.7374504076210743	0.35987908905709537	0.43777175371877775	0.5085867618381683	0.6488635796558019	0.6237436893105326	-1	-1	0.460102416532935	0.496746947410665	0.1924645586649773	0.27675233883744504	0.09405890208262269	0.48697407365497425	0.45078908358937875	-1	-1	0.5196735174434812	0.3176271945922929	0.43637480023084035	0.47288513795089543	0.030861508476112774	0.2164255622621878	0.43419930099861187	0.30107792441661496	0.5412353025134746	0.6005314198756787	0.5599983637648612	0.29789496320430686	0.7313625486843265	0.48775100258583354	0.6111290570260315	0.5690347796937978	0.3188229135499716	0.263727708028278	-1	-1	0.6286518866363234	0.4715045718166544	0.21089816446621265	0.2025143408702331	0.1926402925044445	0.3132802487968839	0.44387942614556153	0.4319436109674456	-1	0.7876838235294118	0.4231409544950056	0.6024315164492042	0.5885870422836873	0.4894046946546081	0.4185692664035666	0.9087120463752185	0.6562490244458781	0.5553429027113237	0.49769806912664055	0.3594934932303479	0.4209980519524122	0.21706413356714813	0.1551090362112946	0.32574821136825677	0.3355109314813379	0.48758621579905453	0.496908788285399	0.34458159970854546	0.26901072812321597	0.07116275930707525	0.25780580087973676	0.44043707995125725	0.31963087997825745	0.5824960587018518	0.453720705694054	0.06466719207704483	0.2648612316675721	0.20739636132232706	0.00482886288288773
ERS227112_02324_5-266	0.3494909784347998	0.5396081490344239	0.08999576320992102	0.15471228694303904	0.0	0.12595419847328243	0.35532740078793085	0.3238578464270364	0.21807261461493982	0.0708567802465844	0.689396180349739	0.2427183063765069	0.5247553714849198	0.5846144277482695	0.7031886982762451	0.6819551636140507	-1	-1	0.3612854237351452	0.40463697174855	0.317400213581475	0.14437693818244599	0.2342191211771078	0.3930753772704434	0.3502674794308623	-1	-1	0.43175977227986595	0.19273308381601378	0.33321496212121215	0.37640775571810053	0.18079914086430043	0.07300860330261315	0.5217356210950868	0.40920975712509605	0.45726799242424243	0.5274170274170275	0.47946524072391355	0.1693892789988055	0.6821940658002076	0.39399450683882375	0.6712921699392302	0.635710394520281	0.4242093784078517	0.37763807813201605	-1	-1	0.560684359150678	0.3747745057454394	0.06646953061695271	0.056551222960900684	0.04486993597036897	0.18759052025065873	0.34209315329659423	0.32797273607799965	-1	0.7488237753950636	0.3175589369224371	0.6639402457558239	0.652237681849978	0.3959508727521458	0.3121504966708858	0.8920036903238059	0.5933325774830495	0.6241368191383082	0.5754103495879623	0.4585877196945779	0.5105767674793292	0.33819393199270437	0.2858240494365536	0.20234048334462448	0.21389006576760156	0.5668629242139197	0.5747431801907096	0.4459828793221846	0.3821037501061002	0.08995066517104197	0.12196263159186674	0.5270083390005231	0.4248923425022442	0.6470890482678207	0.5382368246257564	0.09627064730676205	0.13030941184059358	0.06232679543957575	0.15879406540598084
ERS227112_02324_321-549	0.4314253208456838	0.597596435606424	0.03951458005316556	0.03290226715753814	0.12595419847328243	0.0	0.2624269825608641	0.2264225142527666	0.3165596517054245	0.05929916621607622	0.7285180354965277	0.3381011151153438	0.45627033768143666	0.5247553714849198	0.6604167639667082	0.6361233749645471	-1	-1	0.4417342062417872	0.47962544477258756	0.2190343054949627	0.2521462551289318	0.12386641811529366	0.469520081660044	0.4321040182811735	-1	-1	0.5033320147026309	0.2944117411979662	0.41719933712121215	0.45495181702078247	0.06274836203688522	0.18976706166526108	0.45281542675507735	0.3240740452697606	0.5256273674242424	0.5869408369408371	0.5450287791060161	0.27400818660582615	0.7222230575123951	0.4703234430003459	0.6239237926815647	0.5832145125079197	0.34123518402994385	0.28795273567942453	-1	-1	0.6160180085706308	0.4535242817393344	0.18405161263848155	0.175382557473459	0.16517257762295606	0.2899169051045834	0.4249592828432064	0.4126173914574882	-1	0.7804604754407236	0.4035152540276263	0.6155124209084097	0.6021234613305424	0.4720333964131351	0.3987880295329498	0.9056062789471433	0.6445540467313676	0.5699731293198111	0.5142249414499831	0.3805676094322245	0.44004852873180894	0.2428244986117404	0.18290786442086046	0.3028090484195382	0.31290391244572807	0.5044457910220391	0.5134616297378424	0.3661463510149012	0.2930619324358002	0.039562177482396876	0.23255512455930336	0.4588479686381532	0.3420165665309519	0.5962328849177686	0.4716945329779396	0.03284562029335366	0.23985059279196919	0.18043067234985818	0.03757224950378598
BN373_04711_5-266	0.5806346582566625	0.7031979887819664	0.2915718706035177	0.23733352649759032	0.35532740078793085	0.2624269825608641	0.0	0.046542807891208425	0.49591284006871594	0.3061644475184803	0.7997622282608695	0.5118012422360249	0.2628124274307098	0.3556642972581394	0.5395937378344865	0.5066568103333854	-1	-1	0.5882382139647007	0.6161857691023691	0.05556284657727884	0.4484032567922885	0.15815004390940482	0.6087323259391322	0.5811352471720848	-1	-1	0.6336710954188031	0.479577138885758	0.5701419565149638	0.5979871670303003	0.21304696885665741	0.4023940468438693	0.25812826620914725	0.08358096249634507	0.650115546000552	0.695338706721569	0.6644255037572565	0.4645280275587491	0.7951192223544	0.6093248635869927	0.4901166414354782	0.43492308200323615	0.10684799959562374	0.03460776426879904	-1	-1	0.7167852439391518	0.5969342555252618	0.39817848585916793	0.3917844246827559	0.3842538190364277	0.4762618690654673	0.575865483096299	0.5667624370260288	-1	0.8380735704236612	0.5600489460567398	0.4787125206579051	0.46055979643765904	0.6105860790853439	0.5565622728220891	0.9303777383357364	0.7378326557111248	0.4169704415526909	0.34138716159027227	0.16017482212343714	0.24081893178203484	0.02588895693690973	0.09731964692530296	0.4857707661115363	0.49321646543197095	0.32812860928870174	0.3403522651202374	0.14062250923190248	0.04153480286101179	0.2916069771830182	0.43395336750300356	0.26630717425003636	0.10790739640452686	0.45257336489325956	0.283724520107386	0.28665302583029306	0.43933430802100226	0.3955077780045211	0.23363284458614814
BN373_04711_321-547	0.5601634292402642	0.6887096624006924	0.2569901037406522	0.20010412652549614	0.3238578464270364	0.2264225142527666	0.046542807891208425	0.0	0.4713059337080688	0.27229501416110613	0.7899876644736842	0.48796992481203016	0.29712320700058853	0.38565349008830063	0.5610223380463653	0.5296183876344747	-1	-1	0.5681381508858382	0.5974499599203434	0.009460349935711862	0.4214771803359861	0.11705531925492232	0.5896326785311791	0.5606884542959933	-1	-1	0.6157888286825173	0.45417280878315447	0.5491585285184063	0.578362996999839	0.17463202579361373	0.37322204069341947	0.29265705979489265	0.1262336777067238	0.6330360115847493	0.6804667311758361	0.6480445068534827	0.43838907832146035	0.7851180112318848	0.5902541407769565	0.5138480446400708	0.4612233484413157	0.14841780156809314	0.07953982963610053	-1	-1	0.7029601764978528	0.5772586878460009	0.36880069800536686	0.36209451210700466	0.3541963015647227	0.45069570477918947	0.5551614478195616	0.5456140385120323	-1	0.830169166569292	0.5385728299241139	0.5029747036650165	0.4856668582008554	0.5915769222387668	0.5349159554849594	0.9269791425976054	0.7250350131514228	0.4441062742864001	0.37204085240305973	0.19926264403954597	0.276153350394746	0.02120276851533548	0.053255499517277524	0.4606687765906652	0.46847793612300537	0.35939939035417673	0.37105412292061696	0.18062035069075077	0.08614446440186094	0.257026924040285	0.40632192280698715	0.30045529849007474	0.14942789107483892	0.47805213760556325	0.3170619921652111	0.2518311466171074	0.4119655327797616	0.36599962012085274	0.19622279662199277
ENC_18960_2-250	0.16806978023303665	0.4112089439879943	0.28844276643740635	0.3390463886312535	0.21807261461493982	0.3165596517054245	0.49591284006871594	0.4713059337080688	0.0	0.27347747152995533	0.6027715291013832	0.0315191566662297	0.6283932102069092	0.6751986455625275	0.767915114890408	0.7513120326495154	-1	-1	0.18315359174903462	0.23859550211524636	0.4662565337413622	0.08613100759106011	0.4012149596441423	0.2238094814511752	0.16906284047184647	-1	-1	0.27328261122315833	0.03138928437536867	0.14725452728525487	0.20249340803582233	0.35944441411082745	0.15648905893749337	0.6260319846800715	0.5380449300778217	0.30590484779032373	0.3956178266473568	0.33429271182291553	0.058611494392286224	0.5935608086634683	0.22498494810646794	0.7429743458849856	0.7151519812642881	0.5497735447292129	0.5133581696705463	-1	-1	0.4381631222278	0.20040465912743513	0.1623975745517752	0.17120313851161545	0.18133936431007117	0.037520603986164656	0.15860876725858689	0.14055029088019405	-1	0.6787729534741329	0.12723217547688934	0.7372256750307055	0.7280751198335057	0.22748692712637228	0.120315369194567	0.8618844771333705	0.4799166391688825	0.7061022857263053	0.6680017247917587	0.576654911245418	0.6173065714484075	0.482515711611088	0.44156626627103435	0.019722865385322433	0.005320564802965312	0.6613182588172596	0.6674800467693558	0.5667988413698364	0.5168500008812291	0.28840750304577967	0.10946001443801741	0.6301548672057423	0.5503075730578532	0.7240492622383038	0.6389347276125146	0.29334927015284357	0.10091313389982326	0.16609818689271047	0.34223804299250266
ENC_18960_309-521	0.39558395322426587	0.5722300332456098	0.02059852836080093	0.09025035636455377	0.0708567802465844	0.05929916621607622	0.3061644475184803	0.27229501416110613	0.27347747152995533	0.0	0.7114045669424474	0.296376848926348	0.4885130533038762	0.5529369817045329	0.6805537667244395	0.6577009554346693	-1	-1	0.4065426821058343	0.446822479008304	0.2653449200224703	0.2050036334475621	0.1758204090149611	0.4360801018894327	0.39630543385988903	-1	-1	0.47202344522270057	0.24993341829640034	0.3804612030218999	0.4205934943346574	0.11832660270274967	0.13869222898887423	0.4852630157148008	0.36415589080906907	0.4957242350178255	0.5609027352536168	0.5163486577726479	0.22824368032724415	0.7047127710408627	0.4369341048959682	0.6462247982092522	0.607929544407161	0.3802993883494551	0.3301765447600727	-1	-1	0.5918128509732259	0.4190759711963969	0.13261649393951808	0.12340096562946895	0.11254737702422263	0.24515524022749977	0.38871031415618074	0.37559042423743416	-1	0.7666213139450624	0.3659145133601694	0.6383122137689788	0.6257172083305798	0.4387518490196881	0.3608892977709991	0.899655961105974	0.622147721673778	0.5954733642016549	0.5430309973905647	0.41729943372012446	0.47325318409947786	0.2877243745233037	0.23136074678241655	0.2588600684278712	0.26959128462716353	0.5338317424292994	0.5423129494265169	0.40373334390273496	0.33498277040876145	0.020549991130027166	0.18417753245345111	0.49093783289404663	0.38103443551965754	0.6201759381876155	0.5030226066797425	0.027351937268532408	0.1919328867283274	0.1287672996382243	0.09464341265142531
BN373_14161_3-258	0.5225218877012465	0.3253490065064489	0.717349208155081	0.7374504076210743	0.689396180349739	0.7285180354965277	0.7997622282608695	0.7899876644736842	0.6027715291013832	0.7114045669424474	0.0	0.5898437499999999	0.8523872031149468	0.8709796546310031	0.9078092759692357	0.901214058998482	-1	-1	0.5137048202866389	0.4782950823088763	0.7879818990459538	0.6369852175437372	0.7621455340224761	0.48823328627966245	0.5219512494492575	-1	-1	0.45339346899734556	0.6152402465364127	0.5341769805777731	0.5019119905701551	0.7455530840916763	0.6649334386954873	0.8514492571094743	0.8164982939509495	0.42770314756697836	0.3427528335339517	0.4032985999201646	0.6260536833959139	0.022661988888488912	0.48745708882930683	0.8979020924341762	0.8868502570791127	0.8211572336146807	0.8066920098629269	-1	-1	0.2929825602162139	0.5032131246973776	0.667280469318229	0.6707782900253964	0.6748046875	0.61767578125	0.5278908842389876	0.5378106866713201	-1	0.19132924737448442	0.5448635252844404	0.895618556701031	0.891983695652174	0.4857970889463539	0.5484421837233677	0.6523020554035761	0.23622153520961112	0.8832554603584617	0.8681208327980521	0.8318352777315782	0.8479832745535019	0.7944405074092136	0.7781742218526376	0.6106060127601342	0.6048850089223822	0.8654659698286989	0.8679136074349116	0.827920166165831	0.8080790646353826	0.7173352005319463	0.6462521632611374	0.8530869834308411	0.821369364871083	0.8903845103955763	0.8565745939549266	0.7192982111234224	0.6428570989739973	0.6687504578998072	0.7387182236026302
BN373_14161_317-526	0.14099465622547902	0.39204677091471496	0.31087045035905475	0.35987908905709537	0.2427183063765069	0.3381011151153438	0.5118012422360249	0.48796992481203016	0.0315191566662297	0.296376848926348	0.5898437499999999	0.0	0.6401059428326323	0.6854361103384458	0.7752302347440412	0.7591504676534415	-1	-1	0.15656936957146061	0.2138156339119775	0.4830796776739447	0.11493538753520698	0.42008815914051323	0.19854840300509274	0.14202003555605147	-1	-1	0.249631633109762	0.0619190772697303	0.11950197199629993	0.1765385991333122	0.3796341859758968	0.18307581243852136	0.6378191411430993	0.552605364299458	0.2833155586016395	0.37594824150346845	0.3126273041338207	0.08828326618432361	0.5803332671635928	0.1997621251591071	0.7510755777442769	0.7241301505928842	0.5639643029081741	0.528696709761041	-1	-1	0.41987817142752454	0.17438187200467106	0.18879809662349178	0.19732611663334734	0.2071428571428572	0.06785714285714288	0.13122573509547256	0.11257954658003354	-1	0.6683186366184409	0.09882799383123551	0.7455081001472754	0.7366459627329193	0.20234553095089527	0.09168608046254893	0.857389514911623	0.462990554319225	0.7153656938263447	0.6784660304409653	0.5899983914217526	0.6293687455780617	0.49882637996913054	0.4591676266121452	0.050620373967565205	0.03667202175361753	0.6719932216775899	0.6779607952698798	0.5804529765566928	0.5320784813967424	0.3108362984397933	0.13752908376048747	0.641812073888527	0.5644814991142597	0.7327469967739764	0.6503152004996307	0.3156223052152016	0.12925159368898423	0.19238206878429212	0.3629701451645078
CS17_04860_5-266	0.6908490817005383	0.7812012458164945	0.4777555869504042	0.43777175371877775	0.5247553714849198	0.45627033768143666	0.2628124274307098	0.29712320700058853	0.6283932102069092	0.4885130533038762	0.8523872031149468	0.6401059428326323	0.0	0.12595419847328232	0.3754557465464615	0.3307765784124854	-1	-1	0.6964543284758422	0.7170569188070265	0.3037726674240539	0.5933697358375811	0.37939867440201064	0.7115623331342367	0.6912181096279534	-1	-1	0.7299468840698203	0.6163507343056271	0.6831139923738819	0.7036411355213635	0.41986800524539425	0.559452318039875	0.006313977212242885	0.19557806811019018	0.7420695286764154	0.7754074807522529	0.7526186516986496	0.6052567164571443	0.8489644368613316	0.7119991445245188	0.30833972582114233	0.2334692837708536	0.17462249176452932	0.2363854345576599	-1	-1	0.7912176014636996	0.702864942244834	0.5563446588705453	0.5516310364330466	0.5460795675366532	0.6139067585943947	0.6873333050409122	0.6806226526053831	-1	0.8806298484458067	0.6756735504942672	0.29286995774322044	0.2682456627934574	0.7129288969162352	0.6731032183160727	0.9486753339269376	0.8067334918567467	0.2091164038274552	0.10658716598505463	0.12221306054050966	0.028970026479059295	0.2818974447513812	0.3345552617108743	0.6209165993255977	0.6264054763337097	0.08860184882166158	0.10518332182307565	0.14218421998648811	0.23086662429706384	0.4777814670845274	0.5827174570285182	0.004740648037712352	0.17364232188660308	0.25741201360894295	0.02836739719280963	0.4741294757121856	0.5866842195071214	0.5543758462301364	0.43504365700363057
CS17_04860_321-549	0.7297879378222262	0.8087598675266308	0.5435344634032159	0.5085867618381683	0.5846144277482695	0.5247553714849198	0.3556642972581394	0.38565349008830063	0.6751986455625275	0.5529369817045329	0.8709796546310031	0.6854361103384458	0.12595419847328232	0.0	0.28545591962957617	0.23433826875140265	-1	-1	0.7346871802327017	0.7526947878122483	0.39146542305384857	0.6445865248351377	0.4575660169391619	0.7478922682738175	0.7301104851328295	-1	-1	0.7639612078320185	0.6646729700610252	0.723027115471828	0.7409687787572223	0.4929380656534171	0.6149411482104251	0.13147290374657858	0.2968983877757005	0.7745569544538135	0.8036958514971981	0.7837773711411861	0.6549762903384964	0.8679880001574234	0.7482740614355526	0.20866815792637253	0.12300852553695925	0.278582254252203	0.33256589509047363	-1	-1	0.8175146211266687	0.7402903502826983	0.6122249117608963	0.6081049898594184	0.6032527517782197	0.6625368233515893	0.7267149879937743	0.7208495704069952	-1	0.8956650202064493	0.7165238284854473	0.1909691219594925	0.16279634782482907	0.7490867076099917	0.7142772404365673	0.955139891104079	0.8310762199816603	0.09514627861481786	0.021677584819543478	0.23277401093044536	0.15127532848742195	0.3723454765193369	0.41837082035034423	0.6686637452120682	0.673461275116105	0.040983569698191974	0.023212437985090654	0.25022971899582347	0.3277422021527771	0.5435570838257892	0.6352759452653841	0.12179091831348397	0.2777255408856186	0.15040151775346322	0.10043590653352923	0.5403650760995821	0.638743077355461	0.6105040793385543	0.5062022803581351
STMMW_34511_1-287	0.8069215705261867	0.8633504954118985	0.6738352529316588	0.6488635796558019	0.7031886982762451	0.6604167639667082	0.5395937378344865	0.5610223380463653	0.767915114890408	0.6805537667244395	0.9078092759692357	0.7752302347440412	0.3754557465464615	0.28545591962957617	0.0	0.06676270837620914	-1	-1	0.810422295188892	0.8232895245864903	0.5651752203424073	0.7460414052370669	0.6124070084121274	0.8198579126794414	0.8071520447976178	-1	-1	0.831339878318584	0.7603940557689096	0.8020906649372737	0.8149107742298517	0.6376818964314727	0.7248584768595269	0.3793991047308044	0.49760290508622557	0.8389110063442926	0.8597320327351663	0.8454994005068033	0.7534653506739288	0.9056716069746257	0.8201307207230852	0.09703610750957134	0.1852325807295667	0.48451522030173616	0.5230889112995655	-1	-1	0.869606152771907	0.8144260071794258	0.7229176061836298	0.7199737403773403	0.7165066023798718	0.7588676847828795	0.8047258124169911	0.8005347130014577	-1	0.9254480578129505	0.7974437797182053	0.11679010064354158	0.14651103287242065	0.8207113922364664	0.7958384935268473	0.9679454747436471	0.8792965129540997	0.21032089111975533	0.3009455095391087	0.4517832112040062	0.39354881010635484	0.551513175729173	0.5844003127106328	0.7632456405291768	0.7666736871225064	0.31474048674986793	0.3020422297827883	0.46425608407079644	0.5196421700654098	0.6738514162207041	0.7393885857206817	0.372480899353354	0.4839030608370691	0.15896262140087347	0.35722180209974663	0.6715705859954461	0.7418660044315086	0.7216879955629357	0.6471597625294913
STMMW_34511_310-524	0.793108964668712	0.8535747490862291	0.6505018069939863	0.6237436893105326	0.6819551636140507	0.6361233749645471	0.5066568103333854	0.5296183876344747	0.7513120326495154	0.6577009554346693	0.901214058998482	0.7591504676534415	0.3307765784124854	0.23433826875140265	0.06676270837620914	0.0	-1	-1	0.7968601270945234	0.8106478630895244	0.5340683622907769	0.727873503296191	0.5846790574415663	0.8069707576653742	0.7933559268009582	-1	-1	0.8192741297468354	0.7432529257224743	0.7879324617232419	0.8016697066958163	0.6117620814979327	0.705175172906197	0.33500203984628824	0.4616620023406629	0.8273868874491505	0.849697425806063	0.8344466076528376	0.7358285491387598	0.8989234636549431	0.8072630820785672	0.03243912283090173	0.1269450689729997	0.44763803983728134	0.4889712477406141	-1	-1	0.860277928884289	0.801150259975484	0.7030954546037703	0.6999409880680758	0.6962258150583949	0.7416173599347267	0.7907561245830195	0.7862651987990303	-1	0.9201146987414826	0.7829531437504432	0.053606293615085863	0.08545342670292677	0.8078852941553807	0.7812330172555355	0.9656523313587486	0.8706615261421007	0.15382816785403144	0.2509359658736226	0.4125644209500874	0.3501639986562824	0.5194289509257821	0.5546687953647431	0.7463085095336457	0.7499817945856875	0.2657178196792679	0.25211114420556785	0.4259295886075949	0.48527793065492575	0.6505191265858953	0.7207447488238857	0.3275889141176613	0.44698208719783855	0.0987957873653341	0.31123819882738696	0.6480751284240887	0.7233993991824417	0.7017778790720911	0.6219179830924001
b3352_1-287	-1	-1	-1	-1	-1	-1	-1	-1	-1	-1	-1	-1	-1	-1	-1	-1	-1	-1	-1	-1	-1	-1	-1	-1	-1	-1	-1	-1	-1	-1	-1	-1	-1	-1	-1	-1	-1	-1	-1	-1	-1	-1	-1	-1	-1	-1	-1	-1	-1	-1	-1	-1	-1	-1	-1	-1	-1	-1	-1	-1	-1	-1	-1	-1	-1	-1	-1	-1	-1	-1	-1	-1	-1	-1	-1	-1	-1	-1	-1	-1	-1	-1	-1	-1	-1	-1
b3352_310-527	-1	-1	-1	-1	-1	-1	-1	-1	-1	-1	-1	-1	-1	-1	-1	-1	-1	-1	-1	-1	-1	-1	-1	-1	-1	-1	-1	-1	-1	-1	-1	-1	-1	-1	-1	-1	-1	-1	-1	-1	-1	-1	-1	-1	-1	-1	-1	-1	-1	-1	-1	-1	-1	-1	-1	-1	-1	-1	-1	-1	-1	-1	-1	-1	-1	-1	-1	-1	-1	-1	-1	-1	-1	-1	-1	-1	-1	-1	-1	-1	-1	-1	-1	-1	-1	-1
Ecoli9000q_48610_6-483	0.01813110181311022	0.2791900043084876	0.4187670294994021	0.460102416532935	0.3612854237351452	0.4417342062417872	0.5882382139647007	0.5681381508858382	0.18315359174903462	0.4065426821058343	0.5137048202866389	0.15656936957146061	0.6964543284758422	0.7346871802327017	0.810422295188892	0.7968601270945234	-1	-1	0.0	0.0678731151979038	0.5640135666592114	0.2535093959388287	0.5108845904709083	0.04977176772949658	0.016957661738451514	-1	-1	0.11033778022860909	0.20879381594862267	0.042098217595332214	0.023676196762862905	0.4767644703813366	0.31098111747269974	0.6945255698851743	0.6226536603607451	0.15027458626417242	0.26010304110077603	0.18502758725168486	0.23103018042559523	0.5024288688410826	0.05121079793568874	0.7900495176077956	0.7673229189983302	0.6322341371124937	0.60248836879071	-1	-1	0.3121878579656031	0.02111910783244863	0.31580746723032055	0.32300026052354025	0.33128000016022957	0.2138021623505401	0.02917171410317174	0.049570440732910566	-1	0.6067473110230359	0.06407364559148515	0.7853537364682598	0.7778791383219251	0.054273771579977134	0.07143267070260553	0.8309161655465158	0.3633033633033633	0.7599307077023641	0.7288084013506324	0.6541920848001336	0.6873982474263843	0.5772948177032106	0.5438454103573185	0.19926414349945254	0.18749967599820336	0.7233490361746954	0.7283822705317694	0.6461411895227942	0.6053406585733749	0.4187382247246091	0.272565611389828	0.6978933316679093	0.6326703562346477	0.7745906310051545	0.7050651291061262	0.422774889436427	0.265584122720454	0.31883029912934274	0.4627095079342999
SEN0783_3-258	0.08477360264898787	0.22670399551392553	0.458217121863009	0.496746947410665	0.40463697174855	0.47962544477258756	0.6161857691023691	0.5974499599203434	0.23859550211524636	0.446822479008304	0.4782950823088763	0.2138156339119775	0.7170569188070265	0.7526947878122483	0.8232895245864903	0.8106478630895244	-1	-1	0.0678731151979038	0.0	0.593605324074074	0.3041760387024254	0.5440823770069462	0.019049473435613806	0.0836798076076943	-1	-1	0.04555674310340393	0.26249544442403566	0.10711399562076161	0.045268709303716535	0.5122780957587804	0.3577469754600061	0.7152590710703719	0.6482653319405876	0.08840156035598482	0.20622720901745625	0.12568511214935574	0.28322255757328013	0.46619806887711557	0.017561664093522906	0.804299510885057	0.7831154373210685	0.6571955518901138	0.6294687215282848	-1	-1	0.26210459836653116	0.04776271325710224	0.3622457458245426	0.3689503418299769	0.3766681097444965	0.2671638587536648	0.09506485418923065	0.11407905569653867	-1	0.5781124915622864	0.12759788286100843	0.7999224470397492	0.7929551731544586	0.014379789001565921	0.13445742801301747	0.8186042724329498	0.3169420954618035	0.7762249584339608	0.7472150199664648	0.6776631452648411	0.7086155021898799	0.6059851352359914	0.5748060433681887	0.2536125805308064	0.24264660408751146	0.7421261989120215	0.7468178119737596	0.6701586893301068	0.6321274175179531	0.4581902721580138	0.3219388494468829	0.7183982523696683	0.6576021634615384	0.7898898670736284	0.7250832775741849	0.4619529558608311	0.3154312161622182	0.3650634087058585	0.4991770873970136
SEN0783_316-527	0.5559626808162708	0.6857366208620683	0.24989383694925804	0.1924645586649773	0.317400213581475	0.2190343054949627	0.05556284657727884	0.009460349935711862	0.4662565337413622	0.2653449200224703	0.7879818990459538	0.4830796776739447	0.3037726674240539	0.39146542305384857	0.5651752203424073	0.5340683622907769	-1	-1	0.5640135666592114	0.593605324074074	0.0	0.4159518807485732	0.10862257690767585	0.5857133821526608	0.5564927202303367	-1	-1	0.6121193419238224	0.4489597754300697	0.5448526755568713	0.5743360672409268	0.16674918146606435	0.3672358706025536	0.29934877153378825	0.1344998128776582	0.6295312475462906	0.6774149638498312	0.644683084494725	0.4330252992476476	0.7830657371926819	0.5863407797997282	0.5184472122597064	0.4663203641022519	0.1564740671642818	0.08824770494962797	-1	-1	0.7001232373859354	0.5732212111584202	0.3627723009839465	0.3560020662962922	0.34802842229146175	0.44544946263871465	0.5509129269569699	0.5412743331794169	-1	0.828547162731259	0.5341658761000244	0.5076767368952463	0.49053262970580946	0.5876761947543183	0.5304740759394582	0.926281742081041	0.7224089042465576	0.4493652234587174	0.3779815656846581	0.20683789963352853	0.2830011929998043	0.030462532841286374	0.044213424044886304	0.4555177842963368	0.4634015267914841	0.3654596962904566	0.37700417100841116	0.18837196890341715	0.09478985755930672	0.24993100890863432	0.40065187985712447	0.30707323616203175	0.15747460087082735	0.48298994703201137	0.3235228247037261	0.24468560815881038	0.4063493902721878	0.3599444708366805	0.18854615933260183
SL1344_0813_3-258	0.23972476830701728	0.46192211090291263	0.22137938865072618	0.27675233883744504	0.14437693818244599	0.2521462551289318	0.4484032567922885	0.4214771803359861	0.08613100759106011	0.2050036334475621	0.6369852175437372	0.11493538753520698	0.5933697358375811	0.6445865248351377	0.7460414052370669	0.727873503296191	-1	-1	0.2535093959388287	0.3041760387024254	0.4159518807485732	0.0	0.34478021978021967	0.29066355289641294	0.2406322952668598	-1	-1	0.33587551215245187	0.05651571093800047	0.22070235406889072	0.2711834543622094	0.299072852662742	0.07698920953754092	0.5907859677631073	0.49450624349943834	0.3656879626142134	0.4476738722082947	0.39163075131432	0.029232896975950072	0.6285678257377795	0.2917377754242956	0.7187499999999999	0.688305412371134	0.5073402653874934	0.46749278685265827	-1	-1	0.4865546986121349	0.2692746115019063	0.08345459534596744	0.09309007267694569	0.10418162505770523	0.05050539658949406	0.231078641912889	0.2145755603005265	-1	0.7064405626569061	0.2024045475961224	0.7124595241199432	0.7024465405597078	0.2940242564702439	0.19608349280820866	0.8737805062818393	0.5247119430686116	0.6784027943666342	0.6367113032984075	0.5367551670194509	0.5812381952660189	0.43374346576216133	0.3889345865024419	0.06774425298805023	0.08124269983734728	0.6293979290292121	0.6361404577759789	0.5259701749063023	0.47131371878019696	0.22134080172861853	0.025527736514467478	0.595297426801457	0.5079246252170491	0.6980412509299657	0.6049047780516934	0.22674832419421556	0.016175323193533205	0.0875039857637127	0.28024480262356827
SL1344_0813_316-527	0.5018526297835812	0.647440723764683	0.15848646867394356	0.09405890208262269	0.2342191211771078	0.12386641811529366	0.15815004390940482	0.11705531925492232	0.4012149596441423	0.1758204090149611	0.7621455340224761	0.42008815914051323	0.37939867440201064	0.4575660169391619	0.6124070084121274	0.5846790574415663	-1	-1	0.5108845904709083	0.5440823770069462	0.10862257690767585	0.34478021978021967	0.0	0.5352287290269078	0.5024472593987528	-1	-1	0.5648524990339553	0.38181043147998095	0.4893887677072264	0.5224649831466673	0.06520986851645674	0.2901277135758148	0.3754553134833169	0.2285126735169626	0.5843862062733238	0.6381049959386765	0.6013844345836958	0.36393419211198913	0.7566302924133527	0.5359325808755342	0.5707547169811321	0.5242900213966155	0.24810002767734862	0.18728458873948697	-1	-1	0.6635804824697642	0.5212142715472654	0.285120216747903	0.27752496639461566	0.26857966017722384	0.3778723546335008	0.4961875167478681	0.48537437124086685	-1	0.8076540499826157	0.47739968297163504	0.5611541584052804	0.5458722883175415	0.5374307284839371	0.473258002842741	0.9172984910665348	0.6885818637963292	0.5091765918216138	0.44554681090406845	0.2929932108808393	0.3608834510558949	0.13577619093260698	0.06738863516515257	0.3891675943342031	0.3980120437121079	0.43438509923116647	0.44467558335621127	0.27653309713163127	0.19311611587417915	0.1585281703801045	0.32761577238108014	0.3823407268584084	0.2489918808344062	0.5391489112725683	0.39700351870363293	0.1526435690721346	0.3340075770952918	0.28194778936304077	0.08966300957865735
NCTC13441_03174_3-258	0.06700045255448484	0.2414348772092493	0.4476960219038832	0.48697407365497425	0.3930753772704434	0.469520081660044	0.6087323259391322	0.5896326785311791	0.2238094814511752	0.4360801018894327	0.48823328627966245	0.19854840300509274	0.7115623331342367	0.7478922682738175	0.8198579126794414	0.8069707576653742	-1	-1	0.04977176772949658	0.019049473435613806	0.5857133821526608	0.29066355289641294	0.5352287290269078	0.0	0.06588541666666652	-1	-1	0.06373838457145636	0.24817354636736916	0.08977468261684811	0.026728397771426028	0.5028068276293368	0.3452748052550858	0.7097295722681497	0.6414348547308457	0.10576703061593047	0.22134816271319124	0.14234035037982826	0.2693031676764454	0.47636671458392027	0.0015144048106776348	0.8004991242521161	0.7789036686299224	0.6505384942189685	0.6222732253690321	-1	-1	0.2761611172182095	0.02927083379225221	0.34986093905358906	0.3566957343096923	0.3645633766683236	0.25293261851546145	0.07749155405405397	0.09687499999999995	-1	0.5861492264470878	0.11065635471502025	0.7960370604407658	0.7889344862572418	0.004737813188020454	0.11764910813759441	0.8220597655265721	0.3299539888692899	0.7718793807575867	0.7423060866087997	0.6714035560344827	0.7029569892473118	0.5983336018545408	0.5665490306417578	0.2391181825618773	0.2279392534045615	0.7371184436883498	0.7419011650740753	0.6637533680469015	0.6249835516471369	0.4476686507936507	0.3087713068181818	0.7129297145936662	0.6509530019442955	0.7858096537628183	0.7197445589955851	0.45150440356703014	0.30213729918126603	0.35273331926544776	0.48945140550866084
NCTC13441_03174_317-527	0.0011936821324846168	0.29141325639311894	0.4087406535017875	0.45078908358937875	0.3502674794308623	0.4321040182811735	0.5811352471720848	0.5606884542959933	0.16906284047184647	0.39630543385988903	0.5219512494492575	0.14202003555605147	0.6912181096279534	0.7301104851328295	0.8071520447976178	0.7933559268009582	-1	-1	0.016957661738451514	0.0836798076076943	0.5564927202303367	0.2406322952668598	0.5024472593987528	0.06588541666666652	0.0	-1	-1	0.12542437121297223	0.19514536327033677	0.025574235084666105	0.04023236556535677	0.4677385609413588	0.29909541460260103	0.6892560795956775	0.6161443663692356	0.16468394240087034	0.27264996345109804	0.19884761375324048	0.2177653091378731	0.5108665117740943	0.06730004428539064	0.7864278330438044	0.7633091964145254	0.6258901081128629	0.595631219798462	-1	-1	0.32385154360982216	0.037718638884059595	0.3040050197841601	0.31132189008899325	0.319744456762298	0.20024010457189084	0.012424747021903498	0.033175355450237067	-1	0.6134159571004437	0.04792874326893737	0.7816510488130864	0.7740475124694198	0.07031107705870542	0.055414712921205214	0.8337834320166183	0.37410024949847465	0.7557894681095993	0.7241302962302176	0.6482268344500736	0.6820058095092495	0.5700030753056696	0.5359766595105521	0.18545130221288245	0.17348389547630794	0.7185767559975643	0.7236968145760941	0.6400370597435469	0.5985327121062187	0.4087113518393139	0.26001723395088333	0.6926819358906269	0.6263338520953707	0.7707022777945979	0.6999774481580839	0.4128176497623072	0.25291531331364986	0.3070799960912517	0.45344114779851075
b0820_3-258	-1	-1	-1	-1	-1	-1	-1	-1	-1	-1	-1	-1	-1	-1	-1	-1	-1	-1	-1	-1	-1	-1	-1	-1	-1	-1	-1	-1	-1	-1	-1	-1	-1	-1	-1	-1	-1	-1	-1	-1	-1	-1	-1	-1	-1	-1	-1	-1	-1	-1	-1	-1	-1	-1	-1	-1	-1	-1	-1	-1	-1	-1	-1	-1	-1	-1	-1	-1	-1	-1	-1	-1	-1	-1	-1	-1	-1	-1	-1	-1	-1	-1	-1	-1	-1	-1
b0820_317-526	-1	-1	-1	-1	-1	-1	-1	-1	-1	-1	-1	-1	-1	-1	-1	-1	-1	-1	-1	-1	-1	-1	-1	-1	-1	-1	-1	-1	-1	-1	-1	-1	-1	-1	-1	-1	-1	-1	-1	-1	-1	-1	-1	-1	-1	-1	-1	-1	-1	-1	-1	-1	-1	-1	-1	-1	-1	-1	-1	-1	-1	-1	-1	-1	-1	-1	-1	-1	-1	-1	-1	-1	-1	-1	-1	-1	-1	-1	-1	-1	-1	-1	-1	-1	-1	-1
STMMW_08891_3-258	0.12646833651456182	0.18979363215318626	0.4828989852601187	0.5196735174434812	0.43175977227986595	0.5033320147026309	0.6336710954188031	0.6157888286825173	0.27328261122315833	0.47202344522270057	0.45339346899734556	0.249631633109762	0.7299468840698203	0.7639612078320185	0.831339878318584	0.8192741297468354	-1	-1	0.11033778022860909	0.04555674310340393	0.6121193419238224	0.33587551215245187	0.5648524990339553	0.06373838457145636	0.12542437121297223	-1	-1	0.0	0.29609375	0.14779097394289137	0.08876315744674837	0.5344971172562005	0.3870059315063588	0.7282309404206435	0.6642892178539312	0.04488985274189294	0.16833946361198848	0.08395299402763017	0.3158766033802291	0.44071905033038933	0.062318354977349937	0.813214987792877	0.7929959916261267	0.67281260606736	0.6463489197933965	-1	-1	0.22688394904401102	0.09114354270273081	0.3912997525451169	0.3976989089927195	0.40506508053702567	0.3005494865773139	0.13629075215217323	0.15443872856609647	-1	0.5579752851840611	0.16734168199437516	0.809037328720717	0.8023874611419497	0.059281435751544355	0.17388872861008792	0.8099460326673956	0.28433890689407565	0.7864194205155384	0.7587310803622516	0.6923477625487698	0.7218900309009298	0.6239351692089677	0.5941764952195839	0.287615560455177	0.27714915818358726	0.7538740894212848	0.7583519678720287	0.6851851851851851	0.6488864942528735	0.48287335874023635	0.35282910709102977	0.7312271108439328	0.6732006937398823	0.7994618004227771	0.7376075880725675	0.4864646268282251	0.3466179403841257	0.3939890518823967	0.5219929481667664
STMMW_08891_316-527	0.19418347448176482	0.4296906738828287	0.26538368605211093	0.3176271945922929	0.19273308381601378	0.2944117411979662	0.479577138885758	0.45417280878315447	0.03138928437536867	0.24993341829640034	0.6152402465364127	0.0619190772697303	0.6163507343056271	0.6646729700610252	0.7603940557689096	0.7432529257224743	-1	-1	0.20879381594862267	0.26249544442403566	0.4489597754300697	0.05651571093800047	0.38181043147998095	0.24817354636736916	0.19514536327033677	-1	-1	0.29609375	0.0	0.1740215974281062	0.227526569242217	0.3386862487102517	0.12915382056397257	0.6139129897207812	0.523074582522788	0.32769199790659803	0.4145889505581263	0.35518878720226155	0.0281043866001035	0.6063186440216256	0.24931211596554512	0.7346450437013126	0.7059210535865063	0.5351832805396459	0.49758781058329365	-1	-1	0.45579877975676086	0.2255033846673039	0.13525381049694743	0.14434473197633846	0.15480943738889327	0.006330014227482563	0.18501943593404913	0.16752780220608354	-1	0.6888560405865931	0.15462773291451712	0.7287100785377556	0.7192629858620373	0.25173555965449246	0.14792804023155995	0.8662198245572839	0.49624168368090793	0.6965780890786782	0.6572428222682376	0.562935778093702	0.60490481637424	0.465745856367901	0.42346938277587964	0.01190114364406961	0.026208161795603466	0.6503427685452214	0.656704238486345	0.5527603074772885	0.5011927998265018	0.26534727989733914	0.08060072927471487	0.6181694804442108	0.5357346148579906	0.7151066643076079	0.627233865408309	0.27044919238637977	0.07177687424159923	0.1390743467363683	0.32092227930461814
