CS17_03842_1-528	0.0	0.39643053286794894	0.11958733890023299	-1	0.25749111452936013	0.355060376356675	0.10448521611925998	0.14164712259830003
SEN3347_1-527	0.39643053286794894	0.0	0.27684319396771595	-1	0.6539216473973091	0.04137015651127396	0.5009157489872089	0.538077655466249
ROD_37291_1-525	0.11958733890023299	0.27684319396771595	0.0	-1	0.3770784534295931	0.235473037456442	0.22407255501949297	0.261234461498533
b3422_1-528	-1	-1	-1	-1	-1	-1	-1	-1
STMMW_35111_1-527	0.25749111452936013	0.6539216473973091	0.3770784534295931	-1	0.0	0.6125514908860351	0.15300589841010015	0.1158439919310601
STM_MW35111_1-528	0.355060376356675	0.04137015651127396	0.235473037456442	-1	0.6125514908860351	0.0	0.45954559247593496	0.496707498954975
ETEC_3671_1-528	0.10448521611925998	0.5009157489872089	0.22407255501949297	-1	0.15300589841010015	0.45954559247593496	0.0	0.03716190647904005
SL1344_3488_1-527	0.14164712259830003	0.538077655466249	0.261234461498533	-1	0.1158439919310601	0.496707498954975	0.03716190647904005	0.0
