SL1344_4253_1-97	0.0	0.03767317580111906	0.9203670960419109	0.8523012677245261	0.604275221038923	0.40796622031425966	0.8987314445447699	0.49894368789173393	0.9500257531004275	0.7776789998915004	0.03895889585840617	0.3629355447636258	0.6359288315271598	0.4946593582273665	0.20695788524062997	1.1751747270326987	1.0525704952792738
SEN4088_1-97	0.03767317580111906	0.0	0.8826939202407919	0.814628091923407	0.5666020452378039	0.3702930445131406	0.8610582687436509	0.536616863692853	0.9123525772993084	0.7400058240903813	0.07663207165952524	0.40060872056474484	0.6736020073282789	0.45698618242624744	0.24463106104174903	1.2128479028338177	1.0148973194781548
t3867_3-95	0.9203670960419109	0.8826939202407919	0.0	0.06806582831738486	0.31609187500298797	0.5124008757276513	0.021635651497140918	1.4193107839336447	0.02965865705851664	0.14268809615041053	0.9593259919003171	1.2833026408055366	1.5562959275690706	0.4257077378145444	1.1273249812825408	2.0955418230746097	0.132203399237363
STM_MW36421_3-96	0.8523012677245261	0.814628091923407	0.06806582831738486	0.0	0.24802604668560307	0.44433504741026636	0.046430176820243946	1.35124495561626	0.0977244853759015	0.07462226783302567	0.8912601635829323	1.2152368124881519	1.488230099251686	0.3576419094971595	1.059259152965156	2.0274759947572245	0.20026922755474785
STMMW_36421_3-95	0.604275221038923	0.5666020452378039	0.31609187500298797	0.24802604668560307	0.0	0.19630900072466329	0.294456223505847	1.103218908930657	0.3457505320615046	0.1734037788525774	0.6432341168973291	0.9672107658025487	1.240204052566083	0.10961586281155644	0.8112331062795529	1.7794499480716217	0.4482952742403509
ROD_35281_1-97	0.40796622031425966	0.3702930445131406	0.5124008757276513	0.44433504741026636	0.19630900072466329	0.0	0.4907652242305103	0.9069099082059936	0.5420595327861679	0.3697127795772407	0.44692511617266584	0.7709017650778854	1.0438950518414196	0.08669313791310684	0.6149241055548896	1.5831409473469584	0.6446042749650143
ENC_10440_1-88	0.8987314445447699	0.8610582687436509	0.021635651497140918	0.046430176820243946	0.294456223505847	0.4907652242305103	0.0	1.397675132436504	0.05129430855565756	0.12105244465326961	0.9376903404031761	1.2616669893083958	1.53466027607193	0.40407208631740343	1.1056893297854	2.0739061715774687	0.1538390507345039
t4223_1-97	0.49894368789173393	0.536616863692853	1.4193107839336447	1.35124495561626	1.103218908930657	0.9069099082059936	1.397675132436504	0.0	1.4489694409921614	1.2766226877832343	0.45998479203332776	0.13600814312810816	0.1369851436354259	0.9936030461191004	0.29198580265110397	0.6762310391409647	1.5515141831710078
ERS227112_00182_1-89	0.9500257531004275	0.9123525772993084	0.02965865705851664	0.0977244853759015	0.3457505320615046	0.5420595327861679	0.05129430855565756	1.4489694409921614	0.0	0.17234675320892717	0.9889846489588336	1.3129612978640532	1.5859545846275873	0.455366394873061	1.1569836383410574	2.125200480133126	0.10254474217884635
SEN3475_3-95	0.7776789998915004	0.7400058240903813	0.14268809615041053	0.07462226783302567	0.1734037788525774	0.3697127795772407	0.12105244465326961	1.2766226877832343	0.17234675320892717	0.0	0.8166378957499065	1.1406145446551261	1.4136078314186602	0.28301964166413385	0.9846368851321303	1.952853726924199	0.2748914953877735
ENC_35240_1-88	0.03895889585840617	0.07663207165952524	0.9593259919003171	0.8912601635829323	0.6432341168973291	0.44692511617266584	0.9376903404031761	0.45998479203332776	0.9889846489588336	0.8166378957499065	0.0	0.3239766489052196	0.5969699356687537	0.5336182540857727	0.1679989893822238	1.1362158311742925	1.09152939113768
t4358_1-97	0.3629355447636258	0.40060872056474484	1.2833026408055366	1.2152368124881519	0.9672107658025487	0.7709017650778854	1.2616669893083958	0.13600814312810816	1.3129612978640532	1.1406145446551261	0.3239766489052196	0.0	0.27299328676353407	0.8575949029909923	0.1559776595229958	0.8122391822690729	1.4155060400428996
STM_MW42671_1-97	0.6359288315271598	0.6736020073282789	1.5562959275690706	1.488230099251686	1.240204052566083	1.0438950518414196	1.53466027607193	0.1369851436354259	1.5859545846275873	1.4136078314186602	0.5969699356687537	0.27299328676353407	0.0	1.1305881897545262	0.4289709462865299	0.5392458955055388	1.6884993268064337
ERS227112_01199_1-97	0.4946593582273665	0.45698618242624744	0.4257077378145444	0.3576419094971595	0.10961586281155644	0.08669313791310684	0.40407208631740343	0.9936030461191004	0.455366394873061	0.28301964166413385	0.5336182540857727	0.8575949029909923	1.1305881897545262	0.0	0.7016172434679965	1.669834085260065	0.5579111370519074
STMMW_42671_1-97	0.20695788524062997	0.24463106104174903	1.1273249812825408	1.059259152965156	0.8112331062795529	0.6149241055548896	1.1056893297854	0.29198580265110397	1.1569836383410574	0.9846368851321303	0.1679989893822238	0.1559776595229958	0.4289709462865299	0.7016172434679965	0.0	0.9682168417920687	1.2595283805199038
BN373_45611_1-88	1.1751747270326987	1.2128479028338177	2.0955418230746097	2.0274759947572245	1.7794499480716217	1.5831409473469584	2.0739061715774687	0.6762310391409647	2.125200480133126	1.952853726924199	1.1362158311742925	0.8122391822690729	0.5392458955055388	1.669834085260065	0.9682168417920687	0.0	2.2277452223119725
SL1344_3618_3-95	1.0525704952792738	1.0148973194781548	0.132203399237363	0.20026922755474785	0.4482952742403509	0.6446042749650143	0.1538390507345039	1.5515141831710078	0.10254474217884635	0.2748914953877735	1.09152939113768	1.4155060400428996	1.6884993268064337	0.5579111370519074	1.2595283805199038	2.2277452223119725	0.0
