STM_MW14601_1-689	0.0	-1	0.3757840748779967	1.1877845434893088	0.5255143124811597	0.43410205234010346	0.18167182583541355	0.22876880704749772	0.16222970086117652	0.335259218233959	0.4818958645284601	0.25669714112337727	0.30299424164198174
b1629_1-740	-1	-1	-1	-1	-1	-1	-1	-1	-1	-1	-1	-1	-1
ERS227112_04708_1-753	0.3757840748779967	-1	0.0	0.8120004686113123	0.14973023760316295	0.05831797746210676	0.19411224904258312	0.14701526783049895	0.21355437401682015	0.04052485664403771	0.10611178965046342	0.11908693375461937	0.0727898332360149
ROD_14381_1-678	1.1877845434893088	-1	0.8120004686113123	0.0	0.6622702310081493	0.7536824911492055	1.0061127176538953	0.9590157364418113	1.0255548426281325	0.85252532525535	0.7058886789608488	0.9310874023659317	0.8847903018473271
CS17_01807_1-740	0.5255143124811597	-1	0.14973023760316295	0.6622702310081493	0.0	0.09141226014105619	0.34384248664574607	0.2967455054336619	0.3632846116199831	0.19025509424720066	0.043618447952699535	0.2688171713577823	0.22252007083917785
SL1344_1389_1-735	0.43410205234010346	-1	0.05831797746210676	0.7536824911492055	0.09141226014105619	0.0	0.2524302265046899	0.20533324529260572	0.2718723514789269	0.09884283410614447	0.047793812188356655	0.17740491121672614	0.13110781069812166
SEN1590_1-704	0.18167182583541355	-1	0.19411224904258312	1.0061127176538953	0.34384248664574607	0.2524302265046899	0.0	0.047096981212084166	0.01944212497423703	0.1535873923985454	0.30022403869304654	0.07502531528796375	0.12132241580656822
t1325_1-673	0.22876880704749772	-1	0.14701526783049895	0.9590157364418113	0.2967455054336619	0.20533324529260572	0.047096981212084166	0.0	0.0665391061863212	0.10649041118646124	0.25312705748096237	0.02792833407587958	0.07422543459448405
STMMW_14601_1-735	0.16222970086117652	-1	0.21355437401682015	1.0255548426281325	0.3632846116199831	0.2718723514789269	0.01944212497423703	0.0665391061863212	0.0	0.17302951737278244	0.31966616366728356	0.09446744026220077	0.14076454078080525
ENC_12990_1-673	0.335259218233959	-1	0.04052485664403771	0.85252532525535	0.19025509424720066	0.09884283410614447	0.1535873923985454	0.10649041118646124	0.17302951737278244	0.0	0.14663664629450113	0.07856207711058166	0.03226497659197719
BN373_25481_1-719	0.4818958645284601	-1	0.10611178965046342	0.7058886789608488	0.043618447952699535	0.047793812188356655	0.30022403869304654	0.25312705748096237	0.31966616366728356	0.14663664629450113	0.0	0.2251987234050828	0.17890162288647832
NCTC13441_02252_1-806	0.25669714112337727	-1	0.11908693375461937	0.9310874023659317	0.2688171713577823	0.17740491121672614	0.07502531528796375	0.02792833407587958	0.09446744026220077	0.07856207711058166	0.2251987234050828	0.0	0.04629710051860447
ETEC_1664_1-740	0.30299424164198174	-1	0.0727898332360149	0.8847903018473271	0.22252007083917785	0.13110781069812166	0.12132241580656822	0.07422543459448405	0.14076454078080525	0.03226497659197719	0.17890162288647832	0.04629710051860447	0.0
