ERS227112_05456_1-891	0.0	0.17845039272253604	0.09718197001653583	0.2749734113831402	0.3335727881767018	0.07146755934542764	0.22686034922637532	0.3898921519359063	0.13399904065784085	-1	0.08782630799165259	0.19814094982838876	0.03590685559758178	0.03753006894309513
ROD_12451_1-882	0.17845039272253604	0.0	0.08126842270600021	0.45342380410567623	0.15512239545416573	0.2499179520679637	0.40531074194891137	0.5683425446584424	0.04445135206469519	-1	0.09062408473088346	0.3765913425509248	0.14254353712495427	0.21598046166563117
BN373_18981_1-890	0.09718197001653583	0.08126842270600021	0.0	0.372155381399676	0.23639081816016594	0.16864952936196348	0.32404231924291116	0.48707412195244215	0.036817070641305016	-1	0.009355662024883249	0.2953229198449246	0.06127511441895406	0.13471203895963096
Ecoli9000q_3020_1-892	0.2749734113831402	0.45342380410567623	0.372155381399676	0.0	0.608546199559842	0.20350585203771254	0.04811306215676486	0.11491874055276613	0.40897245204098104	-1	0.3627997193747928	0.07683246155475143	0.31088026698072196	0.23744334244004506
ROD_17241_1-891	0.3335727881767018	0.15512239545416573	0.23639081816016594	0.608546199559842	0.0	0.4050403475221294	0.5604331374030771	0.7234649401126081	0.19957374751886092	-1	0.2457464801850492	0.5317137380050905	0.29766593257912	0.3711028571197969
t1625_1-891	0.07146755934542764	0.2499179520679637	0.16864952936196348	0.20350585203771254	0.4050403475221294	0.0	0.15539278988094768	0.3184245925904787	0.2054666000032685	-1	0.15929386733708023	0.1266733904829611	0.10737441494300942	0.033937490402332515
STMMW_17071_1-891	0.22686034922637532	0.40531074194891137	0.32404231924291116	0.04811306215676486	0.5604331374030771	0.15539278988094768	0.0	0.163031802709531	0.3608593898842162	-1	0.3146866572180279	0.028719399397986567	0.2627672048239571	0.1893302802832802
STM_MW17071_1-892	0.3898921519359063	0.5683425446584424	0.48707412195244215	0.11491874055276613	0.7234649401126081	0.3184245925904787	0.163031802709531	0.0	0.5238911925937472	-1	0.4777184599275589	0.19175120210751756	0.4257990075334881	0.3523620829928112
SL1344_1644_1-891	0.13399904065784085	0.04445135206469519	0.036817070641305016	0.40897245204098104	0.19957374751886092	0.2054666000032685	0.3608593898842162	0.5238911925937472	0.0	-1	0.046172732666188265	0.3321399904862296	0.09809218506025907	0.17152910960093598
b1276_1-891	-1	-1	-1	-1	-1	-1	-1	-1	-1	-1	-1	-1	-1	-1
ETEC_1380_1-891	0.08782630799165259	0.09062408473088346	0.009355662024883249	0.3627997193747928	0.2457464801850492	0.15929386733708023	0.3146866572180279	0.4777184599275589	0.046172732666188265	-1	0.0	0.28596725782004134	0.05191945239407081	0.12535637693474772
NCTC13441_02487_1-892	0.19814094982838876	0.3765913425509248	0.2953229198449246	0.07683246155475143	0.5317137380050905	0.1266733904829611	0.028719399397986567	0.19175120210751756	0.3321399904862296	-1	0.28596725782004134	0.0	0.23404780542597053	0.16061088088529363
CS17_01461_1-892	0.03590685559758178	0.14254353712495427	0.06127511441895406	0.31088026698072196	0.29766593257912	0.10737441494300942	0.2627672048239571	0.4257990075334881	0.09809218506025907	-1	0.05191945239407081	0.23404780542597053	0.0	0.0734369245406769
SEN1321_1-891	0.03753006894309513	0.21598046166563117	0.13471203895963096	0.23744334244004506	0.3711028571197969	0.033937490402332515	0.1893302802832802	0.3523620829928112	0.17152910960093598	-1	0.12535637693474772	0.16061088088529363	0.0734369245406769	0.0
