NCTC13441_03897_1-438	0.0	0.5656582720134519	0.46596123160390257	0.6671380526473485	0.4827606500066481	-1	0.3998631463003139	0.12056710620006167	1.0	0.6564038568172601	0.3598630784527646	0.509580407895227	1.0	0.05606647443804355
ERS227112_02429_1-438	0.5656582720134519	0.0	0.768044678523031	0.2336404128249898	0.7753413669412486	-1	0.7393355219356681	0.5061115736644755	1.0	0.20892670207965536	0.7219618233471844	0.7869903069267548	1.0	0.5398598352273065
STMMW_01321_1-438	0.46596123160390257	0.768044678523031	0.0	0.8222388155898633	0.031457301224029094	-1	0.11013835410392032	0.530348740508065	1.0	0.8165063388690404	0.1657429052751631	0.08167792091635571	1.0	0.4959029025611066
SL1344_0126_1-438	0.6671380526473485	0.2336404128249898	0.8222388155898633	0.0	0.8278307027137932	-1	0.8002372781994291	0.621503869482992	1.0	0.031240734341943292	0.7869227777214557	0.8367579795521122	1.0	0.6473671732821575
BN373_05811_1-438	0.4827606500066481	0.7753413669412486	0.031457301224029094	0.8278307027137932	0.0	-1	0.13813099994658362	0.5451227016481475	1.0	0.822278554239937	0.19198638200220566	0.05185173535022735	1.0	0.5117604368014006
b0088_1-438	-1	-1	-1	-1	-1	-1	-1	-1	-1	-1	-1	-1	-1	-1
CS17_00088_1-438	0.3998631463003139	0.7393355219356681	0.11013835410392032	0.8002372781994291	0.13813099994658362	-1	0.0	0.47221991007489483	1.0	0.7937952916869636	0.0624867376043044	0.18282040324391846	1.0	0.4335107038675952
STM_MW01321_1-438	0.12056710620006167	0.5061115736644755	0.530348740508065	0.621503869482992	0.5451227016481475	-1	0.47221991007489483	0.0	1.0	0.6092980537740673	0.43704253465553067	0.5687088789391141	1.0	0.06833175220004889
t0130_1-438	1.0	1.0	1.0	1.0	1.0	-1	1.0	1.0	0	1.0	1.0	1.0	0	1.0
ENC_46000_1-438	0.6564038568172601	0.20892670207965536	0.8165063388690404	0.031240734341943292	0.822278554239937	-1	0.7937952916869636	0.6092980537740673	1.0	0.0	0.7800514226474978	0.8314937196115475	1.0	0.6359954023476546
ROD_00941_1-438	0.3598630784527646	0.7219618233471844	0.1657429052751631	0.7869227777214557	0.19198638200220566	-1	0.0624867376043044	0.43704253465553067	1.0	0.7800514226474978	0.0	0.233883290282007	1.0	0.3957532988015406
ETEC_0086_1-438	0.509580407895227	0.7869903069267548	0.08167792091635571	0.8367579795521122	0.05185173535022735	-1	0.18282040324391846	0.5687088789391141	1.0	0.8314937196115475	0.233883290282007	0.0	1.0	0.537076505419885
Ecoli9000q_41400_1-438	1.0	1.0	1.0	1.0	1.0	-1	1.0	1.0	0	1.0	1.0	1.0	0	1.0
SEN0127_1-438	0.05606647443804355	0.5398598352273065	0.4959029025611066	0.6473671732821575	0.5117604368014006	-1	0.4335107038675952	0.06833175220004889	1.0	0.6359954023476546	0.3957532988015406	0.537076505419885	1.0	0.0
