ETEC_2170_1-203	0.0	1.287811240602547	0.3223228639138169	0.35929772045046804	0.5437535768268269	0.43579309229447205	0.35420033535545004	0.060237362436466935	0.7303935378331481	0.09604823078179903	0.230883555216557	-1	0.15429886075840904
BN373_30851_1-199	1.287811240602547	0.0	0.9654883766887301	1.6471089610530152	0.7440576637757201	1.7236043328970192	1.642011575957997	1.22757387816608	2.018204778435695	1.383859471384346	1.518694795819104	-1	1.442110101360956
ROD_21641_1-203	0.3223228639138169	0.9654883766887301	0.0	0.681620584364285	0.22143071291300997	0.758115956208289	0.676523199269267	0.26208550147735	1.052716401746965	0.41837109469561595	0.5532064191303739	-1	0.47662172467222597
SEN2077_1-203	0.35929772045046804	1.6471089610530152	0.681620584364285	0.0	0.9030512972772949	0.07649537184400401	0.005097385095018003	0.419535082886935	0.37109581738268	0.263249489668669	0.12841416523391103	-1	0.204998859692059
ERS227112_04098_1-199	0.5437535768268269	0.7440576637757201	0.22143071291300997	0.9030512972772949	0.0	0.979546669121299	0.8979539121822769	0.48351621439035997	1.274147114659975	0.6398018076086259	0.7746371320433839	-1	0.6980524375852359
t0795_1-203	0.43579309229447205	1.7236043328970192	0.758115956208289	0.07649537184400401	0.979546669121299	0.0	0.08159275693902202	0.496030454730939	0.294600445538676	0.339744861512673	0.20490953707791504	-1	0.281494231536063
STMMW_21091_1-203	0.35420033535545004	1.642011575957997	0.676523199269267	0.005097385095018003	0.8979539121822769	0.08159275693902202	0.0	0.41443769779191697	0.376193202477698	0.258152104573651	0.12331678013889302	-1	0.199901474597041
CS17_02257_1-203	0.060237362436466935	1.22757387816608	0.26208550147735	0.419535082886935	0.48351621439035997	0.496030454730939	0.41443769779191697	0.0	0.790630900269615	0.15628559321826596	0.29112091765302395	-1	0.21453622319487597
STM_MW21091_1-203	0.7303935378331481	2.018204778435695	1.052716401746965	0.37109581738268	1.274147114659975	0.294600445538676	0.376193202477698	0.790630900269615	0.0	0.634345307051349	0.499509982616591	-1	0.576094677074739
NCTC13441_01686_1-203	0.09604823078179903	1.383859471384346	0.41837109469561595	0.263249489668669	0.6398018076086259	0.339744861512673	0.258152104573651	0.15628559321826596	0.634345307051349	0.0	0.13483532443475799	-1	0.05825062997661001
SL1344_2055_1-203	0.230883555216557	1.518694795819104	0.5532064191303739	0.12841416523391103	0.7746371320433839	0.20490953707791504	0.12331678013889302	0.29112091765302395	0.499509982616591	0.13483532443475799	0.0	-1	0.07658469445814797
b2026_1-203	-1	-1	-1	-1	-1	-1	-1	-1	-1	-1	-1	-1	-1
ENC_41430_1-203	0.15429886075840904	1.442110101360956	0.47662172467222597	0.204998859692059	0.6980524375852359	0.281494231536063	0.199901474597041	0.21453622319487597	0.576094677074739	0.05825062997661001	0.07658469445814797	-1	0.0
