STM_MW13711_1-1018	0.0	0.47667434680776677	0.37530558716208606	0.20399784070154275	0.41058911989542723	0.41828247760403026	0.1537700692174353	0.20141435256129891	0.2593315465555324	0.08588051533334329	-1	0.17063065524397714
BN373_27441_1-1018	0.47667434680776677	0.0	0.1013687596456807	0.272676506106224	0.06608522691233953	0.05839186920373651	0.32290427759033147	0.27525999424646785	0.21734280025223435	0.3907938314744235	-1	0.30604369156378963
ERS227112_04516_1-1018	0.37530558716208606	0.1013687596456807	0.0	0.1713077464605433	0.03528353273334117	0.04297689044194419	0.22153551794465076	0.17389123460078715	0.11597404060655364	0.2894250718287428	-1	0.20467493191810893
t1233_1-1018	0.20399784070154275	0.272676506106224	0.1713077464605433	0.0	0.20659127919388448	0.2142846369024875	0.05022777148410745	0.002583488140243839	0.05533370585398967	0.11811732536819947	-1	0.03336718545756562
ROD_13631_1-1018	0.41058911989542723	0.06608522691233953	0.03528353273334117	0.20659127919388448	0.0	0.007693357708603021	0.25681905067799193	0.20917476733412832	0.1512575733398948	0.32470860456208395	-1	0.2399584646514501
SL1344_1299_1-1018	0.41828247760403026	0.05839186920373651	0.04297689044194419	0.2142846369024875	0.007693357708603021	0.0	0.26451240838659495	0.21686812504273134	0.15895093104849783	0.33240196227068697	-1	0.24765182236005312
NCTC13441_02193_1-1018	0.1537700692174353	0.32290427759033147	0.22153551794465076	0.05022777148410745	0.25681905067799193	0.26451240838659495	0.0	0.047644283343863614	0.10556147733809712	0.06788955388409201	-1	0.016860586026541835
ETEC_1720_1-1018	0.20141435256129891	0.27525999424646785	0.17389123460078715	0.002583488140243839	0.20917476733412832	0.21686812504273134	0.047644283343863614	0.0	0.05791719399423351	0.11553383722795563	-1	0.03078369731732178
CS17_01868_1-1018	0.2593315465555324	0.21734280025223435	0.11597404060655364	0.05533370585398967	0.1512575733398948	0.15895093104849783	0.10556147733809712	0.05791719399423351	0.0	0.17345103122218913	-1	0.08870089131155529
STMMW_13711_1-1018	0.08588051533334329	0.3907938314744235	0.2894250718287428	0.11811732536819947	0.32470860456208395	0.33240196227068697	0.06788955388409201	0.11553383722795563	0.17345103122218913	0.0	-1	0.08475013991063385
b1687_1-1018	-1	-1	-1	-1	-1	-1	-1	-1	-1	-1	-1	-1
SEN1680_1-1018	0.17063065524397714	0.30604369156378963	0.20467493191810893	0.03336718545756562	0.2399584646514501	0.24765182236005312	0.016860586026541835	0.03078369731732178	0.08870089131155529	0.08475013991063385	-1	0.0
