ROD_00371_1-129	0.0	2.2485422051687345	2.5891118092854692	3.1823200944526033	1.7642672550791887	1.1946092916051767	2.0254509678410084	-1	2.2359265090034786	2.2882373451170186	4.197059059519779
t0069_1-131	2.2485422051687345	0.0	0.34056960411673476	0.9337778892838688	0.4842749500895458	1.0539329135635578	0.22309123732772607	-1	0.01261569616525593	0.03969513994828411	1.9485168543510447
NCTC13441_03956_1-131	2.5891118092854692	0.34056960411673476	0.0	0.5932082851671341	0.8248445542062806	1.3945025176802925	0.5636608414444608	-1	0.3531853002819907	0.30087446416845065	1.60794725023431
STM_MW00701_1-131	3.1823200944526033	0.9337778892838688	0.5932082851671341	0.0	1.4180528393734146	1.9877108028474266	1.156869126611595	-1	0.9463935854491248	0.8940827493355847	1.0147389650671759
SL1344_0069_1-131	1.7642672550791887	0.4842749500895458	0.8248445542062806	1.4180528393734146	0.0	0.569657963474012	0.26118371276181973	-1	0.47165925392428987	0.5239700900378299	2.4327918044405905
CS17_00034_1-131	1.1946092916051767	1.0539329135635578	1.3945025176802925	1.9877108028474266	0.569657963474012	0.0	0.8308416762358317	-1	1.0413172173983019	1.093628053511842	3.0024497679146025
ETEC_0034_1-131	2.0254509678410084	0.22309123732772607	0.5636608414444608	1.156869126611595	0.26118371276181973	0.8308416762358317	0.0	-1	0.21047554116247014	0.2627863772760102	2.171608091678771
b0034_1-131	-1	-1	-1	-1	-1	-1	-1	-1	-1	-1	-1
STMMW_00701_1-131	2.2359265090034786	0.01261569616525593	0.3531853002819907	0.9463935854491248	0.47165925392428987	1.0413172173983019	0.21047554116247014	-1	0.0	0.05231083611354004	1.9611325505163006
SEN0068_1-131	2.2882373451170186	0.03969513994828411	0.30087446416845065	0.8940827493355847	0.5239700900378299	1.093628053511842	0.2627863772760102	-1	0.05231083611354004	0.0	1.9088217144027606
Ecoli9000q_40860_1-131	4.197059059519779	1.9485168543510447	1.60794725023431	1.0147389650671759	2.4327918044405905	3.0024497679146025	2.171608091678771	-1	1.9611325505163006	1.9088217144027606	0.0
