ENC_23050_1-784	0.0	0.8734341265880778	0.2912111797894119	0.9601546118192408	0.3579690983393319	0.2167325528737839	0.3153286437733799	0.3799875341072301	0.27811282085851785	0.5204528588260139	0.027064723162189885	0.49249586862190486	5.9551092112645
STM_MW05211_1-784	0.8734341265880778	0.0	0.5822229467986659	0.0867204852311629	0.5154650282487461	0.656701573714294	0.5581054828146981	1.253421660695308	0.5953213057295601	0.352981267762064	0.846369403425888	0.38093825796617303	6.828543337852578
STMMW_05211_1-784	0.2912111797894119	0.5822229467986659	0.0	0.6689434320298289	0.06675791854991997	0.07447862691562801	0.02411746398396797	0.671198713896642	0.01309835893089406	0.22924167903660198	0.264146456627222	0.20128468883249295	6.246320391053912
t2410_1-784	0.9601546118192408	0.0867204852311629	0.6689434320298289	0.0	0.6021855134799089	0.7434220589454569	0.6448259680458609	1.3401421459264709	0.6820417909607229	0.4397017529932269	0.9330898886570509	0.4676587431973359	6.915263823083741
ERS227112_02753_1-784	0.3579690983393319	0.5154650282487461	0.06675791854991997	0.6021855134799089	0.0	0.14123654546554798	0.042640454565952	0.737956632446562	0.07985627748081403	0.162483760486682	0.330904375177142	0.13452677028257298	6.313078309603832
ETEC_0492_1-784	0.2167325528737839	0.656701573714294	0.07447862691562801	0.7434220589454569	0.14123654546554798	0.0	0.09859609089959598	0.596720086981014	0.06138026798473395	0.30372030595223	0.18966782971159402	0.27576331574812096	6.171841764138284
SEN0432_1-784	0.3153286437733799	0.5581054828146981	0.02411746398396797	0.6448259680458609	0.042640454565952	0.09859609089959598	0.0	0.69531617788061	0.03721582291486203	0.205124215052634	0.28826392061119	0.17716722484852498	6.27043785503788
CS17_00471_1-784	0.3799875341072301	1.253421660695308	0.671198713896642	1.3401421459264709	0.737956632446562	0.596720086981014	0.69531617788061	0.0	0.6581003549657479	0.900440392933244	0.40705225726941996	0.8724834027291349	5.57512167715727
ROD_04941_1-803	0.27811282085851785	0.5953213057295601	0.01309835893089406	0.6820417909607229	0.07985627748081403	0.06138026798473395	0.03721582291486203	0.6581003549657479	0.0	0.24234003796749604	0.25104809769632797	0.214383047763387	6.233222032123018
NCTC13441_03539_1-784	0.5204528588260139	0.352981267762064	0.22924167903660198	0.4397017529932269	0.162483760486682	0.30372030595223	0.205124215052634	0.900440392933244	0.24234003796749604	0.0	0.493388135663824	0.027956990204109022	6.475562070090514
BN373_08901_1-784	0.027064723162189885	0.846369403425888	0.264146456627222	0.9330898886570509	0.330904375177142	0.18966782971159402	0.28826392061119	0.40705225726941996	0.25104809769632797	0.493388135663824	0.0	0.465431145459715	5.98217393442669
SL1344_0444_1-784	0.49249586862190486	0.38093825796617303	0.20128468883249295	0.4676587431973359	0.13452677028257298	0.27576331574812096	0.17716722484852498	0.8724834027291349	0.214383047763387	0.027956990204109022	0.465431145459715	0.0	6.447605079886405
b0439_1-784	5.9551092112645	6.828543337852578	6.246320391053912	6.915263823083741	6.313078309603832	6.171841764138284	6.27043785503788	5.57512167715727	6.233222032123018	6.475562070090514	5.98217393442669	6.447605079886405	0.0
