ERS227112_02212_4-233	0.0	0.18259040276240504	0.3829925317840884	0.4305559132322893	-1	-1	0.4782887053654378	0.023384941211563526	0.5443922463203288
ETEC_0598_5-120	0.18259040276240504	0.0	0.4956521739130435	0.3033552717118497	-1	-1	0.5735481807784583	0.201705478139574	0.6275818495663745
ETEC_0598_157-236	0.3829925317840884	0.4956521739130435	0.0	0.648648745732933	-1	-1	0.15444897912970174	0.36821835516098306	0.2615847017264323
ENC_35530_3-486	0.4305559132322893	0.3033552717118497	0.648648745732933	0.0	-1	-1	0.7029145882704217	0.4438723297246247	0.7405568587815915
b0570_5-120	-1	-1	-1	-1	-1	-1	-1	-1	-1
b0570_162-480	-1	-1	-1	-1	-1	-1	-1	-1	-1
NCTC13441_03437_6-237	0.4782887053654378	0.5735481807784583	0.15444897912970174	0.7029145882704217	-1	-1	0.0	0.465796385239253	0.1267052134671415
CS17_00574_5-115	0.023384941211563526	0.201705478139574	0.36821835516098306	0.4438723297246247	-1	-1	0.465796385239253	0.0	0.533482768282432
CS17_00574_157-239	0.5443922463203288	0.6275818495663745	0.2615847017264323	0.7405568587815915	-1	-1	0.1267052134671415	0.533482768282432	0.0
