ERS227112_04230_1-89	0.0	0.08682270798526415	0.5026346493565591	0.2869686312551365	0.18642222089228877	0.45999395536929155	0.9487687523357191	0.05304910689515907
t0884_1-88	0.08682270798526415	0.0	0.41581194137129496	0.37379133924040064	0.09959951290702462	0.3731712473840274	0.861946044350455	0.13987181488042322
SL1344_1922_1-88	0.5026346493565591	0.41581194137129496	0.0	0.7896032806116956	0.31621242846427033	0.04264069398726755	0.44613410297916	0.5556837562517182
BN373_30131_1-89	0.2869686312551365	0.37379133924040064	0.7896032806116956	0.0	0.47339085214742527	0.746962586624428	1.2357373835908556	0.23391952435997743
SEN1016_1-88	0.18642222089228877	0.09959951290702462	0.31621242846427033	0.47339085214742527	0.0	0.2735717344770028	0.7623465314434303	0.23947132778744784
STMMW_19731_1-88	0.45999395536929155	0.3731712473840274	0.04264069398726755	0.746962586624428	0.2735717344770028	0.0	0.48877479696642756	0.5130430622644506
STM_MW19731_1-88	0.9487687523357191	0.861946044350455	0.44613410297916	1.2357373835908556	0.7623465314434303	0.48877479696642756	0.0	1.0018178592308782
ROD_20421_1-95	0.05304910689515907	0.13987181488042322	0.5556837562517182	0.23391952435997743	0.23947132778744784	0.5130430622644506	1.0018178592308782	0.0
