ERS227112_01832_1-165	0.0	0.0790397731146516	0.0844290015485911	0.04352544443145	0.298629231155652	0.0320898666321975	0.0843124754909131	0.0	-1	0.133373731237812	0.0	0.150496725396938	0.0941959329110986
SEN3935_1-165	0.0790397731146516	0.0	0.005389228433939505	0.035514328683201604	0.21958945804100038	0.046949906482454104	0.005272702376261498	0.0790397731146516	-1	0.054333958123160386	0.0790397731146516	0.0714569522822864	0.015156159796446994
t3476_1-165	0.0844290015485911	0.005389228433939505	0.0	0.04090355711714111	0.21420022960706087	0.05233913491639361	0.00011652605767800694	0.0844290015485911	-1	0.04894472968922088	0.0844290015485911	0.0660677238483469	0.009766931362507489
ROD_37671_1-165	0.04352544443145	0.035514328683201604	0.04090355711714111	0.0	0.255103786724202	0.0114355777992525	0.0407870310594631	0.04352544443145	-1	0.08984828680636199	0.04352544443145	0.10697128096548801	0.0506704884796486
CS17_04446_1-165	0.298629231155652	0.21958945804100038	0.21420022960706087	0.255103786724202	0.0	0.2665393645234545	0.2143167556647389	0.298629231155652	-1	0.16525549991784	0.298629231155652	0.14813250575871398	0.2044332982445534
ENC_01410_1-165	0.0320898666321975	0.046949906482454104	0.05233913491639361	0.0114355777992525	0.2665393645234545	0.0	0.0522226088587156	0.0320898666321975	-1	0.10128386460561449	0.0320898666321975	0.11840685876474051	0.0621060662789011
BN373_49781_1-165	0.0843124754909131	0.005272702376261498	0.00011652605767800694	0.0407870310594631	0.2143167556647389	0.0522226088587156	0.0	0.0843124754909131	-1	0.04906125574689889	0.0843124754909131	0.06618424990602491	0.009883457420185496
STM_MW41041_1-165	0.0	0.0790397731146516	0.0844290015485911	0.04352544443145	0.298629231155652	0.0320898666321975	0.0843124754909131	0.0	-1	0.133373731237812	0.0	0.150496725396938	0.0941959329110986
b3985_1-165	-1	-1	-1	-1	-1	-1	-1	-1	-1	-1	-1	-1	-1
STMMW_41041_1-165	0.133373731237812	0.054333958123160386	0.04894472968922088	0.08984828680636199	0.16525549991784	0.10128386460561449	0.04906125574689889	0.133373731237812	-1	0.0	0.133373731237812	0.01712299415912602	0.03917779832671339
NCTC13441_04511_1-165	0.0	0.0790397731146516	0.0844290015485911	0.04352544443145	0.298629231155652	0.0320898666321975	0.0843124754909131	0.0	-1	0.133373731237812	0.0	0.150496725396938	0.0941959329110986
SL1344_4090_1-165	0.150496725396938	0.0714569522822864	0.0660677238483469	0.10697128096548801	0.14813250575871398	0.11840685876474051	0.06618424990602491	0.150496725396938	-1	0.01712299415912602	0.150496725396938	0.0	0.05630079248583941
ETEC_4244_1-165	0.0941959329110986	0.015156159796446994	0.009766931362507489	0.0506704884796486	0.2044332982445534	0.0621060662789011	0.009883457420185496	0.0941959329110986	-1	0.03917779832671339	0.0941959329110986	0.05630079248583941	0.0
