STM_MW40571_1-176	0.0	0.16890590257632998	0.5857906076613102	0.52066016102687	0.3053072424057399	0.22414640116477003	-1	0.33085470839003994	0.26412838314255005	0.10979867482303995	0.19439826408177985	0.50303576509821
ROD_38141_1-176	0.16890590257632998	0.0	0.7546965102376402	0.6895660636031999	0.13640133982940994	0.055240498588440046	-1	0.16194880581370996	0.09522248056622007	0.059107227753290026	0.025492361505449868	0.67194166767454
CS17_04388_1-176	0.5857906076613102	0.7546965102376402	0.0	0.06513044663444023	0.8910978500670501	0.8099370088260802	-1	0.9166453160513501	0.8499189908038602	0.6955892824843501	0.78018887174309	0.08275484256310017
SL1344_4041_1-176	0.52066016102687	0.6895660636031999	0.06513044663444023	0.0	0.8259674034326099	0.74480656219164	-1	0.8515148694169099	0.78478854416942	0.6304588358499099	0.7150584251086498	0.01762439592865994
ERS227112_00355_1-176	0.3053072424057399	0.13640133982940994	0.8910978500670501	0.8259674034326099	0.0	0.0811608412409699	-1	0.025547465984300022	0.04117885926318987	0.19550856758269997	0.11090897832396007	0.8083430075039499
NCTC13441_04568_1-176	0.22414640116477003	0.055240498588440046	0.8099370088260802	0.74480656219164	0.0811608412409699	0.0	-1	0.10670830722526992	0.03998198197778002	0.11434772634173007	0.029748137082990178	0.72718216626298
b3932_1-176	-1	-1	-1	-1	-1	-1	-1	-1	-1	-1	-1	-1
t3526_1-176	0.33085470839003994	0.16194880581370996	0.9166453160513501	0.8515148694169099	0.025547465984300022	0.10670830722526992	-1	0.0	0.06672632524748989	0.221056033567	0.1364564443082601	0.83389047348825
BN373_48601_1-176	0.26412838314255005	0.09522248056622007	0.8499189908038602	0.78478854416942	0.04117885926318987	0.03998198197778002	-1	0.06672632524748989	0.0	0.1543297083195101	0.0697301190607702	0.7671641482407601
SEN3882_1-176	0.10979867482303995	0.059107227753290026	0.6955892824843501	0.6304588358499099	0.19550856758269997	0.11434772634173007	-1	0.221056033567	0.1543297083195101	0.0	0.0845995892587399	0.61283443992125
ETEC_4201_1-176	0.19439826408177985	0.025492361505449868	0.78018887174309	0.7150584251086498	0.11090897832396007	0.029748137082990178	-1	0.1364564443082601	0.0697301190607702	0.0845995892587399	0.0	0.6974340291799899
STMMW_40571_1-176	0.50303576509821	0.67194166767454	0.08275484256310017	0.01762439592865994	0.8083430075039499	0.72718216626298	-1	0.83389047348825	0.7671641482407601	0.61283443992125	0.6974340291799899	0.0
