STMMW_21771_1-266	0.0	0.11833271893197084	-1	0.2923038923297247	0.27358642960360674	0.15013694828238155	0.033102474947440785	0.32301894961207567	0.2247129838049201	0.05636708031322524	0.05540950844742365	0.24426205199498452
ERS227112_04030_1-266	0.11833271893197084	0.0	-1	0.17397117339775386	0.1552537106716359	0.2684696672143524	0.08523024398453005	0.20468623068010483	0.34304570273689095	0.17469979924519607	0.1737422273793945	0.36259477092695536
b2103_1-266	-1	-1	-1	-1	-1	-1	-1	-1	-1	-1	-1	-1
SEN2142_1-266	0.2923038923297247	0.17397117339775386	-1	0.0	0.01871746272611796	0.44244084061210626	0.2592014173822839	0.030715057282350966	0.5170168761346448	0.34867097264294994	0.34771340077714835	0.5365659443247093
t0710_1-266	0.27358642960360674	0.1552537106716359	-1	0.01871746272611796	0.0	0.4237233778859883	0.24048395465616595	0.04943252000846893	0.49829941340852685	0.329953509916832	0.3289959380510304	0.5178484815985913
ETEC_2242_1-266	0.15013694828238155	0.2684696672143524	-1	0.44244084061210626	0.4237233778859883	0.0	0.18323942322982234	0.4731558978944572	0.07457603552253855	0.09376986796915632	0.0947274398349579	0.09412510371260296
ROD_22271_1-266	0.033102474947440785	0.08523024398453005	-1	0.2592014173822839	0.24048395465616595	0.18323942322982234	0.0	0.2899164746646349	0.2578154587523609	0.08946955526066602	0.08851198339486444	0.2773645269424253
STM_MW21771_1-266	0.32301894961207567	0.20468623068010483	-1	0.030715057282350966	0.04943252000846893	0.4731558978944572	0.2899164746646349	0.0	0.5477319334169958	0.3793860299253009	0.3784284580594993	0.5672810016070602
BN373_31531_1-266	0.2247129838049201	0.34304570273689095	-1	0.5170168761346448	0.49829941340852685	0.07457603552253855	0.2578154587523609	0.5477319334169958	0.0	0.16834590349169487	0.16930347535749646	0.01954906819006441
NCTC13441_01611_1-266	0.05636708031322524	0.17469979924519607	-1	0.34867097264294994	0.329953509916832	0.09376986796915632	0.08946955526066602	0.3793860299253009	0.16834590349169487	0.0	0.0009575718658015875	0.18789497168175928
SL1344_2123_1-266	0.05540950844742365	0.1737422273793945	-1	0.34771340077714835	0.3289959380510304	0.0947274398349579	0.08851198339486444	0.3784284580594993	0.16930347535749646	0.0009575718658015875	0.0	0.18885254354756087
CS17_02347_1-266	0.24426205199498452	0.36259477092695536	-1	0.5365659443247093	0.5178484815985913	0.09412510371260296	0.2773645269424253	0.5672810016070602	0.01954906819006441	0.18789497168175928	0.18885254354756087	0.0
