CS17_04553_1-188	0.0	0.0016402197780360783	0.9421805737772471	-1	0.406039439180496	0.3062898602722284	1.2309526962832922	0.08860770995527156	0.985970997637442	0.05662665801360922	0.6266786742731001
t4184_1-188	0.0016402197780360783	0.0	0.940540353999211	-1	0.40439921940245993	0.3046496404941923	1.229312476505256	0.08696749017723548	0.9843307778594059	0.05498643823557314	0.6283188940511362
SL1344_4214_1-188	0.9421805737772471	0.940540353999211	0.0	-1	0.5361411345967511	0.6358907135050187	0.2887721225060451	0.8535728638219755	0.04379042386019494	0.8855539157636378	1.5688592480503472
b4071_1-188	-1	-1	-1	-1	-1	-1	-1	-1	-1	-1	-1
SEN4048_1-188	0.406039439180496	0.40439921940245993	0.5361411345967511	-1	0.0	0.09974957890826763	0.8249132571027962	0.31743172922522445	0.579931558456946	0.3494127811668868	1.032718113453596
NCTC13441_04399_1-188	0.3062898602722284	0.3046496404941923	0.6358907135050187	-1	0.09974957890826763	0.0	0.9246628360110638	0.2176821503169568	0.6796811373652136	0.24966320225861915	0.9329685345453285
STM_MW42291_30-217	1.2309526962832922	1.229312476505256	0.2887721225060451	-1	0.8249132571027962	0.9246628360110638	0.0	1.1423449863280206	0.24498169864585018	1.174326038269683	1.8576313705563923
ETEC_4381_1-188	0.08860770995527156	0.08696749017723548	0.8535728638219755	-1	0.31743172922522445	0.2176821503169568	1.1423449863280206	0.0	0.8973632876821704	0.03198105194166234	0.7152863842283717
STMMW_42291_30-217	0.985970997637442	0.9843307778594059	0.04379042386019494	-1	0.579931558456946	0.6796811373652136	0.24498169864585018	0.8973632876821704	0.0	0.9293443396238328	1.612649671910542
ROD_34591_1-187	0.05662665801360922	0.05498643823557314	0.8855539157636378	-1	0.3494127811668868	0.24966320225861915	1.174326038269683	0.03198105194166234	0.9293443396238328	0.0	0.6833053322867093
Ecoli9000q_37250_3-190	0.6266786742731001	0.6283188940511362	1.5688592480503472	-1	1.032718113453596	0.9329685345453285	1.8576313705563923	0.7152863842283717	1.612649671910542	0.6833053322867093	0.0
