NCTC13441_02489_1-55	0.0	0.15275995677571788	0.17572769998714494	0.6590131513069966	0.5432899585720518	-1	0.4511767367967558
ROD_17261_1-55	0.15275995677571788	0.0	0.027108897171597684	0.5975321853351812	0.460943748964132	-1	0.3522222331293196
ENC_08360_3-56	0.17572769998714494	0.027108897171597684	0.0	0.5863177148040938	0.44592334181213467	-1	0.33417238066269495
CS17_01459_1-55	0.6590131513069966	0.5975321853351812	0.5863177148040938	0.0	0.25338438448413575	-1	0.37869461527047776
ETEC_1379_7-62	0.5432899585720518	0.460943748964132	0.44592334181213467	0.25338438448413575	0.0	-1	0.16783767735658808
b4523_1-55	-1	-1	-1	-1	-1	-1	-1
Ecoli9000q_3010_1-55	0.4511767367967558	0.3522222331293196	0.33417238066269495	0.37869461527047776	0.16783767735658808	-1	0.0
