STMMW_02731_2-173	0.0	0.07930244543267606	0.11110611876085408	0.42898790231148404	0.43555609328166	0.6014297181747509	0.42825480288584405	0.423031827095281	1.096866726328511	0.05762309130158505	0.02032130364229201	0.852310512209281	0.12905164863505703
BN373_19491_1-162	0.07930244543267606	0.0	0.03180367332817802	0.349685456878808	0.35625364784898395	0.6807321636074269	0.348952357453168	0.502334272527957	1.1761691717611868	0.02167935413109101	0.05898114179038405	0.9316129576419571	0.2083540940677331
t2588_2-173	0.11110611876085408	0.03180367332817802	0.0	0.31788178355062996	0.32444997452080593	0.712535836935605	0.31714868412499	0.534137945856135	1.207972845089365	0.05348302745926903	0.09078481511856207	0.9634166309701351	0.2401577673959111
STM_MW02721_3-175	0.42898790231148404	0.349685456878808	0.31788178355062996	0.0	0.006568190970175969	1.030417620486235	0.0007330994256399825	0.8520197294067651	1.525854628639995	0.371364811009899	0.408666598669192	1.281298414520765	0.558039550946541
ENC_08900_1-162	0.43555609328166	0.35625364784898395	0.32444997452080593	0.006568190970175969	0.0	1.036985811456411	0.007301290395815951	0.858587920376941	1.5324228196101708	0.37793300198007496	0.415234789639368	1.2878666054909411	0.564607741916717
ROD_27761_1-172	0.6014297181747509	0.6807321636074269	0.712535836935605	1.030417620486235	1.036985811456411	0.0	1.029684521060595	0.1783978910794699	0.49543700815376	0.6590528094763359	0.6217510218170429	0.2508807940345301	0.47237806953969386
STM_MW02731_2-173	0.42825480288584405	0.348952357453168	0.31714868412499	0.0007330994256399825	0.007301290395815951	1.029684521060595	0.0	0.851286629981125	1.525121529214355	0.370631711584259	0.40793349924355204	1.280565315095125	0.5573064515209011
ETEC_3925_1-143	0.423031827095281	0.502334272527957	0.534137945856135	0.8520197294067651	0.858587920376941	0.1783978910794699	0.851286629981125	0.0	0.6738348992332299	0.480654918396866	0.443353130737573	0.429278685114	0.29398017846022395
ERS227112_05286_1-163	1.096866726328511	1.1761691717611868	1.207972845089365	1.525854628639995	1.5324228196101708	0.49543700815376	1.525121529214355	0.6738348992332299	0.0	1.154489817630096	1.1171880299708028	0.2445562141192299	0.9678150776934539
ENC_07240_5-152	0.05762309130158505	0.02167935413109101	0.05348302745926903	0.371364811009899	0.37793300198007496	0.6590528094763359	0.370631711584259	0.480654918396866	1.154489817630096	0.0	0.03730178765929304	0.909933603510866	0.18667473993664208
SL1344_0267_2-173	0.02032130364229201	0.05898114179038405	0.09078481511856207	0.408666598669192	0.415234789639368	0.6217510218170429	0.40793349924355204	0.443353130737573	1.1171880299708028	0.03730178765929304	0.0	0.872631815851573	0.14937295227734904
ROD_34171_1-170	0.852310512209281	0.9316129576419571	0.9634166309701351	1.281298414520765	1.2878666054909411	0.2508807940345301	1.280565315095125	0.429278685114	0.2445562141192299	0.909933603510866	0.872631815851573	0.0	0.723258863574224
NCTC13441_00957_1-166	0.12905164863505703	0.2083540940677331	0.2401577673959111	0.558039550946541	0.564607741916717	0.47237806953969386	0.5573064515209011	0.29398017846022395	0.9678150776934539	0.18667473993664208	0.14937295227734904	0.723258863574224	0.0
