t3965_1-295	0.0	1.4089384125167768	0.026663931990415835	0.232828721632098	1.24146801305305	0.9566398047635453	-1	0.06027850642687016	0.946666298992982	0.2066392582314629	0.0051657827750895	-1	0.36352318738039846	0.39012374040425113	0.9070503863929688	0.7449742626868247	1.133349596941997	0.20029475539947816	0.22535326862811877	0.6342257015112386	1.2704231755771525	0.5946335675883004	0.48894309313132006	0.8328408728992055	0.5996007834607923	0.07687507313001274	0.572243214651372
ENC_30830_1-296	1.4089384125167768	0.0	1.3822744805263611	1.6417671341488749	0.16747039946372677	0.4522986077532316	-1	1.3486599060899067	0.4622721135237948	1.6155776707482397	1.4141041952918663	-1	1.0454152251363784	1.799062152921028	0.5018880261238081	0.6639641498299522	0.27558881557477966	1.2086436571172987	1.1835851438886582	0.7747127110055383	0.1385152369396243	0.8143048449284764	1.8978815056480969	0.5760975396175714	0.8093376290559846	1.4858134856467897	0.8366951978654049
ROD_16981_1-293	0.026663931990415835	1.3822744805263611	0.0	0.25949265362251384	1.2148040810626344	0.9299758727731294	-1	0.033614574436454325	0.9200023670025662	0.23330319022187873	0.031829714765505335	-1	0.3368592553899826	0.41678767239466696	0.8803864544025529	0.7183103306964088	1.1066856649515815	0.17363082340906233	0.19868933663770294	0.6075617695208227	1.2437592435867368	0.5679696355978846	0.515607025121736	0.8061769409087897	0.5729368514703764	0.10353900512042857	0.5455792826609561
CS17_01497_1-294	0.232828721632098	1.6417671341488749	0.25949265362251384	0.0	1.474296734685148	1.1894685263956433	-1	0.29310722805896816	1.17949502062508	0.026189463400635105	0.2276629388570085	-1	0.5963519090124965	0.15729501877215313	1.1398791080250668	0.9778029843189227	1.3661783185740952	0.43312347703157617	0.4581819902602168	0.8670544231433366	1.5032518972092506	0.8274622892203984	0.25611437149922206	1.0656695945313035	0.8324295050928903	0.15595364850208526	0.80507193628347
ENC_26420_1-295	1.24146801305305	0.16747039946372677	1.2148040810626344	1.474296734685148	0.0	0.28482820828950484	-1	1.18118950662618	0.29480171406006805	1.4481072712845129	1.2466337958281395	-1	0.8779448256726516	1.6315917534573012	0.33441762666008135	0.49649375036622545	0.10811841611105288	1.041173257653572	1.0161147444249314	0.6072423115418115	0.028955162524102462	0.6468344454647497	1.73041110618437	0.4086271401538446	0.6418672295922578	1.318343086183063	0.6692247984016781
STM_MW35451_1-296	0.9566398047635453	0.4522986077532316	0.9299758727731294	1.1894685263956433	0.28482820828950484	0.0	-1	0.8963612983366751	0.009973505770563218	1.163279062995008	0.9618055875386348	-1	0.5931166173831468	1.3467635451677964	0.04958941837057651	0.21166554207672061	0.17670979217845195	0.7563450493640671	0.7312865361354265	0.3224141032523067	0.3137833708136073	0.3620062371752448	1.4455828978948653	0.12379893186433977	0.357039021302753	1.0335148778935581	0.3843965901121733
b3452_1-295	-1	-1	-1	-1	-1	-1	-1	-1	-1	-1	-1	-1	-1	-1	-1	-1	-1	-1	-1	-1	-1	-1	-1	-1	-1	-1	-1
ERS227112_02165_1-290	0.06027850642687016	1.3486599060899067	0.033614574436454325	0.29310722805896816	1.18118950662618	0.8963612983366751	-1	0.0	0.8863877925661119	0.26691776465833306	0.06544428920195966	-1	0.3032446809535283	0.4504022468311213	0.8467718799660986	0.6846957562599545	1.073071090515127	0.140016248972608	0.16507476220124861	0.5739471950843684	1.2101446691502824	0.5343550611614303	0.5492215995581902	0.7725623664723353	0.5393222770339221	0.1371535795568829	0.5119647082245018
ERS227112_00772_1-296	0.946666298992982	0.4622721135237948	0.9200023670025662	1.17949502062508	0.29480171406006805	0.009973505770563218	-1	0.8863877925661119	0.0	1.1533055572244448	0.9518320817680715	-1	0.5831431116125836	1.3367900393972332	0.03961591260001329	0.2016920363061574	0.18668329794901517	0.7463715435935039	0.7213130303648633	0.31244059748174347	0.3237568765841705	0.3520327314046816	1.435609392124302	0.11382542609377655	0.3470655155321898	1.023541372122995	0.3744230843416101
ETEC_1415_1-293	0.2066392582314629	1.6155776707482397	0.23330319022187873	0.026189463400635105	1.4481072712845129	1.163279062995008	-1	0.26691776465833306	1.1533055572244448	0.0	0.2014734754563734	-1	0.5701624456118614	0.18348448217278823	1.1136896446244315	0.9516135209182875	1.33998885517346	0.40693401363094106	0.43199252685958167	0.8408649597427015	1.4770624338086153	0.8012728258197633	0.28230383489985716	1.0394801311306683	0.8062400416922552	0.12976418510145016	0.7788824728828349
ROD_43761_1-295	0.0051657827750895	1.4141041952918663	0.031829714765505335	0.2276629388570085	1.2466337958281395	0.9618055875386348	-1	0.06544428920195966	0.9518320817680715	0.2014734754563734	0.0	-1	0.36868897015548796	0.38495795762916163	0.9122161691680583	0.7501400454619142	1.1385153797170866	0.20546053817456766	0.23051905140320827	0.6393914842863281	1.275588958352242	0.5997993503633899	0.48377731035623056	0.838006655674295	0.6047665662358818	0.07170929035492324	0.5774089974264615
b1311_1-293	-1	-1	-1	-1	-1	-1	-1	-1	-1	-1	-1	-1	-1	-1	-1	-1	-1	-1	-1	-1	-1	-1	-1	-1	-1	-1	-1
CS17_03870_1-296	0.36352318738039846	1.0454152251363784	0.3368592553899826	0.5963519090124965	0.8779448256726516	0.5931166173831468	-1	0.3032446809535283	0.5831431116125836	0.5701624456118614	0.36868897015548796	-1	0.0	0.7536469277846496	0.5435271990125703	0.3814510753064262	0.7698264095615988	0.1632284319809203	0.13816991875227969	0.2707025141308401	0.9068999881967541	0.23111038020790198	0.8524662805117185	0.46931768551880704	0.2360775960803938	0.4403982605104112	0.2087200272709735
NCTC13441_02454_1-294	0.39012374040425113	1.799062152921028	0.41678767239466696	0.15729501877215313	1.6315917534573012	1.3467635451677964	-1	0.4504022468311213	1.3367900393972332	0.18348448217278823	0.38495795762916163	-1	0.7536469277846496	0.0	1.2971741267972199	1.1350980030910758	1.5234733373462483	0.5904184958037293	0.6154770090323699	1.0243494419154897	1.6605469159814037	0.9847573079925516	0.09881935272706893	1.2229646133034566	0.9897245238650434	0.3132486672742384	0.9623669550556231
STMMW_35451_1-295	0.9070503863929688	0.5018880261238081	0.8803864544025529	1.1398791080250668	0.33441762666008135	0.04958941837057651	-1	0.8467718799660986	0.03961591260001329	1.1136896446244315	0.9122161691680583	-1	0.5435271990125703	1.2971741267972199	0.0	0.1620761237061441	0.22629921054902846	0.7067556309934906	0.68169711776485	0.2728246848817302	0.3633727891841838	0.3124168188046683	1.3959934795242888	0.07420951349376326	0.3074496029321765	0.9839254595229815	0.3348071717415968
BN373_03021_1-294	0.7449742626868247	0.6639641498299522	0.7183103306964088	0.9778029843189227	0.49649375036622545	0.21166554207672061	-1	0.6846957562599545	0.2016920363061574	0.9516135209182875	0.7501400454619142	-1	0.3814510753064262	1.1350980030910758	0.1620761237061441	0.0	0.38837533425517257	0.5446795072873465	0.5196209940587059	0.11074856117558607	0.5254489128903279	0.1503406950985242	1.2339173558181447	0.08786661021238085	0.1453734792260324	0.8218493358168374	0.1727310480354527
BN373_44491_1-295	1.133349596941997	0.27558881557477966	1.1066856649515815	1.3661783185740952	0.10811841611105288	0.17670979217845195	-1	1.073071090515127	0.18668329794901517	1.33998885517346	1.1385153797170866	-1	0.7698264095615988	1.5234733373462483	0.22629921054902846	0.38837533425517257	0.0	0.933054841542519	0.9079963283138784	0.49912389543075864	0.13707357863515535	0.5387160293536968	1.6222926900733172	0.3005087240427917	0.533748813481205	1.21022467007201	0.5611063822906253
SEN3379_1-295	0.20029475539947816	1.2086436571172987	0.17363082340906233	0.43312347703157617	1.041173257653572	0.7563450493640671	-1	0.140016248972608	0.7463715435935039	0.40693401363094106	0.20546053817456766	-1	0.1632284319809203	0.5904184958037293	0.7067556309934906	0.5446795072873465	0.933054841542519	0.0	0.02505851322864061	0.4339309461117604	1.0701284201776744	0.3943388121888223	0.6892378485307982	0.6325461174997273	0.3993060280613141	0.2771698285294909	0.3719484592518938
ETEC_3698_1-295	0.22535326862811877	1.1835851438886582	0.19868933663770294	0.4581819902602168	1.0161147444249314	0.7312865361354265	-1	0.16507476220124861	0.7213130303648633	0.43199252685958167	0.23051905140320827	-1	0.13816991875227969	0.6154770090323699	0.68169711776485	0.5196209940587059	0.9079963283138784	0.02505851322864061	0.0	0.4088724328831198	1.045069906949034	0.36928029896018166	0.7142963617594389	0.6074876042710867	0.3742475148326735	0.3022283417581315	0.3468899460232532
NCTC13441_00250_1-296	0.6342257015112386	0.7747127110055383	0.6075617695208227	0.8670544231433366	0.6072423115418115	0.3224141032523067	-1	0.5739471950843684	0.31244059748174347	0.8408649597427015	0.6393914842863281	-1	0.2707025141308401	1.0243494419154897	0.2728246848817302	0.11074856117558607	0.49912389543075864	0.4339309461117604	0.4088724328831198	0.0	0.636197474065914	0.039592133922938144	1.1231687946425586	0.19861517138796692	0.03462491805044632	0.7111007746412513	0.061982486859866626
ENC_28200_6-325	1.2704231755771525	0.1385152369396243	1.2437592435867368	1.5032518972092506	0.028955162524102462	0.3137833708136073	-1	1.2101446691502824	0.3237568765841705	1.4770624338086153	1.275588958352242	-1	0.9068999881967541	1.6605469159814037	0.3633727891841838	0.5254489128903279	0.13707357863515535	1.0701284201776744	1.045069906949034	0.636197474065914	0.0	0.6757896079888521	1.7593662687084726	0.43758230267794707	0.6708223921163603	1.3472982487071654	0.6981799609257806
SL1344_3522_1-295	0.5946335675883004	0.8143048449284764	0.5679696355978846	0.8274622892203984	0.6468344454647497	0.3620062371752448	-1	0.5343550611614303	0.3520327314046816	0.8012728258197633	0.5997993503633899	-1	0.23111038020790198	0.9847573079925516	0.3124168188046683	0.1503406950985242	0.5387160293536968	0.3943388121888223	0.36928029896018166	0.039592133922938144	0.6757896079888521	0.0	1.0835766607196204	0.23820730531090506	0.004967215872491826	0.6715086407183132	0.02239035293692848
Ecoli9000q_3480_1-294	0.48894309313132006	1.8978815056480969	0.515607025121736	0.25611437149922206	1.73041110618437	1.4455828978948653	-1	0.5492215995581902	1.435609392124302	0.28230383489985716	0.48377731035623056	-1	0.8524662805117185	0.09881935272706893	1.3959934795242888	1.2339173558181447	1.6222926900733172	0.6892378485307982	0.7142963617594389	1.1231687946425586	1.7593662687084726	1.0835766607196204	0.0	1.3217839660305255	1.0885438765921123	0.4120680200013073	1.061186307782692
BN373_38871_1-296	0.8328408728992055	0.5760975396175714	0.8061769409087897	1.0656695945313035	0.4086271401538446	0.12379893186433977	-1	0.7725623664723353	0.11382542609377655	1.0394801311306683	0.838006655674295	-1	0.46931768551880704	1.2229646133034566	0.07420951349376326	0.08786661021238085	0.3005087240427917	0.6325461174997273	0.6074876042710867	0.19861517138796692	0.43758230267794707	0.23820730531090506	1.3217839660305255	0.0	0.23324008943841323	0.9097159460292182	0.26059765824783354
ROD_28861_1-296	0.5996007834607923	0.8093376290559846	0.5729368514703764	0.8324295050928903	0.6418672295922578	0.357039021302753	-1	0.5393222770339221	0.3470655155321898	0.8062400416922552	0.6047665662358818	-1	0.2360775960803938	0.9897245238650434	0.3074496029321765	0.1453734792260324	0.533748813481205	0.3993060280613141	0.3742475148326735	0.03462491805044632	0.6708223921163603	0.004967215872491826	1.0885438765921123	0.23324008943841323	0.0	0.676475856590805	0.027357568809420307
ENC_08720_1-283	0.07687507313001274	1.4858134856467897	0.10353900512042857	0.15595364850208526	1.318343086183063	1.0335148778935581	-1	0.1371535795568829	1.023541372122995	0.12976418510145016	0.07170929035492324	-1	0.4403982605104112	0.3132486672742384	0.9839254595229815	0.8218493358168374	1.21022467007201	0.2771698285294909	0.3022283417581315	0.7111007746412513	1.3472982487071654	0.6715086407183132	0.4120680200013073	0.9097159460292182	0.676475856590805	0.0	0.6491182877813847
ERS227112_01410_1-296	0.572243214651372	0.8366951978654049	0.5455792826609561	0.80507193628347	0.6692247984016781	0.3843965901121733	-1	0.5119647082245018	0.3744230843416101	0.7788824728828349	0.5774089974264615	-1	0.2087200272709735	0.9623669550556231	0.3348071717415968	0.1727310480354527	0.5611063822906253	0.3719484592518938	0.3468899460232532	0.061982486859866626	0.6981799609257806	0.02239035293692848	1.061186307782692	0.26059765824783354	0.027357568809420307	0.6491182877813847	0.0
