STM_MW13441_1-327	0	0.011475354410159452	0	0.021663943490909512	0.01074393385767095	0	0	0.015296983465577101	-1	0.009968450527533423	0.01871924302356642	0	0.022185772235439834
NCTC13441_02165_1-327	0.011475354410159452	0.0	0.011475354410159452	0.01018858908075006	0.0007314205524885011	0.011475354410159452	0.011475354410159452	0.0038216290554176496	-1	0.0015069038826260282	0.007243888613406968	0.011475354410159452	0.010710417825280382
SL1344_1271_1-327	0	0.011475354410159452	0	0.021663943490909512	0.01074393385767095	0	0	0.015296983465577101	-1	0.009968450527533423	0.01871924302356642	0	0.022185772235439834
SEN1707_1-327	0.021663943490909512	0.01018858908075006	0.021663943490909512	0.0	0.010920009633238562	0.021663943490909512	0.021663943490909512	0.006366960025332411	-1	0.011695492963376089	0.002944700467343093	0.021663943490909512	0.0005218287445303213
STMMW_13441_1-327	0.01074393385767095	0.0007314205524885011	0.01074393385767095	0.010920009633238562	0.0	0.01074393385767095	0.01074393385767095	0.004553049607906151	-1	0.0007754833301375271	0.007975309165895469	0.01074393385767095	0.011441838377768883
t1218_1-327	0	0.011475354410159452	0	0.021663943490909512	0.01074393385767095	0	0	0.015296983465577101	-1	0.009968450527533423	0.01871924302356642	0	0.022185772235439834
ENC_14140_1-327	0	0.011475354410159452	0	0.021663943490909512	0.01074393385767095	0	0	0.015296983465577101	-1	0.009968450527533423	0.01871924302356642	0	0.022185772235439834
CS17_01897_1-327	0.015296983465577101	0.0038216290554176496	0.015296983465577101	0.006366960025332411	0.004553049607906151	0.015296983465577101	0.015296983465577101	0.0	-1	0.005328532938043678	0.0034222595579893184	0.015296983465577101	0.0068887887698627324
b1714_1-327	-1	-1	-1	-1	-1	-1	-1	-1	-1	-1	-1	-1	-1
ERS227112_04497_1-327	0.009968450527533423	0.0015069038826260282	0.009968450527533423	0.011695492963376089	0.0007754833301375271	0.009968450527533423	0.009968450527533423	0.005328532938043678	-1	0.0	0.008750792496032996	0.009968450527533423	0.01221732170790641
ETEC_1747_1-327	0.01871924302356642	0.007243888613406968	0.01871924302356642	0.002944700467343093	0.007975309165895469	0.01871924302356642	0.01871924302356642	0.0034222595579893184	-1	0.008750792496032996	0.0	0.01871924302356642	0.003466529211873414
ROD_13411_1-327	0	0.011475354410159452	0	0.021663943490909512	0.01074393385767095	0	0	0.015296983465577101	-1	0.009968450527533423	0.01871924302356642	0	0.022185772235439834
BN373_27621_1-327	0.022185772235439834	0.010710417825280382	0.022185772235439834	0.0005218287445303213	0.011441838377768883	0.022185772235439834	0.022185772235439834	0.0068887887698627324	-1	0.01221732170790641	0.003466529211873414	0.022185772235439834	0.0
