STMMW_29031_1-248	0.0	0.2532772051596899	0.6189683063800681	0.19006806179746993	0.31773870111411606	0.3969213314745499	0.9898459295518901
STM_MW29031_1-248	0.2532772051596899	0.0	0.8722455115397579	0.06320914336221994	0.5710159062738059	0.14364412631486	1.2431231347115799
SEN2779_1-248	0.6189683063800681	0.8722455115397579	0.0	0.809036368177538	0.301229605265952	1.015889637854618	0.37087762317182205
CS17_03082_1-248	0.19006806179746993	0.06320914336221994	0.809036368177538	0.0	0.507806762911586	0.20685326967707995	1.17991399134936
t2841_1-241	0.31773870111411606	0.5710159062738059	0.301229605265952	0.507806762911586	0.0	0.714660032588666	0.672107228437774
SL1344_2919_1-248	0.3969213314745499	0.14364412631486	1.015889637854618	0.20685326967707995	0.714660032588666	0.0	1.3867672610264399
ROD_30491_1-248	0.9898459295518901	1.2431231347115799	0.37087762317182205	1.17991399134936	0.672107228437774	1.3867672610264399	0.0
