b1491_1-439	-1	-1	-1	-1	-1	-1	-1	-1	-1
ROD_15351_1-458	-1	0.0	0.09802810024795283	0.016411083510290858	0.4467660293015229	0.24091670728064885	0.27335607841302956	0.428674401273	0.24223094686535707
ETEC_1561_1-439	-1	0.09802810024795283	0.0	0.08161701673766197	0.3487379290535701	0.142888607032696	0.17532797816507673	0.33064630102504716	0.14420284661740423
BN373_22491_2-430	-1	0.016411083510290858	0.08161701673766197	0.0	0.43035494579123207	0.224505623770358	0.2569449949027387	0.41226331776270914	0.2258198633550662
ERS227112_04999_2-431	-1	0.4467660293015229	0.3487379290535701	0.43035494579123207	0.0	0.20584932202087408	0.17340995088849337	0.018091628028522933	0.20453508243616586
ENC_10230_1-384	-1	0.24091670728064885	0.142888607032696	0.224505623770358	0.20584932202087408	0.0	0.03243937113238071	0.18775769399235115	0.0013142395847082211
NCTC13441_02345_1-440	-1	0.27335607841302956	0.17532797816507673	0.2569449949027387	0.17340995088849337	0.03243937113238071	0.0	0.15531832285997044	0.03112513154767249
Ecoli9000q_4930_1-405	-1	0.428674401273	0.33064630102504716	0.41226331776270914	0.018091628028522933	0.18775769399235115	0.15531832285997044	0.0	0.18644345440764293
CS17_01655_1-440	-1	0.24223094686535707	0.14420284661740423	0.2258198633550662	0.20453508243616586	0.0013142395847082211	0.03112513154767249	0.18644345440764293	0.0
