SEN3280_1-240	0.0	0.21267662043944902	1.617218685909929	0.4842017560519791	0.039436357222672025	-1	0.04419752032711799	0.38993642911093696	0.04304193493305897	0.24624722516641895	0.15258262740725903	0.14346434126123908	0.22570971563981912	0.147254925481337
ENC_25450_1-240	0.21267662043944902	0.0	1.4045420654704799	0.2715251356125301	0.173240263216777	-1	0.16847910011233103	0.602613049550386	0.255718555372508	0.03357060472696993	0.060093993032189985	0.06921227917820993	0.013033095200370104	0.359931545920786
t3931_2-215	1.617218685909929	1.4045420654704799	0.0	1.1330169298579498	1.577782328687257	-1	1.5730211655828108	2.0071551150208657	1.6602606208429878	1.37097146074351	1.4646360585026699	1.4737543446486898	1.3915089702701098	1.7644736113912658
STMMW_34441_1-240	0.4842017560519791	0.2715251356125301	1.1330169298579498	0.0	0.4447653988293071	-1	0.44000423572486114	0.8741381851629161	0.5272436909850381	0.23795453088556018	0.3316191286447201	0.34073741479074005	0.25849204041216	0.6314566815333161
CS17_03767_1-240	0.039436357222672025	0.173240263216777	1.577782328687257	0.4447653988293071	0.0	-1	0.004761163104445965	0.429372786333609	0.08247829215573099	0.20681086794374692	0.113146270184587	0.10402798403856706	0.1862733584171471	0.18669128270400903
b3346_1-240	-1	-1	-1	-1	-1	-1	-1	-1	-1	-1	-1	-1	-1	-1
BN373_43681_1-240	0.04419752032711799	0.16847910011233103	1.5730211655828108	0.44000423572486114	0.004761163104445965	-1	0.0	0.43413394943805494	0.08723945526017696	0.20204970483930096	0.10838510708014104	0.09926682093412109	0.18151219531270113	0.191452445808455
NCTC13441_00349_1-240	0.38993642911093696	0.602613049550386	2.0071551150208657	0.8741381851629161	0.429372786333609	-1	0.43413394943805494	0.0	0.346894494177878	0.6361836542773559	0.542519056518196	0.533400770372176	0.6156461447507561	0.24268150362959995
t4053_1-240	0.04304193493305897	0.255718555372508	1.6602606208429878	0.5272436909850381	0.08247829215573099	-1	0.08723945526017696	0.346894494177878	0.0	0.2892891600994779	0.195624562340318	0.18650627619429805	0.2687516505728781	0.10421299054827804
ERS227112_00855_1-240	0.24624722516641895	0.03357060472696993	1.37097146074351	0.23795453088556018	0.20681086794374692	-1	0.20204970483930096	0.6361836542773559	0.2892891600994779	0.0	0.09366459775915992	0.10278288390517987	0.02053750952659983	0.39350215064775595
ROD_44731_1-240	0.15258262740725903	0.060093993032189985	1.4646360585026699	0.3316191286447201	0.113146270184587	-1	0.10838510708014104	0.542519056518196	0.195624562340318	0.09366459775915992	0.0	0.00911828614601995	0.07312708823256009	0.29983755288859604
STM_MW34441_1-240	0.14346434126123908	0.06921227917820993	1.4737543446486898	0.34073741479074005	0.10402798403856706	-1	0.09926682093412109	0.533400770372176	0.18650627619429805	0.10278288390517987	0.00911828614601995	0.0	0.08224537437858004	0.2907192667425761
SL1344_3419_5-244	0.22570971563981912	0.013033095200370104	1.3915089702701098	0.25849204041216	0.1862733584171471	-1	0.18151219531270113	0.6156461447507561	0.2687516505728781	0.02053750952659983	0.07312708823256009	0.08224537437858004	0.0	0.3729646411211561
ETEC_3596_1-240	0.147254925481337	0.359931545920786	1.7644736113912658	0.6314566815333161	0.18669128270400903	-1	0.191452445808455	0.24268150362959995	0.10421299054827804	0.39350215064775595	0.29983755288859604	0.2907192667425761	0.3729646411211561	0.0
