CS17_02681_1-412	0.0	0.02920004979661006	0.19891720391139733	0.23403267895730873	0.4612270677746172	0.4197144812916085	0.20132844522964843	0.37982677631782336	0.4275540814748816	0.3637111730186028	0.24745476016550794	0.6436426490057026	-1
ROD_28111_1-412	0.02920004979661006	0.0	0.16971715411478727	0.20483262916069866	0.43202701797800713	0.3905144314949984	0.17212839543303837	0.4090268261144334	0.39835403167827155	0.3345111232219927	0.21825471036889788	0.6144425992090925	-1
BN373_34071_1-412	0.19891720391139733	0.16971715411478727	0.0	0.03511547504591139	0.26230986386321986	0.22079727738021115	0.0024112413182511006	0.5787439802292207	0.22863687756348428	0.16479396910720545	0.0485375562541106	0.4447254450943052	-1
STMMW_24321_1-412	0.23403267895730873	0.20483262916069866	0.03511547504591139	0.0	0.22719438881730847	0.18568180233429976	0.03270423372766029	0.6138594552751321	0.19352140251757288	0.12967849406129406	0.01342208120819921	0.40960997004839383	-1
NCTC13441_01325_1-412	0.4612270677746172	0.43202701797800713	0.26230986386321986	0.22719438881730847	0.0	0.04151258648300871	0.25989862254496876	0.8410538440924406	0.033672986299735586	0.09751589475601441	0.21377230760910926	0.18241558123108537	-1
t0449_1-412	0.4197144812916085	0.3905144314949984	0.22079727738021115	0.18568180233429976	0.04151258648300871	0.0	0.21838603606196005	0.7995412576094318	0.007839600183273121	0.0560033082730057	0.17225972112610055	0.22392816771409407	-1
SL1344_2376_1-412	0.20132844522964843	0.17212839543303837	0.0024112413182511006	0.03270423372766029	0.25989862254496876	0.21838603606196005	0.0	0.5811552215474718	0.22622563624523317	0.16238272778895435	0.0461263149358595	0.4423142037760541	-1
NCTC13441_04435_6-424	0.37982677631782336	0.4090268261144334	0.5787439802292207	0.6138594552751321	0.8410538440924406	0.7995412576094318	0.5811552215474718	0.0	0.807380857792705	0.7435379493364261	0.6272815364833313	1.023469425323526	-1
ETEC_2510_1-412	0.4275540814748816	0.39835403167827155	0.22863687756348428	0.19352140251757288	0.033672986299735586	0.007839600183273121	0.22622563624523317	0.807380857792705	0.0	0.06384290845627882	0.18009932130937367	0.21608856753082095	-1
ERS227112_03836_1-412	0.3637111730186028	0.3345111232219927	0.16479396910720545	0.12967849406129406	0.09751589475601441	0.0560033082730057	0.16238272778895435	0.7435379493364261	0.06384290845627882	0.0	0.11625641285309485	0.2799314759870998	-1
SEN2394_1-412	0.24745476016550794	0.21825471036889788	0.0485375562541106	0.01342208120819921	0.21377230760910926	0.17225972112610055	0.0461263149358595	0.6272815364833313	0.18009932130937367	0.11625641285309485	0.0	0.3961878888401946	-1
STM_MW24321_1-412	0.6436426490057026	0.6144425992090925	0.4447254450943052	0.40960997004839383	0.18241558123108537	0.22392816771409407	0.4423142037760541	1.023469425323526	0.21608856753082095	0.2799314759870998	0.3961878888401946	0.0	-1
b2392_1-412	-1	-1	-1	-1	-1	-1	-1	-1	-1	-1	-1	-1	-1
