NCTC13441_01452_1-297	0.0	0.3725896683852442	0.6834434290340993	0.930169575368977	-1	0.19068890668001792	0.16906186056468242	0.15154124809961667	0.07183936487671427	0.02088844192512218	0.20034315570387706	0.6098716217740051
STMMW_23241_1-299	0.3725896683852442	0.0	0.31085376064885506	0.5575799069837328	-1	0.5632785750652621	0.2035278078205618	0.5241309164848609	0.30075030350852994	0.35170122646012203	0.17224651268136715	0.2372819533887609
SL1344_2269_1-299	0.6834434290340993	0.31085376064885506	0.0	0.24672614633487777	-1	0.8741323357141172	0.5143815684694168	0.8349846771337159	0.611604064157385	0.6625549871089771	0.4831002733302222	0.07357180726009416
ENC_26910_1-300	0.930169575368977	0.5575799069837328	0.24672614633487777	0.0	-1	1.120858482048995	0.7611077148042946	1.0817108234685937	0.8583302104922628	0.9092811334438549	0.7298264196651	0.32029795359497193
b2256_1-296	-1	-1	-1	-1	-1	-1	-1	-1	-1	-1	-1	-1
t0563_1-299	0.19068890668001792	0.5632785750652621	0.8741323357141172	1.120858482048995	-1	0.0	0.35975076724470034	0.03914765858040126	0.2625282715567322	0.2115773486051401	0.391032062383895	0.800560528454023
ETEC_2390_1-296	0.16906186056468242	0.2035278078205618	0.5143815684694168	0.7611077148042946	-1	0.35975076724470034	0.0	0.3206031086642991	0.09722249568796815	0.14817341863956024	0.03128129513919464	0.4408097612093227
SEN2282_1-299	0.15154124809961667	0.5241309164848609	0.8349846771337159	1.0817108234685937	-1	0.03914765858040126	0.3206031086642991	0.0	0.22338061297633094	0.17242969002473885	0.35188440380349373	0.7614128698736218
STM_MW23241_1-300	0.07183936487671427	0.30075030350852994	0.611604064157385	0.8583302104922628	-1	0.2625282715567322	0.09722249568796815	0.22338061297633094	0.0	0.05095092295159209	0.1285037908271628	0.5380322568972908
CS17_02504_1-297	0.02088844192512218	0.35170122646012203	0.6625549871089771	0.9092811334438549	-1	0.2115773486051401	0.14817341863956024	0.17242969002473885	0.05095092295159209	0.0	0.17945471377875488	0.5889831798488829
ERS227112_00741_1-301	0.20034315570387706	0.17224651268136715	0.4831002733302222	0.7298264196651	-1	0.391032062383895	0.03128129513919464	0.35188440380349373	0.1285037908271628	0.17945471377875488	0.0	0.40952846607012805
BN373_44791_1-300	0.6098716217740051	0.2372819533887609	0.07357180726009416	0.32029795359497193	-1	0.800560528454023	0.4408097612093227	0.7614128698736218	0.5380322568972908	0.5889831798488829	0.40952846607012805	0.0
