BN373_05111_328-541	0.0	0.1775620785655574	0.6554472194687906	0.0229073229156328	0.11956324472217056	0.24270170112411257	0.5995778197642292	0.2302968813391556	0.22348303147641801	0.18204319368819025	0.37407881039494983	0.3876455149861877	0.33440033777260214	0.1738003195880715	0.2487898669957315	0.1329694297924293	0.045200809500306596	0.5996651406383148	0.6386270471150162	0.31063424328120687	0.11255924170616106	0.3043478260869565	0.7082503768495853	-1
ENC_32230_312-528	0.1775620785655574	0.0	0.5810592245913674	0.19640192960991798	0.06587507108910372	0.0792030873831096	0.5131277756047768	0.366966966966967	0.055835159972643635	0.005448575516577817	0.4852186778394489	0.4963764501641817	0.19069920673586852	0.004553086943352896	0.38217629965147826	0.05143146078742347	0.21473693837814375	0.5132339488147053	0.5606076234243909	0.16180207800189184	0.2701350673526095	0.15415844067630985	0.6452624379946342	-1
SEN0054_323-535	0.6554472194687906	0.5810592245913674	0.0	0.6633400012738981	0.6086569779535352	0.5450236966824644	0.13952623621315174	0.7347966502818627	0.5562842867602503	0.5787640889195511	0.7843371137281776	0.7890115595177342	0.48234231463071986	0.5829666983659185	0.7411684599101596	0.6026059606540493	0.6710212840643828	0.1393385500313853	0.04654518889555027	0.5001887210481796	0.6942298191731329	0.5047053779863864	0.15325128794313062	-1
CS17_04602_325-534	0.0229073229156328	0.19640192960991798	0.6633400012738981	0.0	0.13973169378211175	0.26004937779992193	0.6087504199494717	0.21225167610750165	0.24127095642385596	0.20078039438141457	0.35940448200595315	0.3732892494486084	0.34964744416778126	0.19272634246006015	0.23117821817489156	0.15283077904189935	0.022816143348036638	0.6088357405360973	0.6469051340397283	0.3264257672773438	0.09175375160731786	0.3202833550717445	0.714933579677606	-1
STMMW_42551_324-534	0.11956324472217056	0.06587507108910372	0.6086569779535352	0.13973169378211175	0.0	0.1398606494603745	0.5452005179981222	0.32232508367902	0.11803208592927798	0.07096472130619262	0.4489159787644906	0.4608606041346129	0.2440119540246112	0.06160246552722116	0.33860698796589517	0.015226743988020246	0.15935969877455178	0.5452996970402989	0.5895526274673194	0.21701842570025623	0.21866453826647592	0.20987831352687628	0.668630800109713	-1
SEN4076_324-534	0.24270170112411257	0.0792030873831096	0.5450236966824644	0.26004937779992193	0.1398606494603745	0.0	0.4712490694483978	0.41710513759867723	0.024749838608466825	0.0741585704377634	0.5259909478817237	0.5362649901900198	0.12108654777728206	0.08339555578342522	0.43110984417753834	0.1265610176875458	0.2769321972665078	0.4713643752324134	0.5228129345841713	0.08970380926238904	0.3279426233909482	0.0814026983215857	0.6147494011494812	-1
SL1344_0054_323-535	0.5995778197642292	0.5131277756047768	0.13952623621315174	0.6087504199494717	0.5452005179981222	0.4712490694483978	0.0	0.6917937990915525	0.48433556964362656	0.5104604825757417	0.7493672726025784	0.7547996820336166	0.39840387103596636	0.5153445471727519	0.6991988007272274	0.5381683253222455	0.6176772264527637	0.0002180720209709642	0.09752014068699846	0.4191440808698139	0.6446490367338953	0.4243931159110794	0.2713949487547594	-1
ENC_41990_306-515	0.2302968813391556	0.366966966966967	0.7347966502818627	0.21225167610750165	0.32232508367902	0.41710513759867723	0.6917937990915525	0.0	0.4023124676343342	0.37041609525193575	0.1868018013308182	0.20442769404493594	0.48768586420396726	0.3640715293503457	0.02402612800731615	0.33264386613694263	0.193858639262125	0.6918610102406604	0.7218501111647496	0.469393027155552	0.13267098511381495	0.4645543522359343	0.7754394051929997	-1
SL1344_4241_324-534	0.22348303147641801	0.055835159972643635	0.5562842867602503	0.24127095642385596	0.11803208592927798	0.024749838608466825	0.48433556964362656	0.4023124676343342	0.0	0.050662623586545066	0.5139615753132123	0.5244963516352553	0.14283951387060476	0.06013402457814507	0.4166725847953286	0.10439493691937457	0.25858222704440803	0.48444802162809725	0.534623237439261	0.11223349306904704	0.3108871926253993	0.10413783328429956	0.6242842912948467	-1
ETEC_4435_325-534	0.18204319368819025	0.005448575516577817	0.5787640889195511	0.20078039438141457	0.07096472130619262	0.0741585704377634	0.5104604825757417	0.37041609525193575	0.050662623586545066	0.0	0.4880235027477644	0.49912048110738916	0.1862655129326383	0.00997685462188631	0.3855425587387587	0.0565998081059731	0.21901550346976953	0.5105672374476515	0.5582004451868007	0.15721007344243185	0.2741117915550408	0.14952456102204378	0.643319034820528	-1
NCTC13441_04340_325-534	0.37407881039494983	0.4852186778394489	0.7843371137281776	0.35940448200595315	0.4489159787644906	0.5259909478817237	0.7493672726025784	0.1868018013308182	0.5139615753132123	0.4880235027477644	0.0	0.021674780813537155	0.5833870676179076	0.48286411318525346	0.166782818674394	0.45730719407173237	0.34444729757523695	0.7494219285879635	0.7738090114391412	0.5685113654815874	0.29468960744103834	0.5645765637530086	0.8173877288108673	-1
ERS227112_05133_319-529	0.3876455149861877	0.4963764501641817	0.7890115595177342	0.3732892494486084	0.4608606041346129	0.5362649901900198	0.7547996820336166	0.20442769404493594	0.5244963516352553	0.49912048110738916	0.021674780813537155	0.0	0.5924170616113744	0.4940729201827772	0.18484261844969976	0.46906994168931104	0.3586562587120156	0.7548531533624983	0.7787116515381951	0.5778637870583064	0.3099770556052637	0.5740142712947393	0.821345809762754	-1
ERS227112_02390_314-527	0.33440033777260214	0.19069920673586852	0.48234231463071986	0.34964744416778126	0.2440119540246112	0.12108654777728206	0.39840387103596636	0.48768586420396726	0.14283951387060476	0.1862655129326383	0.5833870676179076	0.5924170616113744	0.0	0.19438402361092458	0.4999947892105603	0.2323227287498634	0.36448598130841114	0.3985350623196179	0.4570716101692926	0.03447530466920186	0.40931973103279495	0.04320048554811565	0.5616740216272219	-1
t4211_324-534	0.1738003195880715	0.004553086943352896	0.5829666983659185	0.19272634246006015	0.06160246552722116	0.08339555578342522	0.5153445471727519	0.3640715293503457	0.06013402457814507	0.00997685462188631	0.48286411318525346	0.4940729201827772	0.19438402361092458	0.0	0.3793504281896711	0.047092791417801004	0.21114521395158525	0.5154502369668246	0.5626082151171861	0.16561846601648697	0.26679672911311075	0.15800963083621178	0.6468775889565177	-1
ROD_34881_324-534	0.2487898669957315	0.38217629965147826	0.7411684599101596	0.23117821817489156	0.33860698796589517	0.43110984417753834	0.6991988007272274	0.02402612800731615	0.4166725847953286	0.3855425587387587	0.166782818674394	0.18484261844969976	0.4999947892105603	0.3793504281896711	0.0	0.34867785003560403	0.2132270947872052	0.6992643970526633	0.728532975999126	0.4821414582066872	0.15350954304992984	0.47741903791007406	0.7808347267892317	-1
STM_MW42551_324-534	0.1329694297924293	0.05143146078742347	0.6026059606540493	0.15283077904189935	0.015226743988020246	0.1265610176875458	0.5381683253222455	0.33264386613694263	0.10439493691937457	0.0565998081059731	0.45730719407173237	0.46906994168931104	0.2323227287498634	0.047092791417801004	0.34867785003560403	0.0	0.1721599134273239	0.5382690378888908	0.5832062152105322	0.20491182155923737	0.2305617333110539	0.19766130766703932	0.6635071090047394	-1
ERS227112_02365_352-565	0.045200809500306596	0.21473693837814375	0.6710212840643828	0.022816143348036638	0.15935969877455178	0.2769321972665078	0.6176772264527637	0.193858639262125	0.25858222704440803	0.21901550346976953	0.34444729757523695	0.3586562587120156	0.36448598130841114	0.21114521395158525	0.2132270947872052	0.1721599134273239	0.0	0.6177606003526543	0.6549613971169336	0.34179413352668775	0.07054722383101569	0.3357918674784741	0.7214376959873934	-1
t0055_323-535	0.5996651406383148	0.5132339488147053	0.1393385500313853	0.6088357405360973	0.5452996970402989	0.4713643752324134	0.0002180720209709642	0.6918610102406604	0.48444802162809725	0.5105672374476515	0.7494219285879635	0.7548531533624983	0.3985350623196179	0.5154502369668246	0.6992643970526633	0.5382690378888908	0.6177606003526543	0.0	0.09732329215303485	0.41927074929399155	0.6447265288366087	0.4245186396675775	0.2712360257220778	-1
STMMW_00541_323-535	0.6386270471150162	0.5606076234243909	0.04654518889555027	0.6469051340397283	0.5895526274673194	0.5228129345841713	0.09752014068699846	0.7218501111647496	0.534623237439261	0.5582004451868007	0.7738090114391412	0.7787116515381951	0.4570716101692926	0.5626082151171861	0.728532975999126	0.5832062152105322	0.6549613971169336	0.09732329215303485	0.0	0.47578923182226546	0.6793029126648663	0.4805263802278358	0.1926633666928815	-1
Ecoli9000q_37850_317-526	0.31063424328120687	0.16180207800189184	0.5001887210481796	0.3264257672773438	0.21701842570025623	0.08970380926238904	0.4191440808698139	0.469393027155552	0.11223349306904704	0.15721007344243185	0.5685113654815874	0.5778637870583064	0.03447530466920186	0.16561846601648697	0.4821414582066872	0.20491182155923737	0.34179413352668775	0.41927074929399155	0.47578923182226546	0.0	0.3882287301156681	0.00903672471673493	0.5767854432760494	-1
BN373_21071_319-529	0.11255924170616106	0.2701350673526095	0.6942298191731329	0.09175375160731786	0.21866453826647592	0.3279426233909482	0.6446490367338953	0.13267098511381495	0.3108871926253993	0.2741117915550408	0.29468960744103834	0.3099770556052637	0.40931973103279495	0.26679672911311075	0.15350954304992984	0.2305617333110539	0.07054722383101569	0.6447265288366087	0.6793029126648663	0.3882287301156681	0.0	0.3826499072738511	0.7410894931994542	-1
BN373_05411_314-527	0.3043478260869565	0.15415844067630985	0.5047053779863864	0.3202833550717445	0.20987831352687628	0.0814026983215857	0.4243931159110794	0.4645543522359343	0.10413783328429956	0.14952456102204378	0.5645765637530086	0.5740142712947393	0.04320048554811565	0.15800963083621178	0.47741903791007406	0.19766130766703932	0.3357918674784741	0.4245186396675775	0.4805263802278358	0.00903672471673493	0.3826499072738511	0.0	0.5806099167212788	-1
STM_MW00541_323-535	0.7082503768495853	0.6452624379946342	0.15325128794313062	0.714933579677606	0.668630800109713	0.6147494011494812	0.2713949487547594	0.7754394051929997	0.6242842912948467	0.643319034820528	0.8173877288108673	0.821345809762754	0.5616740216272219	0.6468775889565177	0.7808347267892317	0.6635071090047394	0.7214376959873934	0.2712360257220778	0.1926633666928815	0.5767854432760494	0.7410894931994542	0.5806099167212788	0.0	-1
b4125_325-534	-1	-1	-1	-1	-1	-1	-1	-1	-1	-1	-1	-1	-1	-1	-1	-1	-1	-1	-1	-1	-1	-1	-1	-1
