SEN0299_1-485	0.0	0.11056552231333092	0.3408209138665029	0.3969813114178703	0.1763981657423066	0.23834541121290265	0.20320239568870807	0.5197393250515258	-1	0.023875786678453033	0.06775012233124429	0.027431015366807057	0.4282944843045755
STMMW_03271_1-485	0.11056552231333092	0.0	0.2588784191861366	0.3220201108568205	0.07401629358938261	0.32255814864449334	0.10415255502160932	0.46003816245398466	-1	0.1318014701670391	0.17082481698222912	0.13496361313852195	0.4915054032568523
ETEC_0260_1-485	0.3408209138665029	0.2588784191861366	0.0	0.08519748082540628	0.1996386376098705	0.4979332242139366	0.17271452302714274	0.27142610399624895	-1	0.3565593331099238	0.3854803775902451	0.35890286550770867	0.6231436806264105
BN373_07331_1-485	0.3969813114178703	0.3220201108568205	0.08519748082540628	0.0	0.2678274094354996	0.5407080487170433	0.24319716158867483	0.20357248615676382	-1	0.4113788569895777	0.4378359013373361	0.41352272633083853	0.655250889670175
SL1344_0312_1-485	0.1763981657423066	0.07401629358938261	0.1996386376098705	0.2678274094354996	0.0	0.3726998836041574	0.03254513143545866	0.41687760399255325	-1	0.1960623074450259	0.2321972907655025	0.19899040031395984	0.5291422886180079
ROD_03321_1-485	0.23834541121290265	0.32255814864449334	0.4979332242139366	0.5407080487170433	0.3726998836041574	0.0	0.3931154483417386	0.634207253111506	-1	0.21971550506328927	0.18299309334130454	0.21686317287368825	0.24939004620737432
NCTC13441_03701_1-485	0.20320239568870807	0.10415255502160932	0.17271452302714274	0.24319716158867483	0.03254513143545866	0.3931154483417386	0.0	0.3972613969345639	-1	0.2222265653151469	0.25718553085404045	0.22505936301680615	0.5444664147223341
CS17_00247_1-485	0.5197393250515258	0.46003816245398466	0.27142610399624895	0.20357248615676382	0.41687760399255325	0.634207253111506	0.3972613969345639	0.0	-1	0.5312059264766454	0.5522770445301709	0.5329133630061105	0.72543232316035
b0237_1-485	-1	-1	-1	-1	-1	-1	-1	-1	-1	-1	-1	-1	-1
t2534_1-485	0.023875786678453033	0.1318014701670391	0.3565593331099238	0.4113788569895777	0.1960623074450259	0.21971550506328927	0.2222265653151469	0.5312059264766454	-1	0.0	0.044947492392895416	0.0036421888114590694	0.4143106913104533
Ecoli9000q_43190_1-485	0.06775012233124429	0.17082481698222912	0.3854803775902451	0.4378359013373361	0.2321972907655025	0.18299309334130454	0.25718553085404045	0.5522770445301709	-1	0.044947492392895416	0.0	0.04145629523610985	0.38674648354466057
ERS227112_02589_1-485	0.027431015366807057	0.13496361313852195	0.35890286550770867	0.41352272633083853	0.19899040031395984	0.21686317287368825	0.22505936301680615	0.5329133630061105	-1	0.0036421888114590694	0.04145629523610985	0.0	0.4121697023774157
STM_MW03271_1-485	0.4282944843045755	0.4915054032568523	0.6231436806264105	0.655250889670175	0.5291422886180079	0.24939004620737432	0.5444664147223341	0.72543232316035	-1	0.4143106913104533	0.38674648354466057	0.4121697023774157	0.0
