STM_MW27051_1-220	0.0	0.04709279141780062	0.03959674190750097	0.6972369791307993	0.046051801858367075	0.4552505286416815	0.24459331259463413	0.21039732133503	0.22678168098193485	0.21724790084677495	0.18229194440324717	0.17851260364850963
t2645_1-220	0.04709279141780062	0.0	0.007805106289609954	0.6822743934116395	0.09097588537683773	0.42832894278464523	0.20726102121809772	0.17137505986569776	0.18856913658097693	0.17856419585926184	0.22080009930612038	0.21719873825724245
ROD_25721_1-588	0.03959674190750097	0.007805106289609954	0.0	0.6847542755419925	0.08382504245330691	0.43279089614890476	0.21344843320740733	0.17784256559766767	0.1949024407166324	0.1849755896206715	0.21467051923639624	0.21104082806210453
ROD_29601_7-217	0.6972369791307993	0.6822743934116395	0.6847542755419925	0.0	0.7111797617779084	0.4442160354662319	0.5992052679476318	0.6165628245067498	0.6084378584644902	0.613207015098743	0.7524282388984469	0.7512839942746484
Ecoli9000q_46070_3-221	0.046051801858367075	0.09097588537683773	0.08382504245330691	0.7111797617779084	0.0	0.480337223359125	0.2793811516855115	0.24675994743974508	0.26238977780261447	0.2532950454212002	0.14281712865571394	0.13885534041385764
SL1344_2663_1-220	0.4552505286416815	0.42832894278464523	0.43279089614890476	0.4442160354662319	0.480337223359125	0.0	0.2788659665836458	0.3100967282945898	0.2954777997886633	0.30405875378983444	0.5545539689882304	0.5524951751100041
SEN2611_1-220	0.24459331259463413	0.20726102121809772	0.21344843320740733	0.5992052679476318	0.2793811516855115	0.2788659665836458	0.0	0.04330784606432872	0.023035708252901764	0.034934958050500585	0.3822978664569742	0.3794429271768618
ROD_48181_1-216	0.21039732133503	0.17137505986569776	0.17784256559766767	0.6165628245067498	0.24675994743974508	0.3100967282945898	0.04330784606432872	0.0	0.02075013179363438	0.008675983120178416	0.35433552893487974	0.3513513513513513
ENC_29000_1-216	0.22678168098193485	0.18856913658097693	0.1949024407166324	0.6084378584644902	0.26238977780261447	0.2954777997886633	0.023035708252901764	0.02075013179363438	0.0	0.012179820591312994	0.3677331518039482	0.3648108962985736
STMMW_27051_1-220	0.21724790084677495	0.17856419585926184	0.1849755896206715	0.613207015098743	0.2532950454212002	0.30405875378983444	0.034934958050500585	0.008675983120178416	0.012179820591312994	0.0	0.35993730298713966	0.3569790160779535
ENC_11250_1-226	0.18229194440324717	0.22080009930612038	0.21467051923639624	0.7524282388984469	0.14281712865571394	0.5545539689882304	0.3822978664569742	0.35433552893487974	0.3677331518039482	0.35993730298713966	0.0	0.00460060710793971
ROD_08951_13-234	0.17851260364850963	0.21719873825724245	0.21104082806210453	0.7512839942746484	0.13885534041385764	0.5524951751100041	0.3794429271768618	0.3513513513513513	0.3648108962985736	0.3569790160779535	0.00460060710793971	0.0
