NCTC13441_01804_18-313	0.0	0.5241059542043942	0.4053511825461783	0.17313694363938686	0.6746285360988812	0.392096453055053	0.0	0.11974474474474497	0.2540531234954276
Ecoli9000q_650_1-275	0.5241059542043942	0.0	0.19970572239040568	0.4244584491533288	0.8451576576576577	0.7107023215908702	0.5241059542043942	0.45936812878486394	0.36202689389143294
ETEC_4319_23-304	0.4053511825461783	0.19970572239040568	0.0	0.28083760318046874	0.8065182437579809	0.6385108746832036	0.4053511825461783	0.32445865684563696	0.2028268551236749
CS17_00792_1-335	0.17313694363938686	0.4244584491533288	0.28083760318046874	0.0	0.730962356906194	0.4973470152006436	0.17313694363938686	0.06065535942657828	0.0978592273939391
Ecoli9000q_2230_18-313	0.6746285360988812	0.8451576576576577	0.8065182437579809	0.730962356906194	0.0	0.46476465627435276	0.6746285360988812	0.7135900589909446	0.7572901727992402
SL1344_2591_1-301	0.392096453055053	0.7107023215908702	0.6385108746832036	0.4973470152006436	0.46476465627435276	0.0	0.392096453055053	0.46488970811340075	0.546536247940366
NCTC13441_02566_18-313	0.0	0.5241059542043942	0.4053511825461783	0.17313694363938686	0.6746285360988812	0.392096453055053	0.0	0.11974474474474497	0.2540531234954276
NCTC13441_02763_1-335	0.11974474474474497	0.45936812878486394	0.32445865684563696	0.06065535942657828	0.7135900589909446	0.46488970811340075	0.11974474474474497	0.0	0.15257890020973075
ETEC_0277A_22-304	0.2540531234954276	0.36202689389143294	0.2028268551236749	0.0978592273939391	0.7572901727992402	0.546536247940366	0.2540531234954276	0.15257890020973075	0.0
