SEN2713_1-252	0.0	2.801246750397976	1.9892554050399829	1.3583322081616513	0.632600242826014	2.5660389696971526	0.6419888040842574	2.9219249952198005	0.814202666543586	1.1025596606622792	0.13423791462681178	0.827026752725549
STMMW_14141_1-249	2.801246750397976	0.0	0.8119913453579936	1.442914542236325	2.168646507571962	0.23520778070082346	2.1592579463137187	0.1206782448218244	3.615449416941562	1.6986870897356972	2.6670088357711643	3.628273503123525
SL1344_1343_1-249	1.9892554050399829	0.8119913453579936	0.0	0.6309231968783314	1.3566551622139689	0.5767835646571701	1.3472666009557255	0.9326695901798179	2.803458071583569	0.8866957443777036	1.855017490413171	2.816282157765532
STM_MW14141_1-250	1.3583322081616513	1.442914542236325	0.6309231968783314	0.0	0.7257319653356373	1.2077067615355015	0.7163434040773939	1.5635927870581494	2.1725348747052373	0.25577254749937217	1.2240942935348396	2.1853589608872004
SL1344_2851_1-252	0.632600242826014	2.168646507571962	1.3566551622139689	0.7257319653356373	0.0	1.9334387268711388	0.009388561258243389	2.2893247523937865	1.4468029093696	0.46995941783626516	0.49836232819920223	1.459626995551563
ETEC_3045_1-244	2.5660389696971526	0.23520778070082346	0.5767835646571701	1.2077067615355015	1.9334387268711388	0.0	1.9240501656128954	0.35588602552264786	3.380241636240739	1.4634793090348737	2.4318010550703413	3.393065722422702
STMMW_28331_1-252	0.6419888040842574	2.1592579463137187	1.3472666009557255	0.7163434040773939	0.009388561258243389	1.9240501656128954	0.0	2.279936191135543	1.4561914706278434	0.46057085657802177	0.5077508894574456	1.4690155568098064
CS17_03198_1-245	2.9219249952198005	0.1206782448218244	0.9326695901798179	1.5635927870581494	2.2893247523937865	0.35588602552264786	2.279936191135543	0.0	3.7361276617633865	1.8193653345575216	2.7876870805929888	3.7489517479453496
STM_MW28331_1-253	0.814202666543586	3.615449416941562	2.803458071583569	2.1725348747052373	1.4468029093696	3.380241636240739	1.4561914706278434	3.7361276617633865	0.0	1.9167623272058651	0.9484405811703978	0.012824086181963068
SEN1636_1-249	1.1025596606622792	1.6986870897356972	0.8866957443777036	0.25577254749937217	0.46995941783626516	1.4634793090348737	0.46057085657802177	1.8193653345575216	1.9167623272058651	0.0	0.9683217460354674	1.9295864133878282
t1277_1-249	0.13423791462681178	2.6670088357711643	1.855017490413171	1.2240942935348396	0.49836232819920223	2.4318010550703413	0.5077508894574456	2.7876870805929888	0.9484405811703978	0.9683217460354674	0.0	0.9612646673523608
t2773_1-252	0.827026752725549	3.628273503123525	2.816282157765532	2.1853589608872004	1.459626995551563	3.393065722422702	1.4690155568098064	3.7489517479453496	0.012824086181963068	1.9295864133878282	0.9612646673523608	0.0
