ETEC_0190_1-572	0.0	0.0198019350387918	0.027202858777965303	0.004819016125887799	0.0198019350387918	0.0198019350387918	0.0198019350387918	0.0198019350387918	0.0064118910863888	0.0024708295647443007	0.038191094259573996	0.00035359911101410027	0.0057416076884201
STM_MW02481_1-572	0.0198019350387918	0.0	0.0470047938167571	0.014982918912904	0.0	0.0	0.0	0.0	0.013390043952403	0.0173311054740475	0.0579930292983658	0.0194483359277777	0.0140603273503717
STMMW_02481_1-572	0.027202858777965303	0.0470047938167571	0.0	0.0320218749038531	0.0470047938167571	0.0470047938167571	0.0470047938167571	0.0470047938167571	0.0336147498643541	0.029673688342709604	0.010988235481608696	0.027556457888979403	0.0329444664663854
BN373_06991_1-572	0.004819016125887799	0.014982918912904	0.0320218749038531	0.0	0.014982918912904	0.014982918912904	0.014982918912904	0.014982918912904	0.001592874960501001	0.0023481865611434984	0.0430101103854618	0.004465417014873699	0.0009225915625323006
ROD_02041_1-572	0.0198019350387918	0.0	0.0470047938167571	0.014982918912904	0.0	0.0	0.0	0.0	0.013390043952403	0.0173311054740475	0.0579930292983658	0.0194483359277777	0.0140603273503717
b0194_1-572	0.0198019350387918	0.0	0.0470047938167571	0.014982918912904	0.0	0.0	0.0	0.0	0.013390043952403	0.0173311054740475	0.0579930292983658	0.0194483359277777	0.0140603273503717
NCTC13441_03781_1-572	0.0198019350387918	0.0	0.0470047938167571	0.014982918912904	0.0	0.0	0.0	0.0	0.013390043952403	0.0173311054740475	0.0579930292983658	0.0194483359277777	0.0140603273503717
ERS227112_02550_1-572	0.0198019350387918	0.0	0.0470047938167571	0.014982918912904	0.0	0.0	0.0	0.0	0.013390043952403	0.0173311054740475	0.0579930292983658	0.0194483359277777	0.0140603273503717
ENC_47160_1-572	0.0064118910863888	0.013390043952403	0.0336147498643541	0.001592874960501001	0.013390043952403	0.013390043952403	0.013390043952403	0.013390043952403	0.0	0.003941061521644499	0.0446029853459628	0.0060582919753747	0.0006702833979687003
SL1344_0243_1-572	0.0024708295647443007	0.0173311054740475	0.029673688342709604	0.0023481865611434984	0.0173311054740475	0.0173311054740475	0.0173311054740475	0.0173311054740475	0.003941061521644499	0.0	0.0406619238243183	0.0021172304537302004	0.003270778123675799
SEN0250_1-572	0.038191094259573996	0.0579930292983658	0.010988235481608696	0.0430101103854618	0.0579930292983658	0.0579930292983658	0.0579930292983658	0.0579930292983658	0.0446029853459628	0.0406619238243183	0.0	0.0385446933705881	0.0439327019479941
CS17_00205_1-572	0.00035359911101410027	0.0194483359277777	0.027556457888979403	0.004465417014873699	0.0194483359277777	0.0194483359277777	0.0194483359277777	0.0194483359277777	0.0060582919753747	0.0021172304537302004	0.0385446933705881	0.0	0.0053880085774059994
t0245_1-572	0.0057416076884201	0.0140603273503717	0.0329444664663854	0.0009225915625323006	0.0140603273503717	0.0140603273503717	0.0140603273503717	0.0140603273503717	0.0006702833979687003	0.003270778123675799	0.0439327019479941	0.0053880085774059994	0.0
