ETEC_2318_1-114	0.0	5.89153625856277	0.969179145507096	0.537460696451277	0.21169432383744202	0.017962014537129978	0.43306865930511007	0.357821379757269	0.5934361458884501	0.17019832888757203	0.662578208533116	0.31190663734202206
b2181_1-114	5.89153625856277	0.0	6.860715404069866	6.428996955014047	6.1032305824002115	5.9094982730999	5.45846759925766	6.249357638320039	6.48497240445122	6.061734587450342	6.554114467095886	6.203442895904792
STM_MW22511_1-114	0.969179145507096	6.860715404069866	0.0	0.431718449055819	0.757484821669654	0.9512171309699661	1.402247804812206	0.611357765749827	0.375742999618646	0.798980816619524	0.30660093697397994	0.657272508165074
t0635_1-114	0.537460696451277	6.428996955014047	0.431718449055819	0.0	0.325766372613835	0.519498681914147	0.9705293557563871	0.179639316694008	0.05597544943717303	0.367262367563705	0.12511751208183902	0.22555405910925497
STMMW_22511_1-114	0.21169432383744202	6.1032305824002115	0.757484821669654	0.325766372613835	0.0	0.19373230930031204	0.6447629831425521	0.146127055919827	0.38174182205100804	0.041495994949869996	0.45088388469567403	0.10021231350458004
BN373_32201_1-114	0.017962014537129978	5.9094982730999	0.9512171309699661	0.519498681914147	0.19373230930031204	0.0	0.45103067384224005	0.33985936522013904	0.5754741313513201	0.15223631435044205	0.644616193995986	0.2939446228048921
CS17_02432_1-114	0.43306865930511007	5.45846759925766	1.402247804812206	0.9705293557563871	0.6447629831425521	0.45103067384224005	0.0	0.7908900390623791	1.0265048051935601	0.6032669881926821	1.095646867838226	0.7449752966471321
SEN2213_1-114	0.357821379757269	6.249357638320039	0.611357765749827	0.179639316694008	0.146127055919827	0.33985936522013904	0.7908900390623791	0.0	0.23561476613118104	0.187623050869697	0.30475682877584703	0.045914742415246956
ERS227112_03966_1-114	0.5934361458884501	6.48497240445122	0.375742999618646	0.05597544943717303	0.38174182205100804	0.5754741313513201	1.0265048051935601	0.23561476613118104	0.0	0.42323781700087804	0.06914206264466599	0.281529508546428
ROD_23121_1-114	0.17019832888757203	6.061734587450342	0.798980816619524	0.367262367563705	0.041495994949869996	0.15223631435044205	0.6032669881926821	0.187623050869697	0.42323781700087804	0.0	0.492379879645544	0.14170830845445004
NCTC13441_01528_1-114	0.662578208533116	6.554114467095886	0.30660093697397994	0.12511751208183902	0.45088388469567403	0.644616193995986	1.095646867838226	0.30475682877584703	0.06914206264466599	0.492379879645544	0.0	0.350671571191094
SL1344_2197_1-114	0.31190663734202206	6.203442895904792	0.657272508165074	0.22555405910925497	0.10021231350458004	0.2939446228048921	0.7449752966471321	0.045914742415246956	0.281529508546428	0.14170830845445004	0.350671571191094	0.0
