SEN1845_1-724	0.0	0.1654087662135063	-1	0.10759952295440733	0.1381306456037773	0.20995872104363522	0.8957110941698331	0.06261185437304095	0.09227610292768496	0.48106733748631736	0.2943025830194108	0.09012881218252533	0.3964797294589192	0.07186769947441995	0.4866814733129715	0.07900175067319282	0.00663197493267742	0.1271197854792856
ERS227112_04362_5-707	0.1654087662135063	0.0	-1	0.057809243259098975	0.027278120609729006	0.37536748725714153	1.0611198603833394	0.22802062058654726	0.25768486914119126	0.6464761036998237	0.1288938168059045	0.07527995403098098	0.23107096324541287	0.23727646568792626	0.6520902395264778	0.08640701554031349	0.1587767912808289	0.03828898073422071
b1102_2-729	-1	-1	-1	-1	-1	-1	-1	-1	-1	-1	-1	-1	-1	-1	-1	-1	-1	-1
ENC_11940_19-723	0.10759952295440733	0.057809243259098975	-1	0.0	0.03053112264936997	0.31755824399804256	1.0033106171242405	0.1702113773274483	0.1998756258820923	0.5886668604407247	0.18670306006500348	0.017470710771882003	0.28888020650451185	0.1794672224288273	0.5942809962673788	0.028597772281214517	0.10096754802172991	0.019520262524878262
NCTC13441_02810_2-730	0.1381306456037773	0.027278120609729006	-1	0.03053112264936997	0.0	0.3480893666474125	1.0338417397736104	0.20074249997681826	0.23040674853146226	0.6191979830900947	0.1561719374156335	0.04800183342125197	0.2583490838551419	0.20999834507819726	0.6248121189167488	0.059128894930584486	0.13149867067109988	0.011010860124491706
CS17_01240_2-730	0.20995872104363522	0.37536748725714153	-1	0.31755824399804256	0.3480893666474125	0.0	0.6857523731261979	0.14734686667059427	0.11768261811595027	0.27110861644268214	0.504261304063046	0.30008753322616055	0.6064384505025544	0.13809102156921527	0.2767227522693363	0.28896047171682804	0.21659069597631264	0.3370785065229208
NCTC13441_00666_4-714	0.8957110941698331	1.0611198603833394	-1	1.0033106171242405	1.0338417397736104	0.6857523731261979	0.0	0.8330992397967921	0.8034349912421481	0.4146437566835157	1.1900136771892438	0.9858399063523584	1.2921908236287523	0.8238433946954131	0.40902962085686156	0.9747128448430259	0.9023430691025105	1.0228308796491188
ETEC_1167_2-729	0.06261185437304095	0.22802062058654726	-1	0.1702113773274483	0.20074249997681826	0.14734686667059427	0.8330992397967921	0.0	0.029664248554644	0.4184554831132764	0.35691443739245177	0.15274066655556628	0.45909158383196014	0.009255845101379001	0.42406961893993056	0.14161360504623377	0.06924382930571837	0.18973163985232655
ENC_15360_1-703	0.09227610292768496	0.25768486914119126	-1	0.1998756258820923	0.23040674853146226	0.11768261811595027	0.8034349912421481	0.029664248554644	0.0	0.3887912345586324	0.38657868594709577	0.1824049151102103	0.48875583238660414	0.020408403453265	0.39440537038528656	0.17127785360087777	0.09890807786036238	0.21939588840697055
SL1344_1141_1-724	0.48106733748631736	0.6464761036998237	-1	0.5886668604407247	0.6191979830900947	0.27110861644268214	0.4146437566835157	0.4184554831132764	0.3887912345586324	0.0	0.7753699205057282	0.5711961496688427	0.8775470669452365	0.4091996380118974	0.005614135826654154	0.5600690881595102	0.4876993124189948	0.608187122965603
STM_MW12131_1-725	0.2943025830194108	0.1288938168059045	-1	0.18670306006500348	0.1561719374156335	0.504261304063046	1.1900136771892438	0.35691443739245177	0.38657868594709577	0.7753699205057282	0.0	0.20417377083688548	0.10217714643950837	0.36617028249383077	0.7809840563323823	0.215300832346218	0.2876706080867334	0.16718279754012522
STMMW_12131_1-724	0.09012881218252533	0.07527995403098098	-1	0.017470710771882003	0.04800183342125197	0.30008753322616055	0.9858399063523584	0.15274066655556628	0.1824049151102103	0.5711961496688427	0.20417377083688548	0.0	0.30635091727639385	0.16199651165694529	0.5768102854954968	0.011127061509332514	0.08349683724984791	0.036990973296760266
Ecoli9000q_54620_2-730	0.3964797294589192	0.23107096324541287	-1	0.28888020650451185	0.2583490838551419	0.6064384505025544	1.2921908236287523	0.45909158383196014	0.48875583238660414	0.8775470669452365	0.10217714643950837	0.30635091727639385	0.0	0.46834742893333914	0.8831612027718907	0.31747797878572637	0.38984775452624176	0.2693599439796336
ROD_11641_1-765	0.07186769947441995	0.23727646568792626	-1	0.1794672224288273	0.20999834507819726	0.13809102156921527	0.8238433946954131	0.009255845101379001	0.020408403453265	0.4091996380118974	0.36617028249383077	0.16199651165694529	0.46834742893333914	0.0	0.41481377383855156	0.15086945014761277	0.07849967440709738	0.19898748495370555
ENC_32720_6-709	0.4866814733129715	0.6520902395264778	-1	0.5942809962673788	0.6248121189167488	0.2767227522693363	0.40902962085686156	0.42406961893993056	0.39440537038528656	0.005614135826654154	0.7809840563323823	0.5768102854954968	0.8831612027718907	0.41481377383855156	0.0	0.5656832239861643	0.49331344824564893	0.6138012587922571
BN373_26901_5-717	0.07900175067319282	0.08640701554031349	-1	0.028597772281214517	0.059128894930584486	0.28896047171682804	0.9747128448430259	0.14161360504623377	0.17127785360087777	0.5600690881595102	0.215300832346218	0.011127061509332514	0.31747797878572637	0.15086945014761277	0.5656832239861643	0.0	0.0723697757405154	0.04811803480609278
BN373_28871_5-706	0.00663197493267742	0.1587767912808289	-1	0.10096754802172991	0.13149867067109988	0.21659069597631264	0.9023430691025105	0.06924382930571837	0.09890807786036238	0.4876993124189948	0.2876706080867334	0.08349683724984791	0.38984775452624176	0.07849967440709738	0.49331344824564893	0.0723697757405154	0.0	0.12048781054660818
ERS227112_04572_1-691	0.1271197854792856	0.03828898073422071	-1	0.019520262524878262	0.011010860124491706	0.3370785065229208	1.0228308796491188	0.18973163985232655	0.21939588840697055	0.608187122965603	0.16718279754012522	0.036990973296760266	0.2693599439796336	0.19898748495370555	0.6138012587922571	0.04811803480609278	0.12048781054660818	0.0
