SL1344_1836_1-590	0.0	0.05320349778985996	0.007077730138364147	0.003866814492303727	-1	0.03393275135261406	0.6737293748200182	0.016936200443084703	0.0040265635222790416	0.005026822912717242	0.11639670481586263	0.016936200443084703	2.6729323202464497	0.002934764953846515	2.442667953024082	0.14649919418765042	0.054892982933042275	0.0038740322416723344	0.019375958269579305	0.011989488432480756	0.01089165200411055	-1	0.005886426468496806	0.009197672664741852	0.016936200443084703	-1	0.7731848166943122	2.6436613181331827	0.008504076791641675	2.8951853766136506	0.049938983772953444
SEN2883_1-505	0.05320349778985996	0.0	0.046125767651495814	0.057070312282163686	-1	0.019270746437245904	0.6205258770301583	0.07013969823294466	0.057230061312139	0.05823032070257721	0.06319320702600267	0.07013969823294466	2.61972882245659	0.05026873283601345	2.389464455234222	0.09329569639779045	0.0016894851431823177	0.05707753003153229	0.033827539520280656	0.06519298622234071	0.04231184578574941	-1	0.05908992425835677	0.06240117045460181	0.07013969823294466	-1	0.7199813189044523	2.590457820343323	0.04469942099821829	2.8419818788237907	0.003264514016906514
SEN1102_1-590	0.007077730138364147	0.046125767651495814	0.0	0.010944544630667874	-1	0.02685502121424991	0.666651644681654	0.02401393058144885	0.011104293660643189	0.01210455305108139	0.10931897467749849	0.02401393058144885	2.6658545901080855	0.004142965184517632	2.435590222885718	0.13942146404928626	0.04781525279467813	0.010951762380036482	0.012298228131215158	0.019067218570844903	0.003813921865746403	-1	0.012964156606860953	0.016275402803106	0.02401393058144885	-1	0.7661070865559481	2.6365835879948185	0.0014263466532775278	2.8881076464752864	0.0428612536345893
STM_MW30001_1-505	0.003866814492303727	0.057070312282163686	0.010944544630667874	0.0	-1	0.03779956584491778	0.6775961893123219	0.013069385950780976	0.0001597490299753146	0.0011600084204135153	0.12026351930816637	0.013069385950780976	2.6767991347387534	0.006801579446150242	2.4465347675163858	0.15036600867995414	0.058759797425346004	7.217749368607432e-06	0.02324277276188303	0.008122673940177027	0.014758466496414277	-1	0.0020196119761930788	0.0053308581724381245	0.013069385950780976	-1	0.7770516311866159	2.6475281326254865	0.012370891283945402	2.8990521911059544	0.05380579826525717
b4129_1-505	-1	-1	-1	-1	-1	-1	-1	-1	-1	-1	-1	-1	-1	-1	-1	-1	-1	-1	-1	-1	-1	-1	-1	-1	-1	-1	-1	-1	-1	-1	-1
CS17_02055_1-590	0.03393275135261406	0.019270746437245904	0.02685502121424991	0.03779956584491778	-1	0.0	0.6397966234674042	0.05086895179569876	0.037959314874893096	0.038959574265331295	0.08246395346324858	0.05086895179569876	2.6389995688938357	0.03099798639876754	2.408735201671468	0.11256644283503636	0.020960231580428222	0.037806783594286394	0.014556793083034751	0.04592223978509481	0.023041099348503506	-1	0.039819177821110864	0.04313042401735591	0.05086895179569876	-1	0.7392520653416982	2.6097285667805687	0.02542867456097238	2.8612526252610366	0.01600623242033939
ERS227112_02925_1-505	0.6737293748200182	0.6205258770301583	0.666651644681654	0.6775961893123219	-1	0.6397966234674042	0.0	0.6906655752631029	0.6777559383422972	0.6787561977327354	0.5573326700041555	0.6906655752631029	1.9992029454264313	0.6707946098661717	1.7689385782040636	0.5272301806323678	0.6188363918869759	0.6776034070616905	0.6543534165504389	0.685718863252499	0.6628377228159077	-1	0.679615801288515	0.6829270474847601	0.6906655752631029	-1	0.099455441874294	1.9699319433131643	0.6652252980283765	2.2214560017936322	0.6237903910470648
STM_MW18841_1-590	0.016936200443084703	0.07013969823294466	0.02401393058144885	0.013069385950780976	-1	0.05086895179569876	0.6906655752631029	0	0.012909636920805661	0.01190937753036746	0.13333290525894734	0	2.6898685206895343	0.019870965396931218	2.4596041534671667	0.16343539463073511	0.07182918337612698	0.013062168201412368	0.03631215871266401	0.004946712010603948	0.027827852447195253	-1	0.011049773974587897	0.007738527778342851	0	-1	0.7901210171373969	2.6605975185762674	0.025440277234726378	2.9121215770567352	0.06687518421603815
ERS227112_01345_1-505	0.0040265635222790416	0.057230061312139	0.011104293660643189	0.0001597490299753146	-1	0.037959314874893096	0.6777559383422972	0.012909636920805661	0.0	0.0010002593904382007	0.12042326833814168	0.012909636920805661	2.676958883768729	0.006961328476125557	2.446694516546361	0.15052575770992946	0.05891954645532132	0.00015253128060670716	0.023402521791858345	0.007962924910201712	0.014918215526389592	-1	0.0018598629462177642	0.00517110914246281	0.012909636920805661	-1	0.7772113802165912	2.647687881655462	0.012530640313920717	2.8992119401359298	0.05396554729523249
STMMW_18841_1-590	0.005026822912717242	0.05823032070257721	0.01210455305108139	0.0011600084204135153	-1	0.038959574265331295	0.6787561977327354	0.01190937753036746	0.0010002593904382007	0.0	0.12142352772857988	0.01190937753036746	2.6779591431591667	0.007961587866563757	2.447694775936799	0.15152601710036764	0.059919805845759525	0.001152790671044908	0.024402781182296548	0.0069626655197635124	0.015918474916827793	-1	0.0008596035557795634	0.004170849752024609	0.01190937753036746	-1	0.7782116396070294	2.6486881410459	0.013530899704358917	2.9002121995263677	0.05496580668567069
ETEC_3083_1-505	0.11639670481586263	0.06319320702600267	0.10931897467749849	0.12026351930816637	-1	0.08246395346324858	0.5573326700041555	0.13333290525894734	0.12042326833814168	0.12142352772857988	0.0	0.13333290525894734	2.556535615430587	0.11346193986201612	2.3262712482082195	0.030102489371787777	0.061503721882820356	0.12027073705753497	0.09702074654628333	0.12838619324834338	0.10550505281175208	-1	0.12228313128435944	0.12559437748060448	0.13333290525894734	-1	0.6567881118784495	2.52726461331732	0.10789262802422096	2.778788671797788	0.06645772104290919
t0976_1-590	0.016936200443084703	0.07013969823294466	0.02401393058144885	0.013069385950780976	-1	0.05086895179569876	0.6906655752631029	0	0.012909636920805661	0.01190937753036746	0.13333290525894734	0	2.6898685206895343	0.019870965396931218	2.4596041534671667	0.16343539463073511	0.07182918337612698	0.013062168201412368	0.03631215871266401	0.004946712010603948	0.027827852447195253	-1	0.011049773974587897	0.007738527778342851	0	-1	0.7901210171373969	2.6605975185762674	0.025440277234726378	2.9121215770567352	0.06687518421603815
NCTC13441_04326_1-505	2.6729323202464497	2.61972882245659	2.6658545901080855	2.6767991347387534	-1	2.6389995688938357	1.9992029454264313	2.6898685206895343	2.676958883768729	2.6779591431591667	2.556535615430587	2.6898685206895343	0.0	2.669997555292603	0.23026436722236765	2.5264331260587993	2.6180393373134074	2.676806352488122	2.6535563619768703	2.68492180867893	2.662040668242339	-1	2.6788187467149465	2.6821299929111913	2.6898685206895343	-1	1.8997475035521374	0.029271002113266942	2.664428243454808	0.22225305636720094	2.6229933364734963
ROD_19071_1-590	0.002934764953846515	0.05026873283601345	0.004142965184517632	0.006801579446150242	-1	0.03099798639876754	0.6707946098661717	0.019870965396931218	0.006961328476125557	0.007961587866563757	0.11346193986201612	0.019870965396931218	2.669997555292603	0.0	2.4397331880702353	0.1435644292338039	0.05195821797919577	0.0068087971955188495	0.01644119331573279	0.01492425338632727	0.007956887050264035	-1	0.00882119142234332	0.012132437618588367	0.019870965396931218	-1	0.7702500517404657	2.640726553179336	0.00556931183779516	2.892250611659804	0.047004218819106935
Ecoli9000q_37900_1-505	2.442667953024082	2.389464455234222	2.435590222885718	2.4465347675163858	-1	2.408735201671468	1.7689385782040636	2.4596041534671667	2.446694516546361	2.447694775936799	2.3262712482082195	2.4596041534671667	0.23026436722236765	2.4397331880702353	0.0	2.2961687588364317	2.38777497009104	2.446541985265754	2.4232919947545026	2.4546574414565625	2.4317763010199713	-1	2.448554379492579	2.4518656256888236	2.4596041534671667	-1	1.6694831363297697	0.2009933651091007	2.4341638762324402	0.4525174235895686	2.3927289692511287
CS17_03247_1-505	0.14649919418765042	0.09329569639779045	0.13942146404928626	0.15036600867995414	-1	0.11256644283503636	0.5272301806323678	0.16343539463073511	0.15052575770992946	0.15152601710036764	0.030102489371787777	0.16343539463073511	2.5264331260587993	0.1435644292338039	2.2961687588364317	0.0	0.09160621125460813	0.15037322642932274	0.12712323591807112	0.15848868262013116	0.13560754218353988	-1	0.15238562065614722	0.15569686685239226	0.16343539463073511	-1	0.6266856225066618	2.4971621239455324	0.13799511739600873	2.7486861824260003	0.09656021041469696
BN373_39851_1-505	0.054892982933042275	0.0016894851431823177	0.04781525279467813	0.058759797425346004	-1	0.020960231580428222	0.6188363918869759	0.07182918337612698	0.05891954645532132	0.059919805845759525	0.061503721882820356	0.07182918337612698	2.6180393373134074	0.05195821797919577	2.38777497009104	0.09160621125460813	0.0	0.05876701517471461	0.03551702466346297	0.06688247136552303	0.04400133092893173	-1	0.060779409401539086	0.06409065559778412	0.07182918337612698	-1	0.7182918337612699	2.5887683352001405	0.04638890614140061	2.8402923936806084	0.004953999160088832
t2958_1-505	0.0038740322416723344	0.05707753003153229	0.010951762380036482	7.217749368607432e-06	-1	0.037806783594286394	0.6776034070616905	0.013062168201412368	0.00015253128060670716	0.001152790671044908	0.12027073705753497	0.013062168201412368	2.676806352488122	0.0068087971955188495	2.446541985265754	0.15037322642932274	0.05876701517471461	0.0	0.02324999051125164	0.008115456190808421	0.014765684245782885	-1	0.0020123942268244713	0.005323640423069517	0.013062168201412368	-1	0.7770588489359845	2.647535350374855	0.01237810903331401	2.8990594088553228	0.05381301601462578
ETEC_1899_1-590	0.019375958269579305	0.033827539520280656	0.012298228131215158	0.02324277276188303	-1	0.014556793083034751	0.6543534165504389	0.03631215871266401	0.023402521791858345	0.024402781182296548	0.09702074654628333	0.03631215871266401	2.6535563619768703	0.01644119331573279	2.4232919947545026	0.12712323591807112	0.03551702466346297	0.02324999051125164	0.0	0.03136544670206006	0.008484306265468755	-1	0.025262384738076113	0.028573630934321158	0.03631215871266401	-1	0.7538088584247329	2.6242853598636033	0.01087188147793763	2.8758094183440712	0.03056302550337414
SL1344_3016_1-505	0.011989488432480756	0.06519298622234071	0.019067218570844903	0.008122673940177027	-1	0.04592223978509481	0.685718863252499	0.004946712010603948	0.007962924910201712	0.0069626655197635124	0.12838619324834338	0.004946712010603948	2.68492180867893	0.01492425338632727	2.4546574414565625	0.15848868262013116	0.06688247136552303	0.008115456190808421	0.03136544670206006	0.0	0.022881140436591306	-1	0.006103061963983949	0.0027918157677389033	0.004946712010603948	-1	0.785174305126793	2.655650806565663	0.02049356522412243	2.907174865046131	0.0619284722054342
STMMW_30001_1-505	0.01089165200411055	0.04231184578574941	0.003813921865746403	0.014758466496414277	-1	0.023041099348503506	0.6628377228159077	0.027827852447195253	0.014918215526389592	0.015918474916827793	0.10550505281175208	0.027827852447195253	2.662040668242339	0.007956887050264035	2.4317763010199713	0.13560754218353988	0.04400133092893173	0.014765684245782885	0.008484306265468755	0.022881140436591306	0.0	-1	0.016778078472607358	0.020089324668852403	0.027827852447195253	-1	0.7622931646902017	2.632769666129072	0.0023875752124688752	2.88429372460954	0.0390473317688429
b1866_1-590	-1	-1	-1	-1	-1	-1	-1	-1	-1	-1	-1	-1	-1	-1	-1	-1	-1	-1	-1	-1	-1	-1	-1	-1	-1	-1	-1	-1	-1	-1	-1
ERS227112_04281_1-590	0.005886426468496806	0.05908992425835677	0.012964156606860953	0.0020196119761930788	-1	0.039819177821110864	0.679615801288515	0.011049773974587897	0.0018598629462177642	0.0008596035557795634	0.12228313128435944	0.011049773974587897	2.6788187467149465	0.00882119142234332	2.448554379492579	0.15238562065614722	0.060779409401539086	0.0020123942268244713	0.025262384738076113	0.006103061963983949	0.016778078472607358	-1	0.0	0.0033112461962450457	0.011049773974587897	-1	0.779071243162809	2.6495477446016795	0.014390503260138481	2.9010718030821474	0.055825410241450255
ROD_49431_1-505	0.009197672664741852	0.06240117045460181	0.016275402803106	0.0053308581724381245	-1	0.04313042401735591	0.6829270474847601	0.007738527778342851	0.00517110914246281	0.004170849752024609	0.12559437748060448	0.007738527778342851	2.6821299929111913	0.012132437618588367	2.4518656256888236	0.15569686685239226	0.06409065559778412	0.005323640423069517	0.028573630934321158	0.0027918157677389033	0.020089324668852403	-1	0.0033112461962450457	0.0	0.007738527778342851	-1	0.7823824893590541	2.6528589907979243	0.017701749456383527	2.904383049278392	0.0591366564376953
BN373_29661_1-590	0.016936200443084703	0.07013969823294466	0.02401393058144885	0.013069385950780976	-1	0.05086895179569876	0.6906655752631029	0	0.012909636920805661	0.01190937753036746	0.13333290525894734	0	2.6898685206895343	0.019870965396931218	2.4596041534671667	0.16343539463073511	0.07182918337612698	0.013062168201412368	0.03631215871266401	0.004946712010603948	0.027827852447195253	-1	0.011049773974587897	0.007738527778342851	0	-1	0.7901210171373969	2.6605975185762674	0.025440277234726378	2.9121215770567352	0.06687518421603815
b2890_1-505	-1	-1	-1	-1	-1	-1	-1	-1	-1	-1	-1	-1	-1	-1	-1	-1	-1	-1	-1	-1	-1	-1	-1	-1	-1	-1	-1	-1	-1	-1	-1
BN373_10661_1-505	0.7731848166943122	0.7199813189044523	0.7661070865559481	0.7770516311866159	-1	0.7392520653416982	0.099455441874294	0.7901210171373969	0.7772113802165912	0.7782116396070294	0.6567881118784495	0.7901210171373969	1.8997475035521374	0.7702500517404657	1.6694831363297697	0.6266856225066618	0.7182918337612699	0.7770588489359845	0.7538088584247329	0.785174305126793	0.7622931646902017	-1	0.779071243162809	0.7823824893590541	0.7901210171373969	-1	0.0	1.8704765014388705	0.7646807399026705	2.1220005599193383	0.7232458329213588
ETEC_4440_1-505	2.6436613181331827	2.590457820343323	2.6365835879948185	2.6475281326254865	-1	2.6097285667805687	1.9699319433131643	2.6605975185762674	2.647687881655462	2.6486881410459	2.52726461331732	2.6605975185762674	0.029271002113266942	2.640726553179336	0.2009933651091007	2.4971621239455324	2.5887683352001405	2.647535350374855	2.6242853598636033	2.655650806565663	2.632769666129072	-1	2.6495477446016795	2.6528589907979243	2.6605975185762674	-1	1.8704765014388705	0.0	2.635157241341541	0.2515240584804679	2.5937223343602294
NCTC13441_02015_1-590	0.008504076791641675	0.04469942099821829	0.0014263466532775278	0.012370891283945402	-1	0.02542867456097238	0.6652252980283765	0.025440277234726378	0.012530640313920717	0.013530899704358917	0.10789262802422096	0.025440277234726378	2.664428243454808	0.00556931183779516	2.4341638762324402	0.13799511739600873	0.04638890614140061	0.01237810903331401	0.01087188147793763	0.02049356522412243	0.0023875752124688752	-1	0.014390503260138481	0.017701749456383527	0.025440277234726378	-1	0.7646807399026705	2.635157241341541	0.0	2.886681299822009	0.041434906981311775
CS17_04607_1-505	2.8951853766136506	2.8419818788237907	2.8881076464752864	2.8990521911059544	-1	2.8612526252610366	2.2214560017936322	2.9121215770567352	2.8992119401359298	2.9002121995263677	2.778788671797788	2.9121215770567352	0.22225305636720094	2.892250611659804	0.4525174235895686	2.7486861824260003	2.8402923936806084	2.8990594088553228	2.8758094183440712	2.907174865046131	2.88429372460954	-1	2.9010718030821474	2.904383049278392	2.9121215770567352	-1	2.1220005599193383	0.2515240584804679	2.886681299822009	0.0	2.8452463928406972
NCTC13441_00865_1-505	0.049938983772953444	0.003264514016906514	0.0428612536345893	0.05380579826525717	-1	0.01600623242033939	0.6237903910470648	0.06687518421603815	0.05396554729523249	0.05496580668567069	0.06645772104290919	0.06687518421603815	2.6229933364734963	0.047004218819106935	2.3927289692511287	0.09656021041469696	0.004953999160088832	0.05381301601462578	0.03056302550337414	0.0619284722054342	0.0390473317688429	-1	0.055825410241450255	0.0591366564376953	0.06687518421603815	-1	0.7232458329213588	2.5937223343602294	0.041434906981311775	2.8452463928406972	0.0
