BN373_05111_6-547	0.0	0.1949638478757929	0.6206952785050032	0.023901198148459268	0.008817555785083791	0.2099110986211767	0.30215210417203714	0.4600987456032048	0.08418073713938289	-1	0.20495090252203868	0.01465124993095385	0.25681739078298044	0.05939416346005224	0.05503028730000933	0.10026417858433484	0.3480925233448803	0.16067035301759705	0.28653720258102344	0.019051277671132336	0.08328641065868987	0.22499911010131385	0.12083584801580462	0.5726827040739532	0.06984571532360269	0.02477742550253909	0.05884200796720262	0.027060603028257243	0.24301675977653617	0.36953970374715767	0.610303128017085	0.5539027130546912	0.22726286086390282	0.6655677042164556	-1
ENC_32230_1-537	0.1949638478757929	0.0	0.5288351703285062	0.21420517646438678	0.1878022488969219	0.018567179506092095	0.1331471338441288	0.5653599716333714	0.12096612861185321	-1	0.3599567338165184	0.1829936841470637	0.07683324872302669	0.1441301756264224	0.23926521861408204	0.10525274979321753	0.47519091345256104	0.04085819556295838	0.11375061165091864	0.1793290171040001	0.2620124194367011	0.03730920921534824	0.08431644954208832	0.4691948991377507	0.25119217378226877	0.17451033930480134	0.1446322945359919	0.1725731791416111	0.3906011250679884	0.49245666903752416	0.5159262463497544	0.4458667654015102	0.04012119567908124	0.5845748108316684	-1
SEN0054_3-539	0.6206952785050032	0.5288351703285062	0.0	0.6297611158121013	0.6173209849419479	0.5199214660109092	0.45646504952921	0.7952129050662242	0.58583015571193	-1	0.6984341235062733	0.6150553583506166	0.48962110147516297	0.596744239978052	0.6415685263031229	0.5784265642572839	0.7527284161268236	0.5480861150816121	0.46836089720841817	0.6133286961274688	0.6522862073042155	0.5105751148949231	0.5685621159155093	0.11235813501768312	0.6471880881034411	0.6110583046229675	0.5969808207485542	0.6101455828846316	0.7128726828906589	0.7608634329161624	0.026667266881151334	0.1497264552037069	0.5091413337282442	0.1183017852627606	-1
CS17_04602_9-544	0.023901198148459268	0.21420517646438678	0.6297611158121013	0.0	0.032508003785538676	0.22879517000793045	0.31883150500770663	0.4468784785180884	0.1060699148091904	-1	0.18548296958274113	0.03820226565169079	0.2745803455863654	0.08187576993879082	0.031891330152748844	0.12176894273325742	0.33212962108084704	0.18073133722199983	0.30358981827368847	0.04249712745699255	0.060839345768670214	0.24352255993601463	0.14184892461740103	0.5828960994361454	0.04706953546914744	0.04808641349445349	0.08133681162378456	0.05031502034172134	0.22448092468963318	0.354101966873706	0.6196173501721833	0.5645649727034612	0.24573220434306822	0.6735610367852222	-1
SEN0594_1-553	0.008817555785083791	0.1878022488969219	0.6173209849419479	0.032508003785538676	0.0	0.20288247033609705	0.29594405157094383	0.46485935503228526	0.07603361196938052	-1	0.2119612922909311	0.005885590669930338	0.25020604071970765	0.05102653701158776	0.0633626104569561	0.09226013165687472	0.353840753887	0.15320367922052028	0.28019023986639763	0.010324761042508523	0.09136958387165127	0.21810470471706198	0.11301480659238967	0.5688812908056385	0.07804740261747152	0.016101848666313496	0.0504694695452779	0.01840533733184024	0.24969150172558005	0.37509882257964755	0.6068363859172451	0.5499342330476322	0.22038859379903822	0.6625925956059103	-1
STMMW_42551_9-542	0.2099110986211767	0.018567179506092095	0.5199214660109092	0.22879517000793045	0.20288247033609705	0.0	0.1167476285135585	0.5734300110605874	0.137287308293852	-1	0.37184053203141254	0.19816318707111613	0.05936837244510743	0.16002126428941416	0.2533899178566021	0.12186568260038916	0.4849351379689156	0.058666753617738016	0.09698415434784961	0.19456656255887117	0.2757147673182865	0.019096599703914717	0.10131811039421611	0.4591528938321824	0.26509542310722	0.18983735401535215	0.16051406026705625	0.1879361614526439	0.4019159433696616	0.5018803171706243	0.5067683253076511	0.4353834281600434	0.021961784569362625	0.5767156136481475	-1
SEN4076_9-542	0.30215210417203714	0.1331471338441288	0.45646504952921	0.31883150500770663	0.29594405157094383	0.1167476285135585	0.0	0.6232310456643188	0.23800696913909347	-1	0.44517666024508373	0.29177573343543317	0.061000772659116825	0.25808678968544213	0.3405548743711569	0.22438578167316617	0.5450677391417079	0.16856517777383637	0.021886076817883366	0.28859900630564655	0.3602733506012675	0.09955213610246212	0.20623708979377495	0.38766413357303964	0.35089378964321216	0.2844219216443294	0.2585220529013535	0.28274268880466497	0.4717408386330224	0.5600346088568798	0.44157333666449117	0.3607528379575669	0.0969142539102738	0.5207662045226106	-1
STMMW_06901_1-553	0.4600987456032048	0.5653599716333714	0.7952129050662242	0.4468784785180884	0.46485935503228526	0.5734300110605874	0.6232310456643188	0.0	0.5055480311808045	-1	0.3209208637435612	0.46800897381940776	0.5987547770378479	0.4921657289591353	0.4286576097193887	0.5142315013919515	0.17181306591698972	0.5468448707417813	0.614800540708048	0.4703845543157108	0.4110469609327679	0.5815760473850667	0.5253381715230382	0.7692908559040808	0.4195573107695483	0.4734761087127488	0.4918676195159237	0.4747087991228946	0.28677251264187215	0.14363956365577218	0.7896021699819168	0.7591515151952207	0.5827982492614303	0.8194395839956643	-1
NCTC13441_03375_1-552	0.08418073713938289	0.12096612861185321	0.58583015571193	0.1060699148091904	0.07603361196938052	0.137287308293852	0.23800696913909347	0.5055480311808045	0.0	-1	0.27187872160973453	0.07056332816533933	0.18850515668818374	0.026351711542115176	0.1345785342894854	0.017561807331628244	0.4029705752763833	0.08352042698828392	0.22095676914412987	0.06639435679535509	0.16045603635513087	0.1537621872268511	0.04002439385466437	0.5334043372364813	0.1481467886610172	0.060912568259050746	0.026922928335816818	0.058708830466636545	0.3067401669407059	0.4226123162228356	0.5744827742914326	0.5128981175260533	0.15623401857435737	0.6348271876932082	-1
b0619_1-552	-1	-1	-1	-1	-1	-1	-1	-1	-1	-1	-1	-1	-1	-1	-1	-1	-1	-1	-1	-1	-1	-1	-1	-1	-1	-1	-1	-1	-1	-1	-1	-1	-1	-1	-1
ENC_41990_1-524	0.20495090252203868	0.3599567338165184	0.6984341235062733	0.18548296958274113	0.2119612922909311	0.37184053203141254	0.44517666024508373	0.3209208637435612	0.27187872160973453	-1	0.0	0.21659936555656756	0.4091333372806922	0.2521721785764117	0.1586512384546934	0.2846658472148832	0.1800412342796345	0.33269172168014466	0.4327620468279411	0.22009760364027448	0.13271810659070613	0.3838362419414327	0.30102133442998824	0.6602617695372736	0.14525029817546814	0.22465017230565978	0.25173318785015414	0.22646541053686398	0.04787862457205379	0.2070171537169519	0.6901718536399988	0.6453307546267651	0.3856360349421441	0.7341099050698103	-1
ETEC_0648_1-552	0.01465124993095385	0.1829936841470637	0.6150553583506166	0.03820226565169079	0.005885590669930338	0.19816318707111613	0.29177573343543317	0.46800897381940776	0.07056332816533933	-1	0.21659936555656756	0.0	0.24576693362127605	0.04540820042240184	0.06887527473795854	0.08688591592304944	0.3576437827172119	0.1481902758555397	0.27592865229799884	0.004465452196362114	0.09671741057123119	0.2134755437154818	0.10776346758181823	0.5663288801085874	0.08347363822274417	0.010276742697319777	0.04484783487384766	0.01259386901991182	0.25410751042259344	0.37877673511910126	0.604508685929111	0.547269647509017	0.21577295441644462	0.6605949966850723	-1
SL1344_4241_9-542	0.25681739078298044	0.07683324872302669	0.48962110147516297	0.2745803455863654	0.25020604071970765	0.05936837244510743	0.061000772659116825	0.5987547770378479	0.18850515668818374	-1	0.4091333372806922	0.24576693362127605	0.0	0.20988943471705068	0.2977149432845636	0.17399908781259943	0.5155137005313649	0.11455217638392222	0.03998991826430696	0.24238383485261925	0.3187144027686258	0.04105579889827755	0.1546713915260052	0.42501709455197395	0.30872551173980467	0.23793539172328246	0.21035297419955268	0.23614706986872694	0.43742322039717224	0.5314528720230774	0.4756377946014097	0.39974740876230297	0.03824655037561535	0.5499998363310925	-1
ETEC_4435_9-543	0.05939416346005224	0.1441301756264224	0.596744239978052	0.08187576993879082	0.05102653701158776	0.16002126428941416	0.25808678968544213	0.4921657289591353	0.026351711542115176	-1	0.2521721785764117	0.04540820042240184	0.20988943471705068	0.0	0.11115597288091117	0.04345073519278215	0.38681202257416464	0.10767123233052954	0.2414858916424812	0.041126396182199994	0.13773384743007885	0.1760620019650796	0.06532139411527342	0.5456999315484276	0.1250914509507406	0.03549624348611023	0.0005866767296498469	0.0332328617100229	0.2879771460828886	0.40698536563787197	0.5856958814795058	0.5257340858246281	0.17846869632593562	0.6444501163061398	-1
SL1344_0613_1-553	0.05503028730000933	0.23926521861408204	0.6415685263031229	0.031891330152748844	0.0633626104569561	0.2533899178566021	0.3405548743711569	0.4286576097193887	0.1345785342894854	-1	0.1586512384546934	0.06887527473795854	0.2977149432845636	0.11115597288091117	0.0	0.1497768993309488	0.3101287079429523	0.2068589046304541	0.32579926530085807	0.073033167687467	0.029901617987254266	0.26764763173020145	0.16921650388336396	0.5961980976370266	0.01567820409953918	0.07844420395858911	0.11063420266346735	0.08060173756911007	0.19893385994288354	0.3328248643530852	0.6317482588422197	0.5784515749190463	0.26978680763794954	0.6839716095358256	-1
NCTC13441_04340_9-544	0.10026417858433484	0.10525274979321753	0.5784265642572839	0.12176894273325742	0.09226013165687472	0.12186568260038916	0.22438578167316617	0.5142315013919515	0.017561807331628244	-1	0.2846658472148832	0.08688591592304944	0.17399908781259943	0.04345073519278215	0.1497768993309488	0.0	0.4134554910046923	0.06713767863351015	0.20703079677721659	0.08279015922503592	0.17519994569109357	0.1386350621460399	0.022864121825339617	0.5250635956077686	0.16310687063338122	0.07740464080283889	0.04401192038720821	0.0752396046289445	0.31891506255964996	0.4327522874809853	0.5668763400241673	0.5041908120948113	0.1411510793020837	0.6282994543250029	-1
ERS227112_05133_2-538	0.3480925233448803	0.47519091345256104	0.7527284161268236	0.33212962108084704	0.353840753887	0.4849351379689156	0.5450677391417079	0.17181306591698972	0.4029705752763833	-1	0.1800412342796345	0.3576437827172119	0.5155137005313649	0.38681202257416464	0.3101287079429523	0.4134554910046923	0.0	0.4528347277538693	0.5348882680472922	0.36051219369852416	0.2888646091484938	0.49477112546067525	0.426866316114345	0.7214286598817617	0.2991404894921064	0.36424511228225076	0.38645206828009976	0.3657335327817973	0.13880857327478666	0.03289911708379385	0.7459536955252246	0.7091858433247888	0.4962468815080907	0.7819810859437709	-1
ERS227112_02390_1-534	0.16067035301759705	0.04085819556295838	0.5480861150816121	0.18073133722199983	0.15320367922052028	0.058666753617738016	0.16856517777383637	0.5468448707417813	0.08352042698828392	-1	0.33269172168014466	0.1481902758555397	0.11455217638392222	0.10767123233052954	0.2068589046304541	0.06713767863351015	0.4528347277538693	0.0	0.14996116247763766	0.1443694987544785	0.23057510667418665	0.0766430178118866	0.04530951917442209	0.49088263775459634	0.2192939326033899	0.13934555153738576	0.10819474085371834	0.13732587086636422	0.3646415242116446	0.47083598210968064	0.5357046264432914	0.46850764946867	0.07934011158276401	0.6015483344524871	-1
t4211_9-542	0.28653720258102344	0.11375061165091864	0.46836089720841817	0.30358981827368847	0.28019023986639763	0.09698415434784961	0.021886076817883366	0.614800540708048	0.22095676914412987	-1	0.4327620468279411	0.27592865229799884	0.03998991826430696	0.2414858916424812	0.32579926530085807	0.20703079677721659	0.5348882680472922	0.14996116247763766	0.0	0.2726808433725807	0.34595895811655797	0.07940389912036656	0.18847601348536058	0.40106576338400524	0.3363695220235305	0.2684102931203895	0.24193089421896566	0.26669348611062793	0.45992061983088633	0.5501900333738504	0.45379510551540636	0.37474345045164154	0.07670699221650976	0.5312547521841545	-1
ROD_34881_7-543	0.019051277671132336	0.1793290171040001	0.6133286961274688	0.04249712745699255	0.010324761042508523	0.19456656255887117	0.28859900630564655	0.4703845543157108	0.06639435679535509	-1	0.22009760364027448	0.004465452196362114	0.24238383485261925	0.041126396182199994	0.073033167687467	0.08279015922503592	0.36051219369852416	0.1443694987544785	0.2726808433725807	0.0	0.10075097579413154	0.20994760250183245	0.10376135676391506	0.5643836561491675	0.0875663428779662	0.005837356939323315	0.04056351712411962	0.008164876690098532	0.2574382576784269	0.3815507779116949	0.6027347167976969	0.5452389337067177	0.21225531819691446	0.6590726016854687	-1
Ecoli9000q_37850_3-536	0.08328641065868987	0.2620124194367011	0.6522862073042155	0.060839345768670214	0.09136958387165127	0.2757147673182865	0.3602733506012675	0.4110469609327679	0.16045603635513087	-1	0.13271810659070613	0.09671741057123119	0.3187144027686258	0.13773384743007885	0.029901617987254266	0.17519994569109357	0.2888646091484938	0.23057510667418665	0.34595895811655797	0.10075097579413154	0.0	0.28954615247826593	0.19405827461435915	0.6082724278640108	0.014449963362543913	0.10600021332575939	0.13722767898635416	0.10809323319046389	0.17424237076338966	0.312260335634547	0.6427595817294609	0.5910565548889456	0.29162136356521295	0.6934213697406122	-1
STM_MW42551_9-543	0.22499911010131385	0.03730920921534824	0.5105751148949231	0.24352255993601463	0.21810470471706198	0.019096599703914717	0.09955213610246212	0.5815760473850667	0.1537621872268511	-1	0.3838362419414327	0.2134755437154818	0.04105579889827755	0.1760620019650796	0.26764763173020145	0.1386350621460399	0.49477112546067525	0.0766430178118866	0.07940389912036656	0.20994760250183245	0.28954615247826593	0.0	0.11847987870117543	0.44862347708799544	0.2791296016327162	0.20530870576078533	0.17654538721520097	0.20344381951140722	0.41333731518842465	0.5113927093582579	0.49716590385611154	0.42439125843632786	0.0029209653719041587	0.5684749525548752	-1
Ecoli9000q_47240_1-552	0.12083584801580462	0.08431644954208832	0.5685621159155093	0.14184892461740103	0.11301480659238967	0.10131811039421611	0.20623708979377495	0.5253381715230382	0.04002439385466437	-1	0.30102133442998824	0.10776346758181823	0.1546713915260052	0.06532139411527342	0.16921650388336396	0.022864121825339617	0.426866316114345	0.04530951917442209	0.18847601348536058	0.10376135676391506	0.19405827461435915	0.11847987870117543	0.0	0.5139505006412857	0.1822416970980093	0.09849897349101575	0.06586974830304755	0.09638343896795754	0.33448747154269	0.4457219082851653	0.5567416265740546	0.49258931231612796	0.12105476845012605	0.6196019878326926	-1
t0055_3-539	0.5726827040739532	0.4691948991377507	0.11235813501768312	0.5828960994361454	0.5688812908056385	0.4591528938321824	0.38766413357303964	0.7692908559040808	0.5334043372364813	-1	0.6602617695372736	0.5663288801085874	0.42501709455197395	0.5456999315484276	0.5961980976370266	0.5250635956077686	0.7214286598817617	0.49088263775459634	0.40106576338400524	0.5643836561491675	0.6082724278640108	0.44862347708799544	0.5139505006412857	0.0	0.6025289862780555	0.5618258773939411	0.5459664588268665	0.5607976228981326	0.6765279687263723	0.730593411016501	0.0880386174437519	0.04209842016269503	0.4470082072103096	0.2173677523190575	-1
t2242_1-553	0.06984571532360269	0.25119217378226877	0.6471880881034411	0.04706953546914744	0.07804740261747152	0.26509542310722	0.35089378964321216	0.4195573107695483	0.1481467886610172	-1	0.14525029817546814	0.08347363822274417	0.30872551173980467	0.1250914509507406	0.01567820409953918	0.16310687063338122	0.2991404894921064	0.2192939326033899	0.3363695220235305	0.0875663428779662	0.014449963362543913	0.2791296016327162	0.1822416970980093	0.6025289862780555	0.0	0.09289254381803966	0.1245778611532589	0.09501625117626325	0.18617453825219982	0.32219814858759604	0.637521784800102	0.5850606971653047	0.2812352391039778	0.6889263671427718	-1
STM_MW06901_1-553	0.02477742550253909	0.17451033930480134	0.6110583046229675	0.04808641349445349	0.016101848666313496	0.18983735401535215	0.2844219216443294	0.4734761087127488	0.060912568259050746	-1	0.22465017230565978	0.010276742697319777	0.23793539172328246	0.03549624348611023	0.07844420395858911	0.07740464080283889	0.36424511228225076	0.13934555153738576	0.2684102931203895	0.005837356939323315	0.10600021332575939	0.20530870576078533	0.09849897349101575	0.5618258773939411	0.09289254381803966	0.0	0.03493005940948121	0.002341186089641835	0.2617728556178437	0.3851608867698712	0.6004021213478076	0.5425687441913597	0.20762997151261178	0.6570708015491953	-1
ROD_06341_1-553	0.05884200796720262	0.1446322945359919	0.5969808207485542	0.08133681162378456	0.0504694695452779	0.16051406026705625	0.2585220529013535	0.4918676195159237	0.026922928335816818	-1	0.25173318785015414	0.04484783487384766	0.21035297419955268	0.0005866767296498469	0.11063420266346735	0.04401192038720821	0.38645206828009976	0.10819474085371834	0.24193089421896566	0.04056351712411962	0.13722767898635416	0.17654538721520097	0.06586974830304755	0.5459664588268665	0.1245778611532589	0.03493005940948121	0.0	0.03266534898048579	0.28755917362880407	0.4066372535222723	0.5859389440648399	0.5260123266001409	0.1789506696244801	0.6446587091491326	-1
ERS227112_02365_30-571	0.027060603028257243	0.1725731791416111	0.6101455828846316	0.05031502034172134	0.01840533733184024	0.1879361614526439	0.28274268880466497	0.4747087991228946	0.058708830466636545	-1	0.22646541053686398	0.01259386901991182	0.23614706986872694	0.0332328617100229	0.08060173756911007	0.0752396046289445	0.3657335327817973	0.13732587086636422	0.26669348611062793	0.008164876690098532	0.10809323319046389	0.20344381951140722	0.09638343896795754	0.5607976228981326	0.09501625117626325	0.002341186089641835	0.03266534898048579	0.0	0.2635011827392672	0.3866003395491333	0.5994643929561904	0.5414952993641958	0.20577053253139063	0.6562660564219526	-1
BN373_21071_2-538	0.24301675977653617	0.3906011250679884	0.7128726828906589	0.22448092468963318	0.24969150172558005	0.4019159433696616	0.4717408386330224	0.28677251264187215	0.3067401669407059	-1	0.04787862457205379	0.25410751042259344	0.43742322039717224	0.2879771460828886	0.19893385994288354	0.31891506255964996	0.13880857327478666	0.3646415242116446	0.45992061983088633	0.2574382576784269	0.17424237076338966	0.41333731518842465	0.33448747154269	0.6765279687263723	0.18617453825219982	0.2617728556178437	0.28755917362880407	0.2635011827392672	0.0	0.1671410108541789	0.7050059991414246	0.6623118302732438	0.41505093657574754	0.7468403571024007	-1
CS17_00626_1-552	0.36953970374715767	0.49245666903752416	0.7608634329161624	0.354101966873706	0.37509882257964755	0.5018803171706243	0.5600346088568798	0.14363956365577218	0.4226123162228356	-1	0.2070171537169519	0.37877673511910126	0.5314528720230774	0.40698536563787197	0.3328248643530852	0.4327522874809853	0.03289911708379385	0.47083598210968064	0.5501900333738504	0.3815507779116949	0.312260335634547	0.5113927093582579	0.4457219082851653	0.730593411016501	0.32219814858759604	0.3851608867698712	0.4066372535222723	0.3866003395491333	0.1671410108541789	0.0	0.7543115946408454	0.7187533723148715	0.5128199143346823	0.7891537157237883	-1
STMMW_00541_3-539	0.610303128017085	0.5159262463497544	0.026667266881151334	0.6196173501721833	0.6068363859172451	0.5067683253076511	0.44157333666449117	0.7896021699819168	0.5744827742914326	-1	0.6901718536399988	0.604508685929111	0.4756377946014097	0.5856958814795058	0.6317482588422197	0.5668763400241673	0.7459536955252246	0.5357046264432914	0.45379510551540636	0.6027347167976969	0.6427595817294609	0.49716590385611154	0.5567416265740546	0.0880386174437519	0.637521784800102	0.6004021213478076	0.5859389440648399	0.5994643929561904	0.7050059991414246	0.7543115946408454	0.0	0.12643075089875708	0.49569284010525566	0.14181426686379323	-1
SL1344_0054_3-539	0.5539027130546912	0.4458667654015102	0.1497264552037069	0.5645649727034612	0.5499342330476322	0.4353834281600434	0.3607528379575669	0.7591515151952207	0.5128981175260533	-1	0.6453307546267651	0.547269647509017	0.39974740876230297	0.5257340858246281	0.5784515749190463	0.5041908120948113	0.7091858433247888	0.46850764946867	0.37474345045164154	0.5452389337067177	0.5910565548889456	0.42439125843632786	0.49258931231612796	0.04209842016269503	0.5850606971653047	0.5425687441913597	0.5260123266001409	0.5414952993641958	0.6623118302732438	0.7187533723148715	0.12643075089875708	0.0	0.4227049997311692	0.25031533351480423	-1
BN373_05411_1-534	0.22726286086390282	0.04012119567908124	0.5091413337282442	0.24573220434306822	0.22038859379903822	0.021961784569362625	0.0969142539102738	0.5827982492614303	0.15623401857435737	-1	0.3856360349421441	0.21577295441644462	0.03824655037561535	0.17846869632593562	0.26978680763794954	0.1411510793020837	0.4962468815080907	0.07934011158276401	0.07670699221650976	0.21225531819691446	0.29162136356521295	0.0029209653719041587	0.12105476845012605	0.4470082072103096	0.2812352391039778	0.20762997151261178	0.1789506696244801	0.20577053253139063	0.41505093657574754	0.5128199143346823	0.49569284010525566	0.4227049997311692	0.0	0.5672107902598905	-1
STM_MW00541_3-540	0.6655677042164556	0.5845748108316684	0.1183017852627606	0.6735610367852222	0.6625925956059103	0.5767156136481475	0.5207662045226106	0.8194395839956643	0.6348271876932082	-1	0.7341099050698103	0.6605949966850723	0.5499998363310925	0.6444501163061398	0.6839716095358256	0.6282994543250029	0.7819810859437709	0.6015483344524871	0.5312547521841545	0.6590726016854687	0.6934213697406122	0.5684749525548752	0.6196019878326926	0.2173677523190575	0.6889263671427718	0.6570708015491953	0.6446587091491326	0.6562660564219526	0.7468403571024007	0.7891537157237883	0.14181426686379323	0.25031533351480423	0.5672107902598905	0.0	-1
b4125_9-543	-1	-1	-1	-1	-1	-1	-1	-1	-1	-1	-1	-1	-1	-1	-1	-1	-1	-1	-1	-1	-1	-1	-1	-1	-1	-1	-1	-1	-1	-1	-1	-1	-1	-1	-1
