BN373_04881_1-257	0.0	1.4392650291086961	1.6295363405109309	1.4996495444109579	0.442384047837278	0.9025436751615232	1.416758645945991	1.347189341587551	1.265683444478891	0.15979420616988538	1.2486741618835846	-1	1.7599503862695909	1.7859860438218205
ROD_00041_1-257	1.4392650291086961	0.0	0.19027131140223474	0.06038451530226174	0.9968809812714182	0.536721353947173	0.022506383162705146	0.09207568752114514	0.17358158462980533	1.5990592352785815	0.19059086722511165	-1	0.3206853571608945	0.3467210147131242
Ecoli9000q_40570_1-257	1.6295363405109309	0.19027131140223474	0.0	0.129886796099973	1.187152292673653	0.7269926653494078	0.2127776945649399	0.2823469989233799	0.3638528960320401	1.7893305466808163	0.3808621786273464	-1	0.13041404575865978	0.15644970331088948
SEN0004_1-257	1.4996495444109579	0.06038451530226174	0.129886796099973	0.0	1.05726549657368	0.5971058692494348	0.08289089846496689	0.1524602028234069	0.23396609993206707	1.6594437505808433	0.2509753825273734	-1	0.2603008418586328	0.2863364994108625
CS17_00006_1-257	0.442384047837278	0.9968809812714182	1.187152292673653	1.05726549657368	0.0	0.4601596273242452	0.9743745981087131	0.9048052937502731	0.8232993966416129	0.6021782540071634	0.8062901140463066	-1	1.3175663384323126	1.3436019959845424
ENC_45300_1-257	0.9025436751615232	0.536721353947173	0.7269926653494078	0.5971058692494348	0.4601596273242452	0.0	0.5142149707844679	0.4446456664260279	0.3631397693173677	1.0623378813314086	0.34613048672206137	-1	0.8574067111080675	0.8834423686602972
SL1344_0005_1-257	1.416758645945991	0.022506383162705146	0.2127776945649399	0.08289089846496689	0.9743745981087131	0.5142149707844679	0.0	0.06956930435844	0.15107520146710018	1.5765528521158765	0.1680844840624065	-1	0.34319174032359967	0.36922739787582937
NCTC13441_03986_1-257	1.347189341587551	0.09207568752114514	0.2823469989233799	0.1524602028234069	0.9048052937502731	0.4446456664260279	0.06956930435844	0.0	0.08150589710866019	1.5069835477574365	0.0985151797039665	-1	0.41276104468203967	0.43879670223426936
STMMW_00041_1-257	1.265683444478891	0.17358158462980533	0.3638528960320401	0.23396609993206707	0.8232993966416129	0.3631397693173677	0.15107520146710018	0.08150589710866019	0.0	1.4254776506487763	0.01700928259530632	-1	0.49426694179069985	0.5203025993429296
ERS227112_02341_1-257	0.15979420616988538	1.5990592352785815	1.7893305466808163	1.6594437505808433	0.6021782540071634	1.0623378813314086	1.5765528521158765	1.5069835477574365	1.4254776506487763	0.0	1.40846836805347	-1	1.9197445924394763	1.9457802499917058
ETEC_0006_1-257	1.2486741618835846	0.19059086722511165	0.3808621786273464	0.2509753825273734	0.8062901140463066	0.34613048672206137	0.1680844840624065	0.0985151797039665	0.01700928259530632	1.40846836805347	0.0	-1	0.5112762243860062	0.5373118819382359
b0006_1-257	-1	-1	-1	-1	-1	-1	-1	-1	-1	-1	-1	-1	-1	-1
STM_MW00041_1-257	1.7599503862695909	0.3206853571608945	0.13041404575865978	0.2603008418586328	1.3175663384323126	0.8574067111080675	0.34319174032359967	0.41276104468203967	0.49426694179069985	1.9197445924394763	0.5112762243860062	-1	0.0	0.026035657552229696
t0005_1-257	1.7859860438218205	0.3467210147131242	0.15644970331088948	0.2863364994108625	1.3436019959845424	0.8834423686602972	0.36922739787582937	0.43879670223426936	0.5203025993429296	1.9457802499917058	0.5373118819382359	-1	0.026035657552229696	0.0
