b1245_23-301	-1	-1	-1	-1	-1	-1	-1	-1	-1	-1	-1	-1	-1	-1	-1	-1	-1	-1	-1	-1	-1	-1	-1	-1	-1	-1	-1	-1	-1	-1	-1	-1
ERS227112_03968_1-341	-1	0.0	-1	0.33089633143799063	-1	0.08829442002339452	0.04821212272599938	0.5852165656271198	0.17724300643575963	0.042054329800232854	0.1704257543001174	0.38728191396266964	0.24708998650580627	0.11113689924726312	0.052501122736067225	0.1195599352972533	0.12252374278489322	0.5262842914638444	0.299021332521578	0.2083380542498271	0.1778895178748205	0.2966596771765127	0.03945111492281308	0.07513078598123767	0.8040565674591384	0.0786601658519211	0.17912963118625394	0.2142857142857143	0.10215568666730139	0.5175956518508527	0.35875382394235994	0.11431141032137997
b2179_1-341	-1	-1	-1	-1	-1	-1	-1	-1	-1	-1	-1	-1	-1	-1	-1	-1	-1	-1	-1	-1	-1	-1	-1	-1	-1	-1	-1	-1	-1	-1	-1	-1
t0637_1-341	-1	0.33089633143799063	-1	0.0	-1	0.3899744517891988	0.36315523962311863	0.7224668824023563	0.44949027727111723	0.3015223207570044	0.19343726974369826	0.08427032338032008	0.496225147873963	0.40525843843694076	0.2938211489029283	0.41089432275841925	0.2374680647364985	0.6830350815630066	0.04547213830497039	0.47029608783762084	0.44992286044676016	0.5293924097512167	0.35729321716170626	0.27654239278372644	0.7071553456552265	0.2737710410831209	0.45075262481287287	0.14841351273926076	0.39924907615155314	0.279028989355421	0.5709398311484729	0.4073825154425231
b1293_35-314	-1	-1	-1	-1	-1	-1	-1	-1	-1	-1	-1	-1	-1	-1	-1	-1	-1	-1	-1	-1	-1	-1	-1	-1	-1	-1	-1	-1	-1	-1	-1	-1
BN373_27911_23-301	-1	0.08829442002339452	-1	0.3899744517891988	-1	0.0	0.042112636916740484	0.5450467305645714	0.09756284086212079	0.12663558716444326	0.24367253119053353	0.44138150200718007	0.17417417417417413	0.025054666468592567	0.13615998657690365	0.0342934341530092	0.20000000000000004	0.48040714136211465	0.36091383741535715	0.1316692985793867	0.09827196390936314	0.22854445747547678	0.05084936941721247	0.15679157683051703	0.8213572791927269	0.16000933215247623	0.09963217639316221	0.28365990144695286	0.015203665468695012	0.5601892639874453	0.2966521318493032	0.02853661408834751
SL1344_2195_1-341	-1	0.04821212272599938	-1	0.36315523962311863	-1	0.042112636916740484	0.0	0.5642060124143896	0.13556684928506907	0.08823892401674376	0.2104212896441285	0.41682235352314084	0.2089518773336445	0.06611218531327118	0.09818205488946258	0.07496188412863586	0.16482873578689855	0.5022885667624631	0.33281700206635517	0.16823699413197157	0.1362461092908936	0.26103248463521905	0.009120834909388595	0.11972069403300882	0.8135034162761521	0.12307991500822019	0.13754903964023282	0.2521666678561424	0.05667603594174876	0.540853389487375	0.326271965246897	0.06944749893715228
NCTC13441_04388_68-348	-1	0.5852165656271198	-1	0.7224668824023563	-1	0.5450467305645714	0.5642060124143896	0.0	0.4958615513239096	0.6026600049719101	0.6559063453013111	0.7458546879710583	0.44909295010182654	0.5333550981904644	0.6069931616240178	0.5288907774626102	0.6360373844516571	0.12440430642543805	0.7092456608811749	0.47605990587328967	0.49546509454464926	0.4102663804233847	0.5681808174296622	0.6163795710635513	0.9187259101078907	0.6178434993675199	0.49470287863808393	0.6740987301355942	0.5380229865985896	0.7999066677182861	0.3531603776213453	0.5316825358183873
STMMW_17391_24-301	-1	0.17724300643575963	-1	0.44949027727111723	-1	0.09756284086212079	0.13556684928506907	0.4958615513239096	0.0	0.21184350038855826	0.3174619876696421	0.4958819096294905	0.08489381508319324	0.07437152822804133	0.22043867233683348	0.06551618156765869	0.2780502726896967	0.42423375037629724	0.42326489899278613	0.03779372045123747	0.000785786622438942	0.14514209137674028	0.14345120134294256	0.2390573860338011	0.8387861705340233	0.24196120800535076	0.0022930522198557376	0.3535480764852397	0.0836306680940512	0.6030984488344904	0.22061291356550233	0.0710538634546652
STM_MW17391_24-302	-1	0.042054329800232854	-1	0.3015223207570044	-1	0.12663558716444326	0.08823892401674376	0.6026600049719101	0.21184350038855826	0.0	0.13400699903274718	0.36038326066074716	0.27875311252318885	0.14851744123357632	0.010905412760679663	0.15658625214760097	0.0840020634655403	0.5462060881021749	0.2682479922559261	0.24163086680669893	0.21246282322234122	0.3262381830743339	0.07984635452509506	0.03452853038534758	0.7954545454545454	0.038212851929331826	0.21365078439958599	0.1797924348356466	0.1399139275294583	0.4964178416834974	0.38572100211342614	0.15155845037202775
SEN2211_1-341	-1	0.1704257543001174	-1	0.19343726974369826	-1	0.24367253119053353	0.2104212896441285	0.6559063453013111	0.3174619876696421	0.13400699903274718	0.0	0.2614065718489107	0.3754052434756658	0.26262206366258956	0.12445886152876295	0.2696095974402631	0.05459066398816686	0.6070176484149332	0.1550139470795275	0.34325763850499896	0.3179983169090374	0.4165269822233936	0.20315338320422943	0.10303615567957107	0.7638024160507165	0.0996001530022283	0.31902708297395216	0.05287044554835934	0.2551714810110975	0.41849165321886317	0.4680386871890491	0.26525555629236597
NCTC13441_01530_1-341	-1	0.38728191396266964	-1	0.08427032338032008	-1	0.44138150200718007	0.41682235352314084	0.7458546879710583	0.4958819096294905	0.36038326066074716	0.2614065718489107	0.0	0.538678417573497	0.45537750215757633	0.35333106904922146	0.46053844868474975	0.3017268775089751	0.7097458177399089	0.12591050988553598	0.5149344078113652	0.4962780388810331	0.5690506635667149	0.41145432559021444	0.3375083992957944	0.680206220436386	0.3349705902991995	0.49703787873568406	0.22017698140703407	0.44987455077528776	0.21268139599235455	0.6070968703272058	0.4573225825070135
BN373_32181_1-341	-1	0.24708998650580627	-1	0.496225147873963	-1	0.17417417417417413	0.2089518773336445	0.44909295010182654	0.08489381508319324	0.27875311252318885	0.3754052434756658	0.538678417573497	0.0	0.15295166054638873	0.28661860753347895	0.1448480780478902	0.33933933933933935	0.3708202839039425	0.47222614200967933	0.04895010106777093	0.0841741713985942	0.06583747032485009	0.21616689666586614	0.3036567075927693	0.8524722275615613	0.3063140130388317	0.0827906060463152	0.40842784654027636	0.16142475670478415	0.6367929357253678	0.14830967238479265	0.14991564499279164
ETEC_1397_35-314	-1	0.11113689924726312	-1	0.40525843843694076	-1	0.025054666468592567	0.06611218531327118	0.5333550981904644	0.07437152822804133	0.14851744123357632	0.26262206366258956	0.45537750215757633	0.15295166054638873	0.0	0.15780320999544384	0.009476190476190435	0.22004373317487408	0.4670543662629399	0.3769259280636081	0.10935447193189687	0.07509887469850833	0.2087191804588794	0.07463002189491853	0.1779178826365363	0.825833112979595	0.18105501817212624	0.07649404264999969	0.3016075636942782	0.01000308455106705	0.5712085752875461	0.27857712226483644	0.0035714285714284867
ROD_23101_1-341	-1	0.052501122736067225	-1	0.2938211489029283	-1	0.13615998657690365	0.09818205488946258	0.6069931616240178	0.22043867233683348	0.010905412760679663	0.12445886152876295	0.35333106904922146	0.28661860753347895	0.15780320999544384	0.0	0.16578402719596316	0.07390258894134888	0.5511548980197041	0.26017994923369253	0.24990119522913073	0.22105124119948194	0.3335858337902938	0.08988100983224301	0.023883577899867822	0.7931992984448888	0.027608521491226074	0.2222262471697452	0.17074911161565504	0.1492935211594614	0.4908655200287166	0.3924199681355959	0.16081105567403148
ETEC_2316_1-341	-1	0.1195599352972533	-1	0.41089432275841925	-1	0.0342934341530092	0.07496188412863586	0.5288907774626102	0.06551618156765869	0.15658625214760097	0.2696095974402631	0.46053844868474975	0.1448480780478902	0.009476190476190435	0.16578402719596316	0.0	0.2274347473224074	0.46195575652717363	0.3828302966500529	0.10083380176769556	0.06625048645106849	0.20114911733265076	0.08339900406839044	0.1857080893677424	0.8274835515756456	0.18881549680944748	0.06765900176193425	0.3082256634478419	0.019384483892702135	0.5752718845026784	0.2716753794318334	0.005925925925925969
BN373_26051_33-311	-1	0.12252374278489322	-1	0.2374680647364985	-1	0.20000000000000004	0.16482873578689855	0.6360373844516571	0.2780502726896967	0.0840020634655403	0.05459066398816686	0.3017268775089751	0.33933933933933935	0.22004373317487408	0.07390258894134888	0.2274347473224074	0.0	0.5843257130896917	0.2011422967691964	0.3053354388635094	0.2786175711274905	0.38283556598038143	0.1571411594503263	0.051242874219720895	0.7766965989909087	0.04760846682975647	0.2797057411145298	0.10457487680869104	0.21216293237495604	0.45023657998430666	0.4373217054794426	0.22282929127067805
ROD_17631_24-301	-1	0.5262842914638444	-1	0.6830350815630066	-1	0.48040714136211465	0.5022885667624631	0.12440430642543805	0.42423375037629724	0.5462060881021749	0.6070176484149332	0.7097458177399089	0.3708202839039425	0.4670543662629399	0.5511548980197041	0.46195575652717363	0.5843257130896917	0.0	0.6679353938667291	0.4016186945966359	0.4237809651671309	0.32647724982626797	0.506828110577538	0.5618749249778247	0.9071785180208993	0.5635468476639587	0.42291045391158366	0.6277948004358778	0.47238546649833374	0.7714774824156043	0.2612576476501678	0.46514416685886445
NCTC13441_02589_23-302	-1	0.299021332521578	-1	0.04547213830497039	-1	0.36091383741535715	0.33281700206635517	0.7092456608811749	0.42326489899278613	0.2682479922559261	0.1550139470795275	0.12591050988553598	0.47222614200967933	0.3769259280636081	0.26017994923369253	0.3828302966500529	0.2011422967691964	0.6679353938667291	0.0	0.445061864174669	0.42371808971984853	0.5069734377233487	0.32667572249070953	0.2420780615753076	0.7204716182794634	0.23917468723515556	0.42458738269641944	0.10784533230019008	0.3706302896369661	0.31181308286532555	0.5505001099814819	0.37915119260623803
ENC_39890_1-341	-1	0.2083380542498271	-1	0.47029608783762084	-1	0.1316692985793867	0.16823699413197157	0.47605990587328967	0.03779372045123747	0.24163086680669893	0.34325763850499896	0.5149344078113652	0.04895010106777093	0.10935447193189687	0.24990119522913073	0.10083380176769556	0.3053354388635094	0.4016186945966359	0.445061864174669	0.0	0.03703703703703701	0.11156482056617324	0.17582336719223068	0.26781623846547353	0.8448790409377338	0.27061031420119025	0.03558226021214868	0.37797989976772134	0.11826367445419188	0.6180988351059022	0.19	0.10616219405351665
ENC_08020_23-301	-1	0.1778895178748205	-1	0.44992286044676016	-1	0.09827196390936314	0.1362461092908936	0.49546509454464926	0.000785786622438942	0.21246282322234122	0.3179983169090374	0.4962780388810331	0.0841741713985942	0.07509887469850833	0.22105124119948194	0.06625048645106849	0.2786175711274905	0.4237809651671309	0.42371808971984853	0.03703703703703701	0.0	0.1444698272118705	0.14412426593039343	0.23965532456029948	0.8389128502045697	0.2425568647473899	0.001508450917968741	0.35405604975878757	0.08435073885627621	0.6034103287638215	0.21999999999999997	0.07178381690172887
CS17_01428_24-302	-1	0.2966596771765127	-1	0.5293924097512167	-1	0.22854445747547678	0.26103248463521905	0.4102663804233847	0.14514209137674028	0.3262381830743339	0.4165269822233936	0.5690506635667149	0.06583747032485009	0.2087191804588794	0.3335858337902938	0.20114911733265076	0.38283556598038143	0.32647724982626797	0.5069734377233487	0.11156482056617324	0.1444698272118705	0.0	0.2677724853462623	0.3495021884425388	0.8621850829015683	0.35198454362015197	0.14317735230241468	0.4473754606386886	0.21663442940038688	0.6607055700413248	0.08828463938563436	0.20588304848919806
ERS227112_04477_23-302	-1	0.03945111492281308	-1	0.35729321716170626	-1	0.05084936941721247	0.009120834909388595	0.5681808174296622	0.14345120134294256	0.07984635452509506	0.20315338320422943	0.41145432559021444	0.21616689666586614	0.07463002189491853	0.08988100983224301	0.08339900406839044	0.1571411594503263	0.506828110577538	0.32667572249070953	0.17582336719223068	0.14412426593039343	0.2677724853462623	0.0	0.11161790763206367	0.8117867543346785	0.1150080495318625	0.1454153124671179	0.24528301886792458	0.06527993808399409	0.5366270412289494	0.33241692742570683	0.07793491467386517
SL1344_1675_24-301	-1	0.07513078598123767	-1	0.27654239278372644	-1	0.15679157683051703	0.11972069403300882	0.6163795710635513	0.2390573860338011	0.03452853038534758	0.10303615567957107	0.3375083992957944	0.3036567075927693	0.1779178826365363	0.023883577899867822	0.1857080893677424	0.051242874219720895	0.5618749249778247	0.2420780615753076	0.26781623846547353	0.23965532456029948	0.3495021884425388	0.11161790763206367	0.0	0.7881393070816535	0.0038160853634077465	0.24080226718393913	0.15045903376956138	0.16961143561677167	0.4784080377667744	0.40693115315703354	0.18085389019854858
STM_MW22491_1-341	-1	0.8040565674591384	-1	0.7071553456552265	-1	0.8213572791927269	0.8135034162761521	0.9187259101078907	0.8387861705340233	0.7954545454545454	0.7638024160507165	0.680206220436386	0.8524722275615613	0.825833112979595	0.7931992984448888	0.8274835515756456	0.7766965989909087	0.9071785180208993	0.7204716182794634	0.8448790409377338	0.8389128502045697	0.8621850829015683	0.8117867543346785	0.7881393070816535	0.0	0.7873277315508218	0.8391558422635517	0.7506174494934491	0.8240733033582982	0.5938190994906193	0.8743520231595644	0.8264551375760966
STMMW_22491_1-341	-1	0.0786601658519211	-1	0.2737710410831209	-1	0.16000933215247623	0.12307991500822019	0.6178434993675199	0.24196120800535076	0.038212851929331826	0.0996001530022283	0.3349705902991995	0.3063140130388317	0.18105501817212624	0.027608521491226074	0.18881549680944748	0.04760846682975647	0.5635468476639587	0.23917468723515556	0.27061031420119025	0.2425568647473899	0.35198454362015197	0.1150080495318625	0.0038160853634077465	0.7873277315508218	0.0	0.24369943054007084	0.14720469408467507	0.17278026926325568	0.47640997353033726	0.4091943545029641	0.1839798216786543
SEN1291_24-301	-1	0.17912963118625394	-1	0.45075262481287287	-1	0.09963217639316221	0.13754903964023282	0.49470287863808393	0.0022930522198557376	0.21365078439958599	0.31902708297395216	0.49703787873568406	0.0827906060463152	0.07649404264999969	0.2222262471697452	0.06765900176193425	0.2797057411145298	0.42291045391158366	0.42458738269641944	0.03558226021214868	0.001508450917968741	0.14317735230241468	0.1454153124671179	0.24080226718393913	0.8391558422635517	0.24369943054007084	0.0	0.35503042450348526	0.08573195082478587	0.6040085648174547	0.21882163077184041	0.0731839854551969
ERS227112_04649_31-310	-1	0.2142857142857143	-1	0.14841351273926076	-1	0.28365990144695286	0.2521666678561424	0.6740987301355942	0.3535480764852397	0.1797924348356466	0.05287044554835934	0.22017698140703407	0.40842784654027636	0.3016075636942782	0.17074911161565504	0.3082256634478419	0.10457487680869104	0.6277948004358778	0.10784533230019008	0.37797989976772134	0.35405604975878757	0.4473754606386886	0.24528301886792458	0.15045903376956138	0.7506174494934491	0.14720469408467507	0.35503042450348526	0.0	0.2945508966671654	0.38603082962835794	0.4961637188118543	0.30410182239537
CS17_02430_1-341	-1	0.10215568666730139	-1	0.39924907615155314	-1	0.015203665468695012	0.05667603594174876	0.5380229865985896	0.0836306680940512	0.1399139275294583	0.2551714810110975	0.44987455077528776	0.16142475670478415	0.01000308455106705	0.1492935211594614	0.019384483892702135	0.21216293237495604	0.47238546649833374	0.3706302896369661	0.11826367445419188	0.08435073885627621	0.21663442940038688	0.06527993808399409	0.16961143561677167	0.8240733033582982	0.17278026926325568	0.08573195082478587	0.2945508966671654	0.0	0.5668759992873207	0.2857935763078954	0.013538787820527441
Ecoli9000q_2030_23-301	-1	0.5175956518508527	-1	0.279028989355421	-1	0.5601892639874453	0.540853389487375	0.7999066677182861	0.6030984488344904	0.4964178416834974	0.41849165321886317	0.21268139599235455	0.6367929357253678	0.5712085752875461	0.4908655200287166	0.5752718845026784	0.45023657998430666	0.7714774824156043	0.31181308286532555	0.6180988351059022	0.6034103287638215	0.6607055700413248	0.5366270412289494	0.4784080377667744	0.5938190994906193	0.47640997353033726	0.6040085648174547	0.38603082962835794	0.5668759992873207	0.0	0.6906600564357808	0.5727399732329477
ENC_24740_33-311	-1	0.35875382394235994	-1	0.5709398311484729	-1	0.2966521318493032	0.326271965246897	0.3531603776213453	0.22061291356550233	0.38572100211342614	0.4680386871890491	0.6070968703272058	0.14830967238479265	0.27857712226483644	0.3924199681355959	0.2716753794318334	0.4373217054794426	0.2612576476501678	0.5505001099814819	0.19	0.21999999999999997	0.08828463938563436	0.33241692742570683	0.40693115315703354	0.8743520231595644	0.4091943545029641	0.21882163077184041	0.4961637188118543	0.2857935763078954	0.6906600564357808	0.0	0.2759913771833485
ETEC_1347_23-301	-1	0.11431141032137997	-1	0.4073825154425231	-1	0.02853661408834751	0.06944749893715228	0.5316825358183873	0.0710538634546652	0.15155845037202775	0.26525555629236597	0.4573225825070135	0.14991564499279164	0.0035714285714284867	0.16081105567403148	0.005925925925925969	0.22282929127067805	0.46514416685886445	0.37915119260623803	0.10616219405351665	0.07178381690172887	0.20588304848919806	0.07793491467386517	0.18085389019854858	0.8264551375760966	0.1839798216786543	0.0731839854551969	0.30410182239537	0.013538787820527441	0.5727399732329477	0.2759913771833485	0.0
