ROD_46011_1-155	0.0	2.8411446046293616	0.30839802428335417	0.4486461676520661	0.7796545928081502	1.6329721638307846	2.2113340611892256	1.6749980776400202	1.8151609195136769	-1	0.28964086441023795	1.3535475295658208	0.1150652414538974
STM_MW30411_1-155	2.8411446046293616	0.0	3.149542628912716	3.2897907722814277	2.0614900118212116	1.208172440798577	0.629810543440136	1.1661465269893414	1.0259836851156847	-1	3.1307854690395995	1.4875970750635408	2.956209846083259
STMMW_30411_1-155	0.30839802428335417	3.149542628912716	0.0	0.14024814336871194	1.0880526170915044	1.9413701881141388	2.5197320854725795	1.9833961019233743	2.123558943797031	-1	0.018757159873116214	1.661945553849175	0.19333278282945676
ERS227112_05048_1-156	0.4486461676520661	3.2897907722814277	0.14024814336871194	0.0	1.2283007604602163	2.0816183314828507	2.6599802288412917	2.1236442452920863	2.263807087165743	-1	0.15900530324182816	1.802193697217887	0.3335809261981687
ENC_34650_2-156	0.7796545928081502	2.0614900118212116	1.0880526170915044	1.2283007604602163	0.0	0.8533175710226344	1.4316794683810754	0.89534348483187	1.0355063267055267	-1	1.0692954572183881	0.5738929367576706	0.8947198342620476
CS17_04736_1-151	1.6329721638307846	1.208172440798577	1.9413701881141388	2.0816183314828507	0.8533175710226344	0.0	0.578361897358441	0.04202591380923559	0.18218875568289228	-1	1.9226130282410225	0.2794246342649638	1.7480374052846819
Ecoli9000q_39080_4-154	2.2113340611892256	0.629810543440136	2.5197320854725795	2.6599802288412917	1.4316794683810754	0.578361897358441	0.0	0.5363359835492054	0.39617314167554873	-1	2.5009749255994635	0.8577865316234048	2.326399302643123
NCTC13441_04197_1-151	1.6749980776400202	1.1661465269893414	1.9833961019233743	2.1236442452920863	0.89534348483187	0.04202591380923559	0.5363359835492054	0.0	0.14016284187365669	-1	1.9646389420502581	0.32145054807419937	1.7900633190939175
SEN2923_1-155	1.8151609195136769	1.0259836851156847	2.123558943797031	2.263807087165743	1.0355063267055267	0.18218875568289228	0.39617314167554873	0.14016284187365669	0.0	-1	2.104801783923915	0.46161338994785606	1.9302261609675742
b4252_1-150	-1	-1	-1	-1	-1	-1	-1	-1	-1	-1	-1	-1	-1
BN373_22001_1-156	0.28964086441023795	3.1307854690395995	0.018757159873116214	0.15900530324182816	1.0692954572183881	1.9226130282410225	2.5009749255994635	1.9646389420502581	2.104801783923915	-1	0.0	1.6431883939760588	0.17457562295634055
ETEC_4598_1-150	1.3535475295658208	1.4875970750635408	1.661945553849175	1.802193697217887	0.5738929367576706	0.2794246342649638	0.8577865316234048	0.32145054807419937	0.46161338994785606	-1	1.6431883939760588	0.0	1.468612771019718
SL1344_3056_1-155	0.1150652414538974	2.956209846083259	0.19333278282945676	0.3335809261981687	0.8947198342620476	1.7480374052846819	2.326399302643123	1.7900633190939175	1.9302261609675742	-1	0.17457562295634055	1.468612771019718	0.0
