ROD_32551_1-131	0.0	0.0	0.0	0.0	0.11075950413723398	0.03818407323086803	0.0	0.0	0.41952649189167834	-1	0.0	0.0	0.0	0.3605144794670438
ETEC_4546_1-131	0.0	0.0	0.0	0.0	0.11075950413723398	0.03818407323086803	0.0	0.0	0.41952649189167834	-1	0.0	0.0	0.0	0.3605144794670438
NCTC13441_04253_1-131	0.0	0.0	0.0	0.0	0.11075950413723398	0.03818407323086803	0.0	0.0	0.41952649189167834	-1	0.0	0.0	0.0	0.3605144794670438
Ecoli9000q_38580_1-131	0.0	0.0	0.0	0.0	0.11075950413723398	0.03818407323086803	0.0	0.0	0.41952649189167834	-1	0.0	0.0	0.0	0.3605144794670438
BN373_02051_1-131	0.11075950413723398	0.11075950413723398	0.11075950413723398	0.11075950413723398	0.0	0.07257543090636595	0.11075950413723398	0.11075950413723398	0.30876698775444433	-1	0.11075950413723398	0.11075950413723398	0.11075950413723398	0.2497549753298098
CS17_04679_1-131	0.03818407323086803	0.03818407323086803	0.03818407323086803	0.03818407323086803	0.07257543090636595	0.0	0.03818407323086803	0.03818407323086803	0.3813424186608103	-1	0.03818407323086803	0.03818407323086803	0.03818407323086803	0.32233040623617576
ERS227112_02072_1-131	0.0	0.0	0.0	0.0	0.11075950413723398	0.03818407323086803	0.0	0.0	0.41952649189167834	-1	0.0	0.0	0.0	0.3605144794670438
STM_MW43351_1-131	0.0	0.0	0.0	0.0	0.11075950413723398	0.03818407323086803	0.0	0.0	0.41952649189167834	-1	0.0	0.0	0.0	0.3605144794670438
SL1344_4324_1-131	0.41952649189167834	0.41952649189167834	0.41952649189167834	0.41952649189167834	0.30876698775444433	0.3813424186608103	0.41952649189167834	0.41952649189167834	0.0	-1	0.41952649189167834	0.41952649189167834	0.41952649189167834	0.05901201242463455
b4200_1-131	-1	-1	-1	-1	-1	-1	-1	-1	-1	-1	-1	-1	-1	-1
ENC_43000_1-131	0.0	0.0	0.0	0.0	0.11075950413723398	0.03818407323086803	0.0	0.0	0.41952649189167834	-1	0.0	0.0	0.0	0.3605144794670438
t4442_1-131	0.0	0.0	0.0	0.0	0.11075950413723398	0.03818407323086803	0.0	0.0	0.41952649189167834	-1	0.0	0.0	0.0	0.3605144794670438
STMMW_43351_1-131	0.0	0.0	0.0	0.0	0.11075950413723398	0.03818407323086803	0.0	0.0	0.41952649189167834	-1	0.0	0.0	0.0	0.3605144794670438
SEN4157_1-131	0.3605144794670438	0.3605144794670438	0.3605144794670438	0.3605144794670438	0.2497549753298098	0.32233040623617576	0.3605144794670438	0.3605144794670438	0.05901201242463455	-1	0.3605144794670438	0.3605144794670438	0.3605144794670438	0.0
