STMMW_04961_1-265	0.0	0.03112959966550566	0.18756468726561237	0.43860117574550395	0.5575478558371684	0.11571554304820886
SL1344_0420_1-265	0.03112959966550566	0.0	0.21869428693111803	0.4697307754110096	0.588677455502674	0.0845859433827032
SEN0408_1-265	0.18756468726561237	0.21869428693111803	0.0	0.2510364884798916	0.369983168571556	0.30328023031382123
STM_MW04961_1-266	0.43860117574550395	0.4697307754110096	0.2510364884798916	0.0	0.11894668009166443	0.5543167187937128
t2437_1-263	0.5575478558371684	0.588677455502674	0.369983168571556	0.11894668009166443	0.0	0.6732633988853772
BN373_47021_1-265	0.11571554304820886	0.0845859433827032	0.30328023031382123	0.5543167187937128	0.6732633988853772	0.0
