SL1344_0770_1-429	0.0	1.4625768875688163	0.9805532933424326	0.8405963793352839	0.7379592446806753	0.7491070700546605	0.9134169299155664	0.14197785660200735	1.1997586834139264	0.8075686773384076	0.7997547062575511	0.24558336775917833	0.68885582862818	1.12071889421832	-1	0.7374885695743846	1.0108710875511244	1.1589215244705602	-1	1.2000091742686203	1.11600165940007	1.5277553790979959	0.2070314765293837	1.0299168513504822	0.672231144002281	0.088302321718148	0.9794882070836003	0.8774057167253686	0.7298029891346881	0.7511737853864666	1.3117564393191512	1.2175986455528591	1.532217374149705	0.9407066349290479	0.8491922510330551	0.47811256127275703	0.8362589724894272	0.15551580543897714	1.5254781116576461	1.164865802235978	0.523619910348766	1.3316747192182616	0.4991103990998369	0.7475264935757933	0.7107160826843727	1.0316358581568346	1.1603533887696984	0.7601723385152225	1.345849520911345	0.7417594145644335	0.6419404099177086	1.044439271408301	1.2386498085840918	0.0439467228102739	-1	0.5693894386514264	1.5286220094668457	1.138527469162602	0.008450486738145857	0.9367080877469341	1.545753770870632	0.11246866209351913	0.9084964094437704	0.6057423099502366	0.13121278525096947	0.5891138216174583	1.0318506963670981	-1	-1	1.18558525601206	1.0684376933350004	1.4432614630136398	0.9346535886098619	-1	0.8022739072533079	0.8625275243342513	1.5120896560926556	-1	1.09580194727084	1.1437167857970099	0.447353973708261	0.7755320137984371	1.2605135168584516	0.874939909427633	1.574236591843621	1.173782423452403	1.2961346920337813	0.9566139770435612	0.7937210493212086	0.8986844309190307
ENC_46750_1-426	1.4625768875688163	0.0	0.4820235942263838	0.6219805082335326	0.724617642888141	0.7134698175141558	0.54915995765325	1.6045547441708237	0.26281820415489004	0.6550082102304087	0.6628221813112654	1.216993519809638	0.7737210589406365	0.34185799335049644	-1	0.7250883179944319	0.45170580001769184	0.3036553630982563	-1	0.2625677133001961	0.3465752281687465	0.06517849152917943	1.2555454110394326	0.4326600362183343	0.7903457435665353	1.5508792092869643	0.4830886804852161	0.5851711708434477	0.7327738984341283	0.7114031021823497	0.15082044824966517	0.2449782420159573	0.0696404865808886	0.5218702526397685	0.6133846365357614	0.9844643262960593	0.6263179150793892	1.6180926930077935	0.06290122408882967	0.29771108533283847	1.9861967979175823	0.13090216835055468	0.9634664884689794	0.7150503939930231	0.7518608048844437	0.4309410294119818	0.30222349879911803	0.702404549053594	0.1167273666574713	0.7208174730043828	0.8206364776511077	0.4181376161605153	0.22392707898472464	1.4186301647585424	-1	0.8931874489173899	0.06604512189802934	0.32404941840621454	1.4710273743069622	0.5258687998218823	0.08317688330181561	1.5750455496623355	0.5540804781250459	0.8568345776185797	1.5937896728197858	0.873463065951358	0.4307261912017181	-1	-1	0.2769916315567564	0.394139194233816	0.019315424555176652	2.3972304761786782	-1	0.6603029803155085	0.6000493632345651	0.04951276852383921	-1	0.36677494029797636	0.31886010177180657	1.9099308612770773	0.6870448737703794	0.20206337071036468	0.5876369781411834	0.11165970427480462	0.28879446411641324	0.1664421955350352	0.5059629105252552	0.6688558382476077	0.5638924566497856
SL1344_1238_1-406	0.9805532933424326	0.4820235942263838	0.0	0.13995691400714871	0.24259404866175727	0.2314462232877721	0.06713636342686613	1.12253114994444	0.21920539007149376	0.17298461600402493	0.1807985870848815	0.7349699255832542	0.2916974647142526	0.14016560087588736	-1	0.243064723768048	0.03031779420869196	0.1783682311281275	-1	0.21945588092618767	0.13544836605763733	0.5472020857555633	0.7735218168130489	0.04936355800804948	0.30832214934015156	1.0688556150605806	0.0010650862588322818	0.10314757661706397	0.25075030420774447	0.22937950795596596	0.3312031459767186	0.2370453522104265	0.5516640808072724	0.03984665841338464	0.1313610423093775	0.5024407320696755	0.14429432085300542	1.1360690987814097	0.5449248183152134	0.18431250889354533	1.5041732036911986	0.3511214258758291	0.4814428942425957	0.23302679976663931	0.2698372106580599	0.05108256481440199	0.17980009542726577	0.2203809548272101	0.3652962275689125	0.23879387877799907	0.33861288342472395	0.06388597806586849	0.25809651524165916	0.9366065705321587	-1	0.41116385469100614	0.5480687161244131	0.15797417582016926	0.9890037800805784	0.04384520559549843	0.5652004775281994	1.0930219554359517	0.07205688389866216	0.374810983392196	1.111766078593402	0.3914394717249743	0.05129740302466568	-1	-1	0.20503196266962742	0.08788439999256781	0.46270816967120715	1.9152068819522945	-1	0.17827938608912464	0.11802576900818129	0.531536362750223	-1	0.11524865392840744	0.16316349245457723	1.4279072670506936	0.20502127954399552	0.2799602235160191	0.10561338391479957	0.5936832985011884	0.19322913010997056	0.3155813986913486	0.02393931629887136	0.186832244021224	0.08186886242340186
ETEC_0839_1-429	0.8405963793352839	0.6219805082335326	0.13995691400714871	0.0	0.10263713465460855	0.09148930928062338	0.07282055058028258	0.9825742359372912	0.35916230407864247	0.03302770199687621	0.04084167307773279	0.5950130115761055	0.1517405507071039	0.2801225148830361	-1	0.10310780976089928	0.17027470821584068	0.3183251451352762	-1	0.3594127949333364	0.27540528006478604	0.6871589997627119	0.6335649028059002	0.1893204720151982	0.16836523533300285	0.9288987010534319	0.13889182774831643	0.03680933739008474	0.11079339020059575	0.08942259394881724	0.47116005998386734	0.3770022662175752	0.6916209948144211	0.10011025559376407	0.008595871697771207	0.36248381806252683	0.004337406845856706	0.996112184774261	0.6848817323223622	0.32426942290069405	1.36421628968405	0.49107833988297783	0.34148598023544696	0.0930698857594906	0.12988029665091116	0.1910394788215507	0.3197570094344145	0.08042404082006138	0.5052531415760613	0.09883696477085036	0.19865596941757524	0.2038428920730172	0.3980534292488079	0.79664965652501	-1	0.2712069406838574	0.6880256301315618	0.297931089827318	0.8490468660734297	0.09611170841165029	0.7051573915353481	0.953065041428803	0.06790003010848655	0.23485406938504727	0.9718091645862533	0.25148255771782557	0.1912543170318144	-1	-1	0.34498887667677613	0.22784131399971652	0.6026650836783558	1.775249967945146	-1	0.03832247208197592	0.021931144998967422	0.6714932767573717	-1	0.25520556793555615	0.30312040646172594	1.287950353043545	0.0650643655368468	0.41991713752316784	0.03434353009234914	0.7336402125083371	0.3331860441171193	0.4555383126984973	0.11601759770827735	0.04687533001407529	0.05808805158374686
ROD_48051_1-468	0.7379592446806753	0.724617642888141	0.24259404866175727	0.10263713465460855	0.0	0.011147825373985176	0.17545768523489114	0.8799371012826827	0.461799438733251	0.06960943265773234	0.061795461576875765	0.492375876921497	0.04910341605249535	0.38275964953764463	-1	0.00047067510629072995	0.27291184287044923	0.42096227978988476	-1	0.46204992958794494	0.3780424147193946	0.7897961344173206	0.5309277681512916	0.29195760666980675	0.0657281006783943	0.8262615663988233	0.24152896240292498	0.1394464720446933	0.008156255545987201	0.013214540705791311	0.5737971946384759	0.47963940087218376	0.7942581294690296	0.20274739024837263	0.11123300635237976	0.2598466834079183	0.09829972780875185	0.8934750501196524	0.7875188669769707	0.4269065575553026	1.2615791550294413	0.5937154745375863	0.2388488455808384	0.009567248895117952	0.02724316199630261	0.29367661347615925	0.42239414408902304	0.02221309383454717	0.6078902762306697	0.0038001698837581976	0.09601883476296669	0.30648002672762575	0.5006905639034165	0.6940125218704014	-1	0.16856980602924887	0.7906627647861704	0.4005682244819265	0.7464097314188212	0.19874884306625884	0.8077945261899566	0.8504279067741944	0.1705371647630951	0.13221693473043872	0.8691720299316448	0.14884542306321702	0.29389145168642294	-1	-1	0.4476260113313847	0.3304784486543251	0.7053022183329645	1.6726128332905372	-1	0.06431466257263263	0.12456827965357598	0.7741304114119802	-1	0.3578427025901647	0.4057575411163345	1.1853132183889363	0.03757276911776175	0.5225542721777764	0.1369806647469577	0.8362773471629457	0.4358231787717278	0.5581754473531059	0.2186547323628859	0.05576180464053326	0.1607251862383554
ETEC_2859_1-426	0.7491070700546605	0.7134698175141558	0.2314462232877721	0.09148930928062338	0.011147825373985176	0.0	0.16430985986090596	0.8910849266566678	0.45065161335926585	0.05846160728374716	0.05064763620289059	0.5035237022954822	0.06025124142648053	0.37161182416365945	-1	0.011618500480275906	0.26176401749646405	0.4098144544158996	-1	0.45090210421395976	0.3668945893454094	0.7786483090433354	0.5420755935252768	0.28080978129582157	0.07687592605237947	0.8374093917728085	0.2303811370289398	0.12829864667070812	0.019304080919972377	0.002066715331806135	0.5626493692644907	0.4684915754981986	0.7831103040950445	0.19159956487438745	0.10008518097839458	0.27099450878190345	0.08715190243476667	0.9046228754936376	0.7763710416029855	0.4157587321813174	1.2727269804034265	0.5825676491636012	0.24999667095482359	0.0015805764788672239	0.03839098737028779	0.2825287881021741	0.41124631871503786	0.011065268460561994	0.5967424508566845	0.007347655490226979	0.10716666013695186	0.2953322013536406	0.48954273852943125	0.7051603472443866	-1	0.17971763140323405	0.7795149394121852	0.38942039910794135	0.7575575567928063	0.18760101769227366	0.7966467008159714	0.8615757321481796	0.15938933938910993	0.1433647601044239	0.88031985530563	0.1599932484372022	0.28274362631243777	-1	-1	0.4364781859573995	0.3193306232803399	0.6941543929589793	1.6837606586645224	-1	0.053166837198647454	0.1134204542795908	0.7629825860379951	-1	0.34669487721617953	0.3946097157423493	1.1964610437629215	0.026424943743776574	0.5114064468037912	0.12583283937297252	0.8251295217889605	0.42467535339774265	0.5470276219791207	0.20750690698890073	0.04461397926654809	0.14957736086437023
CS17_00833_1-429	0.9134169299155664	0.54915995765325	0.06713636342686613	0.07282055058028258	0.17545768523489114	0.16430985986090596	0.0	1.055394786517574	0.2863417534983599	0.1058482525771588	0.11366222365801537	0.6678335621563881	0.2245611012873865	0.2073019643027535	-1	0.17592836034118187	0.09745415763555809	0.24550459455499363	-1	0.2865922443530538	0.20258472948450346	0.6143384491824293	0.7063854533861827	0.11649992143491561	0.24118578591328543	1.0017192516337143	0.06607127716803385	0.036011213190197844	0.18361394078087834	0.16224314452909983	0.39833950940358476	0.3041817156372926	0.6188004442341385	0.02728970501348149	0.06422467888251138	0.4353043686428094	0.07715795742613929	1.0689327353545437	0.6120611817420796	0.25144887232041147	1.4370368402643323	0.41825778930269525	0.41430653081572955	0.16589043633977318	0.20270084723119375	0.11821892824126812	0.2469364588541319	0.15324459140034397	0.43243259099577863	0.17165751535113294	0.2714765199978578	0.13102234149273462	0.3252328786685253	0.8694702071052925	-1	0.34402749126414	0.6152050795512792	0.2251105392470354	0.9218674166537123	0.023291157831367704	0.6323368409550655	1.0258855920090855	0.0049205204717960305	0.30767461996532985	1.0446297151665358	0.32430310829810816	0.11843376645153181	-1	-1	0.27216832609649355	0.15502076341943394	0.5298445330980732	1.8480705185254283	-1	0.1111430226622585	0.05088940558131516	0.5986727261770891	-1	0.18238501735527357	0.23029985588144336	1.3607709036238274	0.13788491611712939	0.34709658694288525	0.038477020487933444	0.6608196619280545	0.2603654935368367	0.38271776211821473	0.04319704712799477	0.11969588059435787	0.014732498996535726
SEN3295_1-405	0.14197785660200735	1.6045547441708237	1.12253114994444	0.9825742359372912	0.8799371012826827	0.8910849266566678	1.055394786517574	0.0	1.3417365400159338	0.949546533940415	0.9417325628595584	0.3875612243611857	0.8308336852301873	1.2626967508203273	-1	0.8794664261763919	1.1528489441531318	1.3008993810725675	-1	1.3419870308706277	1.2579795160020772	1.6697332357000032	0.34900933313139104	1.1718947079524895	0.8142090006042884	0.053675534883859344	1.1214660636856078	1.019383573327376	0.8717808457366955	0.893151641988474	1.4537342959211585	1.3595765021548665	1.6741952307517123	1.0826844915310554	0.9911701076350624	0.6200904178747644	0.9782368290914345	0.013537948836969793	1.6674559682596535	1.3068436588379853	0.38164205374675864	1.473652575820269	0.6410882557018442	0.8895043501778006	0.85269393928638	1.173613714758842	1.3023312453717057	0.9021501951172298	1.4878273775133524	0.8837372711664409	0.783918266519716	1.1864171280103084	1.3806276651860991	0.18592457941228124	-1	0.7113672952534338	1.670599866068853	1.2805053257646093	0.1335273698638615	1.0786859443489414	1.6877316274726393	0.029509194508488212	1.0504742660457778	0.7477201665522439	0.01076507135103788	0.7310916782194656	1.1738285529691055	-1	-1	1.3275631126140675	1.2104155499370077	1.5852393196156471	0.7926757320078546	-1	0.9442517638553153	1.0045053809362585	1.654067512694663	-1	1.2377798038728474	1.2856946423990172	0.3053761171062537	0.9175098704004444	1.402491373460459	1.0169177660296405	1.7162144484456283	1.3157602800544104	1.4381125486357886	1.0985918336455684	0.9356989059232159	1.040662287521038
t1182_1-406	1.1997586834139264	0.26281820415489004	0.21920539007149376	0.35916230407864247	0.461799438733251	0.45065161335926585	0.2863417534983599	1.3417365400159338	0.0	0.3921900060755187	0.40000397715637526	0.954175315654748	0.5109028547857464	0.07903978919560639	-1	0.46227011383954175	0.1888875958628018	0.04083715894336626	-1	0.00025049085469391885	0.08375702401385643	0.3279966956840695	0.9927272068845426	0.16984183206344428	0.5275275394116453	1.2880610051320742	0.22027047633032604	0.32235296668855773	0.4699556942792382	0.4485848980274597	0.11199775590522487	0.01783996213893274	0.33245869073577866	0.2590520484848784	0.35056643238087126	0.7216461221411693	0.3634997109244992	1.3552744888529036	0.3257194282437197	0.03489288117794842	1.7233785937626922	0.13191603580433536	0.7006482843140894	0.45223218983813307	0.48904260072955363	0.16812282525709177	0.039405294644227984	0.43958634489870385	0.14609083749741875	0.4579992688494928	0.5578182734962177	0.15531941200562527	0.03889112517016541	1.1558119606036525	-1	0.6303692447624999	0.3288633260529194	0.061231214251324495	1.208209170152072	0.2630505956669922	0.34599508745670565	1.3122273455074454	0.2912622739701559	0.5940163734636897	1.3309714686648957	0.610644861796468	0.16790798704682808	-1	-1	0.014173427401866334	0.13132099007892595	0.2435027795997134	2.134412272023788	-1	0.3974847761606184	0.33723115907967505	0.3123309726787292	-1	0.10395673614308631	0.056041897616916525	1.6471126571221872	0.42422666961548927	0.06075483344452537	0.32481877398629333	0.37447790842969464	0.025976259961523196	0.09637600861985485	0.24314470637036512	0.40603763409271776	0.3010742524948956
NCTC13441_01117_1-427	0.8075686773384076	0.6550082102304087	0.17298461600402493	0.03302770199687621	0.06960943265773234	0.05846160728374716	0.1058482525771588	0.949546533940415	0.3921900060755187	0.0	0.007813971080856574	0.5619853095792293	0.11871284871022769	0.3131502168799123	-1	0.07008010776402307	0.2033024102127169	0.3513528471321524	-1	0.3924404969302126	0.30843298206166225	0.7201867017595882	0.600537200809024	0.2223481740120744	0.13533753333612664	0.8958709990565557	0.17191952974519265	0.06983703938696095	0.07776568820371954	0.05639489195194103	0.5041877619807436	0.4100299682144514	0.7246486968112973	0.1331379575906403	0.04162357369464742	0.3294561160656506	0.028690295151019507	0.9630844827773848	0.7179094343192384	0.35729712489757026	1.3311885876871736	0.524106041879854	0.30845827823857075	0.06004218376261439	0.09685259465403495	0.22406718081842691	0.3527847114312907	0.04739633882318517	0.5382808435729374	0.06580926277397414	0.16562826742069903	0.23687059406989341	0.4310811312456841	0.7636219545281338	-1	0.2381792386869812	0.721053332128438	0.3309587918241942	0.8160191640765535	0.1291394104085265	0.7381850935322243	0.9200373394319268	0.10092773210536277	0.20182636738817106	0.9387814625893771	0.21845485572094936	0.2242820190286906	-1	-1	0.37801657867365235	0.26086901599659273	0.6356927856752321	1.7422222659482696	-1	0.005294770085099709	0.054958846995843635	0.7045209787542479	-1	0.28823326993243237	0.33614810845860216	1.2549226510466687	0.03203666353997059	0.45294483952004405	0.06737123208922535	0.7666679145052133	0.3662137461139955	0.48856601469537353	0.14904529970515357	0.013847628017199076	0.09111575358062307
t4037_1-405	0.7997547062575511	0.6628221813112654	0.1807985870848815	0.04084167307773279	0.061795461576875765	0.05064763620289059	0.11366222365801537	0.9417325628595584	0.40000397715637526	0.007813971080856574	0.0	0.5541713384983727	0.11089887762937112	0.32096418796076887	-1	0.062266136683166495	0.21111638129357346	0.359166818213009	-1	0.4002544680110692	0.3162469531425188	0.7280006728404447	0.5927232297281674	0.23016214509293098	0.12752356225527006	0.8880570279756991	0.17973350082604922	0.07765101046781753	0.06995171712286297	0.048580920871084454	0.5120017330616001	0.417843939295308	0.7324626678921539	0.14095192867149686	0.049437544775503994	0.32164214498479404	0.03650426623187608	0.9552705116965282	0.725723405400095	0.36511109597842684	1.323374616606317	0.5319200129607107	0.3006443071577142	0.05222821268175781	0.08903862357317838	0.2318811518992835	0.3605986825121473	0.039582367742328595	0.5460948146537941	0.05799529169311757	0.15781429633984245	0.24468456515075	0.43889510232654066	0.7558079834472772	-1	0.23036526760612464	0.7288673032092946	0.33877276290505076	0.8082051929956969	0.13695338148938307	0.7459990646130809	0.9122233683510702	0.10874170318621934	0.19401239630731448	0.9309674915085205	0.21064088464009278	0.23209599010954718	-1	-1	0.3858305497545089	0.2686829870774493	0.6435067567560886	1.7344082948674129	-1	0.002519200995756865	0.06277281807670021	0.7123349498351045	-1	0.29604724101328894	0.34396207953945873	1.247108679965812	0.024222692459114015	0.4607588106009006	0.07518520317008193	0.7744818855860699	0.37402771719485206	0.4963799857762301	0.15685927078601014	0.006033656936342502	0.09892972466147965
BN373_44601_1-421	0.24558336775917833	1.216993519809638	0.7349699255832542	0.5950130115761055	0.492375876921497	0.5035237022954822	0.6678335621563881	0.3875612243611857	0.954175315654748	0.5619853095792293	0.5541713384983727	0.0	0.4432724608690016	0.8751355264591416	-1	0.49190520181520625	0.7652877197919462	0.9133381567113817	-1	0.954425806509442	0.8704182916408916	1.2821720113388175	0.03855189122979463	0.7843334835913037	0.4266477762431027	0.33388568947732633	0.733904839324422	0.6318223489661903	0.4842196213755098	0.5055904176272883	1.0661730715599729	0.9720152777936808	1.2866340063905266	0.6951232671698696	0.6036088832738767	0.2325291935135787	0.5906756047302488	0.40109917319815547	1.2798947438984678	0.9192824344767996	0.7692032781079443	1.0860913514590833	0.25352703134065857	0.5019431258166149	0.46513271492519437	0.7860524903976562	0.9147700210105201	0.5145889707560442	1.1002661531521667	0.4961760468052552	0.3963570421585303	0.7988559036491227	0.9930664408249135	0.20163664494890443	-1	0.3238060708922481	1.2830386417076673	0.8929441014034235	0.2540338544973242	0.6911247199877558	1.3001704031114536	0.35805202985269746	0.6629130416845921	0.36015894219105826	0.3767961530101478	0.34353045385827996	0.7862673286079199	-1	-1	0.9400018882528817	0.822854325575822	1.1976780952544615	1.1802369563690402	-1	0.5566905394941296	0.616944156575073	1.2665062883334772	-1	0.8502185795116617	0.8981334180378315	0.6929373414674393	0.5299486460392587	1.0149301490992735	0.6293565416684547	1.3286532240844426	0.9281990556932248	1.0505513242746027	0.7110306092843829	0.5481376815620302	0.6531010631598524
STMMW_08451_1-429	0.68885582862818	0.7737210589406365	0.2916974647142526	0.1517405507071039	0.04910341605249535	0.06025124142648053	0.2245611012873865	0.8308336852301873	0.5109028547857464	0.11871284871022769	0.11089887762937112	0.4432724608690016	0.0	0.43186306559014	-1	0.04863274094620462	0.3220152589229446	0.4700656958423801	-1	0.5111533456404402	0.42714583077188994	0.8388995504698158	0.48182435209879626	0.3410610227223021	0.016624684625898944	0.777158150346328	0.29063237845542034	0.18854988809718864	0.04094716050650815	0.06231795675828666	0.6229006106909712	0.5287428169246791	0.843361545521525	0.251850806300868	0.1603364224048751	0.21074326735542293	0.1474031438612472	0.8443716340671571	0.8366222830294661	0.47600997360779795	1.2124757389769458	0.6428188905900818	0.18974542952834306	0.058670664947613305	0.02186025405619274	0.3427800295286546	0.4714975601415184	0.07131650988704252	0.6569936922831652	0.05290358593625355	0.046915418710471335	0.3555834427801211	0.5497939799559117	0.6449091058179061	-1	0.11946638997675352	0.8397661808386657	0.4496716405344219	0.6973063153663258	0.2478522591187542	0.856897942242452	0.8013244907216991	0.21964058081559046	0.08311351867794337	0.8200686138791494	0.09974200701072167	0.3429948677389183	-1	-1	0.49672942738388004	0.3795818647068204	0.7544056343854597	1.6235094172380418	-1	0.11341807862512798	0.17367169570607133	0.8232338274644756	-1	0.40694611864266006	0.45486095716882985	1.1362098023364409	0.0866761851702571	0.5716576882302717	0.18608408079945304	0.885380763215441	0.4849265948242232	0.6072788634056012	0.26775814841538126	0.10486522069302862	0.20982860229085076
t2094_1-429	1.12071889421832	0.34185799335049644	0.14016560087588736	0.2801225148830361	0.38275964953764463	0.37161182416365945	0.2073019643027535	1.2626967508203273	0.07903978919560639	0.3131502168799123	0.32096418796076887	0.8751355264591416	0.43186306559014	0.0	-1	0.38323032464393536	0.1098478066671954	0.03820263025224013	-1	0.07929028005030031	0.004717234818250038	0.40703648487967586	0.9136874176889362	0.09080204286783788	0.4484877502160389	1.209021215936468	0.14123068713471965	0.24331317749295134	0.39091590508363183	0.3695451088318533	0.19103754510083126	0.09687975133453913	0.41149847993138505	0.180012259289272	0.27152664318526487	0.6426063329455629	0.2844599217288928	1.276234699657297	0.4047592174393261	0.04414690801765797	1.644338804567086	0.21095582499994175	0.621608495118483	0.3731924006425267	0.41000281153394724	0.08908303606148538	0.03963449455137841	0.36054655570309746	0.22513062669302514	0.37895947965388643	0.4787784843006113	0.07627962281001888	0.1179309143657718	1.076772171408046	-1	0.5513294555668935	0.4079031152485258	0.017808574944281896	1.1291693809564658	0.1840108064713858	0.42503487665231204	1.233187556311839	0.21222248477454952	0.5149765842680833	1.2519316794692894	0.5316050726008617	0.08886819785122169	-1	-1	0.06486636179374006	0.052281200883319556	0.3225425687953198	2.055372482828182	-1	0.318444986965012	0.25819136988406866	0.3913707618743356	-1	0.024916946947479923	0.022997891578689866	1.568072867926581	0.3451868804198829	0.13979462264013176	0.24577898479068694	0.45351769762530103	0.053063529234083195	0.17541579781546124	0.16410491717475872	0.32699784489711137	0.22203446329928922
b0774_1-429	-1	-1	-1	-1	-1	-1	-1	-1	-1	-1	-1	-1	-1	-1	-1	-1	-1	-1	-1	-1	-1	-1	-1	-1	-1	-1	-1	-1	-1	-1	-1	-1	-1	-1	-1	-1	-1	-1	-1	-1	-1	-1	-1	-1	-1	-1	-1	-1	-1	-1	-1	-1	-1	-1	-1	-1	-1	-1	-1	-1	-1	-1	-1	-1	-1	-1	-1	-1	-1	-1	-1	-1	-1	-1	-1	-1	-1	-1	-1	-1	-1	-1	-1	-1	-1	-1	-1	-1	-1	-1
ERS227112_01104_1-459	0.7374885695743846	0.7250883179944319	0.243064723768048	0.10310780976089928	0.00047067510629072995	0.011618500480275906	0.17592836034118187	0.8794664261763919	0.46227011383954175	0.07008010776402307	0.062266136683166495	0.49190520181520625	0.04863274094620462	0.38323032464393536	-1	0.0	0.27338251797673996	0.4214329548961755	-1	0.46252060469423567	0.3785130898256853	0.7902668095236112	0.5304570930450009	0.2924282817760975	0.06525742557210357	0.8257908912925326	0.24199963750921571	0.13991714715098402	0.007685580439696471	0.013685215812082041	0.5742678697447666	0.4801100759784745	0.7947288045753204	0.20321806535466336	0.11170368145867049	0.25937600830162755	0.09877040291504258	0.8930043750133617	0.7879895420832614	0.42737723266159333	1.2611084799231507	0.5941861496438772	0.23837817047454768	0.010037924001408682	0.026772486890011882	0.29414728858245	0.42286481919531377	0.0226837689408379	0.6083609513369606	0.004270844990048928	0.09554815965667596	0.3069507018339165	0.5011612390097071	0.6935418467641107	-1	0.16809913092295814	0.7911334398924611	0.40103889958821726	0.7459390563125304	0.19921951817254957	0.8082652012962473	0.8499572316679037	0.17100783986938584	0.131746259624148	0.868701354825354	0.1483747479569263	0.2943621267927137	-1	-1	0.4480966864376754	0.3309491237606158	0.7057728934392551	1.6721421581842466	-1	0.06478533767892336	0.1250389547598667	0.774601086518271	-1	0.35831337769645544	0.4062282162226252	1.1848425432826457	0.03804344422405248	0.5230249472840671	0.13745133985324842	0.8367480222692364	0.43629385387801856	0.5586461224593966	0.21912540746917664	0.05623247974682399	0.16119586134464614
ERS227112_02595_1-428	1.0108710875511244	0.45170580001769184	0.03031779420869196	0.17027470821584068	0.27291184287044923	0.26176401749646405	0.09745415763555809	1.1528489441531318	0.1888875958628018	0.2033024102127169	0.21111638129357346	0.7652877197919462	0.3220152589229446	0.1098478066671954	-1	0.27338251797673996	0.0	0.14805043691943554	-1	0.1891380867174957	0.10513057184894536	0.5168842915468712	0.8038396110217408	0.019045763799357518	0.3386399435488435	1.0991734092692726	0.03138288046752424	0.13346537082575594	0.28106809841643643	0.2596973021646579	0.30088535176802667	0.20672755800173453	0.5213462865985804	0.0701644526220766	0.16167883651806947	0.5327585262783675	0.17461211506169738	1.1663868929901016	0.5146070241065215	0.15399471468485337	1.5344909978998906	0.32080363166713716	0.5117606884512876	0.2633445939753313	0.30015500486675184	0.020764770605710026	0.1494823012185738	0.25069874903590206	0.33497843336022054	0.26911167298669103	0.3689306776334159	0.033568183857176526	0.2277787210329672	0.9669243647408506	-1	0.4414816488996981	0.5177509219157211	0.1276563816114773	1.0193215742892705	0.07416299980419039	0.5348826833195074	1.1233397496446438	0.10237467810735412	0.40512877760088795	1.1420838728020941	0.42175726593366625	0.020979608815973716	-1	-1	0.17471416846093546	0.057566605783875846	0.4323903754625152	1.9455246761609866	-1	0.2085971802978166	0.14834356321687325	0.501218568541531	-1	0.08493085971971548	0.13284569824588527	1.4582250612593857	0.23533907375268748	0.24964242930732716	0.13593117812349154	0.5633655042924964	0.1629113359012786	0.28526360448265664	0.05425711050756332	0.21715003822991596	0.11218665663209382
STM_MW08451_1-429	1.1589215244705602	0.3036553630982563	0.1783682311281275	0.3183251451352762	0.42096227978988476	0.4098144544158996	0.24550459455499363	1.3008993810725675	0.04083715894336626	0.3513528471321524	0.359166818213009	0.9133381567113817	0.4700656958423801	0.03820263025224013	-1	0.4214329548961755	0.14805043691943554	0.0	-1	0.04108764979806018	0.04291986507049017	0.36883385462743573	0.9518900479411764	0.12900467312007802	0.48669038046827906	1.247223846188708	0.17943331738695978	0.28151580774519147	0.42911853533587196	0.40774773908409345	0.15283491484859113	0.058677121082299	0.3732958496791449	0.21821488954151214	0.309729273437505	0.680808963197803	0.3226625519811329	1.3144373299095373	0.36655658718708595	0.005944277765417838	1.682541434819326	0.17275319474770162	0.6598111253707232	0.4113950308947668	0.4482054417861874	0.1272856663137255	0.0014318642991382746	0.3987491859553376	0.186927996440785	0.41716210990612657	0.5169811145528515	0.11448225306225901	0.07972828411353167	1.1149748016602863	-1	0.5895320858191336	0.36970048499628566	0.020394055307958237	1.1673720112087058	0.22221343672362592	0.3868322464000719	1.271390186564079	0.25042511502678966	0.5531792145203235	1.2901343097215294	0.5698077028531018	0.12707082810346182	-1	-1	0.026663731541499924	0.09048383113555969	0.28433993854307965	2.093575113080422	-1	0.35664761721725213	0.2963940001363088	0.3531681316220955	-1	0.06311957719972006	0.015204738673550267	1.606275498178821	0.383389510672123	0.10159199238789163	0.28398161504292707	0.4153150673730609	0.014860898981843063	0.1372131675632211	0.20230754742699886	0.3652004751493515	0.26023709355152935
b1748_1-406	-1	-1	-1	-1	-1	-1	-1	-1	-1	-1	-1	-1	-1	-1	-1	-1	-1	-1	-1	-1	-1	-1	-1	-1	-1	-1	-1	-1	-1	-1	-1	-1	-1	-1	-1	-1	-1	-1	-1	-1	-1	-1	-1	-1	-1	-1	-1	-1	-1	-1	-1	-1	-1	-1	-1	-1	-1	-1	-1	-1	-1	-1	-1	-1	-1	-1	-1	-1	-1	-1	-1	-1	-1	-1	-1	-1	-1	-1	-1	-1	-1	-1	-1	-1	-1	-1	-1	-1	-1	-1
SEN1740_1-406	1.2000091742686203	0.2625677133001961	0.21945588092618767	0.3594127949333364	0.46204992958794494	0.45090210421395976	0.2865922443530538	1.3419870308706277	0.00025049085469391885	0.3924404969302126	0.4002544680110692	0.954425806509442	0.5111533456404402	0.07929028005030031	-1	0.46252060469423567	0.1891380867174957	0.04108764979806018	-1	0.0	0.08400751486855035	0.32774620482937555	0.9929776977392366	0.1700923229181382	0.5277780302663393	1.2883114959867683	0.22052096718501996	0.32260345754325165	0.47020618513393214	0.44883538888215363	0.11174726505053095	0.017589471284238822	0.33220819988108474	0.2593025393395723	0.3508169232355652	0.7218966129958633	0.3637502017791931	1.3555249797075974	0.3254689373890258	0.03514337203264234	1.7236290846173863	0.13166554494964144	0.7008987751687834	0.452482680692827	0.48929309158424755	0.1683733161117857	0.0396557854989219	0.43983683575339777	0.14584034664272483	0.45824975970418674	0.5580687643509117	0.1555699028603192	0.03864063431547149	1.1560624514583464	-1	0.6306197356171939	0.3286128351982255	0.061481705106018414	1.2084596610067662	0.2633010865216861	0.34574459660201173	1.3124778363621394	0.29151276482484983	0.5942668643183837	1.3312219595195898	0.610895352651162	0.168158477901522	-1	-1	0.014423918256560253	0.13157148093361987	0.24325228874501947	2.1346627628784822	-1	0.3977352670153123	0.33748164993436897	0.31208048182403536	-1	0.10420722699778023	0.056292388471610444	1.6473631479768813	0.4244771604701832	0.06050434258983145	0.32506926484098725	0.3742274175750007	0.026226750816217115	0.09612551776516093	0.24339519722505903	0.4062881249474117	0.30132474334958953
ROD_07751_1-429	1.11600165940007	0.3465752281687465	0.13544836605763733	0.27540528006478604	0.3780424147193946	0.3668945893454094	0.20258472948450346	1.2579795160020772	0.08375702401385643	0.30843298206166225	0.3162469531425188	0.8704182916408916	0.42714583077188994	0.004717234818250038	-1	0.3785130898256853	0.10513057184894536	0.04291986507049017	-1	0.08400751486855035	0.0	0.4117537196979259	0.9089701828706862	0.08608480804958785	0.4437705153977889	1.204303981118218	0.1365134523164696	0.2385959426747013	0.3861986702653818	0.3648278740136033	0.1957547799190813	0.10159698615278917	0.4162157147496351	0.17529502447102197	0.26680940836701483	0.6378890981273129	0.27974268691064275	1.271517464839047	0.4094764522575761	0.04886414283590801	1.6396215697488359	0.2156730598181918	0.616891260300233	0.36847516582427664	0.4052855767156972	0.08436580124323534	0.044351729369628445	0.3558293208848474	0.22984786151127518	0.3742422448356364	0.4740612494823613	0.07156238799176884	0.12264814918402184	1.072054936589796	-1	0.5466122207486435	0.41262035006677583	0.022525809762531934	1.1244521461382158	0.17929357165313575	0.4297521114705621	1.228470321493589	0.2075052499562995	0.5102593494498333	1.2472144446510394	0.5268878377826116	0.08415096303297165	-1	-1	0.0695835966119901	0.04756396606506952	0.3272598036135698	2.0506552480099316	-1	0.31372775214676196	0.2534741350658186	0.39608799669258565	-1	0.020199712129229885	0.027715126396939904	1.563355633108331	0.34046964560163284	0.1445118574583818	0.2410617499724369	0.45823493244355107	0.05778076405233323	0.18013303263371128	0.1593876823565087	0.32228061007886133	0.21731722848103918
t0203_1-426	1.5277553790979959	0.06517849152917943	0.5472020857555633	0.6871589997627119	0.7897961344173206	0.7786483090433354	0.6143384491824293	1.6697332357000032	0.3279966956840695	0.7201867017595882	0.7280006728404447	1.2821720113388175	0.8388995504698158	0.40703648487967586	-1	0.7902668095236112	0.5168842915468712	0.36883385462743573	-1	0.32774620482937555	0.4117537196979259	0.0	1.3207239025686122	0.49783852774751375	0.8555242350957148	1.6160577008161439	0.5482671720143955	0.6503496623726273	0.7979523899633076	0.7765815937115292	0.2159989397788446	0.31015673354513673	0.004461995051709175	0.5870487441689478	0.6785631280649407	1.0496428178252388	0.6914964066085687	1.683271184536973	0.002277267440349756	0.3628895768620179	2.051375289446762	0.1960806598797341	1.028644979998159	0.7802288855222026	0.817039296413623	0.49611952094116124	0.36740199032829746	0.7675830405827733	0.18190585818665073	0.7859959645335624	0.8858149691802872	0.48331610768969474	0.28910557051390406	1.483808656287722	-1	0.9583659404465694	0.0008666303688499161	0.38922790993539397	1.5362058658361417	0.5910472913510616	0.017998391772636173	1.640224041191515	0.6192589696542254	0.9220130691477593	1.6589681643489653	0.9386415574805376	0.49590468273089755	-1	-1	0.3421701230859358	0.4593176857629954	0.08449391608435608	2.4624089677078578	-1	0.7254814718446878	0.6652278547637445	0.01566572300534022	-1	0.4319534318271558	0.384038593300986	1.9751093528062569	0.7522233652995587	0.2672418622395441	0.6528154696703627	0.04648121274562519	0.35397295564559267	0.23162068706421463	0.5711414020544345	0.7340343297767873	0.6290709481789651
ERS227112_00760_1-422	0.2070314765293837	1.2555454110394326	0.7735218168130489	0.6335649028059002	0.5309277681512916	0.5420755935252768	0.7063854533861827	0.34900933313139104	0.9927272068845426	0.600537200809024	0.5927232297281674	0.03855189122979463	0.48182435209879626	0.9136874176889362	-1	0.5304570930450009	0.8038396110217408	0.9518900479411764	-1	0.9929776977392366	0.9089701828706862	1.3207239025686122	0.0	0.8228853748210984	0.4651996674728973	0.2953337982475317	0.7724567305542166	0.6703742401959849	0.5227715126053044	0.5441423088570829	1.1047249627897675	1.0105671690234754	1.3251858976203212	0.7336751583996642	0.6421607745036714	0.27108108474337334	0.6292274959600435	0.36254728196836083	1.3184466351282624	0.9578343257065942	0.7306513868781497	1.124643242688878	0.2920789225704532	0.5404950170464096	0.503684606154989	0.8246043816274509	0.9533219122403147	0.5531408619858388	1.1388180443819613	0.5347279380350498	0.4349089333883249	0.8374077948789174	1.031618332054708	0.1630847537191098	-1	0.36235796212204274	1.321590532937462	0.9314959926332181	0.21548196326752955	0.7296766112175505	1.3387222943412482	0.31950013862290283	0.7014649329143867	0.3987108334208529	0.33824426178035316	0.3820823450880746	0.8248192198377146	-1	-1	0.9785537794826763	0.8614062168056167	1.236229986484256	1.1416850651392456	-1	0.5952424307239242	0.6554960478048676	1.3050581795632719	-1	0.8887704707414563	0.9366853092676262	0.6543854502376447	0.5685005372690534	1.053482040329068	0.6679084328982493	1.3672051153142373	0.9667509469230194	1.0891032155043976	0.7495825005141775	0.5866895727918249	0.691652954389647
ETEC_1406_1-421	1.0299168513504822	0.4326600362183343	0.04936355800804948	0.1893204720151982	0.29195760666980675	0.28080978129582157	0.11649992143491561	1.1718947079524895	0.16984183206344428	0.2223481740120744	0.23016214509293098	0.7843334835913037	0.3410610227223021	0.09080204286783788	-1	0.2924282817760975	0.019045763799357518	0.12900467312007802	-1	0.1700923229181382	0.08608480804958785	0.49783852774751375	0.8228853748210984	0.0	0.35768570734820104	1.11821917306863	0.05042864426688176	0.15251113462511345	0.30011386221579395	0.27874306596401544	0.28183958796866915	0.18768179420237702	0.5023005227992229	0.08921021642143412	0.180724600317427	0.551804290077725	0.1936578788610549	1.1854326567894593	0.49556126030716396	0.13494895088549586	1.553536761699248	0.30175786786777964	0.5308064522506452	0.2823903577746888	0.31920076866610936	0.0017190068063525077	0.1304365374192163	0.2697445128352596	0.315932669560863	0.28815743678604855	0.38797644143277343	0.014522420057819008	0.20873295723360968	0.9859701285402082	-1	0.4605274126990556	0.4987051581163637	0.10861061781211978	1.0383673380886278	0.0932087636035479	0.5158369195201499	1.142385513444001	0.12142044190671164	0.42417454140024546	1.1611296366014514	0.44080302973302377	0.001933845016616198	-1	-1	0.15566840466157794	0.03852084198451833	0.41334461166315767	1.9645704399603439	-1	0.22764294409717412	0.16738932701623077	0.4821728047421735	-1	0.06588509592035796	0.11379993444652775	1.477270825058743	0.254384837552045	0.23059666550796964	0.15497694192284905	0.5443197404931389	0.14386557210192108	0.2662178406832991	0.07330287430692084	0.23619580202927348	0.13123242043145134
BN373_07391_1-427	0.672231144002281	0.7903457435665353	0.30832214934015156	0.16836523533300285	0.0657281006783943	0.07687592605237947	0.24118578591328543	0.8142090006042884	0.5275275394116453	0.13533753333612664	0.12752356225527006	0.4266477762431027	0.016624684625898944	0.4484877502160389	-1	0.06525742557210357	0.3386399435488435	0.48669038046827906	-1	0.5277780302663393	0.4437705153977889	0.8555242350957148	0.4651996674728973	0.35768570734820104	0.0	0.760533465720429	0.3072570630813193	0.2051745727230876	0.057571845132407096	0.07894264138418561	0.6395252953168702	0.5453675015505781	0.8599862301474239	0.2684754909267669	0.17696110703077406	0.19411858272952398	0.16402782848714614	0.8277469494412582	0.853246967655365	0.4926346582336969	1.195851054351047	0.6594435752159806	0.1731207449024441	0.07529534957351225	0.038484938682091685	0.35940471415455355	0.48812224476741733	0.08794119451294147	0.673618376909064	0.0695282705621525	0.03029073408457239	0.37220812740602005	0.5664186645818108	0.6282844211920071	-1	0.10284170535085457	0.8563908654645647	0.4662963251603208	0.6806816307404269	0.26447694374465314	0.8735226268683509	0.7846998060958001	0.2362652654414894	0.06648883405204442	0.8034439292532505	0.08311732238482272	0.35961955236481724	-1	-1	0.513354112009779	0.39620654933271937	0.7710303190113588	1.606884732612143	-1	0.13004276325102693	0.19029638033197027	0.8398585120903745	-1	0.423570803268559	0.4714856417947288	1.119585117710542	0.10330086979615605	0.5882823728561707	0.202708765425352	0.90200544784134	0.5015512794501221	0.6239035480315002	0.2843828330412802	0.12148990531892756	0.2264532869167497
NCTC13441_00335_1-407	0.088302321718148	1.5508792092869643	1.0688556150605806	0.9288987010534319	0.8262615663988233	0.8374093917728085	1.0017192516337143	0.053675534883859344	1.2880610051320742	0.8958709990565557	0.8880570279756991	0.33388568947732633	0.777158150346328	1.209021215936468	-1	0.8257908912925326	1.0991734092692726	1.247223846188708	-1	1.2883114959867683	1.204303981118218	1.6160577008161439	0.2953337982475317	1.11821917306863	0.760533465720429	0.0	1.0677905288017482	0.9657080384435166	0.8181053108528361	0.8394761071046146	1.4000587610372992	1.3059009672710071	1.620519695867853	1.0290089566471958	0.9374945727512031	0.566414882990905	0.9245612942075752	0.06721348372082914	1.6137804333757941	1.253168123954126	0.435317588630618	1.4199770409364096	0.5874127208179849	0.8358288152939413	0.7990184044025207	1.1199381798749826	1.2486557104878464	0.8484746602333705	1.434151842629493	0.8300617362825815	0.7302427316358566	1.132741593126449	1.3269521303022398	0.1322490445284219	-1	0.6576917603695744	1.6169243311849937	1.2268297908807497	0.07985183498000215	1.0250104094650823	1.63405609258878	0.02416634037537113	0.9967987311619184	0.6940446316683846	0.04291046353282146	0.6774161433356063	1.1201530180852464	-1	-1	1.2738875777302079	1.1567400150531484	1.5315637847317878	0.8463512668917139	-1	0.8905762289714559	0.9508298460523993	1.6003919778108036	-1	1.184104268988988	1.2320191075151579	0.359051651990113	0.8638343355165851	1.3488158385765998	0.963242231145781	1.662538913561769	1.2620847451705512	1.384437013751929	1.0449162987617093	0.8820233710393566	0.9869867526371787
