b0790_1-253	-1	-1	-1	-1	-1	-1	-1	-1	-1	-1	-1	-1	-1
ROD_07901_1-253	-1	0.0	0.16750112085075738	0.058245746033939054	0.5015770981615998	0.44233029802193047	0.07862295132420342	0.2506156107685774	0.07766010675593477	0.005810038191951119	0.18100129154986072	0.30182235915612393	0.19304536299155237
BN373_13811_1-253	-1	0.16750112085075738	0.0	0.11601261619653452	0.5850634928772188	0.33012558221343175	0.2329546397035622	0.3761383359129009	0.2321530726796836	0.16263600405374484	0.31818449319058173	0.4187678965504107	0.3282111691661834
STMMW_08651_1-252	-1	0.058245746033939054	0.11601261619653452	0.0	0.5306081119195781	0.4078394659439819	0.13228924490287416	0.2942640635855494	0.13138248193479907	0.05274214169958784	0.22870448232437163	0.342488236711291	0.2400470378396559
t2075_1-252	-1	0.5015770981615998	0.5850634928772188	0.5306081119195781	0.0	0.7220446488727348	0.4590456723935833	0.33489019920792773	0.4596103828000532	0.504472954257024	0.3914240685658612	0.28610875989101503	0.38234086653723204
SL1344_0789_1-252	-1	0.44233029802193047	0.33012558221343175	0.4078394659439819	0.7220446488727348	0.0	0.48617593585553526	0.5820910309902949	0.48563898661209765	0.439071280740068	0.5432692343381869	0.6106474831028439	0.5499858480696777
ETEC_0857_1-253	-1	0.07862295132420342	0.2329546397035622	0.13228924490287416	0.4590456723935833	0.48617593585553526	0.0	0.18666913799465906	0.001043915128599857	0.08397618716619701	0.11111448931009892	0.24224546091386015	0.12418630552149836
SEN0759_1-252	-1	0.2506156107685774	0.3761383359129009	0.2942640635855494	0.33489019920792773	0.5820910309902949	0.18666913799465906	0.0	0.1875181863860636	0.25496956269046395	0.08499930280775872	0.06833175220004885	0.07134260730002145
CS17_00849_1-253	-1	0.07766010675593477	0.2321530726796836	0.13138248193479907	0.4596103828000532	0.48563898661209765	0.001043915128599857	0.1875181863860636	0.0	0.0830189367616429	0.11204241034230131	0.24303649234097738	0.1251005806869994
ERS227112_03253_1-253	-1	0.005810038191951119	0.16263600405374484	0.05274214169958784	0.504472954257024	0.439071280740068	0.08397618716619701	0.25496956269046395	0.0830189367616429	0.0	0.18575970532511465	0.3058787979141932	0.1977338002517435
NCTC13441_03204_1-253	-1	0.18100129154986072	0.31818449319058173	0.22870448232437163	0.3914240685658612	0.5432692343381869	0.11111448931009892	0.08499930280775872	0.11204241034230131	0.18575970532511465	0.0	0.14752290371117088	0.014705849127019588
STM_MW08651_1-252	-1	0.30182235915612393	0.4187678965504107	0.342488236711291	0.28610875989101503	0.6106474831028439	0.24224546091386015	0.06833175220004885	0.24303649234097738	0.3058787979141932	0.14752290371117088	0.0	0.13479939413673983
Ecoli9000q_49380_1-242	-1	0.19304536299155237	0.3282111691661834	0.2400470378396559	0.38234086653723204	0.5499858480696777	0.12418630552149836	0.07134260730002145	0.1251005806869994	0.1977338002517435	0.014705849127019588	0.13479939413673983	0.0
