STMMW_10261_1-246	0.0	0.5549122246951309	0.42174044137947564	0.8979787481540586	1.4189646283264525	0.5855443952430668	1.0201512423161747	-1	0.5720823647497745	0.5447108148900569	0.5047275800780334	0.21795834866783664	-1	0.3571709005703383	0.5712045325024202	0.031532506457425225	0.9677916019609822	0.5855443952430668	0.5355754771311793	1.2121365902852146	0.5263219665003008	0.5750192995854801	0.16693735994974074	0.03584481676696294	0.544759259482169	0.8448651639989444	1.0550576692196365	0.5084384412672582	0.14560377022668747	0.5536427092996942	0.00545691433529627	0.352984931191219
NCTC13441_04035_1-245	0.5549122246951309	0.0	0.9766526660746065	1.4528909728491897	1.9738768530215836	0.03063217054793584	1.5750634670113057	-1	0.017170140054643502	0.010201409805074047	0.050184644617097554	0.3369538760272943	-1	0.9120831252654692	0.016292307807289307	0.5864447311525561	1.5227038266561133	0.03063217054793584	0.01933674756395166	1.7670488149803456	0.02859025819483008	0.020107074890349172	0.3879748647453902	0.519067407928168	0.010152965212962013	1.3997773886940754	1.6099698939147675	0.046473783427872714	0.7005159949218184	0.0012695153954367273	0.5494553103598346	0.20192729350391195
ETEC_3192_16-252	0.42174044137947564	0.9766526660746065	0.0	0.476238306774583	0.9972241869469769	1.0072848366225424	0.5984108009366991	-1	0.9938228061292501	0.9664512562695325	0.9264680214575091	0.6396987900473123	-1	0.06456954080913735	0.9929449738818958	0.3902079349220504	0.5460511605815066	1.0072848366225424	0.9573159185106549	0.790396148905739	0.9480624078797765	0.9967597409649558	0.5886778013292164	0.4575852581464386	0.9664997008616446	0.42312472261946876	0.6333172278401609	0.9301788826467339	0.27613667115278817	0.9753831506791698	0.4271973557147719	0.7747253725706946
NCTC13441_04123_29-243	0.8979787481540586	1.4528909728491897	0.476238306774583	0.0	0.5209858801723939	1.4835231433971254	0.12217249416211606	-1	1.470061112903833	1.4426895630441154	1.402706328232092	1.1159370968218953	-1	0.5408078475837204	1.4691832806564789	0.8664462416966334	0.06981285380692359	1.4835231433971254	1.433554225285238	0.31415784213115594	1.4243007146543596	1.4729980477395388	1.0649161081037994	0.9338235649210216	1.4427380076362275	0.053113584155114246	0.15707892106557786	1.4064171894213169	0.7523749779273712	1.451621457453753	0.9034356624893549	1.2509636793452776
NCTC13441_04881_11-244	1.4189646283264525	1.9738768530215836	0.9972241869469769	0.5209858801723939	0.0	2.0045090235695193	0.3988133860102778	-1	1.991046993076227	1.9636754432165093	1.9236922084044858	1.6369229769942892	-1	1.0617937277561142	1.9901691608288727	1.3874321218690273	0.4511730263654703	2.0045090235695193	1.954540105457632	0.20682803804123795	1.9452865948267535	1.9939839279119327	1.5859019882761933	1.4548094450934155	1.9637238878086214	0.5740994643275081	0.36390695910681603	1.9274030695937108	1.273360858099765	1.9726073376261468	1.4244215426617488	1.7719495595176715
Ecoli9000q_40090_1-245	0.5855443952430668	0.03063217054793584	1.0072848366225424	1.4835231433971254	2.0045090235695193	0	1.6056956375592415	-1	0.013462030493292337	0.040833580353009886	0.08081681516503339	0.36758604657523014	-1	0.9427152958134051	0.014339862740646532	0.617076901700492	1.553335997204049	0	0.0499689181118875	1.7976809855282814	0.05922242874276592	0.010525095657586669	0.41860703529332605	0.5496995784761038	0.04078513576089785	1.4304095592420112	1.6406020644627033	0.07710595397580855	0.7311481654697543	0.03190168594337257	0.5800874809077705	0.2325594640518478
NCTC13441_01719_29-243	1.0201512423161747	1.5750634670113057	0.5984108009366991	0.12217249416211606	0.3988133860102778	1.6056956375592415	0.0	-1	1.592233607065949	1.5648620572062315	1.524878822394208	1.2381095909840114	-1	0.6629803417458364	1.591355774818595	0.9886187358587495	0.05235964035519247	1.6056956375592415	1.555726719447354	0.19198534796903988	1.5464732088164757	1.5951705419016549	1.1870886022659155	1.0559960590831377	1.5649105017983436	0.1752860783172303	0.034906426903461796	1.528589683583433	0.8745474720894872	1.573793951615869	1.025608156651471	1.3731361735073937
b4361_1-245	-1	-1	-1	-1	-1	-1	-1	-1	-1	-1	-1	-1	-1	-1	-1	-1	-1	-1	-1	-1	-1	-1	-1	-1	-1	-1	-1	-1	-1	-1	-1	-1
t4586_1-245	0.5720823647497745	0.017170140054643502	0.9938228061292501	1.470061112903833	1.991046993076227	0.013462030493292337	1.592233607065949	-1	0.0	0.02737154985971755	0.06735478467174105	0.3541240160819378	-1	0.9292532653201128	0.0008778322473541947	0.6036148712071997	1.5398739667107566	0.013462030493292337	0.03650688761859516	1.784218955034989	0.04576039824947358	0.0029369348357056683	0.4051450048000337	0.5362375479828115	0.027323105267605514	1.4169475287487188	1.6271400339694109	0.06364392348251621	0.7176861349764619	0.01843965545008023	0.5666254504144782	0.21909743355855546
CS17_04828_1-245	0.5447108148900569	0.010201409805074047	0.9664512562695325	1.4426895630441154	1.9636754432165093	0.040833580353009886	1.5648620572062315	-1	0.02737154985971755	0.0	0.0399832348120235	0.32675246622222026	-1	0.9018817154603952	0.026493717612363354	0.5762433213474821	1.512502416851039	0.040833580353009886	0.009135337758877614	1.7568474051752714	0.018388848389756032	0.030308484695423216	0.37777345494031617	0.508865998123094	4.844459211203467e-05	1.3895759788890012	1.5997684841096933	0.03627237362279866	0.6903145851167444	0.00893189440963732	0.5392539005547606	0.19172588369883792
STM_MW44891_1-245	0.5047275800780334	0.050184644617097554	0.9264680214575091	1.402706328232092	1.9236922084044858	0.08081681516503339	1.524878822394208	-1	0.06735478467174105	0.0399832348120235	0.0	0.2867692314101967	-1	0.8618984806483717	0.06647695242438686	0.5362600865354586	1.4725191820390156	0.08081681516503339	0.03084789705314589	1.716864170363248	0.02159438642226747	0.07029171950744673	0.33779022012829263	0.4688827633110705	0.04003167940413554	1.3495927440769777	1.5597852492976698	0.00371086118922484	0.6503313503047209	0.04891512922166082	0.49927066574273715	0.1517426488868144
NCTC13441_02565_1-245	0.21795834866783664	0.3369538760272943	0.6396987900473123	1.1159370968218953	1.6369229769942892	0.36758604657523014	1.2381095909840114	-1	0.3541240160819378	0.32675246622222026	0.2867692314101967	0.0	-1	0.575129249238175	0.3532461838345836	0.24949085512526187	1.185749950628819	0.36758604657523014	0.31761712846334267	1.4300949389530513	0.30836361783246424	0.35706095091764345	0.051020988718095905	0.1821135319008737	0.32680091081433227	1.062823512666781	1.2730160178874732	0.2904800925994216	0.3635621188945241	0.3356843606318576	0.21250143433254037	0.13502658252338234
b1360_1-244	-1	-1	-1	-1	-1	-1	-1	-1	-1	-1	-1	-1	-1	-1	-1	-1	-1	-1	-1	-1	-1	-1	-1	-1	-1	-1	-1	-1	-1	-1	-1	-1
ETEC_2147_14-250	0.3571709005703383	0.9120831252654692	0.06456954080913735	0.5408078475837204	1.0617937277561142	0.9427152958134051	0.6629803417458364	-1	0.9292532653201128	0.9018817154603952	0.8618984806483717	0.575129249238175	-1	0.0	0.9283754330727585	0.32563839411291307	0.610620701390644	0.9427152958134051	0.8927463777015175	0.8549656897148763	0.8834928670706391	0.9321902001558184	0.5241082605200791	0.39301571733730123	0.9019301600525073	0.4876942634286061	0.6978867686492982	0.8656093418375965	0.21156713034365082	0.9108136098700325	0.36262781490563456	0.7101558317615573
STMMW_44891_1-245	0.5712045325024202	0.016292307807289307	0.9929449738818958	1.4691832806564789	1.9901691608288727	0.014339862740646532	1.591355774818595	-1	0.0008778322473541947	0.026493717612363354	0.06647695242438686	0.3532461838345836	-1	0.9283754330727585	0.0	0.6027370389598454	1.5389961344634024	0.014339862740646532	0.03562905537124097	1.7833411227876348	0.04488256600211939	0.003814767083059863	0.4042671725526795	0.5353597157354573	0.02644527302025132	1.4160696965013646	1.6262622017220567	0.06276609123516202	0.7168083027291077	0.017561823202726035	0.5657476181671239	0.21821960131120127
STM_MW10261_1-246	0.031532506457425225	0.5864447311525561	0.3902079349220504	0.8664462416966334	1.3874321218690273	0.617076901700492	0.9886187358587495	-1	0.6036148712071997	0.5762433213474821	0.5362600865354586	0.24949085512526187	-1	0.32563839411291307	0.6027370389598454	0.0	0.936259095503557	0.617076901700492	0.5671079835886045	1.1806040838277894	0.557854472957726	0.6065518060429054	0.19846986640716596	0.06737732322438816	0.5762917659395942	0.8133326575415192	1.0235251627622113	0.5399709477246835	0.11407126376926224	0.5851752157571194	0.036989420792721495	0.3845174376486442
NCTC13441_02521_29-243	0.9677916019609822	1.5227038266561133	0.5460511605815066	0.06981285380692359	0.4511730263654703	1.553335997204049	0.05235964035519247	-1	1.5398739667107566	1.512502416851039	1.4725191820390156	1.185749950628819	-1	0.610620701390644	1.5389961344634024	0.936259095503557	0.0	1.553335997204049	1.5033670790921616	0.24434498832423235	1.4941135684612832	1.5428109015464624	1.134728961910723	1.0036364187279452	1.512550861443151	0.12292643796203784	0.08726606725865427	1.4762300432282405	0.8221878317342948	1.5214343112606765	0.9732485162962785	1.3207765331522012
ERS227112_02289_3-247	0.5855443952430668	0.03063217054793584	1.0072848366225424	1.4835231433971254	2.0045090235695193	0	1.6056956375592415	-1	0.013462030493292337	0.040833580353009886	0.08081681516503339	0.36758604657523014	-1	0.9427152958134051	0.014339862740646532	0.617076901700492	1.553335997204049	0	0.0499689181118875	1.7976809855282814	0.05922242874276592	0.010525095657586669	0.41860703529332605	0.5496995784761038	0.04078513576089785	1.4304095592420112	1.6406020644627033	0.07710595397580855	0.7311481654697543	0.03190168594337257	0.5800874809077705	0.2325594640518478
ETEC_4663_1-245	0.5355754771311793	0.01933674756395166	0.9573159185106549	1.433554225285238	1.954540105457632	0.0499689181118875	1.555726719447354	-1	0.03650688761859516	0.009135337758877614	0.03084789705314589	0.31761712846334267	-1	0.8927463777015175	0.03562905537124097	0.5671079835886045	1.5033670790921616	0.0499689181118875	0.0	1.747712067416394	0.009253510630878418	0.03944382245430083	0.3686381171814386	0.4997306603642163	0.009183782350989649	1.3804406411301238	1.5906331463508159	0.02713703586392105	0.6811792473578667	0.018067232168514934	0.530118562795883	0.1825905459399603
NCTC13441_05032_29-243	1.2121365902852146	1.7670488149803456	0.790396148905739	0.31415784213115594	0.20682803804123795	1.7976809855282814	0.19198534796903988	-1	1.784218955034989	1.7568474051752714	1.716864170363248	1.4300949389530513	-1	0.8549656897148763	1.7833411227876348	1.1806040838277894	0.24434498832423235	1.7976809855282814	1.747712067416394	0.0	1.7384585567855155	1.7871558898706947	1.3790739502349554	1.2479814070521775	1.7568958497673834	0.3672714262862702	0.15707892106557808	1.7205750315524728	1.0665328200585271	1.7657792995849089	1.2175935046205109	1.5651215214764336
BN373_04391_1-245	0.5263219665003008	0.02859025819483008	0.9480624078797765	1.4243007146543596	1.9452865948267535	0.05922242874276592	1.5464732088164757	-1	0.04576039824947358	0.018388848389756032	0.02159438642226747	0.30836361783246424	-1	0.8834928670706391	0.04488256600211939	0.557854472957726	1.4941135684612832	0.05922242874276592	0.009253510630878418	1.7384585567855155	0.0	0.04869733308517925	0.35938460655056015	0.49047714973333795	0.018437292981868067	1.3711871304992453	1.5813796357199374	0.01788352523304263	0.6719257367269883	0.027320742799393352	0.5208650521650046	0.17333703530908187
ENC_44790_1-245	0.5750192995854801	0.020107074890349172	0.9967597409649558	1.4729980477395388	1.9939839279119327	0.010525095657586669	1.5951705419016549	-1	0.0029369348357056683	0.030308484695423216	0.07029171950744673	0.35706095091764345	-1	0.9321902001558184	0.003814767083059863	0.6065518060429054	1.5428109015464624	0.010525095657586669	0.03944382245430083	1.7871558898706947	0.04869733308517925	0.0	0.40808193963573935	0.5391744828185172	0.03026004010331118	1.4198844635844245	1.6300769688051167	0.06658085831822189	0.7206230698121676	0.021376590285785896	0.5695623852501839	0.22203436839426113
Ecoli9000q_51630_1-245	0.16693735994974074	0.3879748647453902	0.5886778013292164	1.0649161081037994	1.5859019882761933	0.41860703529332605	1.1870886022659155	-1	0.4051450048000337	0.37777345494031617	0.33779022012829263	0.051020988718095905	-1	0.5241082605200791	0.4042671725526795	0.19846986640716596	1.134728961910723	0.41860703529332605	0.3686381171814386	1.3790739502349554	0.35938460655056015	0.40808193963573935	0.0	0.1310925431827778	0.3778218995324282	1.0118025239486852	1.2219950291693773	0.3415010813175175	0.3125411301764282	0.3867053493499535	0.16148044561444447	0.18604757124147825
t1917_1-246	0.03584481676696294	0.519067407928168	0.4575852581464386	0.9338235649210216	1.4548094450934155	0.5496995784761038	1.0559960590831377	-1	0.5362375479828115	0.508865998123094	0.4688827633110705	0.1821135319008737	-1	0.39301571733730123	0.5353597157354573	0.06737732322438816	1.0036364187279452	0.5496995784761038	0.4997306603642163	1.2479814070521775	0.49047714973333795	0.5391744828185172	0.1310925431827778	0.0	0.508914442715206	0.8807099807659073	1.0909024859865994	0.4725936245002953	0.1814485869936504	0.5177978925327312	0.03038790243166667	0.31714011442425605
SL1344_4474_1-245	0.544759259482169	0.010152965212962013	0.9664997008616446	1.4427380076362275	1.9637238878086214	0.04078513576089785	1.5649105017983436	-1	0.027323105267605514	4.844459211203467e-05	0.04003167940413554	0.32680091081433227	-1	0.9019301600525073	0.02644527302025132	0.5762917659395942	1.512550861443151	0.04078513576089785	0.009183782350989649	1.7568958497673834	0.018437292981868067	0.03026004010331118	0.3778218995324282	0.508914442715206	0.0	1.3896244234811133	1.5998169287018054	0.0363208182149107	0.6903630297088564	0.008883449817525285	0.5393023451468727	0.19177432829094995
ERS227112_05750_14-250	0.8448651639989444	1.3997773886940754	0.42312472261946876	0.053113584155114246	0.5740994643275081	1.4304095592420112	0.1752860783172303	-1	1.4169475287487188	1.3895759788890012	1.3495927440769777	1.062823512666781	-1	0.4876942634286061	1.4160696965013646	0.8133326575415192	0.12292643796203784	1.4304095592420112	1.3804406411301238	0.3672714262862702	1.3711871304992453	1.4198844635844245	1.0118025239486852	0.8807099807659073	1.3896244234811133	0.0	0.2101925052206921	1.3533036052662026	0.6992613937722569	1.3985078732986387	0.8503220783342407	1.1978500951901634
NCTC13441_00938_29-243	1.0550576692196365	1.6099698939147675	0.6333172278401609	0.15707892106557786	0.36390695910681603	1.6406020644627033	0.034906426903461796	-1	1.6271400339694109	1.5997684841096933	1.5597852492976698	1.2730160178874732	-1	0.6978867686492982	1.6262622017220567	1.0235251627622113	0.08726606725865427	1.6406020644627033	1.5906331463508159	0.15707892106557808	1.5813796357199374	1.6300769688051167	1.2219950291693773	1.0909024859865994	1.5998169287018054	0.2101925052206921	0.0	1.5634961104868947	0.909453898992949	1.6087003785193308	1.0605145835549328	1.4080426004108555
SEN4308_1-245	0.5084384412672582	0.046473783427872714	0.9301788826467339	1.4064171894213169	1.9274030695937108	0.07710595397580855	1.528589683583433	-1	0.06364392348251621	0.03627237362279866	0.00371086118922484	0.2904800925994216	-1	0.8656093418375965	0.06276609123516202	0.5399709477246835	1.4762300432282405	0.07710595397580855	0.02713703586392105	1.7205750315524728	0.01788352523304263	0.06658085831822189	0.3415010813175175	0.4725936245002953	0.0363208182149107	1.3533036052662026	1.5634961104868947	0.0	0.6540422114939457	0.04520426803243598	0.502981526931962	0.15545351007603925
SL1344_0953_1-246	0.14560377022668747	0.7005159949218184	0.27613667115278817	0.7523749779273712	1.273360858099765	0.7311481654697543	0.8745474720894872	-1	0.7176861349764619	0.6903145851167444	0.6503313503047209	0.3635621188945241	-1	0.21156713034365082	0.7168083027291077	0.11407126376926224	0.8221878317342948	0.7311481654697543	0.6811792473578667	1.0665328200585271	0.6719257367269883	0.7206230698121676	0.3125411301764282	0.1814485869936504	0.6903630297088564	0.6992613937722569	0.909453898992949	0.6540422114939457	0.0	0.6992464795263816	0.15106068456198374	0.49858870141790645
ROD_48601_1-245	0.5536427092996942	0.0012695153954367273	0.9753831506791698	1.451621457453753	1.9726073376261468	0.03190168594337257	1.573793951615869	-1	0.01843965545008023	0.00893189440963732	0.04891512922166082	0.3356843606318576	-1	0.9108136098700325	0.017561823202726035	0.5851752157571194	1.5214343112606765	0.03190168594337257	0.018067232168514934	1.7657792995849089	0.027320742799393352	0.021376590285785896	0.3867053493499535	0.5177978925327312	0.008883449817525285	1.3985078732986387	1.6087003785193308	0.04520426803243598	0.6992464795263816	0.0	0.5481857949643979	0.20065777810847524
NCTC13441_01738_16-222	0.00545691433529627	0.5494553103598346	0.4271973557147719	0.9034356624893549	1.4244215426617488	0.5800874809077705	1.025608156651471	-1	0.5666254504144782	0.5392539005547606	0.49927066574273715	0.21250143433254037	-1	0.36262781490563456	0.5657476181671239	0.036989420792721495	0.9732485162962785	0.5800874809077705	0.530118562795883	1.2175935046205109	0.5208650521650046	0.5695623852501839	0.16148044561444447	0.03038790243166667	0.5393023451468727	0.8503220783342407	1.0605145835549328	0.502981526931962	0.15106068456198374	0.5481857949643979	0.0	0.3475280168559227
Ecoli9000q_2240_1-245	0.352984931191219	0.20192729350391195	0.7747253725706946	1.2509636793452776	1.7719495595176715	0.2325594640518478	1.3731361735073937	-1	0.21909743355855546	0.19172588369883792	0.1517426488868144	0.13502658252338234	-1	0.7101558317615573	0.21821960131120127	0.3845174376486442	1.3207765331522012	0.2325594640518478	0.1825905459399603	1.5651215214764336	0.17333703530908187	0.22203436839426113	0.18604757124147825	0.31714011442425605	0.19177432829094995	1.1978500951901634	1.4080426004108555	0.15545351007603925	0.49858870141790645	0.20065777810847524	0.3475280168559227	0.0
