t3229_1-260	0.0	0.2660756479187215	0.5186265122502588	0.5029171349851963	0.06293620628535768	0.18876161601308594	0.9032401816849484	0.33169299703939303	1.0109645238331226	0.697129565398762	0.7227693882503184	0.2565283787441096	-1
ROD_46261_1-260	0.2660756479187215	0.0	0.2525508643315373	0.2368414870664748	0.3290118542040792	0.07731403190563557	0.6371645337662268	0.06561734912067152	0.744888875914401	0.4310539174800405	0.45669374033159693	0.009547269174611905	-1
SL1344_3284_1-260	0.5186265122502588	0.2525508643315373	0.0	0.015709377265062496	0.5815627185356165	0.32986489623717286	0.38461366943468955	0.18693351521086576	0.4923380115828637	0.17850305314850323	0.20414287600005965	0.2620981335061492	-1
ERS227112_00994_1-260	0.5029171349851963	0.2368414870664748	0.015709377265062496	0.0	0.565853341270554	0.31415551897211036	0.40032304669975205	0.17122413794580327	0.5080473888479262	0.19421243041356573	0.21985225326512214	0.2463887562410867	-1
STM_MW33111_1-260	0.06293620628535768	0.3290118542040792	0.5815627185356165	0.565853341270554	0.0	0.2516978222984436	0.966176387970306	0.3946292033247507	1.0739007301184802	0.7600657716841197	0.7857055945356761	0.3194645850294673	-1
NCTC13441_00498_1-260	0.18876161601308594	0.07731403190563557	0.32986489623717286	0.31415551897211036	0.2516978222984436	0.0	0.7144785656718624	0.1429313810263071	0.8222029078200366	0.5083679493856761	0.5340077722372325	0.06776676273102367	-1
ENC_34310_1-260	0.9032401816849484	0.6371645337662268	0.38461366943468955	0.40032304669975205	0.966176387970306	0.7144785656718624	0.0	0.5715471846455553	0.10772434214817417	0.20611061628618632	0.1804707934346299	0.6467118029408387	-1
ETEC_3459_1-260	0.33169299703939303	0.06561734912067152	0.18693351521086576	0.17122413794580327	0.3946292033247507	0.1429313810263071	0.5715471846455553	0.0	0.6792715267937295	0.365436568359369	0.3910763912109254	0.07516461829528343	-1
CS17_03636_1-260	1.0109645238331226	0.744888875914401	0.4923380115828637	0.5080473888479262	1.0739007301184802	0.8222029078200366	0.10772434214817417	0.6792715267937295	0.0	0.3138349584343605	0.2881951355828041	0.7544361450890129	-1
STMMW_33111_1-260	0.697129565398762	0.4310539174800405	0.17850305314850323	0.19421243041356573	0.7600657716841197	0.5083679493856761	0.20611061628618632	0.365436568359369	0.3138349584343605	0.0	0.025639822851556415	0.4406011866546524	-1
BN373_42541_1-260	0.7227693882503184	0.45669374033159693	0.20414287600005965	0.21985225326512214	0.7857055945356761	0.5340077722372325	0.1804707934346299	0.3910763912109254	0.2881951355828041	0.025639822851556415	0.0	0.46624100950620884	-1
SEN3145_1-260	0.2565283787441096	0.009547269174611905	0.2620981335061492	0.2463887562410867	0.3194645850294673	0.06776676273102367	0.6467118029408387	0.07516461829528343	0.7544361450890129	0.4406011866546524	0.46624100950620884	0.0	-1
b3194_1-260	-1	-1	-1	-1	-1	-1	-1	-1	-1	-1	-1	-1	-1
