SEN0821_1-300	0.0	0.11597510737178773	0.1118629319906318	0.3492374122413048	0.1927265004306773	0.12382702187503702	0.007104745616012487	0.04642740188216432	0.11037309657171274	0.14889692464237297	0.05389517313216696	-1	0.13456349864006023	0.3086411170954567
t2021_1-300	0.11597510737178773	0.0	0.22783803936241953	0.4652125196130925	0.07675139305888956	0.007851914503249291	0.12307985298780022	0.06954770548962341	0.005602010800074997	0.03292181727058524	0.06207993423962077	-1	0.25053860601184796	0.42461622446724445
ENC_18560_1-266	0.1118629319906318	0.22783803936241953	0.0	0.23737448025067298	0.3045894324213091	0.23568995386566882	0.10475818637461931	0.15829033387279612	0.22223602856234453	0.26075985663300477	0.16575810512279876	-1	0.022700566649428433	0.19677818510482492
SL1344_0852_1-300	0.3492374122413048	0.4652125196130925	0.23737448025067298	0.0	0.5419639126719821	0.4730644341163418	0.3421326666252923	0.3956648141234691	0.4596105088130175	0.49813433688367775	0.40313258537347174	-1	0.21467391360124455	0.04059629514584806
STM_MW09261_1-300	0.1927265004306773	0.07675139305888956	0.3045894324213091	0.5419639126719821	0.0	0.06889947855564027	0.19983124604668978	0.14629909854851297	0.08235340385896456	0.04382957578830432	0.13883132729851033	-1	0.3272899990707375	0.501367617526134
ROD_08581_1-300	0.12382702187503702	0.007851914503249291	0.23568995386566882	0.4730644341163418	0.06889947855564027	0.0	0.1309317674910495	0.0773996199928727	0.013453925303324288	0.02506990276733595	0.06993184874287006	-1	0.25839052051509726	0.43246813897049374
STMMW_09261_1-300	0.007104745616012487	0.12307985298780022	0.10475818637461931	0.3421326666252923	0.19983124604668978	0.1309317674910495	0.0	0.05353214749817681	0.11747784218772522	0.15600167025838546	0.06099991874817945	-1	0.12745875302404774	0.30153637147944423
ETEC_0919_1-300	0.04642740188216432	0.06954770548962341	0.15829033387279612	0.3956648141234691	0.14629909854851297	0.0773996199928727	0.05353214749817681	0.0	0.06394569468954842	0.10246952276020865	0.007467771250002642	-1	0.18099090052222455	0.35506851897762104
ERS227112_03369_1-300	0.11037309657171274	0.005602010800074997	0.22223602856234453	0.4596105088130175	0.08235340385896456	0.013453925303324288	0.11747784218772522	0.06394569468954842	0.0	0.03852382807066024	0.056477923439545774	-1	0.24493659521177297	0.41901421366716946
Ecoli9000q_50060_1-300	0.14889692464237297	0.03292181727058524	0.26075985663300477	0.49813433688367775	0.04382957578830432	0.02506990276733595	0.15600167025838546	0.10246952276020865	0.03852382807066024	0.0	0.09500175151020601	-1	0.2834604232824332	0.4575380417378297
NCTC13441_03142_1-300	0.05389517313216696	0.06207993423962077	0.16575810512279876	0.40313258537347174	0.13883132729851033	0.06993184874287006	0.06099991874817945	0.007467771250002642	0.056477923439545774	0.09500175151020601	0.0	-1	0.1884586717722272	0.3625362902276237
b0852_1-300	-1	-1	-1	-1	-1	-1	-1	-1	-1	-1	-1	-1	-1	-1
BN373_14981_1-300	0.13456349864006023	0.25053860601184796	0.022700566649428433	0.21467391360124455	0.3272899990707375	0.25839052051509726	0.12745875302404774	0.18099090052222455	0.24493659521177297	0.2834604232824332	0.1884586717722272	-1	0.0	0.1740776184553965
CS17_00913_1-300	0.3086411170954567	0.42461622446724445	0.19677818510482492	0.04059629514584806	0.501367617526134	0.43246813897049374	0.30153637147944423	0.35506851897762104	0.41901421366716946	0.4575380417378297	0.3625362902276237	-1	0.1740776184553965	0.0
