STMMW_38021_5-347	0.0	1.060016222974173	0.23161484684220124	0.8370536390144185	0.15438733089486756	0.8095157983087726	1.1273263754406349	1.3070577490320456	0.5018951959226285	1.1170146426012315	-1	1.0706367898136526	0.8600186434004172
t3706_5-347	1.060016222974173	0.0	0.8284013761319718	0.22296258395975455	1.2144035538690408	0.25050042466540046	0.06731015246646171	0.24704152605787266	0.5581210270515445	0.05699841962705832	-1	0.010620566839479428	0.19999757957375586
SL1344_2223_5-347	0.23161484684220124	0.8284013761319718	0.0	0.6054387921722173	0.3860021777370688	0.5779009514665714	0.8957115285984336	1.0754429021898444	0.2702803490804273	0.8853997957590302	-1	0.8390219429714513	0.628403796558216
SEN2230_5-347	0.8370536390144185	0.22296258395975455	0.6054387921722173	0.0	0.9914409699092861	0.02753784070564591	0.29027273642621626	0.4700041100176272	0.33515844309179	0.27996100358681286	-1	0.23358315079923397	0.02296500438599869
SL1344_3779_5-347	0.15438733089486756	1.2144035538690408	0.3860021777370688	0.9914409699092861	0.0	0.9639031292036402	1.2817137063355024	1.4614450799269134	0.6562825268174961	1.2714019734960988	-1	1.22502412070852	1.014405974295285
SEN3628_5-347	0.8095157983087726	0.25050042466540046	0.5779009514665714	0.02753784070564591	0.9639031292036402	0.0	0.31781057713186217	0.4975419507232731	0.3076206023861441	0.3074988442924588	-1	0.2611209915048799	0.0505028450916446
t0617_5-347	1.1273263754406349	0.06731015246646171	0.8957115285984336	0.29027273642621626	1.2817137063355024	0.31781057713186217	0.0	0.17973137359141095	0.6254311795180063	0.010311732839403398	-1	0.056689585626982286	0.26730773204021757
NCTC13441_01515_1-349	1.3070577490320456	0.24704152605787266	1.0754429021898444	0.4700041100176272	1.4614450799269134	0.4975419507232731	0.17973137359141095	0.0	0.8051625531094172	0.19004310643081435	-1	0.23642095921839323	0.4470391056316285
STMMW_22781_5-347	0.5018951959226285	0.5581210270515445	0.2702803490804273	0.33515844309179	0.6562825268174961	0.3076206023861441	0.6254311795180063	0.8051625531094172	0.0	0.6151194466786029	-1	0.568741593891024	0.3581234474777887
ETEC_2328_1-349	1.1170146426012315	0.05699841962705832	0.8853997957590302	0.27996100358681286	1.2714019734960988	0.3074988442924588	0.010311732839403398	0.19004310643081435	0.6151194466786029	0.0	-1	0.04637785278757889	0.2569959992008142
b2194_1-349	-1	-1	-1	-1	-1	-1	-1	-1	-1	-1	-1	-1	-1
CS17_02443_1-349	1.0706367898136526	0.010620566839479428	0.8390219429714513	0.23358315079923397	1.22502412070852	0.2611209915048799	0.056689585626982286	0.23642095921839323	0.568741593891024	0.04637785278757889	-1	0.0	0.21061814641323529
ROD_23251_1-350	0.8600186434004172	0.19999757957375586	0.628403796558216	0.02296500438599869	1.014405974295285	0.0505028450916446	0.26730773204021757	0.4470391056316285	0.3581234474777887	0.2569959992008142	-1	0.21061814641323529	0.0
