CS17_00989_1-182	0.0	0.8424537044999686	0.5102617155145895	0.6618422312254333	0.35161040685305933	0.6959950017990844	0.714605039817174	0.4335086993715155	0.3326157669573512	0.6864956734404625	0.33255352019984513	0.633613888073569	-1	0.8299910638799814
STM_MW10071_1-182	0.8424537044999686	0.0	0.6783051264501974	0.5341041666114736	0.7570190867262614	0.4817641274571752	0.44797099640755356	0.7218910593591742	0.7639346455912399	0.49746691782860664	0.7639566612933466	0.5699992702461764	-1	0.07330579735637592
ENC_17560_1-183	0.5102617155145895	0.6783051264501974	0.0	0.30951330641858227	0.24468515586673822	0.37925008554243006	0.41725005125400183	0.13548842860944493	0.26618241750683663	0.35985334107797956	0.26625085410286875	0.25187365674013235	-1	0.6528575741252199
ROD_09951_1-182	0.6618422312254333	0.5341041666114736	0.30951330641858227	0.0	0.47846515066146017	0.10099655760509582	0.15603015356691435	0.40306626350765984	0.4933087237723864	0.07290514810400402	0.49335597833130057	0.07704534160271956	-1	0.49724965143901473
ETEC_0994_1-182	0.35161040685305933	0.7570190867262614	0.24468515586673822	0.47846515066146017	0.0	0.531138375115745	0.5598403132942501	0.1263103130958118	0.028461325508261318	0.5164877260938858	0.028551932222221296	0.43492906764868594	-1	0.7377981727083481
STMMW_10071_1-182	0.6959950017990844	0.4817641274571752	0.37925008554243006	0.10099655760509582	0.531138375115745	0.0	0.061216223839156314	0.4633545160117336	0.5444827984399081	0.030300469734722654	0.5445252804510408	0.17026058492643203	-1	0.4407692731168178
t1938_1-182	0.714605039817174	0.44797099640755356	0.41725005125400183	0.15603015356691435	0.5598403132942501	0.061216223839156314	0.0	0.49620592608183167	0.5723678414131967	0.08966181323616661	0.5724077228360268	0.2210540986877462	-1	0.40430294910915876
SL1344_0933_1-182	0.4335086993715155	0.7218910593591742	0.13548842860944493	0.40306626350765984	0.1263103130958118	0.4633545160117336	0.49620592608183167	0.0	0.15117667966800283	0.44658580597491043	0.15125584181955393	0.35323611938974203	-1	0.6998913559106646
BN373_15691_1-183	0.3326157669573512	0.7639346455912399	0.26618241750683663	0.4933087237723864	0.028461325508261318	0.5444827984399081	0.5723678414131967	0.15117667966800283	0.0	0.5302491263087673	9.326104697517855e-05	0.4510117353895934	-1	0.7452607842637567
NCTC13441_02963_1-182	0.6864956734404625	0.49746691782860664	0.35985334107797956	0.07290514810400402	0.5164877260938858	0.030300469734722654	0.08966181323616661	0.44658580597491043	0.5302491263087673	0.0	0.5302929357670653	0.1443334876664537	-1	0.4577142268314686
ERS227112_03442_29-211	0.33255352019984513	0.7639566612933466	0.26625085410286875	0.49335597833130057	0.028551932222221296	0.5445252804510408	0.5724077228360268	0.15125584181955393	9.326104697517855e-05	0.5302929357670653	0.0	0.4510629346099281	-1	0.7452845415097219
SEN0900_1-182	0.633613888073569	0.5699992702461764	0.25187365674013235	0.07704534160271956	0.43492906764868594	0.17026058492643203	0.2210540986877462	0.35323611938974203	0.4510117353895934	0.1443334876664537	0.4510629346099281	0.0	-1	0.5359842237847822
b0926_1-182	-1	-1	-1	-1	-1	-1	-1	-1	-1	-1	-1	-1	-1	-1
Ecoli9000q_51010_1-182	0.8299910638799814	0.07330579735637592	0.6528575741252199	0.49724965143901473	0.7377981727083481	0.4407692731168178	0.40430294910915876	0.6998913559106646	0.7452607842637567	0.4577142268314686	0.7452845415097219	0.5359842237847822	-1	0.0
