Ecoli9000q_35210_1-464	0.0	0.7564363532339557	0.765581801763553	0.8366940553388861	0.7391193768812736	0.6442555353966635	0.8074417335569853	0.6436561858556595	0.9138660669344842	0.8436606012362349	0.3229368455928296
SEN2661_1-456	0.7564363532339557	0.0	0.03754849564385853	0.3295142898809606	0.06637892897396695	0.3153410073783623	0.20941294400975577	0.3164925639276386	0.6463596509201065	0.35811685840811275	0.6402645082949374
BN373_38911_3-447	0.765581801763553	0.03754849564385853	0.0	0.3033563695579869	0.10143499569240248	0.3410489225803444	0.1785694630721895	0.3421572399135466	0.632562942154191	0.33307482123861115	0.6537720348381663
ENC_07140_14-448	0.8366940553388861	0.3295142898809606	0.3033563695579869	0.0	0.37402041321101215	0.5409459291426951	0.1519141313549243	0.5417180313533788	0.4725609453822551	0.0426594752065245	0.7588024933891093
ROD_38521_1-463	0.7391193768812736	0.06637892897396695	0.10143499569240248	0.37402041321101215	0.0	0.2666628744044845	0.2618912660470698	0.2678963047382823	0.6698339185340096	0.4007243738734274	0.6146879040447109
t2713_1-456	0.6442555353966635	0.3153410073783623	0.3410489225803444	0.5409459291426951	0.2666628744044845	0.0	0.4587174626660131	0.0016819417574095842	0.7578769548485959	0.5605289348968865	0.47457713170815996
STM_MW27831_1-456	0.8074417335569853	0.20941294400975577	0.1785694630721895	0.1519141313549243	0.2618912660470698	0.4587174626660131	0.0	0.45962786836811176	0.5526863912071723	0.1880930294413927	0.7155977766776915
ERS227112_01406_3-447	0.6436561858556595	0.3164925639276386	0.3421572399135466	0.5417180313533788	0.2678963047382823	0.0016819417574095842	0.45962786836811176	0.0	0.7582841917086671	0.5612680996324566	0.47369191215795603
SL1344_2801_1-456	0.9138660669344842	0.6463596509201065	0.632562942154191	0.4725609453822551	0.6698339185340096	0.7578769548485959	0.5526863912071723	0.7582841917086671	0.0	0.4490580509672586	0.8727830151369945
STMMW_27831_1-456	0.8436606012362349	0.35811685840811275	0.33307482123861115	0.0426594752065245	0.4007243738734274	0.5605289348968865	0.1880930294413927	0.5612680996324566	0.4490580509672586	0.0	0.7690918524422521
NCTC13441_04599_1-464	0.3229368455928296	0.6402645082949374	0.6537720348381663	0.7588024933891093	0.6146879040447109	0.47457713170815996	0.7155977766776915	0.47369191215795603	0.8727830151369945	0.7690918524422521	0.0
