CS17_01178_1-129	0.0	0.8508825198886267	-1	0.9256952941780685	0.8967371681910961	0.8850346815203172	0.8941742702226217	0.8240024897585304	0.8011952508936045	0.9038102709913746	0.7503062343245306
SL1344_1078_1-131	0.8508825198886267	0.0	-1	0.5017035845399576	0.30750686149082807	0.2290285592687242	0.2903197552806098	0.15272960448824913	0.2499299901957104	0.35493995112589777	0.4027985452180511
b1039_1-129	-1	-1	-1	-1	-1	-1	-1	-1	-1	-1	-1
t1779_1-131	0.9256952941780685	0.5017035845399576	-1	0.0	0.28043125953161696	0.35367720626927224	0.2978578463078532	0.5778081989910822	0.6262428027704436	0.22751933509170713	0.7024166557746322
NCTC13441_02872_1-129	0.8967371681910961	0.30750686149082807	-1	0.28043125953161696	0.0	0.10179145176592563	0.024218098697412774	0.4132710646461602	0.48058166480902215	0.06849611497550091	0.5864420902558048
Ecoli9000q_54010_1-129	0.8850346815203172	0.2290285592687242	-1	0.35367720626927224	0.10179145176592563	0.0	0.07949865944936971	0.34677872248334757	0.4217174438918647	0.16331524775774456	0.539574733999947
STM_MW11491_1-131	0.8941742702226217	0.2903197552806098	-1	0.2978578463078532	0.024218098697412774	0.07949865944936971	0.0	0.39870893836972615	0.46769013188541636	0.09105536800004767	0.5761779254235706
ROD_10971_1-129	0.8240024897585304	0.15272960448824913	-1	0.5778081989910822	0.4132710646461602	0.34677872248334757	0.39870893836972615	0.0	0.11472180100043777	0.45345971726161005	0.2951465577630155
STMMW_11491_1-131	0.8011952508936045	0.2499299901957104	-1	0.6262428027704436	0.48058166480902215	0.4217174438918647	0.46769013188541636	0.11472180100043777	0.0	0.5161598028166466	0.20380571549878068
SEN1907_1-131	0.9038102709913746	0.35493995112589777	-1	0.22751933509170713	0.06849611497550091	0.16331524775774456	0.09105536800004767	0.45345971726161005	0.5161598028166466	0.0	0.6147692003906711
ETEC_1104_1-129	0.7503062343245306	0.4027985452180511	-1	0.7024166557746322	0.5864420902558048	0.539574733999947	0.5761779254235706	0.2951465577630155	0.20380571549878068	0.6147692003906711	0.0
