ENC_47800_1-616	0.0	0.7989341023035583	0.734497445514657	0.1894345686179032	0.1310468204434472	0.1888144559967977	0.5296700256229799	0.028866604674449476	0.12559129390385793	-1	0.6964879081596153	0.7230904164764312	0.10437617781317389	0.28371309858579014	-1	0.5660902516076168	0.18435773567281544	0.7914050102353268	0.712995471423081	0.36096029984507527	0.3605165736560174	0.6243231906010871	0.17359072656572447	0.7288113323226854	0.2786507901376654	0.8666573384301549	0.6813697316956759	0.0583208018668769	0.008546658324313608	0.6554895658429142	0.6330542409901712	-1	0.010464542743352975
NCTC13441_02033_1-603	0.7989341023035583	0.0	0.24269693718693952	0.7519436557347334	0.768611356253912	0.8368982503966196	0.5725003536872907	0.7929574879576261	0.7700550139829757	-1	0.3375357914827949	0.2738933223691469	0.8199205921936874	0.8559791311589492	-1	0.5366181597869553	0.7534876422051289	0.036094309248392575	0.29943301350189383	0.8715109090246851	0.8714216908201508	0.46479023281168347	0.7566993689931861	0.2585755908661768	0.721264132617801	0.33682109647873504	0.3689679930081108	0.8106604266852981	0.8006525438318411	0.41637211021375903	0.45205553474987553	-1	0.8010381649842334
SEN1118_1-603	0.734497445514657	0.24269693718693952	0.0	0.6724477208056677	0.6944570078898438	0.784628165905567	0.43549727010910394	0.7266054738068819	0.6963633222835836	-1	0.12523236594814385	0.04119405653309517	0.7622095873514709	0.8098239979301362	-1	0.38811571883549867	0.6744865168256655	0.21433904781436464	0.0749185882124968	0.8303333271913198	0.8302155167546329	0.29326871437672697	0.6787275227660444	0.02096737021009106	0.6319361678707422	0.4977725851703389	0.16673781214105712	0.7499817673899463	0.7367666051320757	0.22933377871428343	0.27645285994916935	-1	0.7372758083445383
ETEC_4054_1-616	0.1894345686179032	0.7519436557347334	0.6724477208056677	0.0	0.06719320390110389	0.34248103959412346	0.41975076142211065	0.16534079119957248	0.07301308217650072	-1	0.625555100070249	0.6583747927031509	0.2740382902130529	0.41940259876184555	-1	0.4646826380783069	0.006224337760716229	0.7426549644376057	0.6459205913980972	0.48201650977363764	0.48165684066378844	0.536525004824909	0.019171907384747906	0.6654327248882175	0.11006664985408945	0.835494265598667	0.6069037045398952	0.23670739454167808	0.19636219440942584	0.5749751706414862	0.5472965601504262	-1	0.1979167652208855
SEN3355_1-570	0.1310468204434472	0.768611356253912	0.6944570078898438	0.06719320390110389	0.0	0.2951177423281054	0.45873956682333505	0.10521748738209556	0.006239103638327053	-1	0.6507152525809571	0.681329684914805	0.22174483202416478	0.37758021954141124	-1	0.5006523267297123	0.06135073382961097	0.7599468018850865	0.6697123212974672	0.44470442068751204	0.4443188434046777	0.5676673746787719	0.048959952185212575	0.6879133720234402	0.1698641229088361	0.8465479329531966	0.6333171040735146	0.18172486665995763	0.138473466368943	0.6035339506636046	0.5777151546909697	-1	0.14014001813288923
STM_MW35201_1-570	0.1888144559967977	0.8368982503966196	0.784628165905567	0.34248103959412346	0.2951177423281054	0.0	0.6184751238739647	0.21223062841316637	0.2906922980642647	-1	0.7537953786689076	0.7753749488497337	0.09427873186473826	0.11698759092854076	-1	0.6480186847020319	0.338362786099749	0.8307907597514012	0.7671860753549494	0.2122151277483786	0.21166811826042836	0.6952564029983554	0.32962874395992603	0.7800156730826738	0.41485194878154197	0.8918343605356304	0.7415317324696706	0.13857548769116293	0.1818217661839818	0.7205381160535048	0.7023389048579439	-1	0.18023600058546227
Ecoli9000q_33870_1-616	0.5296700256229799	0.5725003536872907	0.43549727010910394	0.41975076142211065	0.45873956682333505	0.6184751238739647	0.0	0.5156896296215283	0.46211654676125	-1	0.35468265180758574	0.41124402311302416	0.5787612706594213	0.6631088000112596	-1	0.07743547715171172	0.42336242866841783	0.556492247722528	0.3897804855897745	0.6994404742002357	0.6992317764731056	0.20124842160757644	0.4308752460841964	0.42340764473597475	0.34798573569273067	0.7164912533026088	0.32253888618013615	0.5571000468706754	0.5336897752136635	0.2675133354759914	0.21981209150900854	-1	0.5345918137433283
ROD_39771_1-616	0.028866604674449476	0.7929574879576261	0.7266054738068819	0.16534079119957248	0.10521748738209556	0.21223062841316637	0.5156896296215283	0.0	0.09959979720086104	-1	0.6874661160852787	0.7148593747713299	0.13022979662526044	0.3043898694024005	-1	0.5531924342413076	0.16011305114910712	0.7852045962287741	0.7044643609638125	0.3794072062407262	0.3789762889201516	0.6131563272283765	0.14902599641603254	0.7207503428646846	0.2572089340821005	0.8626937738814502	0.6718985570488898	0.08550388300953835	0.03716654999162753	0.6452491122070861	0.6221469050739229	-1	0.0390290715993312
NCTC13441_04749_1-616	0.12559129390385793	0.7700550139829757	0.6963633222835836	0.07301308217650072	0.006239103638327053	0.2906922980642647	0.46211654676125	0.09959979720086104	0.0	-1	0.6528944763193915	0.6833179020370799	0.21685873249273616	0.37367249734078584	-1	0.5037678086148031	0.06720706388128767	0.7614445186668373	0.6717730203553547	0.44121812264346566	0.44083012460063065	0.5703647427343811	0.05489358960772855	0.689860512839522	0.17504342667990141	0.8475053363030172	0.6356048766636018	0.17658751080276322	0.1330645663506668	0.6060075434344926	0.5803498336057477	-1	0.13474158118396096
b3771_1-616	-1	-1	-1	-1	-1	-1	-1	-1	-1	-1	-1	-1	-1	-1	-1	-1	-1	-1	-1	-1	-1	-1	-1	-1	-1	-1	-1	-1	-1	-1	-1	-1	-1
ERS227112_04295_1-603	0.6964879081596153	0.3375357914827949	0.12523236594814385	0.625555100070249	0.6507152525809571	0.7537953786689076	0.35468265180758574	0.6874661160852787	0.6528944763193915	-1	0.0	0.08764892415161529	0.7281673402259956	0.7825982641939058	-1	0.3005179234509391	0.6278857716001893	0.3127292276896433	0.05438848634784203	0.8060437238369266	0.8059090475730812	0.19209255336786035	0.6327339230123933	0.10649797827517463	0.579243883973605	0.5606677125734773	0.04744739583089425	0.7141889767320396	0.6990819223058727	0.11900464616409029	0.17286932908180863	-1	0.6996640234178034
ETEC_1884_1-603	0.7230904164764312	0.2738933223691469	0.04119405653309517	0.6583747927031509	0.681329684914805	0.7753749488497337	0.41124402311302416	0.7148593747713299	0.6833179020370799	-1	0.08764892415161529	0.0	0.7519931804044592	0.8016532924460036	-1	0.36182677492380205	0.6605011833809411	0.2467036094945451	0.035173469573476536	0.8230437827750735	0.8229209107408629	0.26290477187924594	0.6649243995377413	0.020659869454345527	0.6161227048735308	0.5184613696893022	0.13093760678413582	0.7392400054321486	0.7254570680735352	0.1962229411103794	0.24536644252059187	-1	0.7259881486492578
STMMW_35201_1-570	0.10437617781317389	0.8199205921936874	0.7622095873514709	0.2740382902130529	0.22174483202416478	0.09427873186473826	0.5787612706594213	0.13022979662526044	0.21685873249273616	-1	0.7281673402259956	0.7519931804044592	0.0	0.20023688107662543	-1	0.6113800926606897	0.26949135768616944	0.8131773579779416	0.7429519071310117	0.28648648648648634	0.285991048359378	0.6635349000591938	0.2598481678361563	0.7571169689210905	0.35394246353164893	0.880575135784251	0.7146271412368673	0.0489077129850608	0.09665560189337383	0.6914482481769878	0.671354636780371	-1	0.09490477009300728
STM_MW38791_1-616	0.28371309858579014	0.8559791311589492	0.8098239979301362	0.41940259876184555	0.37758021954141124	0.11698759092854076	0.6631088000112596	0.3043898694024005	0.37367249734078584	-1	0.7825982641939058	0.8016532924460036	0.20023688107662543	0.0	-1	0.6891961308306004	0.415766129822611	0.8505861411309334	0.7944224155337927	0.10784393949794585	0.10722445840987657	0.730907622262476	0.40805386223179424	0.8057511095307683	0.48330700963011974	0.904488398117812	0.7717693124195174	0.2393514661529669	0.27753846670828614	0.7532316886127567	0.7371615592917642	-1	0.27613821600691474
b0269_85-635	-1	-1	-1	-1	-1	-1	-1	-1	-1	-1	-1	-1	-1	-1	-1	-1	-1	-1	-1	-1	-1	-1	-1	-1	-1	-1	-1	-1	-1	-1	-1	-1	-1
t3394_1-616	0.5660902516076168	0.5366181597869553	0.38811571883549867	0.4646826380783069	0.5006523267297123	0.6480186847020319	0.07743547715171172	0.5531924342413076	0.5037678086148031	-1	0.3005179234509391	0.36182677492380205	0.6113800926606897	0.6891961308306004	-1	0.0	0.4680146341480831	0.5192664130328748	0.33856169482188786	0.7227144444930326	0.7225219073739834	0.13420518715982016	0.4749456929625172	0.375011350443135	0.3984747713590864	0.692694939295847	0.26567617002191035	0.5913962160717154	0.5697987299707153	0.20603204829234167	0.1543269991758723	-1	0.5706309187164265
ERS227112_01740_1-616	0.18435773567281544	0.7534876422051289	0.6744865168256655	0.006224337760716229	0.06135073382961097	0.338362786099749	0.42336242866841783	0.16011305114910712	0.06720706388128767	-1	0.6278857716001893	0.6605011833809411	0.26949135768616944	0.415766129822611	-1	0.4680146341480831	0.0	0.7442567668599895	0.6481245012313501	0.4787722119706721	0.4784102901370877	0.539409829738525	0.013028664432027649	0.6675151846121957	0.11560589560992333	0.8365182048531556	0.6093504686553252	0.23192664656489198	0.19132875142088934	0.5776206687361043	0.550114339265488	-1	0.19289305901115245
t0992_1-603	0.7914050102353268	0.036094309248392575	0.21433904781436464	0.7426549644376057	0.7599468018850865	0.8307907597514012	0.556492247722528	0.7852045962287741	0.7614445186668373	-1	0.3127292276896433	0.2467036094945451	0.8131773579779416	0.8505861411309334	-1	0.5192664130328748	0.7442567668599895	0.0	0.2731996571657984	0.8666995202869636	0.8666069612270988	0.4447488251978411	0.7475887596253326	0.2308122918584535	0.7108266191842335	0.36075808090944145	0.3453384360664572	0.8035704373038155	0.7931878003410092	0.39451764276735835	0.4315372649964711	-1	0.7935878614217685
STMMW_18661_1-603	0.712995471423081	0.29943301350189383	0.0749185882124968	0.6459205913980972	0.6697123212974672	0.7671860753549494	0.3897804855897745	0.7044643609638125	0.6717730203553547	-1	0.05438848634784203	0.035173469573476536	0.7429519071310117	0.7944224155337927	-1	0.33856169482188786	0.6481245012313501	0.2731996571657984	0.0	0.8165927121151002	0.8164653606893925	0.23603341649933238	0.6527089690266593	0.05510665973817764	0.6021281722458777	0.5353987540509891	0.09925529013834704	0.729733805669112	0.7154484010663585	0.16692064993870692	0.21785571428492412	-1	0.71599884257991
STMMW_38791_1-616	0.36096029984507527	0.8715109090246851	0.8303333271913198	0.48201650977363764	0.44470442068751204	0.2122151277483786	0.6994404742002357	0.3794072062407262	0.44121812264346566	-1	0.8060437238369266	0.8230437827750735	0.28648648648648634	0.10784393949794585	-1	0.7227144444930326	0.4787722119706721	0.8666995202869636	0.8165927121151002	0.0	0.0006938822349074552	0.7599276043665599	0.47189166569931135	0.8266996751220752	0.5390292172225818	0.9147887455325466	0.7963826088825215	0.32138280061636754	0.3554515645941909	0.7798441554560128	0.7655070921892376	-1	0.35420232244474015
SL1344_3864_1-616	0.3605165736560174	0.8714216908201508	0.8302155167546329	0.48165684066378844	0.4443188434046777	0.21166811826042836	0.6992317764731056	0.3789762889201516	0.44083012460063065	-1	0.8059090475730812	0.8229209107408629	0.285991048359378	0.10722445840987657	-1	0.7225219073739834	0.4784102901370877	0.8666069612270988	0.8164653606893925	0.0006938822349074552	0.0	0.7597609067276078	0.4715249662618083	0.8265793416080512	0.5387091356867098	0.9147295779014893	0.7962412242878484	0.3209115932349817	0.3550040133374592	0.7796912871539737	0.7653442687460013	-1	0.35375390375918037
CS17_02040_1-603	0.6243231906010871	0.46479023281168347	0.29326871437672697	0.536525004824909	0.5676673746787719	0.6952564029983554	0.20124842160757644	0.6131563272283765	0.5703647427343811	-1	0.19209255336786035	0.26290477187924594	0.6635349000591938	0.730907622262476	-1	0.13420518715982016	0.539409829738525	0.4447488251978411	0.23603341649933238	0.7599276043665599	0.7597609067276078	0.0	0.5454107045075522	0.27813306306764174	0.47920257725019383	0.6450601734421808	0.15185004681514405	0.6462329633680215	0.6275339719313878	0.08296060459971857	0.023240855359301524	-1	0.6282544766307284
SL1344_3498_1-570	0.17359072656572447	0.7566993689931861	0.6787275227660444	0.019171907384747906	0.048959952185212575	0.32962874395992603	0.4308752460841964	0.14902599641603254	0.05489358960772855	-1	0.6327339230123933	0.6649243995377413	0.2598481678361563	0.40805386223179424	-1	0.4749456929625172	0.013028664432027649	0.7475887596253326	0.6527089690266593	0.47189166569931135	0.4715249662618083	0.5454107045075522	0.0	0.671847017700628	0.12712836962168528	0.8386481543028693	0.6144401103097438	0.22178757806263455	0.18065376426181148	0.5831237073061658	0.555975748571979	-1	0.18223872173108072
ROD_18911_1-603	0.7288113323226854	0.2585755908661768	0.02096737021009106	0.6654327248882175	0.6879133720234402	0.7800156730826738	0.42340764473597475	0.7207503428646846	0.689860512839522	-1	0.10649797827517463	0.020659869454345527	0.7571169689210905	0.8057511095307683	-1	0.375011350443135	0.6675151846121957	0.2308122918584535	0.05510665973817764	0.8266996751220752	0.8265793416080512	0.27813306306764174	0.671847017700628	0.0	0.6240535596773309	0.5083029733067294	0.1488923223756567	0.7446272728788363	0.7311290892067492	0.21282887021743677	0.26095707330398477	-1	0.7316491977271076
ENC_43810_85-635	0.2786507901376654	0.721264132617801	0.6319361678707422	0.11006664985408945	0.1698641229088361	0.41485194878154197	0.34798573569273067	0.2572089340821005	0.17504342667990141	-1	0.579243883973605	0.6161227048735308	0.35394246353164893	0.48330700963011974	-1	0.3984747713590864	0.11560589560992333	0.7108266191842335	0.6021281722458777	0.5390292172225818	0.5387091356867098	0.47920257725019383	0.12712836962168528	0.6240535596773309	0.0	0.8151482530974246	0.5582856902759582	0.32072045448287484	0.2848159153668724	0.522408246315493	0.49130635482381907	-1	0.2861993797771537
STM_MW18661_1-603	0.8666573384301549	0.33682109647873504	0.4977725851703389	0.835494265598667	0.8465479329531966	0.8918343605356304	0.7164912533026088	0.8626937738814502	0.8475053363030172	-1	0.5606677125734773	0.5184613696893022	0.880575135784251	0.904488398117812	-1	0.692694939295847	0.8365182048531556	0.36075808090944145	0.5353987540509891	0.9147887455325466	0.9147295779014893	0.6450601734421808	0.8386481543028693	0.5083029733067294	0.8151482530974246	0.0	0.5815128855162958	0.8744339893759718	0.867796972598647	0.612950295987131	0.6366147903448766	-1	0.868052708411665
BN373_29521_1-603	0.6813697316956759	0.3689679930081108	0.16673781214105712	0.6069037045398952	0.6333171040735146	0.7415317324696706	0.32253888618013615	0.6718985570488898	0.6356048766636018	-1	0.04744739583089425	0.13093760678413582	0.7146271412368673	0.7717693124195174	-1	0.26567617002191035	0.6093504686553252	0.3453384360664572	0.09925529013834704	0.7963826088825215	0.7962412242878484	0.15185004681514405	0.6144401103097438	0.1488923223756567	0.5582856902759582	0.5815128855162958	0.0	0.6999525044422422	0.6840929557306574	0.07512157335983992	0.13166929857938675	-1	0.6847040517576726
SEN3710_1-616	0.0583208018668769	0.8106604266852981	0.7499817673899463	0.23670739454167808	0.18172486665995763	0.13857548769116293	0.5571000468706754	0.08550388300953835	0.17658751080276322	-1	0.7141889767320396	0.7392400054321486	0.0489077129850608	0.2393514661529669	-1	0.5913962160717154	0.23192664656489198	0.8035704373038155	0.729733805669112	0.32138280061636754	0.3209115932349817	0.6462329633680215	0.22178757806263455	0.7446272728788363	0.32072045448287484	0.8744339893759718	0.6999525044422422	0.0	0.050203213253019505	0.6755816906144612	0.6544548118972741	-1	0.0483623489917167
CS17_04223_1-616	0.008546658324313608	0.8006525438318411	0.7367666051320757	0.19636219440942584	0.138473466368943	0.1818217661839818	0.5336897752136635	0.03716654999162753	0.1330645663506668	-1	0.6990819223058727	0.7254570680735352	0.09665560189337383	0.27753846670828614	-1	0.5697987299707153	0.19132875142088934	0.7931878003410092	0.7154484010663585	0.3554515645941909	0.3550040133374592	0.6275339719313878	0.18065376426181148	0.7311290892067492	0.2848159153668724	0.867796972598647	0.6840929557306574	0.050203213253019505	0.0	0.6584339788128157	0.6361904010159841	-1	0.0019344172220932662
SL1344_1819_1-603	0.6554895658429142	0.41637211021375903	0.22933377871428343	0.5749751706414862	0.6035339506636046	0.7205381160535048	0.2675133354759914	0.6452491122070861	0.6060075434344926	-1	0.11900464616409029	0.1962229411103794	0.6914482481769878	0.7532316886127567	-1	0.20603204829234167	0.5776206687361043	0.39451764276735835	0.16692064993870692	0.7798441554560128	0.7796912871539737	0.08296060459971857	0.5831237073061658	0.21282887021743677	0.522408246315493	0.612950295987131	0.07512157335983992	0.6755816906144612	0.6584339788128157	0.0	0.06114071167706856	-1	0.6590947100066821
ENC_06440_1-603	0.6330542409901712	0.45205553474987553	0.27645285994916935	0.5472965601504262	0.5777151546909697	0.7023389048579439	0.21981209150900854	0.6221469050739229	0.5803498336057477	-1	0.17286932908180863	0.24536644252059187	0.671354636780371	0.7371615592917642	-1	0.1543269991758723	0.550114339265488	0.4315372649964711	0.21785571428492412	0.7655070921892376	0.7653442687460013	0.023240855359301524	0.555975748571979	0.26095707330398477	0.49130635482381907	0.6366147903448766	0.13166929857938675	0.6544548118972741	0.6361904010159841	0.06114071167706856	0.0	-1	0.6368941605698216
b1851_1-603	-1	-1	-1	-1	-1	-1	-1	-1	-1	-1	-1	-1	-1	-1	-1	-1	-1	-1	-1	-1	-1	-1	-1	-1	-1	-1	-1	-1	-1	-1	-1	-1	-1
BN373_48981_1-616	0.010464542743352975	0.8010381649842334	0.7372758083445383	0.1979167652208855	0.14014001813288923	0.18023600058546227	0.5345918137433283	0.0390290715993312	0.13474158118396096	-1	0.6996640234178034	0.7259881486492578	0.09490477009300728	0.27613821600691474	-1	0.5706309187164265	0.19289305901115245	0.7935878614217685	0.71599884257991	0.35420232244474015	0.35375390375918037	0.6282544766307284	0.18223872173108072	0.7316491977271076	0.2861993797771537	0.868052708411665	0.6847040517576726	0.0483623489917167	0.0019344172220932662	0.6590947100066821	0.6368941605698216	-1	0.0
