ROD_09551_1-203	0.0	0.002764362242056423	0.038502034759242756	0.006728451462724383	0.07782160270426153	0.038502034759242756	0.003888572971475261	0.005989522911240823	0.038502034759242756	0.0015406042672941461	0.010721404952185688	-1	0.038502034759242756
BN373_15391_1-203	0.002764362242056423	0.0	0.035737672517186334	0.009492813704780806	0.08058596494631795	0.035737672517186334	0.0011242107294188383	0.0032251606691844	0.035737672517186334	0.0012237579747622768	0.013485767194242111	-1	0.035737672517186334
Ecoli9000q_50670_2-204	0.038502034759242756	0.035737672517186334	0.0	0.04523048622196714	0.11632363746350428	0.0	0.034613461787767495	0.03251251184800193	0.0	0.03696143049194861	0.049223439711428445	-1	0.0
ETEC_0959_2-204	0.006728451462724383	0.009492813704780806	0.04523048622196714	0.0	0.07109315124153714	0.04523048622196714	0.010617024434199644	0.012717974373965206	0.04523048622196714	0.008269055730018529	0.003992953489461305	-1	0.04523048622196714
SEN0866_2-204	0.07782160270426153	0.08058596494631795	0.11632363746350428	0.07109315124153714	0.0	0.11632363746350428	0.0817101756757368	0.08381112561550236	0.11632363746350428	0.07936220697155567	0.06710019775207585	-1	0.11632363746350428
t1973_2-204	0.038502034759242756	0.035737672517186334	0.0	0.04523048622196714	0.11632363746350428	0.0	0.034613461787767495	0.03251251184800193	0.0	0.03696143049194861	0.049223439711428445	-1	0.0
STMMW_09731_2-204	0.003888572971475261	0.0011242107294188383	0.034613461787767495	0.010617024434199644	0.0817101756757368	0.034613461787767495	0.0	0.0021009499397655618	0.034613461787767495	0.002347968704181115	0.01460997792366095	-1	0.034613461787767495
STM_MW09731_2-204	0.005989522911240823	0.0032251606691844	0.03251251184800193	0.012717974373965206	0.08381112561550236	0.03251251184800193	0.0021009499397655618	0.0	0.03251251184800193	0.004448918643946677	0.01671092786342651	-1	0.03251251184800193
ERS227112_03410_1-203	0.038502034759242756	0.035737672517186334	0.0	0.04523048622196714	0.11632363746350428	0.0	0.034613461787767495	0.03251251184800193	0.0	0.03696143049194861	0.049223439711428445	-1	0.0
CS17_00953_1-203	0.0015406042672941461	0.0012237579747622768	0.03696143049194861	0.008269055730018529	0.07936220697155567	0.03696143049194861	0.002347968704181115	0.004448918643946677	0.03696143049194861	0.0	0.012262009219479834	-1	0.03696143049194861
SL1344_0899_2-204	0.010721404952185688	0.013485767194242111	0.049223439711428445	0.003992953489461305	0.06710019775207585	0.049223439711428445	0.01460997792366095	0.01671092786342651	0.049223439711428445	0.012262009219479834	0.0	-1	0.049223439711428445
b0891_1-203	-1	-1	-1	-1	-1	-1	-1	-1	-1	-1	-1	-1	-1
NCTC13441_03102_1-203	0.038502034759242756	0.035737672517186334	0.0	0.04523048622196714	0.11632363746350428	0.0	0.034613461787767495	0.03251251184800193	0.0	0.03696143049194861	0.049223439711428445	-1	0.0
