BN373_46131_1-55	0.0	0.0	0.04410056601398993	0.1655331655599499	0.3836574013848799	0.002934694461500076	0.6760108145810799	0.05568490540120008	0.91911797363854	0.502672042609895	0.502672042609895
BN373_46131_126-362	0.0	0.0	0.04410056601398993	0.1655331655599499	0.3836574013848799	0.002934694461500076	0.6760108145810799	0.05568490540120008	0.91911797363854	0.502672042609895	0.502672042609895
ROD_21681_1-356	0.04410056601398993	0.04410056601398993	0.0	0.12143259954595997	0.33955683537089	0.047035260475490004	0.63191024856709	0.011584339387210152	0.87501740762455	0.5467726086238849	0.5467726086238849
STMMW_37031_56-376	0.1655331655599499	0.1655331655599499	0.12143259954595997	0.0	0.21812423582493	0.16846786002144998	0.51047764902113	0.10984826015874982	0.7535848080785901	0.6682052081698449	0.6682052081698449
SEN3536_55-376	0.3836574013848799	0.3836574013848799	0.33955683537089	0.21812423582493	0.0	0.38659209584638	0.2923534131962	0.32797249598367983	0.5354605722536601	0.8863294439947749	0.8863294439947749
ROD_41941_60-376	0.002934694461500076	0.002934694461500076	0.047035260475490004	0.16846786002144998	0.38659209584638	0.0	0.67894550904258	0.058619599862700156	0.92205266810004	0.4997373481483949	0.4997373481483949
ETEC_2183_15-358	0.6760108145810799	0.6760108145810799	0.63191024856709	0.51047764902113	0.2923534131962	0.67894550904258	0.0	0.6203259091798798	0.24310715905746005	1.1786828571909749	1.1786828571909749
CS17_02258_65-363	0.05568490540120008	0.05568490540120008	0.011584339387210152	0.10984826015874982	0.32797249598367983	0.058619599862700156	0.6203259091798798	0.0	0.8634330682373399	0.558356948011095	0.558356948011095
t3805_60-376	0.91911797363854	0.91911797363854	0.87501740762455	0.7535848080785901	0.5354605722536601	0.92205266810004	0.24310715905746005	0.8634330682373399	0.0	1.421790016248435	1.421790016248435
ERS227112_00607_1-55	0.502672042609895	0.502672042609895	0.5467726086238849	0.6682052081698449	0.8863294439947749	0.4997373481483949	1.1786828571909749	0.558356948011095	1.421790016248435	0.0	0.0
ERS227112_00607_126-362	0.502672042609895	0.502672042609895	0.5467726086238849	0.6682052081698449	0.8863294439947749	0.4997373481483949	1.1786828571909749	0.558356948011095	1.421790016248435	0.0	0.0
