CS17_04756_1-124	0.0	0.4327573328172234	0.25985663082437277	0.20304732726607272	-1	0.6604909881678893	0.4381209902433205	0.9458740385880581	0.18194171550547097
Ecoli9000q_39320_1-166	0.4327573328172234	0.0	0.5801591011711706	0.5479344402999646	-1	0.40147483348125124	0.6812782518716037	0.9045805886204582	0.5359624367923567
CS17_02212_1-177	0.25985663082437277	0.5801591011711706	0.0	0.0712831583378936	-1	0.7487146561170938	0.2408511199897648	0.9599390285606952	0.09524372137743793
ROD_26351_1-125	0.20304732726607272	0.5479344402999646	0.0712831583378936	0.0	-1	0.7294273856031449	0.294965649805569	0.9568641703884595	0.025799643082451886
b0281_1-466	-1	-1	-1	-1	-1	-1	-1	-1	-1
SL1344_2747_1-304	0.6604909881678893	0.40147483348125124	0.7487146561170938	0.7294273856031449	-1	0.0	0.8092370126283049	0.840575774057192	0.7222618402101908
NCTC13441_03684_1-112	0.4381209902433205	0.6812782518716037	0.2408511199897648	0.294965649805569	-1	0.8092370126283049	0.0	0.9695877583997298	0.3131552844014537
SEN1968_1-103	0.9458740385880581	0.9045805886204582	0.9599390285606952	0.9568641703884595	-1	0.840575774057192	0.9695877583997298	0.0	0.9557218088607297
ETEC_1966_1-399	0.18194171550547097	0.5359624367923567	0.09524372137743793	0.025799643082451886	-1	0.7222618402101908	0.3131552844014537	0.9557218088607297	0.0
