NCTC13441_02636_1-551	0.0	0.14060721104610036	-1	0.1385008910753312	0.008074913609504908	0.2957038372209054	0.14464299126948804	0.02495049775624858	0.06525666965690496	0.641536184931049	0.20624333761807784	0.14403280695408233	0.10483415298733872	0.27995557571489676	0.06639022160973368
CS17_01384_1-551	0.14060721104610036	0.0	-1	0.27910810212143156	0.13253229743659545	0.43631104826700573	0.004035780223387686	0.11565671328985178	0.20586388070300532	0.5009289738849487	0.06563612657197748	0.003425595907981971	0.03577305805876163	0.4205627867609971	0.07421698943636668
b1206_1-559	-1	-1	-1	-1	-1	-1	-1	-1	-1	-1	-1	-1	-1	-1	-1
STMMW_17731_1-552	0.1385008910753312	0.27910810212143156	-1	0.0	0.1465758046848361	0.15720294614557417	0.28314388234481924	0.16345138883157978	0.07324422141842624	0.7800370760063803	0.34474422869340904	0.2825336980294135	0.24333504406266993	0.14145468463956556	0.20489111268506488
t1095_1-560	0.008074913609504908	0.13253229743659545	-1	0.1465758046848361	0.0	0.3037787508304103	0.13656807765998313	0.016875584146743672	0.07333158326640987	0.6334612713215442	0.19816842400857293	0.13595789334457742	0.09675923937783382	0.2880304893244017	0.05831530800022877
STM_MW17731_1-552	0.2957038372209054	0.43631104826700573	-1	0.15720294614557417	0.3037787508304103	0.0	0.4403468284903934	0.32065433497715395	0.2304471675640004	0.9372400221519545	0.5019471748389832	0.4397366441749877	0.4005379902082441	0.01574826150600861	0.36209405883063905
ETEC_1310_1-559	0.14464299126948804	0.004035780223387686	-1	0.28314388234481924	0.13656807765998313	0.4403468284903934	0.0	0.11969249351323946	0.209899660926393	0.49689319366156104	0.061600346348589796	0.0006101843154057152	0.03980883828214932	0.4245985669843848	0.07825276965975436
BN373_28331_1-550	0.02495049775624858	0.11565671328985178	-1	0.16345138883157978	0.016875584146743672	0.32065433497715395	0.11969249351323946	0.0	0.09020716741315354	0.6165856871748006	0.18129283986182926	0.11908230919783375	0.07988365523109014	0.30490607347114534	0.0414397238534851
SEN1258_1-552	0.06525666965690496	0.20586388070300532	-1	0.07324422141842624	0.07333158326640987	0.2304471675640004	0.209899660926393	0.09020716741315354	0.0	0.706792854587954	0.2715000072749828	0.2092894766109873	0.1700908226442437	0.2146989060579918	0.13164689126663864
BN373_03041_1-486	0.641536184931049	0.5009289738849487	-1	0.7800370760063803	0.6334612713215442	0.9372400221519545	0.49689319366156104	0.6165856871748006	0.706792854587954	0.0	0.43529284731297124	0.49750337797696675	0.5367020319437104	0.9214917606459458	0.5751459633213154
ERS227112_02167_1-487	0.20624333761807784	0.06563612657197748	-1	0.34474422869340904	0.19816842400857293	0.5019471748389832	0.061600346348589796	0.18129283986182926	0.2715000072749828	0.43529284731297124	0.0	0.06221053066399551	0.10140918463073911	0.4861989133329746	0.13985311600834416
ROD_18071_1-560	0.14403280695408233	0.003425595907981971	-1	0.2825336980294135	0.13595789334457742	0.4397366441749877	0.0006101843154057152	0.11908230919783375	0.2092894766109873	0.49750337797696675	0.06221053066399551	0.0	0.0391986539667436	0.4239883826689791	0.07764258534434865
ERS227112_04429_1-551	0.10483415298733872	0.03577305805876163	-1	0.24333504406266993	0.09675923937783382	0.4005379902082441	0.03980883828214932	0.07988365523109014	0.1700908226442437	0.5367020319437104	0.10140918463073911	0.0391986539667436	0.0	0.3847897287022355	0.038443931377605045
Ecoli9000q_1650_1-560	0.27995557571489676	0.4205627867609971	-1	0.14145468463956556	0.2880304893244017	0.01574826150600861	0.4245985669843848	0.30490607347114534	0.2146989060579918	0.9214917606459458	0.4861989133329746	0.4239883826689791	0.3847897287022355	0.0	0.34634579732463044
SL1344_1709_1-552	0.06639022160973368	0.07421698943636668	-1	0.20489111268506488	0.05831530800022877	0.36209405883063905	0.07825276965975436	0.0414397238534851	0.13164689126663864	0.5751459633213154	0.13985311600834416	0.07764258534434865	0.038443931377605045	0.34634579732463044	0.0
