ERS227112_04646_1-175	0.0	1.7904889303701514	2.2629598472088928	2.689311337194106	4.339339967399474	0.227157254326813	0.13345175843416346	1.9864204754527477
ROD_41231_1-173	1.7904889303701514	0.0	0.4724709168387413	0.8988224068239545	2.5488510370293227	2.0176461846969644	1.657037171935988	0.19593154508259625
SEN3584_1-159	2.2629598472088928	0.4724709168387413	0.0	0.4263514899852132	2.0763801201905814	2.4901171015357058	2.1295080887747293	0.27653937175614507
STMMW_37511_1-159	2.689311337194106	0.8988224068239545	0.4263514899852132	0.0	1.6500286302053682	2.916468591520919	2.5558595787599425	0.7028908617413583
STM_MW37511_1-159	4.339339967399474	2.5488510370293227	2.0763801201905814	1.6500286302053682	0.0	4.566497221726287	4.205888208965311	2.3529194919467264
BN373_26091_1-175	0.227157254326813	2.0176461846969644	2.4901171015357058	2.916468591520919	4.566497221726287	0.0	0.36060901276097646	2.2135777297795607
ENC_17830_1-149	0.13345175843416346	1.657037171935988	2.1295080887747293	2.5558595787599425	4.205888208965311	0.36060901276097646	0.0	1.8529687170185842
SL1344_3727_1-159	1.9864204754527477	0.19593154508259625	0.27653937175614507	0.7028908617413583	2.3529194919467264	2.2135777297795607	1.8529687170185842	0.0
