ETEC_1872_2-113	0.0	0.2682071147449949	0.23882242857315983	0.10547000043714677	0.5738617939412081	0.3701077228485964	-1	0.3333424000734494	0.1955056940077743	0.16234299866071666	0.01648066618607613	0.3038453506429789	0.2747110477697787	0.00922969852825084
BN373_29421_1-112	0.2682071147449949	0.0	0.5070295433181548	0.3736771151821417	0.842068908686203	0.10190060810360146	-1	0.06513528532845447	0.4637128087527692	0.10586411608427826	0.2517264485589188	0.03563823589798398	0.006503933024783803	0.27743681327324576
NCTC13441_02046_2-113	0.23882242857315983	0.5070295433181548	0.0	0.13335242813601306	0.33503936536804824	0.6089301514217562	-1	0.5721648286466092	0.04331673456538554	0.4011654272338765	0.25530309475923596	0.5426677792161387	0.5135334763429386	0.229592730044909
SL1344_1807_1-112	0.10547000043714677	0.3736771151821417	0.13335242813601306	0.0	0.4683917935040613	0.47557772328574316	-1	0.43881240051059617	0.09003569357062752	0.26781299909786344	0.1219506666232229	0.4093153510801257	0.3801810482069255	0.09624030190889593
STM_MW18541_1-112	0.5738617939412081	0.842068908686203	0.33503936536804824	0.4683917935040613	0.0	0.9439695167898045	-1	0.9072041940146575	0.3783560999334338	0.7362047926019247	0.5903424601272842	0.877707144584187	0.8485728417109868	0.5646320954129572
ENC_06550_1-112	0.3701077228485964	0.10190060810360146	0.6089301514217562	0.47557772328574316	0.9439695167898045	0.0	-1	0.03676532277514699	0.5656134168563707	0.20776472418787972	0.35362705666252026	0.06626237220561748	0.09539667507881766	0.37933742137684723
b1839_2-113	-1	-1	-1	-1	-1	-1	-1	-1	-1	-1	-1	-1	-1	-1
ROD_18781_1-112	0.3333424000734494	0.06513528532845447	0.5721648286466092	0.43881240051059617	0.9072041940146575	0.03676532277514699	-1	0.0	0.5288480940812237	0.17099940141273273	0.31686173388737326	0.02949704943047049	0.05863135230367067	0.34257209860170024
ERS227112_04305_1-112	0.1955056940077743	0.4637128087527692	0.04331673456538554	0.09003569357062752	0.3783560999334338	0.5656134168563707	-1	0.5288480940812237	0.0	0.35784869266849095	0.21198636019385042	0.4993510446507532	0.470216741777553	0.18627599547952345
t1004_1-112	0.16234299866071666	0.10586411608427826	0.4011654272338765	0.26781299909786344	0.7362047926019247	0.20776472418787972	-1	0.17099940141273273	0.35784869266849095	0.0	0.14586233247464053	0.14150235198226224	0.11236804910906206	0.1715726971889675
SEN1130_1-112	0.01648066618607613	0.2517264485589188	0.25530309475923596	0.1219506666232229	0.5903424601272842	0.35362705666252026	-1	0.31686173388737326	0.21198636019385042	0.14586233247464053	0.0	0.2873646844569028	0.2582303815837026	0.025710364714326972
SL1344_2632_1-111	0.3038453506429789	0.03563823589798398	0.5426677792161387	0.4093153510801257	0.877707144584187	0.06626237220561748	-1	0.02949704943047049	0.4993510446507532	0.14150235198226224	0.2873646844569028	0.0	0.02913430287320018	0.31307504917122975
CS17_02027_2-113	0.2747110477697787	0.006503933024783803	0.5135334763429386	0.3801810482069255	0.8485728417109868	0.09539667507881766	-1	0.05863135230367067	0.470216741777553	0.11236804910906206	0.2582303815837026	0.02913430287320018	0.0	0.28394074629802957
STMMW_18541_1-112	0.00922969852825084	0.27743681327324576	0.229592730044909	0.09624030190889593	0.5646320954129572	0.37933742137684723	-1	0.34257209860170024	0.18627599547952345	0.1715726971889675	0.025710364714326972	0.31307504917122975	0.28394074629802957	0.0
