BN373_44301_1-108	0.0	0.12394001798902471	0.5622119171226307	0.042367777718426265	0.20312509791425618	0.0945170290873567	0.44444662408121466	0.19229504359737878	0.11800684799156864	0.02582318620409909	0.013521325320770232	-1	0.5012261617297566
STM_MW35141_1-108	0.12394001798902471	0.0	0.5002761319237105	0.08518117746315106	0.09038773777049368	0.03249424875656398	0.3658500703986895	0.07802550854046171	0.006727002340035578	0.10071768327415972	0.11193216386979575	-1	0.43066245632482875
t3988_1-108	0.5622119171226307	0.5002761319237105	0.0	0.5428431994128892	0.4506188088851829	0.5165142836025738	0.21197835913903595	0.4579851474142217	0.5036377755536313	0.5506071621931562	0.5562113058148739	-1	0.12227135970959079
CS17_03845_1-108	0.042367777718426265	0.08518117746315106	0.5428431994128892	0.0	0.16786958130212357	0.05445645014396448	0.41986770809030344	0.1565603813139751	0.07898551083936076	0.01698315057393002	0.029241840840640514	-1	0.47915929866905804
ETEC_3674_1-108	0.20312509791425618	0.09038773777049368	0.4506188088851829	0.16786958130212357	0.0	0.11994490489140017	0.3028348935765482	0.013408428697915342	0.09650670158703663	0.18200177750001703	0.1922026065643424	-1	0.37408765545915607
SL1344_3492_1-108	0.0945170290873567	0.03249424875656398	0.5165142836025738	0.05445645014396448	0.11994490489140017	0.0	0.386456295960112	0.10798437701315453	0.025941756674381602	0.07051475862537784	0.08210588413674891	-1	0.44916265209546086
NCTC13441_00276_1-108	0.44444662408121466	0.3658500703986895	0.21197835913903595	0.41986770809030344	0.3028348935765482	0.386456295960112	0.0	0.3121827821967016	0.3701159984590509	0.42972018215660496	0.4368318442368428	-1	0.10220356874735718
SEN3350_1-108	0.19229504359737878	0.07802550854046171	0.4579851474142217	0.1565603813139751	0.013408428697915342	0.10798437701315453	0.3121827821967016	0.0	0.08422763310196313	0.17088464335813797	0.18122410840228234	-1	0.38248015650207695
ERS227112_00795_1-108	0.11800684799156864	0.006727002340035578	0.5036377755536313	0.07898551083936076	0.09650670158703663	0.025941756674381602	0.3701159984590509	0.08422763310196313	0.0	0.09462723858954714	0.10591766994332	-1	0.4344923913134017
ENC_26200_1-108	0.02582318620409909	0.10071768327415972	0.5506071621931562	0.01698315057393002	0.18200177750001703	0.07051475862537784	0.42972018215660496	0.17088464335813797	0.09462723858954714	0.0	0.012470478277018015	-1	0.48800481472479273
STMMW_35141_1-108	0.013521325320770232	0.11193216386979575	0.5562113058148739	0.029241840840640514	0.1922026065643424	0.08210588413674891	0.4368318442368428	0.18122410840228234	0.10591766994332	0.012470478277018015	0.0	-1	0.49438963956070503
b3425_1-108	-1	-1	-1	-1	-1	-1	-1	-1	-1	-1	-1	-1	-1
ROD_43991_1-108	0.5012261617297566	0.43066245632482875	0.12227135970959079	0.47915929866905804	0.37408765545915607	0.44916265209546086	0.10220356874735718	0.38248015650207695	0.4344923913134017	0.48800481472479273	0.49438963956070503	-1	0.0
