ENC_23020_1-126	0.0	0.06201973578953912	0.6106575944781056	0.25988204919970925	0.22105808181885966	0.17017547575267744	0.018216070662888217	0.0527304791158707	0.007240753263487054	0.18239186746562697	0.33401942477724744	-1	0.11089564303252142	0.2046576680864286
SEN0435_1-124	0.06201973578953912	0.0	0.5486378586885665	0.19786231341017013	0.15903834602932054	0.10815573996313832	0.043803665126650904	0.11475021490540982	0.05477898252605207	0.12037213167608785	0.2719996889877083	-1	0.17291537882206054	0.14263793229688948
Ecoli9000q_45550_1-123	0.6106575944781056	0.5486378586885665	0.0	0.3507755452783964	0.389599512659246	0.4404821187254282	0.5924415238152174	0.6633880735939763	0.6034168412146186	0.42826572701247867	0.2766381697008582	-1	0.721553237510627	0.40599992639167704
STMMW_05241_1-124	0.25988204919970925	0.19786231341017013	0.3507755452783964	0.0	0.03882396738084959	0.08970657344703181	0.24166597853682104	0.31261252831557995	0.2526412959362222	0.07749018173408229	0.07413737557753819	-1	0.37077769223223067	0.05522438111328065
ROD_04971_1-124	0.22105808181885966	0.15903834602932054	0.389599512659246	0.03882396738084959	0.0	0.05088260606618222	0.20284201115597145	0.27378856093473036	0.2138173285553726	0.0386662143532327	0.11296134295838778	-1	0.3319537248513811	0.016400413732431063
CS17_00474_1-123	0.17017547575267744	0.10815573996313832	0.4404821187254282	0.08970657344703181	0.05088260606618222	0.0	0.15195940508978922	0.22290595486854814	0.1629347224891904	0.012216391712949526	0.16384394902457	-1	0.28107111878519886	0.03448219233375116
SL1344_0447_1-124	0.018216070662888217	0.043803665126650904	0.5924415238152174	0.24166597853682104	0.20284201115597145	0.15195940508978922	0.0	0.07094654977875892	0.010975317399401163	0.16417579680273875	0.3158033541143592	-1	0.12911171369540964	0.18644159742354038
ETEC_0495_1-123	0.0527304791158707	0.11475021490540982	0.6633880735939763	0.31261252831557995	0.27378856093473036	0.22290595486854814	0.07094654977875892	0.0	0.05997123237935775	0.23512234658149767	0.38674990389311814	-1	0.05816516391665072	0.2573881472022993
NCTC13441_03536_1-123	0.007240753263487054	0.05477898252605207	0.6034168412146186	0.2526412959362222	0.2138173285553726	0.1629347224891904	0.010975317399401163	0.05997123237935775	0.0	0.1751511142021399	0.3267786715137604	-1	0.11813639629600847	0.19741691482294155
t2407_1-124	0.18239186746562697	0.12037213167608785	0.42826572701247867	0.07749018173408229	0.0386662143532327	0.012216391712949526	0.16417579680273875	0.23512234658149767	0.1751511142021399	0.0	0.15162755731162048	-1	0.2932875104981484	0.022265800620801635
BN373_08931_1-122	0.33401942477724744	0.2719996889877083	0.2766381697008582	0.07413737557753819	0.11296134295838778	0.16384394902457	0.3158033541143592	0.38674990389311814	0.3267786715137604	0.15162755731162048	0.0	-1	0.44491506780976886	0.12936175669081884
b0442_1-123	-1	-1	-1	-1	-1	-1	-1	-1	-1	-1	-1	-1	-1	-1
STM_MW05241_1-124	0.11089564303252142	0.17291537882206054	0.721553237510627	0.37077769223223067	0.3319537248513811	0.28107111878519886	0.12911171369540964	0.05816516391665072	0.11813639629600847	0.2932875104981484	0.44491506780976886	-1	0.0	0.31555331111895
ERS227112_02756_1-122	0.2046576680864286	0.14263793229688948	0.40599992639167704	0.05522438111328065	0.016400413732431063	0.03448219233375116	0.18644159742354038	0.2573881472022993	0.19741691482294155	0.022265800620801635	0.12936175669081884	-1	0.31555331111895	0.0
