ETEC_0230_1-523	0.0	1.0084750860581928	1.0308916627010025	0.0994840076175958	0.8515590495585257	0.9337531639154943	1.0831970082008917	1.1311181049470798	0.23408001792375588	0.08778000672140829	0.6846840524269857	2.869542602029244	2.8382209166218892	0.9188087794869544	0.005852000448093975	0.9337531639154943	1.8190850842041604	0.9412253561297641	1.0410357829032808	0.8608711388156833	2.166664879270022	1.6328349159128708	2.660740908688762	0.06437200492903283	0.12226004391881728	0.7917815118443667	0.7469483585587477	0.1580040120985351	0.017556001344281924	0.04096400313665738	0.9262809717012241	0.9561697405583036	0.9262809717012241	1.198679846479929	1.198679846479929	0.0995418337089804	2.960400147034971	0.739476166344478	0.9561697405583036	0.9113365872726846	0.9636419327725734	0.13459601030616009	2.673802247574937	1.6823344730876553	1.0635563634142309	0.739476166344478	0.8963922028441451	0.8590312417727954	0.2867480219566012	1.8401126032872368	2.2355082525662278	3.307018773092807	0.9509534608594823	0.005852000448094419	0.9262809717012241
ROD_08991_1-523	1.0084750860581928	0.0	0.022416576642809716	0.908991078440597	0.15691603649966712	0.07472192214269846	0.0747219221426989	0.12264301888888696	0.7743950681344369	0.9206950793367845	0.3237910336312071	1.861067515971051	1.8297458305636964	0.08966630657123842	1.0026230856100988	0.07472192214269846	0.8106099981459676	0.0672497299284287	0.032560696845088	0.14760394724250947	1.1581897932118292	0.624359829854678	1.652265822630569	0.94410308112916	0.8862150421393755	0.21669357421382607	0.26152672749944506	0.8504710739596577	1.0260310874024747	1.0494390891948502	0.08219411435696866	0.05230534549988919	0.08219411435696866	0.19020476042173629	0.19020476042173629	0.9089332523492124	1.951925060976778	0.2689989197137148	0.05230534549988919	0.09713849878550818	0.04483315328561943	1.143071096364353	1.6653271615167438	0.6738593870294625	0.05508127735603807	0.2689989197137148	0.11208288321404769	0.14944384428539736	0.7217270641015916	0.831637517229044	1.2270331665080352	2.298543687034614	0.05752162519871051	1.0143270865062872	0.08219411435696866
ROD_13911_1-523	1.0308916627010025	0.022416576642809716	0.0	0.9314076550834067	0.17933261314247684	0.09713849878550818	0.05230534549988919	0.10022644224607724	0.7968116447772466	0.9431116559795942	0.3462076102740168	1.8386509393282413	1.8073292539208867	0.11208288321404813	1.0250396622529085	0.09713849878550818	0.7881934215031579	0.08966630657123842	0.010144120202278284	0.17002052388531919	1.1357732165690195	0.6019432532118683	1.6298492459877594	0.9665196577719697	0.9086316187821852	0.23911015085663578	0.28394330414225477	0.8728876506024674	1.0484476640452844	1.07185566583766	0.10461069099977838	0.0747219221426989	0.10461069099977838	0.16778818377892657	0.16778818377892657	0.9313498289920221	1.9295084843339683	0.29141549635652453	0.0747219221426989	0.11955507542831789	0.06724972992842915	1.1654876730071626	1.642910584873934	0.6514428103866527	0.032664700713228356	0.29141549635652453	0.1344994598568574	0.17186042092820708	0.7441436407444013	0.8092209405862343	1.2046165898652255	2.2761271103918044	0.07993820184152023	1.036743663149097	0.10461069099977838
ETEC_2953_1-523	0.0994840076175958	0.908991078440597	0.9314076550834067	0.0	0.7520750419409299	0.8342691562978986	0.9837130005832959	1.031634097329484	0.13459601030616009	0.011704000896187505	0.5852000448093899	2.770058594411648	2.7387369090042935	0.8193247718693586	0.09363200716950182	0.8342691562978986	1.7196010765865646	0.8417413485121683	0.941551775285685	0.7613871311980875	2.0671808716524263	1.533350908295275	2.5612569010711663	0.03511200268856296	0.02277603630122149	0.6922975042267709	0.647464350941152	0.0585200044809393	0.11704000896187772	0.14044801075425317	0.8267969640836283	0.8566857329407078	0.8267969640836283	1.0991958388623333	1.0991958388623333	5.782609138460515e-05	2.860916139417375	0.6399921587268822	0.8566857329407078	0.8118525796550888	0.8641579251549776	0.23408001792375588	2.574318239957341	1.5828504654700595	0.9640723557966351	0.6399921587268822	0.7969081952265493	0.7595472341551996	0.1872640143390054	1.740628595669641	2.136024244948632	3.207534765475211	0.8514694532418865	0.10533600806569021	0.8267969640836283
ROD_38851_1-523	0.8515590495585257	0.15691603649966712	0.17933261314247684	0.7520750419409299	0.0	0.08219411435696866	0.23163795864236603	0.2795590553885541	0.6174790316347698	0.7637790428371174	0.16687499713153997	2.017983552470718	1.9866618670633636	0.0672497299284287	0.8457070491104317	0.08219411435696866	0.9675260346456347	0.08966630657123842	0.18947673334475512	0.009312089257157652	1.3151058297114964	0.7812758663543451	1.8091818591302362	0.7871870446294928	0.7292990056397084	0.059777537714158946	0.10461069099977793	0.6935550374599906	0.8691150509028076	0.8925230526951831	0.07472192214269846	0.10461069099977793	0.07472192214269846	0.3471207969214034	0.3471207969214034	0.7520172158495453	2.108841097476445	0.11208288321404769	0.10461069099977793	0.059777537714158946	0.11208288321404769	0.9861550598646858	1.8222431980164109	0.8307754235291296	0.2119973138557052	0.11208288321404769	0.04483315328561943	0.007472192214269757	0.5648110276019245	0.9885535537287111	1.3839492030077023	2.455459723534281	0.09939441130095661	0.8574110500066201	0.07472192214269846
ROD_06821_1-523	0.9337531639154943	0.07472192214269846	0.09713849878550818	0.8342691562978986	0.08219411435696866	0.0	0.14944384428539736	0.19736494103158542	0.6996731459917385	0.8459731571940861	0.24906911148850863	1.9357894381137495	1.904467752706395	0.014944384428539959	0.9279011634674004	0.0	0.885331920288666	0.007472192214269757	0.10728261898778646	0.07288202509981101	1.2329117153545277	0.6990817519973764	1.7269877447732676	0.8693811589864615	0.8114931199966771	0.1419716520711276	0.1868048053567466	0.7757491518169592	0.9513091652597763	0.9747171670521517	0.007472192214270201	0.02241657664280927	0.007472192214270201	0.26492668256443475	0.26492668256443475	0.834211330206514	2.0266469831194764	0.19427699757101635	0.02241657664280927	0.022416576642809716	0.02988876885707903	1.0683491742216544	1.7400490836594422	0.7485813091721609	0.12980319949873653	0.19427699757101635	0.03736096107134923	0.0747219221426989	0.6470051419588931	0.9063594393717425	1.3017550886507336	2.3732656091773126	0.017200296943987947	0.9396051643635888	0.007472192214270201
ROD_28231_1-523	1.0831970082008917	0.0747219221426989	0.05230534549988919	0.9837130005832959	0.23163795864236603	0.14944384428539736	0.0	0.04792109674618805	0.8491169902771358	0.9954170014794834	0.398512955773906	1.7863455938283521	1.7550239084209975	0.16438822871393732	1.0773450077527977	0.14944384428539736	0.7358880760032687	0.1419716520711276	0.042161225297610905	0.22232586938520837	1.0834678710691303	0.5496379077119791	1.5775439004878702	1.0188250032718589	0.9609369642820744	0.291415496356525	0.33624864964214396	0.9251929961023566	1.1007530095451736	1.124161011337549	0.15691603649966757	0.1270272676425881	0.15691603649966757	0.11548283827903738	0.11548283827903738	0.9836551744919113	1.877203138834079	0.3437208418564137	0.1270272676425881	0.17186042092820708	0.11955507542831834	1.2177930185070518	1.5906052393740449	0.5991374648867636	0.019640644786660832	0.3437208418564137	0.1868048053567466	0.22416576642809627	0.7964489862442905	0.7569155950863451	1.1523112443653363	2.223821764891915	0.13224354734140942	1.0890490086489861	0.15691603649966757
Ecoli9000q_32360_7-512	1.1311181049470798	0.12264301888888696	0.10022644224607724	1.031634097329484	0.2795590553885541	0.19736494103158542	0.04792109674618805	0.0	0.8970380870233239	1.0433380982256715	0.44643405252009405	1.738424497082164	1.7071028116748095	0.21230932546012538	1.1252661044989858	0.19736494103158542	0.6879669792570806	0.18989274881731566	0.09008232204379896	0.2702469661313964	1.0355467743229423	0.501716810965791	1.5296228037416821	1.066746100018047	1.0088580610282625	0.339336593102713	0.384169746388332	0.9731140928485447	1.1486741062913617	1.1720821080837371	0.20483713324585562	0.17494836438877615	0.20483713324585562	0.06756174153284933	0.06756174153284933	1.0315762712380994	1.829282042087891	0.39164193860260177	0.17494836438877615	0.21978151767439513	0.1674761721745064	1.2657141152532398	1.5426841426278568	0.5512163681405755	0.06756174153284888	0.39164193860260177	0.23472590210293465	0.2720868631742843	0.8443700829904786	0.708994498340157	1.1043901476191482	2.175900668145727	0.18016464408759747	1.1369701053951742	0.20483713324585562
ETEC_1939_1-523	0.23408001792375588	0.7743950681344369	0.7968116447772466	0.13459601030616009	0.6174790316347698	0.6996731459917385	0.8491169902771358	0.8970380870233239	0.0	0.1463000112023476	0.45060403450322983	2.635462584105488	2.6041408986981334	0.6847287615631985	0.2282280174756619	0.6996731459917385	1.5850050662804045	0.7071453382060082	0.8069557649795249	0.6267911208919275	1.9325848613462662	1.398754897989115	2.426660890765006	0.16970801299472305	0.1118199740049386	0.5577014939206109	0.5128683406349919	0.07607600582522078	0.2516360192680378	0.27504402106041326	0.6922009537774683	0.7220897226345477	0.6922009537774683	0.9645998285561732	0.9645998285561732	0.13453818421477548	2.726320129111215	0.5053961484207221	0.7220897226345477	0.6772565693489287	0.7295619148488175	0.36867602822991596	2.4397222296511805	1.4482544551638994	0.829476345490475	0.5053961484207221	0.6623121849203892	0.6249512238490396	0.05266800403284533	1.606032585363481	2.0014282346424723	3.072938755169051	0.7168734429357264	0.2399320183718503	0.6922009537774683
ETEC_2616_1-523	0.08778000672140829	0.9206950793367845	0.9431116559795942	0.011704000896187505	0.7637790428371174	0.8459731571940861	0.9954170014794834	1.0433380982256715	0.1463000112023476	0.0	0.5969040457055774	2.7817625953078355	2.750440909900481	0.8310287727655461	0.08192800627331431	0.8459731571940861	1.731305077482752	0.8534453494083558	0.9532557761818725	0.773091132094275	2.0788848725486138	1.5450549091914625	2.5729609019673534	0.023408001792375455	0.034480037197409	0.7040015051229584	0.6591683518373395	0.07022400537712681	0.10533600806569021	0.12874400985806567	0.8385009649798159	0.8683897338368953	0.8385009649798159	1.1108998397585208	1.1108998397585208	0.01176182698757211	2.8726201403135625	0.6516961596230697	0.8683897338368953	0.8235565805512763	0.8758619260511651	0.22237601702756837	2.586022240853528	1.594554466366247	0.9757763566928226	0.6516961596230697	0.8086121961227368	0.7712512350513872	0.19896801523519292	1.7523325965658285	2.14772824584482	3.2192387663713986	0.863173454138074	0.0936320071695027	0.8385009649798159
ETEC_2144_1-523	0.6846840524269857	0.3237910336312071	0.3462076102740168	0.5852000448093899	0.16687499713153997	0.24906911148850863	0.398512955773906	0.44643405252009405	0.45060403450322983	0.5969040457055774	0.0	2.184858549602258	2.1535368641949035	0.23412472705996867	0.6788320519788917	0.24906911148850863	1.1344010317771747	0.2565413037027784	0.3563517304762951	0.17618708638869762	1.4819808268430363	0.9481508634858851	1.9760568562617762	0.6203120474979529	0.5624240085081684	0.10709745941738102	0.06226430613176204	0.5266800403284506	0.7022400537712676	0.7256480555636431	0.24159691927423843	0.2714856881313179	0.24159691927423843	0.5139957940529434	0.5139957940529434	0.5851422187180053	2.275716094607985	0.05479211391749228	0.2714856881313179	0.22665253484569892	0.27895788034558766	0.8192800627331458	1.9891181951479509	0.9976504206606696	0.37887231098724516	0.05479211391749228	0.2117081504171594	0.17434718934580973	0.3979360304703845	1.155428550860251	1.5508242001392423	2.622334720665821	0.2662694084324966	0.6905360528750801	0.24159691927423843
CS17_01105_13-537	2.869542602029244	1.861067515971051	1.8386509393282413	2.770058594411648	2.017983552470718	1.9357894381137495	1.7863455938283521	1.738424497082164	2.635462584105488	2.7817625953078355	2.184858549602258	0.0	0.03132168540735436	1.9507338225422894	2.86369060158115	1.9357894381137495	1.0504575178250835	1.9283172458994797	1.828506819125963	2.0086714632135605	0.7028777227592217	1.236707686116373	0.20880169334048182	2.805170597100211	2.7472825581104265	2.077761090184877	2.122594243470496	2.7115385899307087	2.8870986033735258	2.910506605165901	1.9432616303280197	1.9133728614709402	1.9432616303280197	1.6708627555493147	1.6708627555493147	2.7700007683202634	0.09085754500572707	2.130066435684766	1.9133728614709402	1.9582060147565592	1.9059006692566705	3.004138612335404	0.19574035445430715	1.1872081289415886	1.805986238615013	2.130066435684766	1.9731503991850987	2.0105113602564484	2.5827945800726426	1.0294299987420068	0.6340343494630157	0.437476171063563	1.9185891411697615	2.8753946024773382	1.9432616303280197
NCTC13441_04958_7-512	2.8382209166218892	1.8297458305636964	1.8073292539208867	2.7387369090042935	1.9866618670633636	1.904467752706395	1.7550239084209975	1.7071028116748095	2.6041408986981334	2.750440909900481	2.1535368641949035	0.03132168540735436	0.0	1.9194121371349349	2.8323689161737953	1.904467752706395	1.0191358324177289	1.8969955604921251	1.7971851337186084	1.977349777806206	0.6715560373518673	1.2053860007090185	0.17748000793312746	2.7738489116928564	2.715960872703072	2.0464394047775225	2.0912725580631415	2.680216904523354	2.855776917966171	2.8791849197585466	1.911939944920665	1.8820511760635856	1.911939944920665	1.6395410701419602	1.6395410701419602	2.738679082912909	0.12217923041308143	2.0987447502774113	1.8820511760635856	1.9268843293492046	1.8745789838493159	2.9728169269280493	0.1644186690469528	1.155886443534234	1.7746645532076584	2.0987447502774113	1.9418287137777441	1.9791896748490938	2.551472894665288	0.9981083133346526	0.6027126640556614	0.4687978564709174	1.887267455762407	2.8440729170699837	1.911939944920665
ROD_23611_1-523	0.9188087794869544	0.08966630657123842	0.11208288321404813	0.8193247718693586	0.0672497299284287	0.014944384428539959	0.16438822871393732	0.21230932546012538	0.6847287615631985	0.8310287727655461	0.23412472705996867	1.9507338225422894	1.9194121371349349	0.0	0.9129567790388604	0.014944384428539959	0.900276304717206	0.022416576642809716	0.12222700341632642	0.05793764067127105	1.2478560997830677	0.7140261364259164	1.7419321292018075	0.8544367745579216	0.7965487355681371	0.12702726764258765	0.17186042092820664	0.7608047673884193	0.9363647808312363	0.9597727826236118	0.007472192214269757	0.03736096107134923	0.007472192214269757	0.2798710669929747	0.2798710669929747	0.819266945777974	2.0415913675480164	0.1793326131424764	0.03736096107134923	0.007472192214269757	0.04483315328561899	1.0534047897931145	1.7549934680879822	0.7635256936007009	0.1447475839272765	0.1793326131424764	0.02241657664280927	0.059777537714158946	0.6320607575303532	0.9213038238002824	1.3166994730792736	2.3882099936058525	0.032144681372527906	0.9246607799350488	0.007472192214269757
ETEC_0346_1-523	0.005852000448093975	1.0026230856100988	1.0250396622529085	0.09363200716950182	0.8457070491104317	0.9279011634674004	1.0773450077527977	1.1252661044989858	0.2282280174756619	0.08192800627331431	0.6788320519788917	2.86369060158115	2.8323689161737953	0.9129567790388604	0.0	0.9279011634674004	1.8132330837560664	0.9353733556816701	1.0351837824551868	0.8550191383675894	2.160812878821928	1.6269829154647768	2.654888908240668	0.05852000448093886	0.11640804347072331	0.7859295113962728	0.7410963581106538	0.15215201165044112	0.0234080017923759	0.04681600358475135	0.9204289712531302	0.9503177401102096	0.9204289712531302	1.1928278460318351	1.1928278460318351	0.09368983326088642	2.954548146586877	0.733624165896384	0.9503177401102096	0.9054845868245907	0.9577899323244794	0.14044801075425406	2.667950247126843	1.6764824726395613	1.057704362966137	0.733624165896384	0.8905402023960511	0.8531792413247015	0.28089602150850723	1.8342606028391428	2.229656252118134	3.301166772644713	0.9451014604113883	0.011704000896188393	0.9204289712531302
ROD_31891_1-523	0.9337531639154943	0.07472192214269846	0.09713849878550818	0.8342691562978986	0.08219411435696866	0.0	0.14944384428539736	0.19736494103158542	0.6996731459917385	0.8459731571940861	0.24906911148850863	1.9357894381137495	1.904467752706395	0.014944384428539959	0.9279011634674004	0.0	0.885331920288666	0.007472192214269757	0.10728261898778646	0.07288202509981101	1.2329117153545277	0.6990817519973764	1.7269877447732676	0.8693811589864615	0.8114931199966771	0.1419716520711276	0.1868048053567466	0.7757491518169592	0.9513091652597763	0.9747171670521517	0.007472192214270201	0.02241657664280927	0.007472192214270201	0.26492668256443475	0.26492668256443475	0.834211330206514	2.0266469831194764	0.19427699757101635	0.02241657664280927	0.022416576642809716	0.02988876885707903	1.0683491742216544	1.7400490836594422	0.7485813091721609	0.12980319949873653	0.19427699757101635	0.03736096107134923	0.0747219221426989	0.6470051419588931	0.9063594393717425	1.3017550886507336	2.3732656091773126	0.017200296943987947	0.9396051643635888	0.007472192214270201
CS17_00319_1-523	1.8190850842041604	0.8106099981459676	0.7881934215031579	1.7196010765865646	0.9675260346456347	0.885331920288666	0.7358880760032687	0.6879669792570806	1.5850050662804045	1.731305077482752	1.1344010317771747	1.0504575178250835	1.0191358324177289	0.900276304717206	1.8132330837560664	0.885331920288666	0.0	0.8778597280743963	0.7780493013008796	0.958213945388477	0.3475797950658617	0.1862501682912896	0.8416558244846015	1.7547130792751275	1.696825040285343	1.0273035723597936	1.0721367256454126	1.6610810721056253	1.8366410855484423	1.8600490873408178	0.8928041125029362	0.8629153436458568	0.8928041125029362	0.6204052377242313	0.6204052377242313	1.71954325049518	1.1413150628308104	1.0796089178596824	0.8629153436458568	0.9077484969314757	0.855443151431587	1.9536810945103205	0.8547171633707762	0.1367506111165051	0.7555287207899295	1.0796089178596824	0.9226928813600153	0.9600538424313649	1.5323370622475592	0.02102751908307643	0.4164231683620676	1.4879336888886463	0.8681316233446781	1.8249370846522548	0.8928041125029362
ROD_28321_1-523	0.9412253561297641	0.0672497299284287	0.08966630657123842	0.8417413485121683	0.08966630657123842	0.007472192214269757	0.1419716520711276	0.18989274881731566	0.7071453382060082	0.8534453494083558	0.2565413037027784	1.9283172458994797	1.8969955604921251	0.022416576642809716	0.9353733556816701	0.007472192214269757	0.8778597280743963	0.0	0.0998104267735167	0.08035421731408077	1.225439523140258	0.6916095597831067	1.7195155525589978	0.8768533512007313	0.8189653122109468	0.14944384428539736	0.19427699757101635	0.783221344031229	0.958781357474046	0.9821893592664215	0.014944384428539959	0.014944384428539514	0.014944384428539959	0.257454490350165	0.257454490350165	0.8416835224207837	2.0191747909052067	0.2017491897852861	0.014944384428539514	0.029888768857079473	0.02241657664280927	1.0758213664359242	1.7325768914451725	0.7411091169578912	0.12233100728446678	0.2017491897852861	0.04483315328561899	0.08219411435696866	0.6544773341731629	0.8988872471574727	1.2942828964364639	2.365793416963043	0.00972810472971819	0.9470773565778585	0.014944384428539959
Ecoli9000q_2730_7-512	1.0410357829032808	0.032560696845088	0.010144120202278284	0.941551775285685	0.18947673334475512	0.10728261898778646	0.042161225297610905	0.09008232204379896	0.8069557649795249	0.9532557761818725	0.3563517304762951	1.828506819125963	1.7971851337186084	0.12222700341632642	1.0351837824551868	0.10728261898778646	0.7780493013008796	0.0998104267735167	0.0	0.18016464408759747	1.1256290963667412	0.59179913300959	1.619705125785481	0.976663777974248	0.9187757389844635	0.24925427105891407	0.29408742434453305	0.8830317708047457	1.0585917842475627	1.0819997860399382	0.11475481120205666	0.08486604234497719	0.11475481120205666	0.15764406357664829	0.15764406357664829	0.9414939491943004	1.91936436413169	0.3015596165588028	0.08486604234497719	0.12969919563059618	0.07739385013070743	1.175631793209441	1.6327664646716558	0.6412986901843745	0.022520580510950072	0.3015596165588028	0.1446435800591357	0.18200454113048536	0.7542877609466796	0.799076820383956	1.1944724696629472	2.265982990189526	0.09008232204379851	1.0468877833513752	0.11475481120205666
Ecoli9000q_51850_7-512	0.8608711388156833	0.14760394724250947	0.17002052388531919	0.7613871311980875	0.009312089257157652	0.07288202509981101	0.22232586938520837	0.2702469661313964	0.6267911208919275	0.773091132094275	0.17618708638869762	2.0086714632135605	1.977349777806206	0.05793764067127105	0.8550191383675894	0.07288202509981101	0.958213945388477	0.08035421731408077	0.18016464408759747	0.0	1.3057937404543387	0.7719637770971874	1.7998697698730786	0.7964991338866505	0.738611094896866	0.0690896269713166	0.11392278025693559	0.7028671267171482	0.8784271401599653	0.9018351419523407	0.06540983288554081	0.09529860174262028	0.06540983288554081	0.33780870766424576	0.33780870766424576	0.7613293051067029	2.0995290082192875	0.12139497247120534	0.09529860174262028	0.050465448457001294	0.10277079395689004	0.9954671491218434	1.8129311087592532	0.8214633342719719	0.20268522459854754	0.12139497247120534	0.03552106402846178	0.0018398970428878947	0.5741231168590821	0.9792414644715535	1.3746371137505446	2.4461476342771236	0.09008232204379896	0.8667231392637778	0.06540983288554081
ROD_50111_1-523	2.166664879270022	1.1581897932118292	1.1357732165690195	2.0671808716524263	1.3151058297114964	1.2329117153545277	1.0834678710691303	1.0355467743229423	1.9325848613462662	2.0788848725486138	1.4819808268430363	0.7028777227592217	0.6715560373518673	1.2478560997830677	2.160812878821928	1.2329117153545277	0.3475797950658617	1.225439523140258	1.1256290963667412	1.3057937404543387	0.0	0.5338299633571513	0.49407602941873985	2.102292874340989	2.0444048353512048	1.3748833674256553	1.4197165207112743	2.008660867171487	2.184220880614304	2.2076288824066794	1.240383907568798	1.2104951387117184	1.240383907568798	0.967985032790093	0.967985032790093	2.0671230455610416	0.7937352677649487	1.427188712925544	1.2104951387117184	1.2553282919973374	1.2030229464974487	2.301260889576182	0.5071373683049145	0.4843304061823668	1.1031085158557912	1.427188712925544	1.270272676425877	1.3076336374972266	1.8799168573134208	0.32655227598278525	0.06884337329620593	1.1403538938227846	1.2157114184105398	2.1725168797181165	1.240383907568798
NCTC13441_04167_13-537	1.6328349159128708	0.624359829854678	0.6019432532118683	1.533350908295275	0.7812758663543451	0.6990817519973764	0.5496379077119791	0.501716810965791	1.398754897989115	1.5450549091914625	0.9481508634858851	1.236707686116373	1.2053860007090185	0.7140261364259164	1.6269829154647768	0.6990817519973764	0.1862501682912896	0.6916095597831067	0.59179913300959	0.7719637770971874	0.5338299633571513	0.0	1.0279059927758911	1.568462910983838	1.5105748719940535	0.841053404068504	0.885886557354123	1.4748309038143357	1.6503909172571527	1.6737989190495282	0.7065539442116466	0.6766651753545672	0.7065539442116466	0.4341550694329417	0.4341550694329417	1.5332930822038904	1.3275652311221	0.8933587495683928	0.6766651753545672	0.7214983286401861	0.6691929831402974	1.7674309262190309	1.0409673316620658	0.04949955717478449	0.5692785524986399	0.8933587495683928	0.7364427130687257	0.7738036741400753	1.3460868939562696	0.20727768737436603	0.6026733366533572	1.674183857179936	0.6818814550533885	1.6386869163609652	0.7065539442116466
CS17_00271_1-523	2.660740908688762	1.652265822630569	1.6298492459877594	2.5612569010711663	1.8091818591302362	1.7269877447732676	1.5775439004878702	1.5296228037416821	2.426660890765006	2.5729609019673534	1.9760568562617762	0.20880169334048182	0.17748000793312746	1.7419321292018075	2.654888908240668	1.7269877447732676	0.8416558244846015	1.7195155525589978	1.619705125785481	1.7998697698730786	0.49407602941873985	1.0279059927758911	0.0	2.5963689037597293	2.5384808647699444	1.8689593968443952	1.9137925501300141	2.5027368965902266	2.678296910033044	2.701704911825419	1.7344599369875378	1.7045711681304583	1.7344599369875378	1.4620610622088328	1.4620610622088328	2.5611990749797817	0.2996592383462089	1.921264742344284	1.7045711681304583	1.7494043214160773	1.6970989759161885	2.7953369189949218	0.013061338886174667	0.9784064356011066	1.597184545274531	1.921264742344284	1.7643487058446168	1.8017096669159665	2.373992886732161	0.8206283054015251	0.4252326561225339	0.6462778644040448	1.7097874478292796	2.666592909136856	1.7344599369875378
ETEC_1010_1-523	0.06437200492903283	0.94410308112916	0.9665196577719697	0.03511200268856296	0.7871870446294928	0.8693811589864615	1.0188250032718589	1.066746100018047	0.16970801299472305	0.023408001792375455	0.6203120474979529	2.805170597100211	2.7738489116928564	0.8544367745579216	0.05852000448093886	0.8693811589864615	1.7547130792751275	0.8768533512007313	0.976663777974248	0.7964991338866505	2.102292874340989	1.568462910983838	2.5963689037597293	0.0	0.05788803898978445	0.7274095069153339	0.6825763536297149	0.09363200716950226	0.08192800627331476	0.10533600806569021	0.8619089667721913	0.8917977356292708	0.8619089667721913	1.1343078415508963	1.1343078415508963	0.035169828779947565	2.896028142105938	0.6751041614154452	0.8917977356292708	0.8469645823436518	0.8992699278435405	0.19896801523519292	2.609430242645904	1.6179624681586224	0.999184358485198	0.6751041614154452	0.8320201979151123	0.7946592368437626	0.22237601702756837	1.775740598358204	2.171136247637195	3.242646768163774	0.8865814559304495	0.07022400537712725	0.8619089667721913
ETEC_2142_1-463	0.12226004391881728	0.8862150421393755	0.9086316187821852	0.02277603630122149	0.7292990056397084	0.8114931199966771	0.9609369642820744	1.0088580610282625	0.1118199740049386	0.034480037197409	0.5624240085081684	2.7472825581104265	2.715960872703072	0.7965487355681371	0.11640804347072331	0.8114931199966771	1.696825040285343	0.8189653122109468	0.9187757389844635	0.738611094896866	2.0444048353512048	1.5105748719940535	2.5384808647699444	0.05788803898978445	0.0	0.6695214679255495	0.6246883146399305	0.03574396817971781	0.1398160452630992	0.16322404705547466	0.8040209277824069	0.8339096966394863	0.8040209277824069	1.0764198025611118	1.0764198025611118	0.022718210209836887	2.8381401031161535	0.6172161224256607	0.8339096966394863	0.7890765433538673	0.8413818888537561	0.25685605422497737	2.551542203656119	1.560074429168838	0.9412963194954136	0.6172161224256607	0.7741321589253278	0.7367711978539782	0.16448797803778392	1.7178525593684195	2.113248208647411	3.1847587291739896	0.828693416940665	0.1281120443669117	0.8040209277824069
ROD_12861_1-523	0.7917815118443667	0.21669357421382607	0.23911015085663578	0.6922975042267709	0.059777537714158946	0.1419716520711276	0.291415496356525	0.339336593102713	0.5577014939206109	0.7040015051229584	0.10709745941738102	2.077761090184877	2.0464394047775225	0.12702726764258765	0.7859295113962728	0.1419716520711276	1.0273035723597936	0.14944384428539736	0.24925427105891407	0.0690896269713166	1.3748833674256553	0.841053404068504	1.8689593968443952	0.7274095069153339	0.6695214679255495	0.0	0.04483315328561899	0.6337774997458316	0.8093375131886487	0.8327455149810241	0.1344994598568574	0.16438822871393688	0.1344994598568574	0.40689833463556235	0.40689833463556235	0.6922396781353863	2.168618635190604	0.052305345499888745	0.16438822871393688	0.11955507542831789	0.17186042092820664	0.9263775221505268	1.8820207357305698	0.8905529612432885	0.27177485156986414	0.052305345499888745	0.10461069099977838	0.0672497299284287	0.5050334898877655	1.04833109144287	1.4437267407218612	2.51523726124844	0.15917194901511555	0.7976335122924612	0.1344994598568574
ROD_26481_1-523	0.7469483585587477	0.26152672749944506	0.28394330414225477	0.647464350941152	0.10461069099977793	0.1868048053567466	0.33624864964214396	0.384169746388332	0.5128683406349919	0.6591683518373395	0.06226430613176204	2.122594243470496	2.0912725580631415	0.17186042092820664	0.7410963581106538	0.1868048053567466	1.0721367256454126	0.19427699757101635	0.29408742434453305	0.11392278025693559	1.4197165207112743	0.885886557354123	1.9137925501300141	0.6825763536297149	0.6246883146399305	0.04483315328561899	0.0	0.5889443464602127	0.7645043599030297	0.7879123616954051	0.1793326131424764	0.20922138199955587	0.1793326131424764	0.45173148792118134	0.45173148792118134	0.6474065248497674	2.213451788476223	0.007472192214269757	0.20922138199955587	0.16438822871393688	0.21669357421382562	0.8815443688649078	1.9268538890161888	0.9353861145289075	0.3166080048554831	0.007472192214269757	0.14944384428539736	0.11208288321404769	0.46020033660214654	1.093164244728489	1.4885598940074802	2.560070414534059	0.20400510230073454	0.7528003590068422	0.1793326131424764
ETEC_0554_1-523	0.1580040120985351	0.8504710739596577	0.8728876506024674	0.0585200044809393	0.6935550374599906	0.7757491518169592	0.9251929961023566	0.9731140928485447	0.07607600582522078	0.07022400537712681	0.5266800403284506	2.7115385899307087	2.680216904523354	0.7608047673884193	0.15215201165044112	0.7757491518169592	1.6610810721056253	0.783221344031229	0.8830317708047457	0.7028671267171482	2.008660867171487	1.4748309038143357	2.5027368965902266	0.09363200716950226	0.03574396817971781	0.6337774997458316	0.5889443464602127	0.0	0.17556001344281702	0.19896801523519247	0.768276959602689	0.7981657284597685	0.768276959602689	1.040675834381394	1.040675834381394	0.0584621783895547	2.8023961349364357	0.5814721542459429	0.7981657284597685	0.7533325751741495	0.8056379206740383	0.2926000224046952	2.5157982354764012	1.5243304609891202	0.9055523513156958	0.5814721542459429	0.73838819074561	0.7010272296742603	0.1287440098580661	1.6821085911887017	2.077504240467693	3.149014760994272	0.7929494487609472	0.16385601254662951	0.768276959602689
ETEC_4459_1-523	0.017556001344281924	1.0260310874024747	1.0484476640452844	0.11704000896187772	0.8691150509028076	0.9513091652597763	1.1007530095451736	1.1486741062913617	0.2516360192680378	0.10533600806569021	0.7022400537712676	2.8870986033735258	2.855776917966171	0.9363647808312363	0.0234080017923759	0.9513091652597763	1.8366410855484423	0.958781357474046	1.0585917842475627	0.8784271401599653	2.184220880614304	1.6503909172571527	2.678296910033044	0.08192800627331476	0.1398160452630992	0.8093375131886487	0.7645043599030297	0.17556001344281702	0.0	0.023408001792375455	0.9438369730455061	0.9737257419025855	0.9438369730455061	1.216235847824211	1.216235847824211	0.11709783505326232	2.9779561483792527	0.7570321676887599	0.9737257419025855	0.9288925886169666	0.9811979341168553	0.11704000896187816	2.6913582489192187	1.6998904744319372	1.0811123647585128	0.7570321676887599	0.913948204188427	0.8765872431170774	0.30430402330088313	1.8576686046315187	2.2530642539105097	3.324574774437089	0.9685094622037642	0.011704000896187505	0.9438369730455061
ETEC_4712_1-523	0.04096400313665738	1.0494390891948502	1.07185566583766	0.14044801075425317	0.8925230526951831	0.9747171670521517	1.124161011337549	1.1720821080837371	0.27504402106041326	0.12874400985806567	0.7256480555636431	2.910506605165901	2.8791849197585466	0.9597727826236118	0.04681600358475135	0.9747171670521517	1.8600490873408178	0.9821893592664215	1.0819997860399382	0.9018351419523407	2.2076288824066794	1.6737989190495282	2.701704911825419	0.10533600806569021	0.16322404705547466	0.8327455149810241	0.7879123616954051	0.19896801523519247	0.023408001792375455	0.0	0.9672449748378815	0.997133743694961	0.9672449748378815	1.2396438496165865	1.2396438496165865	0.14050583684563778	3.001364150171628	0.7804401694811354	0.997133743694961	0.952300590409342	1.0046059359092308	0.0936320071695027	2.7147662507115937	1.7232984762243126	1.1045203665508883	0.7804401694811354	0.9373562059808025	0.8999952449094528	0.3277120250932586	1.8810766064238942	2.2764722557028856	3.3479827762294643	0.9919174639961397	0.03511200268856296	0.9672449748378815
ROD_47731_1-523	0.9262809717012241	0.08219411435696866	0.10461069099977838	0.8267969640836283	0.07472192214269846	0.007472192214270201	0.15691603649966757	0.20483713324585562	0.6922009537774683	0.8385009649798159	0.24159691927423843	1.9432616303280197	1.911939944920665	0.007472192214269757	0.9204289712531302	0.007472192214270201	0.8928041125029362	0.014944384428539959	0.11475481120205666	0.06540983288554081	1.240383907568798	0.7065539442116466	1.7344599369875378	0.8619089667721913	0.8040209277824069	0.1344994598568574	0.1793326131424764	0.768276959602689	0.9438369730455061	0.9672449748378815	0.0	0.029888768857079473	0.0	0.27239887477870495	0.27239887477870495	0.8267391379922437	2.0341191753337466	0.18680480535674615	0.029888768857079473	0.014944384428539514	0.03736096107134923	1.0608769820073842	1.7475212758737124	0.7560535013864311	0.13727539171300673	0.18680480535674615	0.02988876885707903	0.0672497299284287	0.6395329497446229	0.9138316315860127	1.3092272808650038	2.3807378013915828	0.02467248915825815	0.9321329721493186	0.0
ROD_40711_1-523	0.9561697405583036	0.05230534549988919	0.0747219221426989	0.8566857329407078	0.10461069099977793	0.02241657664280927	0.1270272676425881	0.17494836438877615	0.7220897226345477	0.8683897338368953	0.2714856881313179	1.9133728614709402	1.8820511760635856	0.03736096107134923	0.9503177401102096	0.02241657664280927	0.8629153436458568	0.014944384428539514	0.08486604234497719	0.09529860174262028	1.2104951387117184	0.6766651753545672	1.7045711681304583	0.8917977356292708	0.8339096966394863	0.16438822871393688	0.20922138199955587	0.7981657284597685	0.9737257419025855	0.997133743694961	0.029888768857079473	0.0	0.029888768857079473	0.24251010592162547	0.24251010592162547	0.8566279068493232	2.004230406476667	0.21669357421382562	0.0	0.04483315328561899	0.007472192214269757	1.0907657508644637	1.717632507016633	0.7261647325293517	0.10738662285592726	0.21669357421382562	0.0597775377141585	0.09713849878550818	0.6694217186017024	0.8839428627289332	1.2793385120079244	2.3508490325345033	0.0052162796988213245	0.962021741006398	0.029888768857079473
ROD_35321_1-523	0.9262809717012241	0.08219411435696866	0.10461069099977838	0.8267969640836283	0.07472192214269846	0.007472192214270201	0.15691603649966757	0.20483713324585562	0.6922009537774683	0.8385009649798159	0.24159691927423843	1.9432616303280197	1.911939944920665	0.007472192214269757	0.9204289712531302	0.007472192214270201	0.8928041125029362	0.014944384428539959	0.11475481120205666	0.06540983288554081	1.240383907568798	0.7065539442116466	1.7344599369875378	0.8619089667721913	0.8040209277824069	0.1344994598568574	0.1793326131424764	0.768276959602689	0.9438369730455061	0.9672449748378815	0.0	0.029888768857079473	0.0	0.27239887477870495	0.27239887477870495	0.8267391379922437	2.0341191753337466	0.18680480535674615	0.029888768857079473	0.014944384428539514	0.03736096107134923	1.0608769820073842	1.7475212758737124	0.7560535013864311	0.13727539171300673	0.18680480535674615	0.02988876885707903	0.0672497299284287	0.6395329497446229	0.9138316315860127	1.3092272808650038	2.3807378013915828	0.02467248915825815	0.9321329721493186	0.0
Ecoli9000q_53070_7-512	1.198679846479929	0.19020476042173629	0.16778818377892657	1.0991958388623333	0.3471207969214034	0.26492668256443475	0.11548283827903738	0.06756174153284933	0.9645998285561732	1.1108998397585208	0.5139957940529434	1.6708627555493147	1.6395410701419602	0.2798710669929747	1.1928278460318351	0.26492668256443475	0.6204052377242313	0.257454490350165	0.15764406357664829	0.33780870766424576	0.967985032790093	0.4341550694329417	1.4620610622088328	1.1343078415508963	1.0764198025611118	0.40689833463556235	0.45173148792118134	1.040675834381394	1.216235847824211	1.2396438496165865	0.27239887477870495	0.24251010592162547	0.27239887477870495	0.0	0.0	1.0991380127709487	1.7617203005550417	0.4592036801354511	0.24251010592162547	0.28734325920724446	0.23503791370735572	1.3332758567860892	1.4751224010950075	0.4836546266077262	0.1351234830656982	0.4592036801354511	0.302287643635784	0.33964860470713365	0.9119318245233279	0.6414327568073077	1.036828406086299	2.108338926612878	0.2477263856204468	1.2045318469280235	0.27239887477870495
Ecoli9000q_39570_7-512	1.198679846479929	0.19020476042173629	0.16778818377892657	1.0991958388623333	0.3471207969214034	0.26492668256443475	0.11548283827903738	0.06756174153284933	0.9645998285561732	1.1108998397585208	0.5139957940529434	1.6708627555493147	1.6395410701419602	0.2798710669929747	1.1928278460318351	0.26492668256443475	0.6204052377242313	0.257454490350165	0.15764406357664829	0.33780870766424576	0.967985032790093	0.4341550694329417	1.4620610622088328	1.1343078415508963	1.0764198025611118	0.40689833463556235	0.45173148792118134	1.040675834381394	1.216235847824211	1.2396438496165865	0.27239887477870495	0.24251010592162547	0.27239887477870495	0.0	0.0	1.0991380127709487	1.7617203005550417	0.4592036801354511	0.24251010592162547	0.28734325920724446	0.23503791370735572	1.3332758567860892	1.4751224010950075	0.4836546266077262	0.1351234830656982	0.4592036801354511	0.302287643635784	0.33964860470713365	0.9119318245233279	0.6414327568073077	1.036828406086299	2.108338926612878	0.2477263856204468	1.2045318469280235	0.27239887477870495
ETEC_3217_7-512	0.0995418337089804	0.9089332523492124	0.9313498289920221	5.782609138460515e-05	0.7520172158495453	0.834211330206514	0.9836551744919113	1.0315762712380994	0.13453818421477548	0.01176182698757211	0.5851422187180053	2.7700007683202634	2.738679082912909	0.819266945777974	0.09368983326088642	0.834211330206514	1.71954325049518	0.8416835224207837	0.9414939491943004	0.7613293051067029	2.0671230455610416	1.5332930822038904	2.5611990749797817	0.035169828779947565	0.022718210209836887	0.6922396781353863	0.6474065248497674	0.0584621783895547	0.11709783505326232	0.14050583684563778	0.8267391379922437	0.8566279068493232	0.8267391379922437	1.0991380127709487	1.0991380127709487	0.0	2.8608583133259904	0.6399343326354976	0.8566279068493232	0.8117947535637042	0.864100099063593	0.23413784401514048	2.5742604138659564	1.5827926393786749	0.9640145297052505	0.6399343326354976	0.7968503691351647	0.759489408063815	0.1872061882476208	1.7405707695782564	2.1359664188572474	3.2074769393838265	0.8514116271505019	0.10539383415707482	0.8267391379922437
ETEC_2128_1-452	2.960400147034971	1.951925060976778	1.9295084843339683	2.860916139417375	2.108841097476445	2.0266469831194764	1.877203138834079	1.829282042087891	2.726320129111215	2.8726201403135625	2.275716094607985	0.09085754500572707	0.12217923041308143	2.0415913675480164	2.954548146586877	2.0266469831194764	1.1413150628308104	2.0191747909052067	1.91936436413169	2.0995290082192875	0.7937352677649487	1.3275652311221	0.2996592383462089	2.896028142105938	2.8381401031161535	2.168618635190604	2.213451788476223	2.8023961349364357	2.9779561483792527	3.001364150171628	2.0341191753337466	2.004230406476667	2.0341191753337466	1.7617203005550417	1.7617203005550417	2.8608583133259904	0.0	2.220923980690493	2.004230406476667	2.049063559762286	1.9967582142623974	3.094996157341131	0.2865978994600342	1.2780656739473155	1.89684378362074	2.220923980690493	2.0640079441908257	2.1013689052621753	2.6736521250783696	1.120287543747734	0.7248918944687428	0.34661862605783594	2.0094466861754885	2.966252147483065	2.0341191753337466
ROD_26411_1-523	0.739476166344478	0.2689989197137148	0.29141549635652453	0.6399921587268822	0.11208288321404769	0.19427699757101635	0.3437208418564137	0.39164193860260177	0.5053961484207221	0.6516961596230697	0.05479211391749228	2.130066435684766	2.0987447502774113	0.1793326131424764	0.733624165896384	0.19427699757101635	1.0796089178596824	0.2017491897852861	0.3015596165588028	0.12139497247120534	1.427188712925544	0.8933587495683928	1.921264742344284	0.6751041614154452	0.6172161224256607	0.052305345499888745	0.007472192214269757	0.5814721542459429	0.7570321676887599	0.7804401694811354	0.18680480535674615	0.21669357421382562	0.18680480535674615	0.4592036801354511	0.4592036801354511	0.6399343326354976	2.220923980690493	0.0	0.21669357421382562	0.17186042092820664	0.22416576642809538	0.8740721766506381	1.9343260812304586	0.9428583067431773	0.3240801970697529	0.0	0.15691603649966712	0.11955507542831745	0.4527281443878768	1.1006364369427588	1.49603208622175	2.567542606748329	0.2114772945150043	0.7453281667925724	0.18680480535674615
