NCTC13441_01147_1-243	0.0	0.7527327245993898	0.3392521214014541	0.5127623571759299	0.5584210193546699	0.4658327991005141	0.16943348908892997	0.06072322902814986	0.08883666900368015	0.28325584969543005	0.7638848704105791	0.568108399198741	0.09813919763166012	5.70739036963468	0.617105470545212
CS17_02881_1-243	0.7527327245993898	0.0	1.091984846000844	0.2399703674234599	0.19431170524471986	1.2185655236999038	0.9221662136883197	0.6920094955712399	0.8415693936030699	1.0359885742948198	1.516617595009969	1.3208411237981308	0.8508719222310499	4.95465764503529	1.369838195144602
SL1344_2621_1-243	0.3392521214014541	1.091984846000844	0.0	0.852014478577384	0.897673140756124	0.12658067769906	0.16981863231252414	0.39997535042960397	0.25041545239777396	0.05599627170602406	0.42463274900912495	0.2288562777972869	0.24111292376979399	6.046642491036134	0.2778533491437579
ETEC_2802_1-243	0.5127623571759299	0.2399703674234599	0.852014478577384	0.0	0.04565866217874004	0.978595156276444	0.6821958462648599	0.45203912814778	0.60159902617961	0.7960182068713599	1.2766472275865088	1.080870756374671	0.61090155480759	5.19462801245875	1.1298678277211418
ENC_27910_1-243	0.5584210193546699	0.19431170524471986	0.897673140756124	0.04565866217874004	0.0	1.024253818455184	0.7278545084435999	0.49769779032652006	0.6472576883583501	0.8416768690501	1.322305889765249	1.126529418553411	0.65656021698633	5.1489693502800105	1.175526489899882
ERS227112_04562_19-236	0.4658327991005141	1.2185655236999038	0.12658067769906	0.978595156276444	1.024253818455184	0.0	0.29639931001158415	0.526556028128664	0.37699613009683397	0.18257694940508407	0.29805207131006495	0.1022756000982269	0.367693601468854	6.173223168735194	0.15127267144469791
STMMW_26771_1-243	0.16943348908892997	0.9221662136883197	0.16981863231252414	0.6821958462648599	0.7278545084435999	0.29639931001158415	0.0	0.23015671811707983	0.08059682008524982	0.11382236060650008	0.5944513813216491	0.39867491010981104	0.07129429145726984	5.8768238587236095	0.44767198145628206
BN373_27001_22-236	0.06072322902814986	0.6920094955712399	0.39997535042960397	0.45203912814778	0.49769779032652006	0.526556028128664	0.23015671811707983	0.0	0.14955989803183	0.3439790787235799	0.8246080994387289	0.6288316282268909	0.15886242665980999	5.64666714060653	0.6778286995733619
ROD_25351_1-243	0.08883666900368015	0.8415693936030699	0.25041545239777396	0.60159902617961	0.6472576883583501	0.37699613009683397	0.08059682008524982	0.14955989803183	0.0	0.1944191806917499	0.6750482014068989	0.47927173019506086	0.009302528627979978	5.79622703863836	0.5282688015415319
SEN2584_1-243	0.28325584969543005	1.0359885742948198	0.05599627170602406	0.7960182068713599	0.8416768690501	0.18257694940508407	0.11382236060650008	0.3439790787235799	0.1944191806917499	0.0	0.480629020715149	0.28485254950331096	0.18511665206376993	5.9906462193301095	0.333849620849782
STM_MW26771_1-243	0.7638848704105791	1.516617595009969	0.42463274900912495	1.2766472275865088	1.322305889765249	0.29805207131006495	0.5944513813216491	0.8246080994387289	0.6750482014068989	0.480629020715149	0.0	0.19577647121183805	0.6657456727789189	6.471275240045259	0.14677939986536703
ERS227112_01728_1-243	0.568108399198741	1.3208411237981308	0.2288562777972869	1.080870756374671	1.126529418553411	0.1022756000982269	0.39867491010981104	0.6288316282268909	0.47927173019506086	0.28485254950331096	0.19577647121183805	0.0	0.4699692015670809	6.275498768833421	0.04899707134647102
BN373_35701_1-243	0.09813919763166012	0.8508719222310499	0.24111292376979399	0.61090155480759	0.65656021698633	0.367693601468854	0.07129429145726984	0.15886242665980999	0.009302528627979978	0.18511665206376993	0.6657456727789189	0.4699692015670809	0.0	5.8055295672663405	0.5189662729135519
b2593_1-243	5.70739036963468	4.95465764503529	6.046642491036134	5.19462801245875	5.1489693502800105	6.173223168735194	5.8768238587236095	5.64666714060653	5.79622703863836	5.9906462193301095	6.471275240045259	6.275498768833421	5.8055295672663405	0.0	6.324495840179892
t2617_1-243	0.617105470545212	1.369838195144602	0.2778533491437579	1.1298678277211418	1.175526489899882	0.15127267144469791	0.44767198145628206	0.6778286995733619	0.5282688015415319	0.333849620849782	0.14677939986536703	0.04899707134647102	0.5189662729135519	6.324495840179892	0.0
