NCTC13441_03031_29-239	0.0	0.23782439263269084	0.7440859096037458	1.0885641867192666	1.1844259611404915	0.1056654579683518	0.6622630772292346
NCTC13441_03031_257-374	0.23782439263269084	0.0	0.5062615169710549	0.8507397940865757	0.9466015685078006	0.34348985060104265	0.42443868459654377
NCTC13441_03031_419-443	0.7440859096037458	0.5062615169710549	0.0	0.3444782771155208	0.4403400515367457	0.8497513675720976	0.08182283237451116
ROD_25791_1-282	1.0885641867192666	0.8507397940865757	0.3444782771155208	0.0	0.0958617744212249	1.1942296446876184	0.42630110949003197
ROD_02421_1-327	1.1844259611404915	0.9466015685078006	0.4403400515367457	0.0958617744212249	0.0	1.2900914191088433	0.5221628839112569
t1351_58-341	0.1056654579683518	0.34348985060104265	0.8497513675720976	1.1942296446876184	1.2900914191088433	0.0	0.7679285351975864
ETEC_0308_1-275	0.6622630772292346	0.42443868459654377	0.08182283237451116	0.42630110949003197	0.5221628839112569	0.7679285351975864	0.0
