ETEC_3736_1-540	0.0	6.527300257492169	0.326210321055321	6.527300257492169	0.194167827567931	0.40435144853989835
b3488_1-540	6.527300257492169	0.0	6.85351057854749	0.0	6.7214680850601	6.931651706032067
CS17_03906_1-541	0.326210321055321	6.85351057854749	0.0	6.85351057854749	0.13204249348738997	0.07814112748457741
b4660_1-536	6.527300257492169	0.0	6.85351057854749	0.0	6.7214680850601	6.931651706032067
ETEC_3737_1-535	0.194167827567931	6.7214680850601	0.13204249348738997	6.7214680850601	0.0	0.21018362097196738
CS17_03907_1-530	0.40435144853989835	6.931651706032067	0.07814112748457741	6.931651706032067	0.21018362097196738	0.0
