CS17_02129_1-741	0.0	0.01863694373557001	0.04318078034389994	0.1621100526316801	0.7231254041681001	0.15977658452820998	0.15977658452820998	0.5836533533208101
CS17_02608_1-705	0.01863694373557001	0.0	0.06181772407946995	0.1807469963672501	0.7417623479036701	0.17841352826377999	0.17841352826377999	0.6022902970563802
NCTC13441_05006_1-661	0.04318078034389994	0.06181772407946995	0.0	0.11892927228778016	0.6799446238242002	0.11659580418431004	0.11659580418431004	0.5404725729769102
CS17_02903_1-690	0.1621100526316801	0.1807469963672501	0.11892927228778016	0.0	0.56101535153642	0.0023334681034701266	0.0023334681034701266	0.42154330068913004
STMMW_31841_1-694	0.7231254041681001	0.7417623479036701	0.6799446238242002	0.56101535153642	0.0	0.5633488196398901	0.5633488196398901	0.13947205084728997
NCTC13441_03087_1-644	0.15977658452820998	0.17841352826377999	0.11659580418431004	0.0023334681034701266	0.5633488196398901	0.0	0.0	0.42387676879260017
NCTC13441_03087_644-740	0.15977658452820998	0.17841352826377999	0.11659580418431004	0.0023334681034701266	0.5633488196398901	0.0	0.0	0.42387676879260017
ROD_36611_1-617	0.5836533533208101	0.6022902970563802	0.5404725729769102	0.42154330068913004	0.13947205084728997	0.42387676879260017	0.42387676879260017	0.0
