b2585_1-451	-1	-1	-1	-1	-1	-1	-1	-1	-1	-1	-1	-1
NCTC13441_01154_1-451	-1	0.0	0.030629469989290167	0.0027746875731713624	0.024913739467866566	0.008320268053485898	0.008320268053485898	0.00776564662719886	0.009009916106439333	0.00525222079065206	0.006135090361163456	0.04927411830039549
STMMW_26721_1-451	-1	0.030629469989290167	0.0	0.033404157562461526	0.005715730521423601	0.038949738042776065	0.038949738042776065	0.022863823362091307	0.021619553882850834	0.025377249198638107	0.02449437962812671	0.01864464831110533
CS17_02874_1-451	-1	0.0027746875731713624	0.033404157562461526	0.0	0.027688427041037928	0.005545580480314536	0.005545580480314536	0.010540334200370222	0.011784603679610695	0.008026908363823422	0.008909777934334819	0.05204880587356686
SL1344_2616_1-451	-1	0.024913739467866566	0.005715730521423601	0.027688427041037928	0.0	0.033234007521352464	0.033234007521352464	0.017148092840667706	0.015903823361427233	0.019661518677214506	0.01877864910670311	0.02436037883252893
t0258_1-451	-1	0.008320268053485898	0.038949738042776065	0.005545580480314536	0.033234007521352464	0.0	0.0	0.01608591468068476	0.01733018415992523	0.013572488844137958	0.014455358414649355	0.057594386353881394
STM_MW26721_1-451	-1	0.008320268053485898	0.038949738042776065	0.005545580480314536	0.033234007521352464	0.0	0.0	0.01608591468068476	0.01733018415992523	0.013572488844137958	0.014455358414649355	0.057594386353881394
BN373_35661_1-451	-1	0.00776564662719886	0.022863823362091307	0.010540334200370222	0.017148092840667706	0.01608591468068476	0.01608591468068476	0.0	0.001244269479240473	0.0025134258365468003	0.0016305562660354038	0.041508471673196635
ROD_25301_1-451	-1	0.009009916106439333	0.021619553882850834	0.011784603679610695	0.015903823361427233	0.01733018415992523	0.01733018415992523	0.001244269479240473	0.0	0.003757695315787273	0.0028748257452758767	0.04026420219395616
ETEC_2798_1-451	-1	0.00525222079065206	0.025377249198638107	0.008026908363823422	0.019661518677214506	0.013572488844137958	0.013572488844137958	0.0025134258365468003	0.003757695315787273	0.0	0.0008828695705113965	0.04402189750974343
ERS227112_00005_1-451	-1	0.006135090361163456	0.02449437962812671	0.008909777934334819	0.01877864910670311	0.014455358414649355	0.014455358414649355	0.0016305562660354038	0.0028748257452758767	0.0008828695705113965	0.0	0.043139027939232036
SEN2579_1-451	-1	0.04927411830039549	0.01864464831110533	0.05204880587356686	0.02436037883252893	0.057594386353881394	0.057594386353881394	0.041508471673196635	0.04026420219395616	0.04402189750974343	0.043139027939232036	0.0
