SEN1875_1-219	0.0	0.260383545980618	0.23022334607524997	1.170170965546163	0.46298359429412295	0.8010254981250029	0.761630550940603	-1	0.189068285407052	0.9603372226452329	0.648753966747943	0.11348409801853698
t1747_1-219	0.260383545980618	0.0	0.490606892055868	1.430554511526781	0.723367140274741	1.061409044105621	1.022014096921221	-1	0.07131526057356602	1.220720768625851	0.909137512728561	0.373867643999155
NCTC13441_02840_1-219	0.23022334607524997	0.490606892055868	0.0	0.939947619470913	0.23276024821887298	0.5708021520497529	0.531407204865353	-1	0.419291631482302	0.730113876569983	0.418530620672693	0.11673924805671299
ENC_28490_6-230	1.170170965546163	1.430554511526781	0.939947619470913	0.0	0.70718737125204	0.36914546742116006	0.40854041460556	-1	1.359239250953215	0.20983374290093004	0.52141699879822	1.056686867527626
ETEC_1137_1-219	0.46298359429412295	0.723367140274741	0.23276024821887298	0.70718737125204	0.0	0.33804190383087995	0.29864695664648	-1	0.652051879701175	0.49735362835110997	0.18577037245382	0.34949949627558596
ENC_15710_6-224	0.8010254981250029	1.061409044105621	0.5708021520497529	0.36914546742116006	0.33804190383087995	0.0	0.03939494718439995	-1	0.9900937835320549	0.15931172452023	0.15227153137705995	0.6875414001064659
CS17_01210_1-219	0.761630550940603	1.022014096921221	0.531407204865353	0.40854041460556	0.29864695664648	0.03939494718439995	0.0	-1	0.950698836347655	0.19870667170462997	0.11287658419266	0.648146452922066
b1072_1-219	-1	-1	-1	-1	-1	-1	-1	-1	-1	-1	-1	-1
STM_MW11811_1-219	0.189068285407052	0.07131526057356602	0.419291631482302	1.359239250953215	0.652051879701175	0.9900937835320549	0.950698836347655	-1	0.0	1.149405508052285	0.837822252154995	0.302552383425589
SL1344_1110_1-219	0.9603372226452329	1.220720768625851	0.730113876569983	0.20983374290093004	0.49735362835110997	0.15931172452023	0.19870667170462997	-1	1.149405508052285	0.0	0.31158325589728997	0.8468531246266959
STMMW_11811_1-219	0.648753966747943	0.909137512728561	0.418530620672693	0.52141699879822	0.18577037245382	0.15227153137705995	0.11287658419266	-1	0.837822252154995	0.31158325589728997	0.0	0.535269868729406
ROD_11391_1-219	0.11348409801853698	0.373867643999155	0.11673924805671299	1.056686867527626	0.34949949627558596	0.6875414001064659	0.648146452922066	-1	0.302552383425589	0.8468531246266959	0.535269868729406	0.0
