BN373_05111_6-547	0.0	0.25932937119939536	1.7522787581728527	0.02559367645995536	0.009525935091084348	0.2844935625075349	0.4636367500285834	0.4926790013394713	0.09842738649235239	-1	0.21946377151235164	0.01592200331880389	0.37003422469650005	0.06761594215448485	0.058927061309084205	0.1193283929756197	0.37274145694627525	0.2049822177187448	0.43005369902013557	0.020796526520347802	0.08918404151412362	0.31087915475243477	0.1471766204214897	1.4350816082708715	0.07479159115802181	0.027206046527743277	0.06694805329968068	0.029782742322918	0.2602251270180904	0.39570734312422684	1.676994658369617	1.3295874697488503	0.31492684831358275	2.1310666530342566	-1
ENC_32230_1-537	0.25932937119939536	0.0	1.4929493869734574	0.2849230476593507	0.24980343610831102	0.025164191308139516	0.20430737882918804	0.7520083725388667	0.16090198470704298	-1	0.478793142711747	0.24340736788059147	0.11070485349710468	0.1917134290449105	0.31825643250847957	0.14000097822377566	0.6320708281456706	0.054347153480650556	0.1707243278207402	0.23853284467904756	0.348513412713519	0.05154978355303941	0.11215275077790565	1.1757522370714761	0.3341209623574172	0.2321233246716521	0.1923813178997147	0.22954662887647737	0.5195544982174858	0.6550367143236222	1.4176652871702216	1.070258098549455	0.05559747711418739	1.871737281834861	-1
SEN0054_3-539	1.7522787581728527	1.4929493869734574	0.0	1.777872434632808	1.7427528230817684	1.4677851956653178	1.2886420081442693	2.244957759512324	1.6538513716805003	-1	1.9717425296852045	1.7363567548540488	1.3822445334763527	1.6846628160183679	1.811205819481937	1.632950365197233	2.125020215119128	1.547296540454108	1.3222250591527172	1.731482231652505	1.8414627996869763	1.441399603420418	1.605102137751363	0.3171971499019812	1.8270703493308744	1.7250727116451094	1.685330704873172	1.7224960158499347	2.0125038851909434	2.1479861012970796	0.0752840998032358	0.4226912884240024	1.43735190985927	0.37878789486140363	-1
CS17_04602_9-544	0.02559367645995536	0.2849230476593507	1.777872434632808	0.0	0.03511961155103971	0.31008723896749024	0.48923042648853876	0.46708532487951593	0.12402106295230775	-1	0.19387009505239627	0.04151567977875925	0.3956279011564554	0.09320961861444022	0.033333384849128844	0.14492206943557506	0.3471477804863199	0.23057589417870017	0.45564737548009093	0.046390202980303163	0.06359036505416826	0.33647283121239013	0.17277029688144507	1.4606752847308269	0.04919791469806645	0.05279972298769864	0.09254172975963604	0.05537641878287336	0.23463145055813506	0.3701136666642715	1.7025883348295723	1.3551811462088057	0.3405205247735381	2.156660329494212	-1
SEN0594_1-553	0.009525935091084348	0.24980343610831102	1.7427528230817684	0.03511961155103971	0.0	0.27496762741645053	0.45411081493749905	0.5022049364305556	0.08890145140126804	-1	0.22898970660343598	0.006396068227719542	0.3605082896054157	0.058090007063400506	0.06845299640016855	0.10980245788453535	0.3822673920373596	0.19545628262766046	0.4205277639290512	0.011270591429263455	0.09870997660520797	0.3013532196613504	0.13765068533040536	1.4255556731797872	0.08431752624910616	0.01768011143665893	0.05742211820859633	0.02025680723183365	0.26975106210917477	0.4052332782153112	1.6674687232785326	1.320061534657766	0.3054009132224984	2.121540717943172	-1
STMMW_42551_9-542	0.2844935625075349	0.025164191308139516	1.4677851956653178	0.31008723896749024	0.27496762741645053	0.0	0.17914318752104852	0.7771725638470062	0.1860661760151825	-1	0.5039573340198865	0.268571559188731	0.08554066218896517	0.21687762035305003	0.3434206238166191	0.16516516953191518	0.6572350194538101	0.07951134478879007	0.1455601365126007	0.2636970359871871	0.3736776040216585	0.02638559224489989	0.13731694208604517	1.1505880457633366	0.3592851536655567	0.2572875159797916	0.2175455092078542	0.2547108201846169	0.5447186895256253	0.6802009056317617	1.392501095862082	1.0450939072413155	0.03043328580604787	1.8465730905267215	-1
SEN4076_9-542	0.4636367500285834	0.20430737882918804	1.2886420081442693	0.48923042648853876	0.45411081493749905	0.17914318752104852	0.0	0.9563157513680547	0.365209363536231	-1	0.683100521540935	0.4477147467097795	0.09360252533208335	0.39602080787409855	0.5225638113376676	0.3443083570529637	0.8363782069748587	0.2586545323098386	0.03358305100844783	0.4428402235082356	0.552820791542707	0.15275759527614863	0.3164601296070937	0.9714448582422881	0.5384283411866052	0.4364307035008401	0.3966886967289027	0.4338540077056654	0.7238618770466738	0.8593440931528102	1.2133579083410335	0.8659507197202669	0.14870990171500065	1.667429903005673	-1
STMMW_06901_1-553	0.4926790013394713	0.7520083725388667	2.244957759512324	0.46708532487951593	0.5022049364305556	0.7771725638470062	0.9563157513680547	0.0	0.5911063878318237	-1	0.27321522982711965	0.5086010046582752	0.8627132260359713	0.5602949434939561	0.4337519400303871	0.612007394315091	0.11993754439319604	0.6976612190582161	0.9227327003596069	0.5134755278598191	0.40349495982534767	0.8035581560919061	0.639855621760961	1.9277606096103428	0.4178874101814495	0.5198850478672146	0.559627054639152	0.5224617436623893	0.23245387432138087	0.09697165821524445	2.169673659709088	1.8222664710883216	0.807605849653054	2.6237456543737276	-1
NCTC13441_03375_1-552	0.09842738649235239	0.16090198470704298	1.6538513716805003	0.12402106295230775	0.08890145140126804	0.1860661760151825	0.365209363536231	0.5911063878318237	0.0	-1	0.317891158004704	0.0825053831735485	0.27160683820414766	0.030811444337867533	0.1573544478014366	0.020901006483267315	0.47116884343862764	0.10655483122639242	0.3316263125277832	0.07763085997200458	0.187611428006476	0.21245176826008239	0.048749233929137326	1.3366542217785191	0.1732189776503742	0.07122133996460911	0.03147933319267171	0.06864464416943439	0.3586525135104428	0.4941347296165792	1.5785672718772645	1.231160083256498	0.21649946182123037	2.0326392665419037	-1
b0619_1-552	-1	-1	-1	-1	-1	-1	-1	-1	-1	-1	-1	-1	-1	-1	-1	-1	-1	-1	-1	-1	-1	-1	-1	-1	-1	-1	-1	-1	-1	-1	-1	-1	-1	-1	-1
ENC_41990_1-524	0.21946377151235164	0.478793142711747	1.9717425296852045	0.19387009505239627	0.22898970660343598	0.5039573340198865	0.683100521540935	0.27321522982711965	0.317891158004704	-1	0.0	0.23538577483115553	0.5894979962088517	0.2870797136668365	0.16053671020326743	0.33879216448797134	0.15327768543392362	0.42444598923109644	0.6495174705324872	0.24026029803269944	0.130279729998228	0.5303429262647864	0.36664039193384135	1.6545453797832232	0.14467218035432983	0.2466698180400949	0.2864118248120323	0.24924651383526963	0.04076135550573878	0.1762435716118752	1.8964584298819687	1.549051241261202	0.5343906198259344	2.350530424546608	-1
ETEC_0648_1-552	0.01592200331880389	0.24340736788059147	1.7363567548540488	0.04151567977875925	0.006396068227719542	0.268571559188731	0.4477147467097795	0.5086010046582752	0.0825053831735485	-1	0.23538577483115553	0.0	0.35411222137769616	0.051693938835680964	0.0748490646278881	0.10340638965681581	0.38866346026507914	0.18906021439994092	0.4141316957013317	0.004874523201543912	0.10510604483292751	0.2949571514336309	0.13125461710268582	1.4191596049520676	0.0907135944768257	0.011284043208939387	0.051026049980876786	0.013860739004114109	0.2761471303368943	0.41162934644303073	1.661072655050813	1.3136654664300464	0.29900484499477886	2.1151446497154525	-1
SL1344_4241_9-542	0.37003422469650005	0.11070485349710468	1.3822445334763527	0.3956279011564554	0.3605082896054157	0.08554066218896517	0.09360252533208335	0.8627132260359713	0.27160683820414766	-1	0.5894979962088517	0.35411222137769616	0.0	0.3024182825420152	0.42896128600558425	0.25070583172088035	0.7427756816427753	0.16505200697775524	0.060019474323635524	0.34923769817615224	0.45921826621062367	0.059155069944065275	0.22285760427501033	1.0650473835743715	0.44482581585452186	0.34282817816875677	0.30308617139681937	0.34025148237358205	0.6302593517145905	0.7657415678207269	1.3069604336731169	0.9595532450523503	0.055107376382917295	1.7610324283377563	-1
ETEC_4435_9-543	0.06761594215448485	0.1917134290449105	1.6846628160183679	0.09320961861444022	0.058090007063400506	0.21687762035305003	0.39602080787409855	0.5602949434939561	0.030811444337867533	-1	0.2870797136668365	0.051693938835680964	0.3024182825420152	0.0	0.12654300346356906	0.05171245082113485	0.4403573991007601	0.13736627556425995	0.3624377568656507	0.04681941563413705	0.15679998366860848	0.24326321259794992	0.07956067826700486	1.3674656661163866	0.14240753331250666	0.04040989562674158	0.0006678888548041773	0.037833199831566855	0.3278410691725753	0.4633232852787117	1.609378716215132	1.2619715275943655	0.2473109061590979	2.0634507108797715	-1
SL1344_0613_1-553	0.058927061309084205	0.31825643250847957	1.811205819481937	0.033333384849128844	0.06845299640016855	0.3434206238166191	0.5225638113376676	0.4337519400303871	0.1573544478014366	-1	0.16053671020326743	0.0748490646278881	0.42896128600558425	0.12654300346356906	0.0	0.1782554542847039	0.31381439563719105	0.263909279027829	0.4889807603292198	0.07972358782943201	0.03025698020503942	0.369806216061519	0.20610368173057392	1.4940086695799557	0.015864529848937603	0.08613310783682748	0.12587511460876488	0.0887098036320022	0.2012980657090062	0.33678028181514263	1.7359217196787011	1.3885145310579345	0.37385390962266696	2.1899937143433403	-1
NCTC13441_04340_9-544	0.1193283929756197	0.14000097822377566	1.632950365197233	0.14492206943557506	0.10980245788453535	0.16516516953191518	0.3443083570529637	0.612007394315091	0.020901006483267315	-1	0.33879216448797134	0.10340638965681581	0.25070583172088035	0.05171245082113485	0.1782554542847039	0.0	0.49206984992189495	0.0856538247431251	0.31072530604451587	0.0985318664552719	0.20851243448974333	0.19155076177681507	0.02784822744587001	1.3157532152952518	0.1941199841336415	0.09212234644787642	0.052380339675939025	0.0895456506527017	0.3795535199937101	0.5150357360998465	1.5576662653939972	1.2102590767732306	0.19559845533796305	2.0117382600586367	-1
ERS227112_05133_2-538	0.37274145694627525	0.6320708281456706	2.125020215119128	0.3471477804863199	0.3822673920373596	0.6572350194538101	0.8363782069748587	0.11993754439319604	0.47116884343862764	-1	0.15327768543392362	0.38866346026507914	0.7427756816427753	0.4403573991007601	0.31381439563719105	0.49206984992189495	0.0	0.5777236746650201	0.8027951559664108	0.39353798346662305	0.2835574154321516	0.68362061169871	0.519918077367765	1.8078230652171468	0.29794986578825344	0.39994750347401853	0.43968951024595593	0.40252419926919325	0.11251632992818483	0.02296588617795159	2.049736115315892	1.7023289266951256	0.687668305259858	2.5038081099805316	-1
ERS227112_02390_1-534	0.2049822177187448	0.054347153480650556	1.547296540454108	0.23057589417870017	0.19545628262766046	0.07951134478879007	0.2586545323098386	0.6976612190582161	0.10655483122639242	-1	0.42444598923109644	0.18906021439994092	0.16505200697775524	0.13736627556425995	0.263909279027829	0.0856538247431251	0.5777236746650201	0.0	0.22507148130139076	0.184185691198397	0.29416625923286843	0.10589693703368996	0.057805597297255096	1.2300993905521267	0.2797738088767666	0.17777617119100153	0.13803416441906413	0.1751994753958268	0.4652073447368352	0.6006895608429716	1.4720124406508721	1.1246052520301055	0.10994463059483794	1.9260844353155115	-1
t4211_9-542	0.43005369902013557	0.1707243278207402	1.3222250591527172	0.45564737548009093	0.4205277639290512	0.1455601365126007	0.03358305100844783	0.9227327003596069	0.3316263125277832	-1	0.6495174705324872	0.4141316957013317	0.060019474323635524	0.3624377568656507	0.4889807603292198	0.31072530604451587	0.8027951559664108	0.22507148130139076	0.0	0.40925717249978777	0.5192377405342592	0.1191745442677008	0.28287707859864586	1.005027909250736	0.5048452901781574	0.4028476524923923	0.3631056457204549	0.4002709566972176	0.690278826038226	0.8257610421443624	1.2469409593494813	0.8995337707287148	0.11512685070655282	1.7010129540141208	-1
ROD_34881_7-543	0.020796526520347802	0.23853284467904756	1.731482231652505	0.046390202980303163	0.011270591429263455	0.2636970359871871	0.4428402235082356	0.5134755278598191	0.07763085997200458	-1	0.24026029803269944	0.004874523201543912	0.34923769817615224	0.04681941563413705	0.07972358782943201	0.0985318664552719	0.39353798346662305	0.184185691198397	0.40925717249978777	0.0	0.10998056803447143	0.29008262823208697	0.1263800939011419	1.4142850817505237	0.09558811767836961	0.006409520007395475	0.046151526779332874	0.008986215802570197	0.2810216535384382	0.41650386964457464	1.6561981318492691	1.3087909432285025	0.29413032179323495	2.1102701265139086	-1
Ecoli9000q_37850_3-536	0.08918404151412362	0.348513412713519	1.8414627996869763	0.06359036505416826	0.09870997660520797	0.3736776040216585	0.552820791542707	0.40349495982534767	0.187611428006476	-1	0.130279729998228	0.10510604483292751	0.45921826621062367	0.15679998366860848	0.03025698020503942	0.20851243448974333	0.2835574154321516	0.29416625923286843	0.5192377405342592	0.10998056803447143	0.0	0.4000631962665584	0.23636066193561334	1.5242656497849951	0.014392450356101816	0.1163900880418669	0.1561320948138043	0.11896678383704162	0.1710410855039668	0.3065233016101032	1.7661786998837405	1.418771511262974	0.4041108898277064	2.2202506945483798	-1
STM_MW42551_9-543	0.31087915475243477	0.05154978355303941	1.441399603420418	0.33647283121239013	0.3013532196613504	0.02638559224489989	0.15275759527614863	0.8035581560919061	0.21245176826008239	-1	0.5303429262647864	0.2949571514336309	0.059155069944065275	0.24326321259794992	0.369806216061519	0.19155076177681507	0.68362061169871	0.10589693703368996	0.1191745442677008	0.29008262823208697	0.4000631962665584	0.0	0.16370253433094506	1.1242024535184367	0.3856707459104566	0.2836731082246915	0.2439311014527541	0.2810964124295168	0.5711042817705252	0.7065864978766616	1.3661155036171821	1.0187083149964156	0.00404769356114798	1.8201874982818216	-1
Ecoli9000q_47240_1-552	0.1471766204214897	0.11215275077790565	1.605102137751363	0.17277029688144507	0.13765068533040536	0.13731694208604517	0.3164601296070937	0.639855621760961	0.048749233929137326	-1	0.36664039193384135	0.13125461710268582	0.22285760427501033	0.07956067826700486	0.20610368173057392	0.02784822744587001	0.519918077367765	0.057805597297255096	0.28287707859864586	0.1263800939011419	0.23636066193561334	0.16370253433094506	0.0	1.2879049878493818	0.22196821157951152	0.11997057389374643	0.08022856712180904	0.11739387809857171	0.40740174743958013	0.5428839635457166	1.5298180379481272	1.1824108493273606	0.16775022789209304	1.9838900326127666	-1
t0055_3-539	1.4350816082708715	1.1757522370714761	0.3171971499019812	1.4606752847308269	1.4255556731797872	1.1505880457633366	0.9714448582422881	1.9277606096103428	1.3366542217785191	-1	1.6545453797832232	1.4191596049520676	1.0650473835743715	1.3674656661163866	1.4940086695799557	1.3157532152952518	1.8078230652171468	1.2300993905521267	1.005027909250736	1.4142850817505237	1.5242656497849951	1.1242024535184367	1.2879049878493818	0.0	1.5098731994288932	1.4078755617431282	1.3681335549711908	1.4052988659479535	1.695306735288962	1.8307889513950983	0.24191305009874542	0.10549413852202116	1.1201547599572887	0.6959850447633849	-1
t2242_1-553	0.07479159115802181	0.3341209623574172	1.8270703493308744	0.04919791469806645	0.08431752624910616	0.3592851536655567	0.5384283411866052	0.4178874101814495	0.1732189776503742	-1	0.14467218035432983	0.0907135944768257	0.44482581585452186	0.14240753331250666	0.015864529848937603	0.1941199841336415	0.29794986578825344	0.2797738088767666	0.5048452901781574	0.09558811767836961	0.014392450356101816	0.3856707459104566	0.22196821157951152	1.5098731994288932	0.0	0.10199763768576509	0.14173964445770248	0.10457433348093981	0.1854335358600686	0.32091575196620503	1.7517862495276386	1.404379060906872	0.38971843947160456	2.205858244192278	-1
STM_MW06901_1-553	0.027206046527743277	0.2321233246716521	1.7250727116451094	0.05279972298769864	0.01768011143665893	0.2572875159797916	0.4364307035008401	0.5198850478672146	0.07122133996460911	-1	0.2466698180400949	0.011284043208939387	0.34282817816875677	0.04040989562674158	0.08613310783682748	0.09212234644787642	0.39994750347401853	0.17777617119100153	0.4028476524923923	0.006409520007395475	0.1163900880418669	0.2836731082246915	0.11997057389374643	1.4078755617431282	0.10199763768576509	0.0	0.0397420067719374	0.0025766957951747216	0.2874311735458337	0.4229133896519701	1.6497886118418736	1.302381423221107	0.2877208017858395	2.103860606506513	-1
ROD_06341_1-553	0.06694805329968068	0.1923813178997147	1.685330704873172	0.09254172975963604	0.05742211820859633	0.2175455092078542	0.3966886967289027	0.559627054639152	0.03147933319267171	-1	0.2864118248120323	0.051026049980876786	0.30308617139681937	0.0006678888548041773	0.12587511460876488	0.052380339675939025	0.43968951024595593	0.13803416441906413	0.3631056457204549	0.046151526779332874	0.1561320948138043	0.2439311014527541	0.08022856712180904	1.3681335549711908	0.14173964445770248	0.0397420067719374	0.0	0.03716531097676268	0.3271731803177711	0.4626553964239075	1.6100466050699362	1.2626394164491697	0.24797879501390208	2.0641185997345755	-1
ERS227112_02365_30-571	0.029782742322918	0.22954662887647737	1.7224960158499347	0.05537641878287336	0.02025680723183365	0.2547108201846169	0.4338540077056654	0.5224617436623893	0.06864464416943439	-1	0.24924651383526963	0.013860739004114109	0.34025148237358205	0.037833199831566855	0.0887098036320022	0.0895456506527017	0.40252419926919325	0.1751994753958268	0.4002709566972176	0.008986215802570197	0.11896678383704162	0.2810964124295168	0.11739387809857171	1.4052988659479535	0.10457433348093981	0.0025766957951747216	0.03716531097676268	0.0	0.2900078693410084	0.42549008544714484	1.647211916046699	1.2998047274259323	0.28514410599066475	2.1012839107113384	-1
BN373_21071_2-538	0.2602251270180904	0.5195544982174858	2.0125038851909434	0.23463145055813506	0.26975106210917477	0.5447186895256253	0.7238618770466738	0.23245387432138087	0.3586525135104428	-1	0.04076135550573878	0.2761471303368943	0.6302593517145905	0.3278410691725753	0.2012980657090062	0.3795535199937101	0.11251632992818483	0.4652073447368352	0.690278826038226	0.2810216535384382	0.1710410855039668	0.5711042817705252	0.40740174743958013	1.695306735288962	0.1854335358600686	0.2874311735458337	0.3271731803177711	0.2900078693410084	0.0	0.13548221610613642	1.9372197853877073	1.5898125967669408	0.5751519753316732	2.391291780052347	-1
CS17_00626_1-552	0.39570734312422684	0.6550367143236222	2.1479861012970796	0.3701136666642715	0.4052332782153112	0.6802009056317617	0.8593440931528102	0.09697165821524445	0.4941347296165792	-1	0.1762435716118752	0.41162934644303073	0.7657415678207269	0.4633232852787117	0.33678028181514263	0.5150357360998465	0.02296588617795159	0.6006895608429716	0.8257610421443624	0.41650386964457464	0.3065233016101032	0.7065864978766616	0.5428839635457166	1.8307889513950983	0.32091575196620503	0.4229133896519701	0.4626553964239075	0.42549008544714484	0.13548221610613642	0.0	2.0727020014938438	1.7252948128730772	0.7106341914378096	2.526773996158483	-1
STMMW_00541_3-539	1.676994658369617	1.4176652871702216	0.0752840998032358	1.7025883348295723	1.6674687232785326	1.392501095862082	1.2133579083410335	2.169673659709088	1.5785672718772645	-1	1.8964584298819687	1.661072655050813	1.3069604336731169	1.609378716215132	1.7359217196787011	1.5576662653939972	2.049736115315892	1.4720124406508721	1.2469409593494813	1.6561981318492691	1.7661786998837405	1.3661155036171821	1.5298180379481272	0.24191305009874542	1.7517862495276386	1.6497886118418736	1.6100466050699362	1.647211916046699	1.9372197853877073	2.0727020014938438	0.0	0.3474071886207666	1.3620678100560342	0.45407199466463943	-1
SL1344_0054_3-539	1.3295874697488503	1.070258098549455	0.4226912884240024	1.3551811462088057	1.320061534657766	1.0450939072413155	0.8659507197202669	1.8222664710883216	1.231160083256498	-1	1.549051241261202	1.3136654664300464	0.9595532450523503	1.2619715275943655	1.3885145310579345	1.2102590767732306	1.7023289266951256	1.1246052520301055	0.8995337707287148	1.3087909432285025	1.418771511262974	1.0187083149964156	1.1824108493273606	0.10549413852202116	1.404379060906872	1.302381423221107	1.2626394164491697	1.2998047274259323	1.5898125967669408	1.7252948128730772	0.3474071886207666	0.0	1.0146606214352676	0.801479183285406	-1
BN373_05411_1-534	0.31492684831358275	0.05559747711418739	1.43735190985927	0.3405205247735381	0.3054009132224984	0.03043328580604787	0.14870990171500065	0.807605849653054	0.21649946182123037	-1	0.5343906198259344	0.29900484499477886	0.055107376382917295	0.2473109061590979	0.37385390962266696	0.19559845533796305	0.687668305259858	0.10994463059483794	0.11512685070655282	0.29413032179323495	0.4041108898277064	0.00404769356114798	0.16775022789209304	1.1201547599572887	0.38971843947160456	0.2877208017858395	0.24797879501390208	0.28514410599066475	0.5751519753316732	0.7106341914378096	1.3620678100560342	1.0146606214352676	0.0	1.8161398047206736	-1
STM_MW00541_3-540	2.1310666530342566	1.871737281834861	0.37878789486140363	2.156660329494212	2.121540717943172	1.8465730905267215	1.667429903005673	2.6237456543737276	2.0326392665419037	-1	2.350530424546608	2.1151446497154525	1.7610324283377563	2.0634507108797715	2.1899937143433403	2.0117382600586367	2.5038081099805316	1.9260844353155115	1.7010129540141208	2.1102701265139086	2.2202506945483798	1.8201874982818216	1.9838900326127666	0.6959850447633849	2.205858244192278	2.103860606506513	2.0641185997345755	2.1012839107113384	2.391291780052347	2.526773996158483	0.45407199466463943	0.801479183285406	1.8161398047206736	0.0	-1
b4125_9-543	-1	-1	-1	-1	-1	-1	-1	-1	-1	-1	-1	-1	-1	-1	-1	-1	-1	-1	-1	-1	-1	-1	-1	-1	-1	-1	-1	-1	-1	-1	-1	-1	-1	-1	-1
