t0006_1-476	0.0	0.4773459901254351	0.810624380098945	6.190681039937985	0.342780927301515	0.418444965255385	0.4931729821479349	0.5985600668388851	0.33437366550540504	0.08251367821921607	0.304077619691445	0.511167670851995	0.021035178150974	0.298993671085688	0.399362959926405	1.456922564911575	0.6648761948085551	0.11907697414007101
ETEC_0007_1-476	0.4773459901254351	0.0	0.3332783899735099	5.7133350498125495	0.8201269174269501	0.05890102487005011	0.01582699202249982	0.12121407671344997	0.14297232462003007	0.39483231190621904	0.17326837043399013	0.03382168072655989	0.4563108119744611	0.7763396612111231	0.07798303019903008	0.9795765747861398	0.18753020468311998	0.3582690159853641
STM_MW10141_1-461	0.810624380098945	0.3332783899735099	0.0	5.38005665983904	1.15340530740046	0.39217941484356	0.3174513979510101	0.21206431326005992	0.47625071459353996	0.7281107018797289	0.5065467604075	0.29945670924695	0.789589201947971	1.109618051184633	0.41126142017253997	0.6462981848126299	0.1457481852903899	0.691547405958874
b0007_1-476	6.190681039937985	5.7133350498125495	5.38005665983904	0.0	6.5334619672395	5.7722360746826	5.69750805779005	5.5921209730990995	5.85630737443258	6.108167361718769	5.88660342024654	5.67951336908599	6.169645861787011	6.489674711023673	5.79131808001158	4.73375847502641	5.52580484512943	6.071604065797914
STMMW_10141_1-461	0.342780927301515	0.8201269174269501	1.15340530740046	6.5334619672395	0.0	0.7612258925569	0.8359539094494499	0.9413409941404001	0.67715459280692	0.42529460552073106	0.64685854699296	0.85394859815351	0.363816105452489	0.04378725621582702	0.74214388722792	1.79970349221309	1.00765712211007	0.461857901441586
BN373_04891_1-476	0.418444965255385	0.05890102487005011	0.39217941484356	5.7722360746826	0.7612258925569	0.0	0.07472801689254993	0.18011510158350008	0.08407129974997996	0.3359312870361689	0.11436734556394001	0.09272270559661	0.397409787104411	0.717438636341073	0.019082005328979967	1.03847759965619	0.2464312295531701	0.299367991115314
SEN0907_1-461	0.4931729821479349	0.01582699202249982	0.3174513979510101	5.69750805779005	0.8359539094494499	0.07472801689254993	0.0	0.10538708469095015	0.1587993166425299	0.41065930392871886	0.18909536245648995	0.01799468870406007	0.4721378039969609	0.7921666532336229	0.0938100222215299	0.96374958276364	0.17170321266062016	0.3740960080078639
t1931_1-461	0.5985600668388851	0.12121407671344997	0.21206431326005992	5.5921209730990995	0.9413409941404001	0.18011510158350008	0.10538708469095015	0.0	0.26418640133348004	0.516046388619669	0.2944824471474401	0.08739239598689008	0.5775248886879111	0.897553737924573	0.19919710691248005	0.8583624980726898	0.06631612796967001	0.47948309269881406
ERS227112_02342_1-476	0.33437366550540504	0.14297232462003007	0.47625071459353996	5.85630737443258	0.67715459280692	0.08407129974997996	0.1587993166425299	0.26418640133348004	0.0	0.25185998728618897	0.03029604581396006	0.17679400534658996	0.31333848735443104	0.633367336591093	0.06498929442099999	1.1225488994061699	0.33050252930315005	0.21529669136533403
NCTC13441_03985_1-476	0.08251367821921607	0.39483231190621904	0.7281107018797289	6.108167361718769	0.42529460552073106	0.3359312870361689	0.41065930392871886	0.516046388619669	0.25185998728618897	0.0	0.2215639414722289	0.4286539926327789	0.06147850006824207	0.38150734930490404	0.31684928170718896	1.374408886692359	0.582362516589339	0.036563295920854944
SL1344_0006_1-476	0.304077619691445	0.17326837043399013	0.5065467604075	5.88660342024654	0.64685854699296	0.11436734556394001	0.18909536245648995	0.2944824471474401	0.03029604581396006	0.2215639414722289	0.0	0.20709005116055001	0.283042441540471	0.603071290777133	0.09528534023496005	1.15284494522013	0.3607985751171101	0.18500064555137397
STMMW_00051_1-476	0.511167670851995	0.03382168072655989	0.29945670924695	5.67951336908599	0.85394859815351	0.09272270559661	0.01799468870406007	0.08739239598689008	0.17679400534658996	0.4286539926327789	0.20709005116055001	0.0	0.490132492701021	0.810161341937683	0.11180471092558997	0.9457548940595799	0.1537085239565601	0.392090696711924
STM_MW00051_1-476	0.021035178150974	0.4563108119744611	0.789589201947971	6.169645861787011	0.363816105452489	0.397409787104411	0.4721378039969609	0.5775248886879111	0.31333848735443104	0.06147850006824207	0.283042441540471	0.490132492701021	0.0	0.32002884923666197	0.378327781775431	1.435887386760601	0.6438410166575811	0.09804179598909701
SL1344_0940_1-461	0.298993671085688	0.7763396612111231	1.109618051184633	6.489674711023673	0.04378725621582702	0.717438636341073	0.7921666532336229	0.897553737924573	0.633367336591093	0.38150734930490404	0.603071290777133	0.810161341937683	0.32002884923666197	0.0	0.698356631012093	1.7559162359972629	0.9638698658942431	0.418070645225759
CS17_00007_1-476	0.399362959926405	0.07798303019903008	0.41126142017253997	5.79131808001158	0.74214388722792	0.019082005328979967	0.0938100222215299	0.19919710691248005	0.06498929442099999	0.31684928170718896	0.09528534023496005	0.11180471092558997	0.378327781775431	0.698356631012093	0.0	1.0575596049851699	0.26551323488215006	0.280285985786334
ENC_16080_6-434	1.456922564911575	0.9795765747861398	0.6462981848126299	4.73375847502641	1.79970349221309	1.03847759965619	0.96374958276364	0.8583624980726898	1.1225488994061699	1.374408886692359	1.15284494522013	0.9457548940595799	1.435887386760601	1.7559162359972629	1.0575596049851699	0.0	0.7920463701030198	1.337845590771504
ROD_00051_1-476	0.6648761948085551	0.18753020468311998	0.1457481852903899	5.52580484512943	1.00765712211007	0.2464312295531701	0.17170321266062016	0.06631612796967001	0.33050252930315005	0.582362516589339	0.3607985751171101	0.1537085239565601	0.6438410166575811	0.9638698658942431	0.26551323488215006	0.7920463701030198	0.0	0.5457992206684841
SEN0005_1-476	0.11907697414007101	0.3582690159853641	0.691547405958874	6.071604065797914	0.461857901441586	0.299367991115314	0.3740960080078639	0.47948309269881406	0.21529669136533403	0.036563295920854944	0.18500064555137397	0.392090696711924	0.09804179598909701	0.418070645225759	0.280285985786334	1.337845590771504	0.5457992206684841	0.0
