t1809_1-101	0.0	0.4642930898520199	0.05171115390871006	1.248758273223363	1.029159787088837	0.76342887267173	1.0693084335000411	-1	0.07100129738835004	0.6454055358018098	1.243407285996782	0.6753820600141198
CS17_01061_1-101	0.4642930898520199	0.0	0.41258193594330983	0.7844651833713431	0.564866697236817	0.2991357828197101	0.6050153436480211	-1	0.39329179246366985	1.1096986256538297	0.7791141961447621	1.1396751498661397
SL1344_1050_1-101	0.05171115390871006	0.41258193594330983	0.0	1.1970471193146528	0.9774486331801269	0.7117177187630199	1.0175972795913308	-1	0.019290143479639976	0.6971166897105199	1.191696132088072	0.7270932139228299
ROD_10591_1-101	1.248758273223363	0.7844651833713431	1.1970471193146528	0.0	0.21959848613452604	0.485329400551633	0.17944983972332196	-1	1.1777569758350128	1.894163809025173	0.0053509872265810055	1.924140333237483
BN373_01211_1-101	1.029159787088837	0.564866697236817	0.9774486331801269	0.21959848613452604	0.0	0.26573091441710694	0.04014864641120408	-1	0.9581584897004869	1.6745653228906467	0.21424749890794503	1.7045418471029568
ERS227112_01987_1-101	0.76342887267173	0.2991357828197101	0.7117177187630199	0.485329400551633	0.26573091441710694	0.0	0.305879560828311	-1	0.69242757528338	1.4088344084735398	0.479978413325052	1.4388109326858498
ETEC_1068_1-101	1.0693084335000411	0.6050153436480211	1.0175972795913308	0.17944983972332196	0.04014864641120408	0.305879560828311	0.0	-1	0.998307136111691	1.714713969301851	0.17409885249674095	1.744690493514161
b0999_1-101	-1	-1	-1	-1	-1	-1	-1	-1	-1	-1	-1	-1
SEN0975_1-101	0.07100129738835004	0.39329179246366985	0.019290143479639976	1.1777569758350128	0.9581584897004869	0.69242757528338	0.998307136111691	-1	0.0	0.7164068331901599	1.172405988608432	0.7463833574024699
STMMW_11211_1-101	0.6454055358018098	1.1096986256538297	0.6971166897105199	1.894163809025173	1.6745653228906467	1.4088344084735398	1.714713969301851	-1	0.7164068331901599	0.0	1.8888128217985918	0.029976524212310007
NCTC13441_02905_1-101	1.243407285996782	0.7791141961447621	1.191696132088072	0.0053509872265810055	0.21424749890794503	0.479978413325052	0.17409885249674095	-1	1.172405988608432	1.8888128217985918	0.0	1.9187893460109018
STM_MW11211_1-101	0.6753820600141198	1.1396751498661397	0.7270932139228299	1.924140333237483	1.7045418471029568	1.4388109326858498	1.744690493514161	-1	0.7463833574024699	0.029976524212310007	1.9187893460109018	0.0
