BN373_29461_1-219	0.0	5.80177811805993	0.20227392709982306	0.4572818220207	1.17225362607167	0.28513293617207003	0.40534399998914405	0.45000383444690994	1.19822188194007	1.1268867375637033	1.103120670948149	1.19822188194007	0.3545438215642971	1.1331774467200033	1.1858561524690756	0.04178434693273991	0.8894837878813421	0.46680664865867405	0.26230620154764306	0.08827348889725006	0.010663023109289904	5.80177811805993
b0215_7-233	5.80177811805993	0.0	6.004052045159753	5.34449629603923	6.9740317441316	5.51664518188786	6.207122118049074	5.35177428361302	7.0	6.928664855623634	6.904898789008079	7.0	6.1563219396242275	6.9349555647799335	6.987634270529005	5.75999377112719	6.691261905941272	6.268584766718604	6.064084319607573	5.89005160695718	5.79111509495064	0.0
ERS227112_04301_1-220	0.20227392709982306	6.004052045159753	0.0	0.6595557491205231	0.9699796989718469	0.4874068632718931	0.203070072889321	0.652277761546733	0.995947954840247	0.9246128104638803	0.9008467438483259	0.995947954840247	0.15226989446447403	0.9309035196201803	0.9835822253692527	0.24405827403256297	0.687209860781519	0.264532721558851	0.06003227444782	0.114000438202573	0.21293695020911296	6.004052045159753
CS17_02032_1-220	0.4572818220207	5.34449629603923	0.6595557491205231	0.0	1.62953544809237	0.17214888584862997	0.8626258220098441	0.007277987573790057	1.65550370396077	1.5841685595844033	1.560402492968849	1.65550370396077	0.8118256435849971	1.5904592687407033	1.6431379744897756	0.4154974750879601	1.3467656099020422	0.924088470679374	0.7195880235683431	0.5455553109179501	0.4466187989114101	5.34449629603923
NCTC13441_03761_10-234	1.17225362607167	6.9740317441316	0.9699796989718469	1.62953544809237	0.0	1.45738656224374	0.7669096260825259	1.62225746051858	0.0259682558684001	0.04536688850796661	0.0691329551235211	0.0259682558684001	0.8177098045073729	0.0390761793516666	0.0136025263974057	1.21403797300441	0.28276983819032786	0.7054469774129959	0.9099474245240269	1.08398013717442	1.18291664918096	6.9740317441316
SL1344_1812_1-220	0.28513293617207003	5.51664518188786	0.4874068632718931	0.17214888584862997	1.45738656224374	0.0	0.6904769361612141	0.16487089827483992	1.48335481811214	1.4120196737357733	1.388253607120219	1.48335481811214	0.6396767577363671	1.4183103828920733	1.4709890886411456	0.24334858923933012	1.1746167240534122	0.7519395848307441	0.5474391377197131	0.3734064250693201	0.2744699130627801	5.51664518188786
ETEC_1877_1-220	0.40534399998914405	6.207122118049074	0.203070072889321	0.8626258220098441	0.7669096260825259	0.6904769361612141	0.0	0.855347834436054	0.792877881950926	0.7215427375745593	0.6977766709590048	0.792877881950926	0.050800178424846965	0.7278334467308594	0.7805121524799317	0.44712834692188397	0.484139787892198	0.061462648669529996	0.143037798441501	0.317070511091894	0.41600702309843396	6.207122118049074
STMMW_18591_1-220	0.45000383444690994	5.35177428361302	0.652277761546733	0.007277987573790057	1.62225746051858	0.16487089827483992	0.855347834436054	0.0	1.64822571638698	1.5768905720106132	1.5531245053950589	1.64822571638698	0.804547656011207	1.5831812811669133	1.6358599869159856	0.40821948751417003	1.3394876223282521	0.916810483105584	0.712310035994553	0.53827732334416	0.43934081133762004	5.35177428361302
STM_MW02631_7-232	1.19822188194007	7.0	0.995947954840247	1.65550370396077	0.0259682558684001	1.48335481811214	0.792877881950926	1.64822571638698	0.0	0.0713351443763667	0.0951012109919212	0.0	0.843678060375773	0.0650444352200667	0.0123657294709944	1.24000622887281	0.308738094058728	0.731415233281396	0.935915680392427	1.10994839304282	1.20888490504936	7.0
SL1344_0259_7-232	1.1268867375637033	6.928664855623634	0.9246128104638803	1.5841685595844033	0.04536688850796661	1.4120196737357733	0.7215427375745593	1.5768905720106132	0.0713351443763667	0.0	0.0237660666155545	0.0713351443763667	0.7723429159994063	0.006290709156300006	0.0589694149053723	1.1686710844964432	0.23740294968236128	0.6600800889050293	0.8645805360160603	1.0386132486664532	1.1375497606729932	6.928664855623634
CS17_00225_10-235	1.103120670948149	6.904898789008079	0.9008467438483259	1.560402492968849	0.0691329551235211	1.388253607120219	0.6977766709590048	1.5531245053950589	0.0951012109919212	0.0237660666155545	0.0	0.0951012109919212	0.7485768493838518	0.030056775771854505	0.0827354815209268	1.1449050178808888	0.21363688306680678	0.6363140222894748	0.8408144694005057	1.0148471820508989	1.1137836940574388	6.904898789008079
t2601_7-232	1.19822188194007	7.0	0.995947954840247	1.65550370396077	0.0259682558684001	1.48335481811214	0.792877881950926	1.64822571638698	0.0	0.0713351443763667	0.0951012109919212	0.0	0.843678060375773	0.0650444352200667	0.0123657294709944	1.24000622887281	0.308738094058728	0.731415233281396	0.935915680392427	1.10994839304282	1.20888490504936	7.0
ENC_06500_1-220	0.3545438215642971	6.1563219396242275	0.15226989446447403	0.8118256435849971	0.8177098045073729	0.6396767577363671	0.050800178424846965	0.804547656011207	0.843678060375773	0.7723429159994063	0.7485768493838518	0.843678060375773	0.0	0.7786336251557062	0.8313123309047786	0.396328168497037	0.534939966317045	0.11226282709437696	0.09223762001665403	0.266270332667047	0.365206844673587	6.1563219396242275
STMMW_02631_7-232	1.1331774467200033	6.9349555647799335	0.9309035196201803	1.5904592687407033	0.0390761793516666	1.4183103828920733	0.7278334467308594	1.5831812811669133	0.0650444352200667	0.006290709156300006	0.030056775771854505	0.0650444352200667	0.7786336251557062	0.0	0.052678705749072297	1.1749617936527432	0.2436936588386613	0.6663707980613294	0.8708712451723604	1.0449039578227532	1.1438404698292932	6.9349555647799335
ETEC_0205_7-234	1.1858561524690756	6.987634270529005	0.9835822253692527	1.6431379744897756	0.0136025263974057	1.4709890886411456	0.7805121524799317	1.6358599869159856	0.0123657294709944	0.0589694149053723	0.0827354815209268	0.0123657294709944	0.8313123309047786	0.052678705749072297	0.0	1.2276404994018155	0.2963723645877336	0.7190495038104017	0.9235499509214327	1.0975826635718255	1.1965191755783655	6.987634270529005
ROD_18831_1-220	0.04178434693273991	5.75999377112719	0.24405827403256297	0.4154974750879601	1.21403797300441	0.24334858923933012	0.44712834692188397	0.40821948751417003	1.24000622887281	1.1686710844964432	1.1449050178808888	1.24000622887281	0.396328168497037	1.1749617936527432	1.2276404994018155	0.0	0.931268134814082	0.508590995591414	0.30409054848038297	0.13005783582998998	0.03112132382345001	5.75999377112719
SEN0266_7-232	0.8894837878813421	6.691261905941272	0.687209860781519	1.3467656099020422	0.28276983819032786	1.1746167240534122	0.484139787892198	1.3394876223282521	0.308738094058728	0.23740294968236128	0.21363688306680678	0.308738094058728	0.534939966317045	0.2436936588386613	0.2963723645877336	0.931268134814082	0.0	0.42267713922266803	0.627177586333699	0.801210298984092	0.900146810990632	6.691261905941272
NCTC13441_02041_1-220	0.46680664865867405	6.268584766718604	0.264532721558851	0.924088470679374	0.7054469774129959	0.7519395848307441	0.061462648669529996	0.916810483105584	0.731415233281396	0.6600800889050293	0.6363140222894748	0.731415233281396	0.11226282709437696	0.6663707980613294	0.7190495038104017	0.508590995591414	0.42267713922266803	0.0	0.204500447111031	0.378533159761424	0.47746967176796395	6.268584766718604
t0999_1-220	0.26230620154764306	6.064084319607573	0.06003227444782	0.7195880235683431	0.9099474245240269	0.5474391377197131	0.143037798441501	0.712310035994553	0.935915680392427	0.8645805360160603	0.8408144694005057	0.935915680392427	0.09223762001665403	0.8708712451723604	0.9235499509214327	0.30409054848038297	0.627177586333699	0.204500447111031	0.0	0.174032712650393	0.27296922465693296	6.064084319607573
SEN1125_1-220	0.08827348889725006	5.89005160695718	0.114000438202573	0.5455553109179501	1.08398013717442	0.3734064250693201	0.317070511091894	0.53827732334416	1.10994839304282	1.0386132486664532	1.0148471820508989	1.10994839304282	0.266270332667047	1.0449039578227532	1.0975826635718255	0.13005783582998998	0.801210298984092	0.378533159761424	0.174032712650393	0.0	0.09893651200653997	5.89005160695718
STM_MW18591_1-220	0.010663023109289904	5.79111509495064	0.21293695020911296	0.4466187989114101	1.18291664918096	0.2744699130627801	0.41600702309843396	0.43934081133762004	1.20888490504936	1.1375497606729932	1.1137836940574388	1.20888490504936	0.365206844673587	1.1438404698292932	1.1965191755783655	0.03112132382345001	0.900146810990632	0.47746967176796395	0.27296922465693296	0.09893651200653997	0.0	5.79111509495064
b1844_1-220	5.80177811805993	0.0	6.004052045159753	5.34449629603923	6.9740317441316	5.51664518188786	6.207122118049074	5.35177428361302	7.0	6.928664855623634	6.904898789008079	7.0	6.1563219396242275	6.9349555647799335	6.987634270529005	5.75999377112719	6.691261905941272	6.268584766718604	6.064084319607573	5.89005160695718	5.79111509495064	0.0
