NCTC13441_00817_14-275	0.0	0.22345917959989106	0.3333989785675768	0.21240433997158428	0.27336266569577955	0.1830590078254394	0.08195486760684777	0.07263277386091066	0.34151389710230634	0.3037071923568593	0.4890344067661505	0.32760018287758325	-1	0.6591366651319092	0.16614273690727738	0.4016175394001191	0.468044247582393	0.23240877637060806	0.30793112733269556	0.29731878381896637	0.03252475117259769	0.07292248048103583	-1	0.5000772963971476	0.38452668654098926	0.17345140748831434	0.3576195763496986	0.21257857752363352
ROD_05441_1-304	0.22345917959989106	0.0	0.141576329382195	0.01403618657307981	0.06426382848769749	0.049452986398580784	0.2871004797270949	0.2798614934017782	0.15202641561275318	0.10334036620975165	0.3419977677791917	0.13410885885436655	-1	0.5610490447978477	0.3524757968213877	0.22942562080436774	0.5869146436010743	0.011524953403100915	0.10877979046778342	0.09511361447942876	0.24871597655876948	0.16237768250163664	-1	0.35621838482969953	0.207416664661761	0.3581512778704203	0.1727667023102302	0.013818016332396767
STM_MW43091_1-334	0.3333989785675768	0.141576329382195	0.0	0.15362532418173452	0.08262211427559531	0.1840279434894771	0.3880301770256605	0.38181605981273004	0.012173576508016464	0.04264267257221899	0.2334761321909425	0.008624029249159981	-1	0.4886546466196107	0.44414989669354626	0.10233791824373606	0.6453977520815699	0.13156768744626604	0.036799590677623666	0.05134646254627506	0.35508001092106584	0.28096517562166246	-1	0.2500420978524826	0.076699114357111	0.4490218639681786	0.03633447445081236	0.1534380416829078
SEN4131_1-334	0.21240433997158428	0.01403618657307981	0.15362532418173452	0.0	0.07739799597422357	0.035920993593469314	0.27695163801694095	0.26960959744026286	0.1639287310522558	0.11592604812218099	0.35123360987614594	0.14626266846346364	-1	0.5672102423014966	0.34325763850499885	0.24024154655919278	0.5810339580687423	0.02539937357996875	0.1212891236064769	0.10781476861403533	0.23802069283862634	0.15045328632596103	-1	0.3652546236925485	0.2185415122312824	0.3490139157352009	0.18437790321606787	0.00022122716120981026
ETEC_0541_1-304	0.27336266569577955	0.06426382848769749	0.08262211427559531	0.07739799597422357	0.0	0.11053877665015543	0.3329141322268747	0.32614035087719295	0.09378988415422372	0.04176020860548769	0.29680795479203376	0.07464179807625483	-1	0.5309030808408999	0.394088181156091	0.17650465734347087	0.6134610900954741	0.0533537748536646	0.04757319780439915	0.03296846582501239	0.296996364186744	0.21620649945081916	-1	0.31200520534560056	0.15298418564145613	0.39939893406440335	0.11595455762618895	0.0771938461884689
ROD_32351_1-334	0.1830590078254394	0.049452986398580784	0.1840279434894771	0.035920993593469314	0.11053877665015543	0.0	0.2500112986817124	0.24239569816776227	0.19396124174781149	0.14768286288373722	0.3745379432194431	0.17692976168009314	-1	0.5827564804151038	0.3187878201570676	0.26753282509782417	0.5654235398269952	0.06040799643779387	0.15285329136792045	0.1398629485948385	0.20962981031861208	0.11879969584587759	-1	0.38805530828837276	0.24661227756398474	0.32475857275301695	0.2136758593293355	0.0361342740552386
STMMW_43091_1-334	0.08195486760684777	0.2871004797270949	0.3880301770256605	0.27695163801694095	0.3329141322268747	0.2500112986817124	0.0	0.01005221392689043	0.3954800384862359	0.3607717772228532	0.530910524311285	0.3827066208687196	-1	0.6870720746130521	0.09170341013733105	0.4506578947368421	0.4205559904980823	0.29531661347933313	0.3646495401669649	0.3549069298609017	0.05109186668512737	0.14890099585449737	-1	0.5410483953845768	0.43496772046107035	0.09966453353219593	0.41026577892318983	0.2771115959534799
ETEC_4521_1-334	0.07263277386091066	0.2798614934017782	0.38181605981273004	0.26960959744026286	0.32614035087719295	0.24239569816776227	0.01005221392689043	0.0	0.3893415693046269	0.3542808703953821	0.5261472551502108	0.37643844673875343	-1	0.683894514650859	0.10083380176769566	0.4450797173432055	0.42638068564025067	0.28816105613410137	0.35819800925731526	0.34835646969015305	0.041456381170396475	0.14025869230779076	-1	0.5363880690758687	0.42923022053488297	0.10871489824709697	0.40427744839336693	0.26977117963559605
NCTC13441_03485_1-304	0.34151389710230634	0.15202641561275318	0.012173576508016464	0.1639287310522558	0.09378988415422372	0.19396124174781149	0.3954800384862359	0.3893415693046269	0.0	0.05429713524317125	0.22402979958828964	0.020692620477304424	-1	0.4823530316462131	0.4509165804531362	0.0912754909075899	0.6497145296765195	0.14213961464517258	0.04852518455306239	0.06289496896406845	0.36293099374966736	0.2897184010681603	-1	0.24079991756405628	0.06532072468865092	0.4557292384614063	0.024458647155222574	0.16374372845125718
NCTC13441_04278_1-334	0.3037071923568593	0.10334036620975165	0.04264267257221899	0.11592604812218099	0.04176020860548769	0.14768286288373722	0.3607717772228532	0.3542808703953821	0.05429713524317125	0.0	0.266162758504715	0.03431457320606052	-1	0.5104597790951363	0.41939118510754314	0.1406166284765649	0.629603035607225	0.09288591869137303	0.006066319987037804	0.009091474755242477	0.32635394266872186	0.2489378795373784	-1	0.28202230711670745	0.11607113170922054	0.42448015986655213	0.07742774792594169	0.1157304236740662
STM_MW05711_1-304	0.4890344067661505	0.3419977677791917	0.2334761321909425	0.35123360987614594	0.29680795479203376	0.3745379432194431	0.530910524311285	0.5261472551502108	0.22402979958828964	0.266162758504715	0.0	0.24008665644710703	-1	0.33290354696722074	0.5739276288914729	0.14608861910557283	0.7281889133917786	0.3343259048509475	0.2616838967709447	0.27283442126022617	0.5056534355438402	0.4488426453281103	-1	0.02161180669936656	0.16980057126737028	0.5776621080906632	0.2045747746634188	0.35109005337077237
t2359_1-304	0.32760018287758325	0.13410885885436655	0.008624029249159981	0.14626266846346364	0.07464179807625483	0.17692976168009314	0.3827066208687196	0.37643844673875343	0.020692620477304424	0.03431457320606052	0.24008665644710703	0.0	-1	0.49306450390358525	0.43931452879025434	0.11007938229266391	0.6423130493571835	0.12401315124068624	0.028420662049256966	0.04309407788526317	0.34946981961799006	0.27471025565229207	-1	0.2565097567362415	0.0846616882006706	0.4442288775523516	0.04464515412955567	0.14607375678479456
b0489_1-304	-1	-1	-1	-1	-1	-1	-1	-1	-1	-1	-1	-1	-1	-1	-1	-1	-1	-1	-1	-1	-1	-1	-1	-1	-1	-1	-1	-1
t4415_1-334	0.6591366651319092	0.5610490447978477	0.4886546466196107	0.5672102423014966	0.5309030808408999	0.5827564804151038	0.6870720746130521	0.683894514650859	0.4823530316462131	0.5104597790951363	0.33290354696722074	0.49306450390358525	-1	0.0	0.7157686324982356	0.43035874660100504	0.81867578822867	0.5559311722502622	0.5074719463189139	0.5149104216551686	0.6702231602823556	0.6323248836354528	-1	0.3181679239379397	0.4461769057826231	0.7182598903259401	0.4693746535251675	0.5671144762659521
ENC_42760_1-334	0.16614273690727738	0.3524757968213877	0.44414989669354626	0.34325763850499885	0.394088181156091	0.3187878201570676	0.09170341013733105	0.10083380176769566	0.4509165804531362	0.41939118510754314	0.5739276288914729	0.43931452879025434	-1	0.7157686324982356	0.0	0.5010344391214944	0.36205418365654385	0.3599384830904013	0.4229133439659756	0.41406416424861753	0.13810997841715034	0.22694967689912643	-1	0.5831358226158111	0.48678310733245994	0.008764894070634528	0.464346418070616	0.3434029277532786
STMMW_05711_1-304	0.4016175394001191	0.22942562080436774	0.10233791824373606	0.24024154655919278	0.17650465734347087	0.26753282509782417	0.4506578947368421	0.4450797173432055	0.0912754909075899	0.1406166284765649	0.14608861910557283	0.11007938229266391	-1	0.43035874660100504	0.5010344391214944	0.0	0.6816870079380912	0.22044124244860872	0.13537151541919012	0.14842969070384537	0.42107978003717694	0.3545497026932919	-1	0.16454318680785235	0.027768633481568578	0.5054078194074892	0.06849206705335724	0.24007343016141947
CS17_04654_1-334	0.468044247582393	0.5869146436010743	0.6453977520815699	0.5810339580687423	0.6134610900954741	0.5654235398269952	0.4205559904980823	0.42638068564025067	0.6497145296765195	0.629603035607225	0.7281889133917786	0.6423130493571835	-1	0.81867578822867	0.36205418365654385	0.6816870079380912	0.0	0.5916754330850751	0.6318499821154591	0.626204684936699	0.45016086658304993	0.5068357805548407	-1	0.7340632420543003	0.6725954304459542	0.3564132136489165	0.6582820383987628	0.5811266447368421
BN373_09561_1-304	0.23240877637060806	0.011524953403100915	0.13156768744626604	0.02539937357996875	0.0533537748536646	0.06040799643779387	0.29531661347933313	0.28816105613410137	0.14213961464517258	0.09288591869137303	0.3343259048509475	0.12401315124068624	-1	0.5559311722502622	0.3599384830904013	0.22044124244860872	0.5916754330850751	0.0	0.09838876297333898	0.08456324857577853	0.2573744899214238	0.17203124068020267	-1	0.34871232472008457	0.19817567669823524	0.36554855448480356	0.16312171911900958	0.025183717741143523
ENC_22410_1-304	0.30793112733269556	0.10877979046778342	0.036799590677623666	0.1212891236064769	0.04757319780439915	0.15285329136792045	0.3646495401669649	0.35819800925731526	0.04852518455306239	0.006066319987037804	0.2616838967709447	0.028420662049256966	-1	0.5074719463189139	0.4229133439659756	0.13537151541919012	0.6318499821154591	0.09838876297333898	0.0	0.015102642947260903	0.33044049521049984	0.25349406269024777	-1	0.2776402416769606	0.11067620902105674	0.4279714473756905	0.07179697134115955	0.12109468587886167
SL1344_0494_1-304	0.29731878381896637	0.09511361447942876	0.05134646254627506	0.10781476861403533	0.03296846582501239	0.1398629485948385	0.3549069298609017	0.34835646969015305	0.06289496896406845	0.009091474755242477	0.27283442126022617	0.04309407788526317	-1	0.5149104216551686	0.41406416424861753	0.14842969070384537	0.626204684936699	0.08456324857577853	0.015102642947260903	0.0	0.3201733155289128	0.24204696868754166	-1	0.28854978318638314	0.1241073487007162	0.4191998297811671	0.0858152902655602	0.1076173493335155
ERS227112_02051_1-334	0.03252475117259769	0.24871597655876948	0.35508001092106584	0.23802069283862634	0.296996364186744	0.20962981031861208	0.05109186668512737	0.041456381170396475	0.36293099374966736	0.32635394266872186	0.5056534355438402	0.34946981961799006	-1	0.6702231602823556	0.13810997841715034	0.42107978003717694	0.45016086658304993	0.2573744899214238	0.33044049521049984	0.3201733155289128	0.0	0.10307544612109923	-1	0.5163371579373627	0.4045448029146178	0.14566435315686094	0.37851283978707256	0.23818926335765025
SL1344_4298_1-334	0.07292248048103583	0.16237768250163664	0.28096517562166246	0.15045328632596103	0.21620649945081916	0.11879969584587759	0.14890099585449737	0.14025869230779076	0.2897184010681603	0.2489378795373784	0.4488426453281103	0.27471025565229207	-1	0.6323248836354528	0.22694967689912643	0.3545497026932919	0.5068357805548407	0.17203124068020267	0.25349406269024777	0.24204696868754166	0.10307544612109923	0.0	-1	0.46075415153821336	0.3361145098434018	0.23372538109237537	0.3070909280772815	0.15064122913374225
b4175_1-334	-1	-1	-1	-1	-1	-1	-1	-1	-1	-1	-1	-1	-1	-1	-1	-1	-1	-1	-1	-1	-1	-1	-1	-1	-1	-1	-1	-1
Ecoli9000q_46170_1-304	0.5000772963971476	0.35621838482969953	0.2500420978524826	0.3652546236925485	0.31200520534560056	0.38805530828837276	0.5410483953845768	0.5363880690758687	0.24079991756405628	0.28202230711670745	0.02161180669936656	0.2565097567362415	-1	0.3181679239379397	0.5831358226158111	0.16454318680785235	0.7340632420543003	0.34871232472008457	0.2776402416769606	0.28854978318638314	0.5163371579373627	0.46075415153821336	-1	0.0	0.18774268084306442	0.5867895929724257	0.2217653508771931	0.3651141697026195
SEN0482_1-304	0.38452668654098926	0.207416664661761	0.076699114357111	0.2185415122312824	0.15298418564145613	0.24661227756398474	0.43496772046107035	0.42923022053488297	0.06532072468865092	0.11607113170922054	0.16980057126737028	0.0846616882006706	-1	0.4461769057826231	0.48678310733245994	0.027768633481568578	0.6725954304459542	0.19817567669823524	0.11067620902105674	0.1241073487007162	0.4045448029146178	0.3361145098434018	-1	0.18774268084306442	0.0	0.4912813990319511	0.04188656627857998	0.2183685941342503
BN373_01831_1-334	0.17345140748831434	0.3581512778704203	0.4490218639681786	0.3490139157352009	0.39939893406440335	0.32475857275301695	0.09966453353219593	0.10871489824709697	0.4557292384614063	0.42448015986655213	0.5776621080906632	0.4442288775523516	-1	0.7182598903259401	0.008764894070634528	0.5054078194074892	0.3564132136489165	0.36554855448480356	0.4279714473756905	0.4191998297811671	0.14566435315686094	0.23372538109237537	-1	0.5867895929724257	0.4912813990319511	0.0	0.469041364974783	0.34915793153860986
Ecoli9000q_38330_1-334	0.3576195763496986	0.1727667023102302	0.03633447445081236	0.18437790321606787	0.11595455762618895	0.2136758593293355	0.41026577892318983	0.40427744839336693	0.024458647155222574	0.07742774792594169	0.2045747746634188	0.04464515412955567	-1	0.4693746535251675	0.464346418070616	0.06849206705335724	0.6582820383987628	0.16312171911900958	0.07179697134115955	0.0858152902655602	0.37851283978707256	0.3070909280772815	-1	0.2217653508771931	0.04188656627857998	0.469041364974783	0.0	0.18419742552840987
CS17_00521_1-304	0.21257857752363352	0.013818016332396767	0.1534380416829078	0.00022122716120981026	0.0771938461884689	0.0361342740552386	0.2771115959534799	0.26977117963559605	0.16374372845125718	0.1157304236740662	0.35109005337077237	0.14607375678479456	-1	0.5671144762659521	0.3434029277532786	0.24007343016141947	0.5811266447368421	0.025183717741143523	0.12109468587886167	0.1076173493335155	0.23818926335765025	0.15064122913374225	-1	0.3651141697026195	0.2183685941342503	0.34915793153860986	0.18419742552840987	0.0
