ETEC_1590_1-304	0.0	0.7272766773294868	0.3232673200027547	0.028561513924340365	0.5779367142312104	0.520902741786464	0.2552051540155284	-1	0.0024890232818667313	0.004526500314181114	0.3217196470206166	0.5856049356717903	0.12958089151607333	0.26391473426134804
t1448_12-315	0.7272766773294868	0.0	0.40400935732673204	0.6987151634051464	0.14933996309827635	0.20637393554302275	0.9824818313450152	-1	0.72478765404762	0.7227501770153056	0.40555703030887014	0.14167174165769647	0.8568575688455601	0.9911914115908348
ERS227112_04834_1-305	0.3232673200027547	0.40400935732673204	0.0	0.29470580607841435	0.2546693942284557	0.1976354217837093	0.5784724740182832	-1	0.320778296720888	0.3187408196885736	0.001547672982138093	0.2623376156690356	0.45284821151882804	0.5871820542641027
CS17_01684_1-304	0.028561513924340365	0.6987151634051464	0.29470580607841435	0.0	0.54937520030687	0.49234122786212364	0.28376666793986877	-1	0.026072490642473634	0.02403501361015925	0.29315813309627625	0.5570434217474499	0.1581424054404137	0.2924762481856884
BN373_24051_1-305	0.5779367142312104	0.14933996309827635	0.2546693942284557	0.54937520030687	0.0	0.057033972444746395	0.8331418682467389	-1	0.5754476909493437	0.5734102139170293	0.2562170672105938	0.007668221440579881	0.7075176057472837	0.8418514484925584
SL1344_1457_1-304	0.520902741786464	0.20637393554302275	0.1976354217837093	0.49234122786212364	0.057033972444746395	0.0	0.7761078958019925	-1	0.5184137185045973	0.5163762414722829	0.1991830947658474	0.06470219388532628	0.6504836333025373	0.784817476047812
NCTC13441_02326_1-304	0.2552051540155284	0.9824818313450152	0.5784724740182832	0.28376666793986877	0.8331418682467389	0.7761078958019925	0.0	-1	0.25769417729739513	0.2597316543297095	0.576924801036145	0.8408100896873187	0.12562426249945507	0.008709580245819637
b1520_1-304	-1	-1	-1	-1	-1	-1	-1	-1	-1	-1	-1	-1	-1	-1
STMMW_15271_12-315	0.0024890232818667313	0.72478765404762	0.320778296720888	0.026072490642473634	0.5754476909493437	0.5184137185045973	0.25769417729739513	-1	0.0	0.002037477032314383	0.3192306237387499	0.5831159123899236	0.13206991479794006	0.26640375754321477
ENC_10620_1-304	0.004526500314181114	0.7227501770153056	0.3187408196885736	0.02403501361015925	0.5734102139170293	0.5163762414722829	0.2597316543297095	-1	0.002037477032314383	0.0	0.3171931467064355	0.5810784353576092	0.13410739183025444	0.26844123457552915
SEN1524_12-315	0.3217196470206166	0.40555703030887014	0.001547672982138093	0.29315813309627625	0.2562170672105938	0.1991830947658474	0.576924801036145	-1	0.3192306237387499	0.3171931467064355	0.0	0.26388528865117367	0.45130053853668994	0.5856343812819647
ROD_15231_1-306	0.5856049356717903	0.14167174165769647	0.2623376156690356	0.5570434217474499	0.007668221440579881	0.06470219388532628	0.8408100896873187	-1	0.5831159123899236	0.5810784353576092	0.26388528865117367	0.0	0.7151858271878636	0.8495196699331383
STM_MW15271_12-315	0.12958089151607333	0.8568575688455601	0.45284821151882804	0.1581424054404137	0.7075176057472837	0.6504836333025373	0.12562426249945507	-1	0.13206991479794006	0.13410739183025444	0.45130053853668994	0.7151858271878636	0.0	0.1343338427452747
Ecoli9000q_5150_1-304	0.26391473426134804	0.9911914115908348	0.5871820542641027	0.2924762481856884	0.8418514484925584	0.784817476047812	0.008709580245819637	-1	0.26640375754321477	0.26844123457552915	0.5856343812819647	0.8495196699331383	0.1343338427452747	0.0
