SL1344_1694_342-585	0.0	0.10367022083909616	0.01609527751507811	-1	0.16635180744617895	0.313138588365117	0.12094561898354417	0.3360314707067694	0.165441696198955	0.2142664533519213	0.4994546017325832	0.20257606992623334	0.48338998761863033	0.251766082081041	-1	0.11241244060574251	0.11114292558652983	0.08313919550231741	0.289140876368696	0.17655208215653095	0.04932889231140636	0.441365441566042	0.762544500165004	0.038154737941214156
CS17_02748_327-555	0.10367022083909616	0.0	0.08757494332401805	-1	0.06268158660708278	0.20946836752602083	0.017275398144448006	0.23236124986767326	0.06177147535985883	0.11059623251282513	0.39578438089348705	0.3062462907653295	0.3797197667795342	0.14809586124194485	-1	0.008742219766646353	0.007472704747433667	0.020531025336778752	0.18547065552959985	0.2802223029956271	0.0543413285276898	0.33769522072694586	0.6588742793259079	0.065515482897882
NCTC13441_01261_327-555	0.01609527751507811	0.08757494332401805	0.0	-1	0.15025652993110084	0.2970433108500389	0.10485034146846606	0.3199361931916913	0.14934641868387688	0.19817117583684318	0.4833593242175051	0.21867134744131145	0.4672947101035522	0.2356708045659629	-1	0.0963171630906644	0.09504764807145172	0.0670439179872393	0.2730455988536179	0.19264735967160906	0.03323361479632825	0.4252701640509639	0.746449222649926	0.022059460426136046
b2469_327-555	-1	-1	-1	-1	-1	-1	-1	-1	-1	-1	-1	-1	-1	-1	-1	-1	-1	-1	-1	-1	-1	-1	-1	-1
t0379_336-555	0.16635180744617895	0.06268158660708278	0.15025652993110084	-1	0.0	0.14678678091893804	0.04540618846263478	0.16967966326059047	0.0009101112472239548	0.04791464590574235	0.33310279428640427	0.3689278773724123	0.3170381801724514	0.08541427463486206	-1	0.05393936684043643	0.05520888185964912	0.08321261194386154	0.12278906892251706	0.3429038896027099	0.11702291513477259	0.27501363411986307	0.596192692718825	0.1281970695049648
ERS227112_04452_342-585	0.313138588365117	0.20946836752602083	0.2970433108500389	-1	0.14678678091893804	0.0	0.19219296938157282	0.022892882341652432	0.147696892166162	0.0988721350131957	0.18631601336746623	0.5157146582913503	0.17025139925351335	0.06137250628407598	-1	0.20072614775937447	0.20199566277858716	0.22999939286279958	0.02399771199642098	0.48969067052164794	0.26380969605371063	0.12822685320092503	0.44940591179988704	0.27498385042390283
STM_MW24991_336-555	0.12094561898354417	0.017275398144448006	0.10485034146846606	-1	0.04540618846263478	0.19219296938157282	0.0	0.21508585172322525	0.04449607721541082	0.09332083436837713	0.37850898274903905	0.3235216889097775	0.36244436863508617	0.13082046309749684	-1	0.008533178377801653	0.00980269339701434	0.03780642348122676	0.16819525738515184	0.2974977011400751	0.07161672667213781	0.32041982258249785	0.6415988811814599	0.08279088104233001
BN373_28101_342-585	0.3360314707067694	0.23236124986767326	0.3199361931916913	-1	0.16967966326059047	0.022892882341652432	0.21508585172322525	0.0	0.17058977450781443	0.12176501735484813	0.1634231310258138	0.5386075406330028	0.14735851691186092	0.08426538862572841	-1	0.2236190301010269	0.2248885451202396	0.252892275204452	0.04689059433807341	0.5125835528633004	0.28670257839536306	0.1053339708592726	0.4265130294582346	0.29787673276555526
SEN1273_342-585	0.165441696198955	0.06177147535985883	0.14934641868387688	-1	0.0009101112472239548	0.147696892166162	0.04449607721541082	0.17058977450781443	0.0	0.0488247571529663	0.3340129055336282	0.36801776612518833	0.31794829141967534	0.08632438588208602	-1	0.053029255593212477	0.05429877061242516	0.08230250069663758	0.12369918016974102	0.34199377835548594	0.11611280388754863	0.275923745367087	0.5971028039660491	0.12728695825774083
STMMW_24991_336-555	0.2142664533519213	0.11059623251282513	0.19817117583684318	-1	0.04791464590574235	0.0988721350131957	0.09332083436837713	0.12176501735484813	0.0488247571529663	0.0	0.2851881483806619	0.41684252327815463	0.26912353426670904	0.037499628729119716	-1	0.10185401274617878	0.10312352776539147	0.13112725784960388	0.07487442301677472	0.39081853550845225	0.16493756104051494	0.22709898821412072	0.5482780468130828	0.17611171541070714
NCTC13441_02618_343-585	0.4994546017325832	0.39578438089348705	0.4833593242175051	-1	0.33310279428640427	0.18631601336746623	0.37850898274903905	0.1634231310258138	0.3340129055336282	0.2851881483806619	0.0	0.7020306716588165	0.01606461411395288	0.2476885196515422	-1	0.3870421611268407	0.3883116761460534	0.4163154062302658	0.2103137253638872	0.6760066838891141	0.45012570942117686	0.0580891601665412	0.2630898984324208	0.46129986379136906
ENC_38070_310-538	0.20257606992623334	0.3062462907653295	0.21867134744131145	-1	0.3689278773724123	0.5157146582913503	0.3235216889097775	0.5386075406330028	0.36801776612518833	0.41684252327815463	0.7020306716588165	0.0	0.6859660575448636	0.45434215200727435	-1	0.31498851053197585	0.31371899551276317	0.28571526542855075	0.49171694629492935	0.026023987769702384	0.2519049622376397	0.6439415114922753	0.9651205700912373	0.2407308078674475
STMMW_17581_342-585	0.48338998761863033	0.3797197667795342	0.4672947101035522	-1	0.3170381801724514	0.17025139925351335	0.36244436863508617	0.14735851691186092	0.31794829141967534	0.26912353426670904	0.01606461411395288	0.6859660575448636	0.0	0.23162390553758933	-1	0.3709775470128878	0.3722470620321005	0.4002507921163129	0.19424911124993433	0.6599420697751612	0.434061095307224	0.04202454605258832	0.2791545125463737	0.4452352496774162
STM_MW17581_342-585	0.251766082081041	0.14809586124194485	0.2356708045659629	-1	0.08541427463486206	0.06137250628407598	0.13082046309749684	0.08426538862572841	0.08632438588208602	0.037499628729119716	0.2476885196515422	0.45434215200727435	0.23162390553758933	0.0	-1	0.1393536414752985	0.14062315649451118	0.1686268865787236	0.037374794287655	0.42831816423757196	0.20243718976963465	0.189599359485001	0.510778418083963	0.21361134413982685
b1222_339-585	-1	-1	-1	-1	-1	-1	-1	-1	-1	-1	-1	-1	-1	-1	-1	-1	-1	-1	-1	-1	-1	-1	-1	-1
ETEC_2573_327-555	0.11241244060574251	0.008742219766646353	0.0963171630906644	-1	0.05393936684043643	0.20072614775937447	0.008533178377801653	0.2236190301010269	0.053029255593212477	0.10185401274617878	0.3870421611268407	0.31498851053197585	0.3709775470128878	0.1393536414752985	-1	0.0	0.0012695150192126858	0.029273245103425105	0.1767284357629535	0.28896452276227347	0.06308354829433616	0.3289530009602995	0.6501320595592615	0.07425770266452836
CS17_01404_339-585	0.11114292558652983	0.007472704747433667	0.09504764807145172	-1	0.05520888185964912	0.20199566277858716	0.00980269339701434	0.2248885451202396	0.05429877061242516	0.10312352776539147	0.3883116761460534	0.31371899551276317	0.3722470620321005	0.14062315649451118	-1	0.0012695150192126858	0.0	0.02800373008421242	0.17799795078216618	0.2876950077430608	0.06181403327512347	0.3302225159795122	0.6514015745784743	0.07298818764531567
ETEC_1329_339-585	0.08313919550231741	0.020531025336778752	0.0670439179872393	-1	0.08321261194386154	0.22999939286279958	0.03780642348122676	0.252892275204452	0.08230250069663758	0.13112725784960388	0.4163154062302658	0.28571526542855075	0.4002507921163129	0.1686268865787236	-1	0.029273245103425105	0.02800373008421242	0.0	0.2060016808663786	0.25969127765884836	0.03381030319091105	0.3582262460637246	0.6794053046626867	0.04498445756110325
SEN2459_336-555	0.289140876368696	0.18547065552959985	0.2730455988536179	-1	0.12278906892251706	0.02399771199642098	0.16819525738515184	0.04689059433807341	0.12369918016974102	0.07487442301677472	0.2103137253638872	0.49171694629492935	0.19424911124993433	0.037374794287655	-1	0.1767284357629535	0.17799795078216618	0.2060016808663786	0.0	0.46569295852522696	0.23981198405728965	0.152224565197346	0.473403623796308	0.25098613842748185
ROD_17841_343-585	0.17655208215653095	0.2802223029956271	0.19264735967160906	-1	0.3429038896027099	0.48969067052164794	0.2974977011400751	0.5125835528633004	0.34199377835548594	0.39081853550845225	0.6760066838891141	0.026023987769702384	0.6599420697751612	0.42831816423757196	-1	0.28896452276227347	0.2876950077430608	0.25969127765884836	0.46569295852522696	0.0	0.2258809744679373	0.6179175237225729	0.9390965823215349	0.2147068200977451
SL1344_2443_336-555	0.04932889231140636	0.0543413285276898	0.03323361479632825	-1	0.11702291513477259	0.26380969605371063	0.07161672667213781	0.28670257839536306	0.11611280388754863	0.16493756104051494	0.45012570942117686	0.2519049622376397	0.434061095307224	0.20243718976963465	-1	0.06308354829433616	0.06181403327512347	0.03381030319091105	0.23981198405728965	0.2258809744679373	0.0	0.39203654925463566	0.7132156078535976	0.011174154370192202
t1676_342-585	0.441365441566042	0.33769522072694586	0.4252701640509639	-1	0.27501363411986307	0.12822685320092503	0.32041982258249785	0.1053339708592726	0.275923745367087	0.22709898821412072	0.0580891601665412	0.6439415114922753	0.04202454605258832	0.189599359485001	-1	0.3289530009602995	0.3302225159795122	0.3582262460637246	0.152224565197346	0.6179175237225729	0.39203654925463566	0.0	0.321179058598962	0.40321070362482786
Ecoli9000q_1830_339-585	0.762544500165004	0.6588742793259079	0.746449222649926	-1	0.596192692718825	0.44940591179988704	0.6415988811814599	0.4265130294582346	0.5971028039660491	0.5482780468130828	0.2630898984324208	0.9651205700912373	0.2791545125463737	0.510778418083963	-1	0.6501320595592615	0.6514015745784743	0.6794053046626867	0.473403623796308	0.9390965823215349	0.7132156078535976	0.321179058598962	0.0	0.7243897622237898
ROD_24171_325-555	0.038154737941214156	0.065515482897882	0.022059460426136046	-1	0.1281970695049648	0.27498385042390283	0.08279088104233001	0.29787673276555526	0.12728695825774083	0.17611171541070714	0.46129986379136906	0.2407308078674475	0.4452352496774162	0.21361134413982685	-1	0.07425770266452836	0.07298818764531567	0.04498445756110325	0.25098613842748185	0.2147068200977451	0.011174154370192202	0.40321070362482786	0.7243897622237898	0.0
