ERS227112_03919_1-321	0.0	0.10099757923332098	0.43738763053167995	0.25857873893400996	0.04178642468174998	0.32072316244715005	0.7433062378727999	0.024578260618822068	0.08765811344580698	-1	0.30647180378056005	0.06388258754105403	0.5929622705642499
NCTC13441_01446_1-320	0.10099757923332098	0.0	0.33639005129835897	0.15758115970068898	0.059211154551571	0.21972558321382907	0.642308658639479	0.12557583985214305	0.18865569267912796	-1	0.20547422454723907	0.164880166774375	0.4919646913309289
STMMW_23301_1-320	0.43738763053167995	0.33639005129835897	0.0	0.17880889159767	0.39560120584992997	0.1166644680845299	0.30591860734112	0.461965891150502	0.5250457439774869	-1	0.1309158267511199	0.501270218072734	0.15557464003256993
ROD_26681_1-320	0.25857873893400996	0.15758115970068898	0.17880889159767	0.0	0.21679231425225998	0.06214442351314009	0.48472749893878997	0.283156999552832	0.34623685237981694	-1	0.04789306484655009	0.322461326475064	0.3343835316302399
BN373_32701_1-321	0.04178642468174998	0.059211154551571	0.39560120584992997	0.21679231425225998	0.0	0.27893673776540007	0.70151981319105	0.06636468530057205	0.12944453812755696	-1	0.26468537909881007	0.105669012222804	0.5511758458824999
ENC_39450_1-321	0.32072316244715005	0.21972558321382907	0.1166644680845299	0.06214442351314009	0.27893673776540007	0.0	0.4225830754256499	0.3453014230659721	0.40838127589295703	-1	0.014251358666589997	0.38460574998820407	0.27223910811709984
SL1344_2275_1-320	0.7433062378727999	0.642308658639479	0.30591860734112	0.48472749893878997	0.70151981319105	0.4225830754256499	0.0	0.767884498491622	0.8309643513186069	-1	0.4368344340922399	0.807188825413854	0.15034396730855004
STM_MW23301_1-320	0.024578260618822068	0.12557583985214305	0.461965891150502	0.283156999552832	0.06636468530057205	0.3453014230659721	0.767884498491622	0.0	0.06307985282698492	-1	0.3310500643993821	0.03930432692223196	0.617540531183072
SEN2288_1-320	0.08765811344580698	0.18865569267912796	0.5250457439774869	0.34623685237981694	0.12944453812755696	0.40838127589295703	0.8309643513186069	0.06307985282698492	0.0	-1	0.39412991722636703	0.02377552590475296	0.6806203840100569
b2261_1-320	-1	-1	-1	-1	-1	-1	-1	-1	-1	-1	-1	-1	-1
ETEC_2396_1-320	0.30647180378056005	0.20547422454723907	0.1309158267511199	0.04789306484655009	0.26468537909881007	0.014251358666589997	0.4368344340922399	0.3310500643993821	0.39412991722636703	-1	0.0	0.3703543913216141	0.28649046678368983
t0557_1-320	0.06388258754105403	0.164880166774375	0.501270218072734	0.322461326475064	0.105669012222804	0.38460574998820407	0.807188825413854	0.03930432692223196	0.02377552590475296	-1	0.3703543913216141	0.0	0.6568448581053039
CS17_02510_1-320	0.5929622705642499	0.4919646913309289	0.15557464003256993	0.3343835316302399	0.5511758458824999	0.27223910811709984	0.15034396730855004	0.617540531183072	0.6806203840100569	-1	0.28649046678368983	0.6568448581053039	0.0
