ERS227112_05721_1-1086	0.0	0.314566351328161	0.23588268447662097	0.06745547654464101	0.018110088511189004	6.077361345521021	0.45623257287660496	0.11851409868444096	0.016694978718927	0.08336831782700094	0.220344520094097	0.20691618747713092	0.320011927506918
SL1344_4457_1-1169	0.314566351328161	0.0	0.07868366685154005	0.24711087478352	0.33267643983935	5.76279499419286	0.7707989242047659	0.19605225264372006	0.297871372609234	0.23119803350116008	0.534910871422258	0.1076501638510301	0.634578278835079
CS17_00283_1-1032	0.23588268447662097	0.07868366685154005	0.0	0.16842720793197996	0.25399277298781	5.8414786610444	0.6921152573532259	0.11736858579218001	0.21918770575769397	0.15251436664962004	0.45622720457071797	0.028966496999490055	0.555894611983539
ETEC_1950_1-1094	0.06745547654464101	0.24711087478352	0.16842720793197996	0.0	0.08556556505583002	6.0099058689763805	0.5236880494212459	0.05105862213979995	0.05076049782571401	0.015912841282359924	0.287799996638738	0.1394607109324899	0.387467404051559
SEN4284_1-1088	0.018110088511189004	0.33267643983935	0.25399277298781	0.08556556505583002	0.0	6.09547143403221	0.43812248436541595	0.13662418719562996	0.034805067230116005	0.10147840633818994	0.202234431582908	0.22502627598831992	0.301901838995729
b4350_1-1170	6.077361345521021	5.76279499419286	5.8414786610444	6.0099058689763805	6.09547143403221	0.0	6.533593918397626	5.95884724683658	6.060666366802094	5.99399302769402	6.297705865615118	5.87044515804389	6.397373273027939
t4576_1-1169	0.45623257287660496	0.7707989242047659	0.6921152573532259	0.5236880494212459	0.43812248436541595	6.533593918397626	0.0	0.5747466715610459	0.47292755159553196	0.5396008907036058	0.23588805278250796	0.6631487603537358	0.13622064536968698
ETEC_3913_1-1137	0.11851409868444096	0.19605225264372006	0.11736858579218001	0.05105862213979995	0.13662418719562996	5.95884724683658	0.5747466715610459	0.0	0.10181911996551396	0.03514578085744002	0.33885861877853796	0.08840208879268996	0.43852602619135894
NCTC13441_03688_1-1033	0.016694978718927	0.297871372609234	0.21918770575769397	0.05076049782571401	0.034805067230116005	6.060666366802094	0.47292755159553196	0.10181911996551396	0.0	0.06667333910807394	0.237039498813024	0.19022120875820392	0.336706906225845
STMMW_44721_1-1169	0.08336831782700094	0.23119803350116008	0.15251436664962004	0.015912841282359924	0.10147840633818994	5.99399302769402	0.5396008907036058	0.03514578085744002	0.06667333910807394	0.0	0.30371283792109793	0.12354786965012998	0.4033802453339189
NCTC13441_04050_1-1088	0.220344520094097	0.534910871422258	0.45622720457071797	0.287799996638738	0.202234431582908	6.297705865615118	0.23588805278250796	0.33885861877853796	0.237039498813024	0.30371283792109793	0.0	0.4272607075712279	0.09966740741282099
ROD_34281_1-1080	0.20691618747713092	0.1076501638510301	0.028966496999490055	0.1394607109324899	0.22502627598831992	5.87044515804389	0.6631487603537358	0.08840208879268996	0.19022120875820392	0.12354786965012998	0.4272607075712279	0.0	0.5269281149840489
STM_MW44721_1-1170	0.320011927506918	0.634578278835079	0.555894611983539	0.387467404051559	0.301901838995729	6.397373273027939	0.13622064536968698	0.43852602619135894	0.336706906225845	0.4033802453339189	0.09966740741282099	0.5269281149840489	0.0
