STMMW_21691_1-138	0.0	0.8515567107802524	0.5067261888804858	0.36826785129006734	0.7869583975791529	0.8145100684415965	0.5375730007325316
Ecoli9000q_32480_1-156	0.8515567107802524	0.0	0.6990651320351939	0.7650217904488709	0.3032192420027452	0.9724652644423247	0.6789908689265616
STM_MW21691_1-139	0.5067261888804858	0.6990651320351939	0.0	0.2191725367676251	0.5681068047433199	0.9085026745358885	0.06253486634945611
ROD_29841_1-156	0.36826785129006734	0.7650217904488709	0.2191725367676251	0.0	0.6627659319604017	0.8828200469725515	0.26800147782284656
t0719_1-138	0.7869583975791529	0.3032192420027452	0.5681068047433199	0.6627659319604017	0.0	0.9604829277478645	0.5392967911511942
SL1344_2114_1-138	0.8145100684415965	0.9724652644423247	0.9085026745358885	0.8828200469725515	0.9604829277478645	0.0	0.9142244475551193
SEN2133_1-138	0.5375730007325316	0.6789908689265616	0.06253486634945611	0.26800147782284656	0.5392967911511942	0.9142244475551193	0.0
