STMMW_00401_1-388	0.0	0.22647528164080458	0.12225817923427625	0.042413242875963354	0.4342394415084441	0.09402842668950165	0.12345346997760222	0.11348441484884285	0.31246126989159995	0.4011206945180826	-1	0.33601028830450586	0.3568846640843407
ETEC_0017_1-388	0.22647528164080458	0.0	0.32104500530010616	0.19221447810916165	0.26859407971906823	0.2992085939135596	0.11753148079950751	0.1274550258162647	0.468171797431861	0.2257787097582825	-1	0.14160505031571255	0.1685910990926847
BN373_04981_1-388	0.12225817923427625	0.32104500530010616	0.0	0.15948605626080317	0.5034082972721889	0.031159644934134787	0.23061845275226342	0.2218681961522323	0.2166959419700368	0.4743385879873897	-1	0.417188461486689	0.4355107740910292
NCTC13441_03972_1-388	0.042413242875963354	0.19221447810916165	0.15948605626080317	0.0	0.40918088697181865	0.13245361906703845	0.08462964478020835	0.074219042237312	0.34162201703831896	0.374595251003096	-1	0.30660098758081794	0.328399927075896
ROD_00161_1-388	0.4342394415084441	0.26859407971906823	0.5034082972721889	0.40918088697181865	0.0	0.4874370167063789	0.3545573005952127	0.3618154401706432	0.6110177040692965	0.055301204578626965	-1	0.14793776390467056	0.12028134473572563
ERS227112_02352_17-404	0.09402842668950165	0.2992085939135596	0.031159644934134787	0.13245361906703845	0.4874370167063789	0.0	0.20587376111575031	0.1968420805563291	0.24110341829371737	0.4574323733894487	-1	0.39844419623324895	0.41735578730038053
SL1344_0040_1-388	0.12345346997760222	0.11753148079950751	0.23061845275226342	0.08462964478020835	0.3545573005952127	0.20587376111575031	0.0	0.011245211359774984	0.3973403118674761	0.31677408446689687	-1	0.2424934798629256	0.2663078183662125
SEN0039_1-388	0.11348441484884285	0.1274550258162647	0.2218681961522323	0.074219042237312	0.3618154401706432	0.1968420805563291	0.011245211359774984	0.0	0.3904862003638682	0.32445710429354235	-1	0.2510118007882747	0.2745583420216988
CS17_00017_1-388	0.31246126989159995	0.468171797431861	0.2166959419700368	0.34162201703831896	0.6110177040692965	0.24110341829371737	0.3973403118674761	0.3904862003638682	0.0	0.5882472828207619	-1	0.5434813568158373	0.5578332986313105
t0041_1-388	0.4011206945180826	0.2257787097582825	0.4743385879873897	0.374595251003096	0.055301204578626965	0.4574323733894487	0.31677408446689687	0.32445710429354235	0.5882472828207619	0.0	-1	0.0980593600574287	0.06878397693744805
b0019_1-388	-1	-1	-1	-1	-1	-1	-1	-1	-1	-1	-1	-1	-1
STM_MW00401_1-388	0.33601028830450586	0.14160505031571255	0.417188461486689	0.30660098758081794	0.14793776390467056	0.39844419623324895	0.2424934798629256	0.2510118007882747	0.5434813568158373	0.0980593600574287	-1	0.0	0.031437800032371385
Ecoli9000q_40660_1-388	0.3568846640843407	0.1685910990926847	0.4355107740910292	0.328399927075896	0.12028134473572563	0.41735578730038053	0.2663078183662125	0.2745583420216988	0.5578332986313105	0.06878397693744805	-1	0.031437800032371385	0.0
