NCTC13441_04252_1-104	0.0	0.0043498149691749005	0.6056614468109525	0.2707511096483615	0.0812926963122705	0.0812926963122705	0.0812926963122705	0.0812926963122705	0.004422671860970104	0.20663405253857453	0.4564151793191465	0.19059958764662954	6.91870730368773
ENC_43010_1-104	0.0043498149691749005	0.0	0.6100112617801274	0.27510092461753644	0.0769428813430956	0.0769428813430956	0.0769428813430956	0.0769428813430956	7.285689179520327e-05	0.21098386750774942	0.4607649942883214	0.19494940261580443	6.923057118656905
SL1344_4325_1-104	0.6056614468109525	0.6100112617801274	0.0	0.334910337162591	0.686954143123223	0.686954143123223	0.686954143123223	0.686954143123223	0.6100841186719226	0.399027394272378	0.14924626749180603	0.415061859164323	6.313045856876777
BN373_02061_1-104	0.2707511096483615	0.27510092461753644	0.334910337162591	0.0	0.352043805960632	0.352043805960632	0.352043805960632	0.352043805960632	0.2751737815093316	0.06411705710978699	0.18566406967078497	0.08015152200173198	6.647956194039368
ROD_32552_1-104	0.0812926963122705	0.0769428813430956	0.686954143123223	0.352043805960632	0.0	0.0	0.0	0.0	0.0768700244513004	0.287926748850845	0.537707875631417	0.2718922839589	7.0
STM_MW43361_1-104	0.0812926963122705	0.0769428813430956	0.686954143123223	0.352043805960632	0.0	0.0	0.0	0.0	0.0768700244513004	0.287926748850845	0.537707875631417	0.2718922839589	7.0
t4443_1-104	0.0812926963122705	0.0769428813430956	0.686954143123223	0.352043805960632	0.0	0.0	0.0	0.0	0.0768700244513004	0.287926748850845	0.537707875631417	0.2718922839589	7.0
ERS227112_02073_1-104	0.0812926963122705	0.0769428813430956	0.686954143123223	0.352043805960632	0.0	0.0	0.0	0.0	0.0768700244513004	0.287926748850845	0.537707875631417	0.2718922839589	7.0
STMMW_43361_1-104	0.004422671860970104	7.285689179520327e-05	0.6100841186719226	0.2751737815093316	0.0768700244513004	0.0768700244513004	0.0768700244513004	0.0768700244513004	0.0	0.21105672439954462	0.46083785118011655	0.19502225950759963	6.9231299755487
ETEC_4547_1-104	0.20663405253857453	0.21098386750774942	0.399027394272378	0.06411705710978699	0.287926748850845	0.287926748850845	0.287926748850845	0.287926748850845	0.21105672439954462	0.0	0.24978112678057196	0.01603446489194499	6.712073251149155
CS17_04680_1-104	0.4564151793191465	0.4607649942883214	0.14924626749180603	0.18566406967078497	0.537707875631417	0.537707875631417	0.537707875631417	0.537707875631417	0.46083785118011655	0.24978112678057196	0.0	0.26581559167251695	6.462292124368583
SEN4158_1-104	0.19059958764662954	0.19494940261580443	0.415061859164323	0.08015152200173198	0.2718922839589	0.2718922839589	0.2718922839589	0.2718922839589	0.19502225950759963	0.01603446489194499	0.26581559167251695	0.0	6.7281077160411
b4201_1-104	6.91870730368773	6.923057118656905	6.313045856876777	6.647956194039368	7.0	7.0	7.0	7.0	6.9231299755487	6.712073251149155	6.462292124368583	6.7281077160411	0.0
