CS17_01232_1-78	0	0.0845691659194006	0.15136986157109852	0	3.872023411018044	0	1.8737420647778138	0	0.04179081182696705	-1	2.9280986022313296	0	0	0	3.166269572022358	0	0	0	1.6653930435699957
t1724_1-78	0.0845691659194006	0.0	0.06680069565169793	0.0845691659194006	3.7874542450986435	0.0845691659194006	1.7891728988584132	0.0845691659194006	0.04277835409243355	-1	2.843529436311929	0.0845691659194006	0.0845691659194006	0.0845691659194006	3.0817004061029576	0.0845691659194006	0.0845691659194006	0.0845691659194006	1.5808238776505952
SEN1853_1-78	0.15136986157109852	0.06680069565169793	0.0	0.15136986157109852	3.7206535494469457	0.15136986157109852	1.7223722032067152	0.15136986157109852	0.10957904974413148	-1	2.7767287406602312	0.15136986157109852	0.15136986157109852	0.15136986157109852	3.01489971045126	0.15136986157109852	0.15136986157109852	0.15136986157109852	1.5140231819988972
STM_MW12051_1-78	0	0.0845691659194006	0.15136986157109852	0	3.872023411018044	0	1.8737420647778138	0	0.04179081182696705	-1	2.9280986022313296	0	0	0	3.166269572022358	0	0	0	1.6653930435699957
STM_MW28431_2-76	3.872023411018044	3.7874542450986435	3.7206535494469457	3.872023411018044	0.0	3.872023411018044	1.9982813462402302	3.872023411018044	3.830232599191077	-1	0.9439248087867145	3.872023411018044	3.872023411018044	3.872023411018044	0.7057538389956859	3.872023411018044	3.872023411018044	3.872023411018044	2.2066303674480485
NCTC13441_02818_1-78	0	0.0845691659194006	0.15136986157109852	0	3.872023411018044	0	1.8737420647778138	0	0.04179081182696705	-1	2.9280986022313296	0	0	0	3.166269572022358	0	0	0	1.6653930435699957
STMMW_28431_2-76	1.8737420647778138	1.7891728988584132	1.7223722032067152	1.8737420647778138	1.9982813462402302	1.8737420647778138	0.0	1.8737420647778138	1.8319512529508468	-1	1.0543565374535158	1.8737420647778138	1.8737420647778138	1.8737420647778138	1.2925275072445443	1.8737420647778138	1.8737420647778138	1.8737420647778138	0.20834902120781806
Ecoli9000q_54540_1-78	0	0.0845691659194006	0.15136986157109852	0	3.872023411018044	0	1.8737420647778138	0	0.04179081182696705	-1	2.9280986022313296	0	0	0	3.166269572022358	0	0	0	1.6653930435699957
ERS227112_03570_1-78	0.04179081182696705	0.04277835409243355	0.10957904974413148	0.04179081182696705	3.830232599191077	0.04179081182696705	1.8319512529508468	0.04179081182696705	0.0	-1	2.8863077904043624	0.04179081182696705	0.04179081182696705	0.04179081182696705	3.124478760195391	0.04179081182696705	0.04179081182696705	0.04179081182696705	1.6236022317430288
b1094_1-78	-1	-1	-1	-1	-1	-1	-1	-1	-1	-1	-1	-1	-1	-1	-1	-1	-1	-1	-1
SEN2722_2-76	2.9280986022313296	2.843529436311929	2.7767287406602312	2.9280986022313296	0.9439248087867145	2.9280986022313296	1.0543565374535158	2.9280986022313296	2.8863077904043624	-1	0.0	2.9280986022313296	2.9280986022313296	2.9280986022313296	0.23817096979102859	2.9280986022313296	2.9280986022313296	2.9280986022313296	1.2627055586613338
ENC_15450_1-78	0	0.0845691659194006	0.15136986157109852	0	3.872023411018044	0	1.8737420647778138	0	0.04179081182696705	-1	2.9280986022313296	0	0	0	3.166269572022358	0	0	0	1.6653930435699957
ETEC_1159_1-78	0	0.0845691659194006	0.15136986157109852	0	3.872023411018044	0	1.8737420647778138	0	0.04179081182696705	-1	2.9280986022313296	0	0	0	3.166269572022358	0	0	0	1.6653930435699957
STMMW_12051_1-78	0	0.0845691659194006	0.15136986157109852	0	3.872023411018044	0	1.8737420647778138	0	0.04179081182696705	-1	2.9280986022313296	0	0	0	3.166269572022358	0	0	0	1.6653930435699957
t2783_2-76	3.166269572022358	3.0817004061029576	3.01489971045126	3.166269572022358	0.7057538389956859	3.166269572022358	1.2925275072445443	3.166269572022358	3.124478760195391	-1	0.23817096979102859	3.166269572022358	3.166269572022358	3.166269572022358	0.0	3.166269572022358	3.166269572022358	3.166269572022358	1.5008765284523624
ROD_11561_1-78	0	0.0845691659194006	0.15136986157109852	0	3.872023411018044	0	1.8737420647778138	0	0.04179081182696705	-1	2.9280986022313296	0	0	0	3.166269572022358	0	0	0	1.6653930435699957
SL1344_1133_1-78	0	0.0845691659194006	0.15136986157109852	0	3.872023411018044	0	1.8737420647778138	0	0.04179081182696705	-1	2.9280986022313296	0	0	0	3.166269572022358	0	0	0	1.6653930435699957
BN373_17061_1-78	0	0.0845691659194006	0.15136986157109852	0	3.872023411018044	0	1.8737420647778138	0	0.04179081182696705	-1	2.9280986022313296	0	0	0	3.166269572022358	0	0	0	1.6653930435699957
SL1344_2860_2-76	1.6653930435699957	1.5808238776505952	1.5140231819988972	1.6653930435699957	2.2066303674480485	1.6653930435699957	0.20834902120781806	1.6653930435699957	1.6236022317430288	-1	1.2627055586613338	1.6653930435699957	1.6653930435699957	1.6653930435699957	1.5008765284523624	1.6653930435699957	1.6653930435699957	1.6653930435699957	0.0
