ROD_01571_1-660	0.0	0.19067473996308992	5.95131693148434	0.48245113650750804	0.03575029895341997	0.7046128525483641	0.19388013281877003	0.4892299427412151	0.27749495278546	0.10382589488922989	0.7164526006438299	0.30513273954920983	0.07878039571274209
ENC_46740_1-660	0.19067473996308992	0.0	5.76064219152125	0.673125876470598	0.15492444100966996	0.8952875925114541	0.38455487278185996	0.679904682704305	0.08682021282237007	0.08684884507386004	0.52577786068074	0.11445799958611991	0.269455135675832
b0153_1-660	5.95131693148434	5.76064219152125	0.0	6.433768067991848	5.91556663253092	6.655929784032704	6.14519706430311	6.440546874225555	5.67382197869888	5.84749103659511	5.2348643308405105	5.64618419193513	6.030097327197082
STM_MW02001_26-685	0.48245113650750804	0.673125876470598	6.433768067991848	0.0	0.518201435460928	0.22216171604085605	0.288571003688738	0.00677880623370708	0.759946089292968	0.5862770313967379	1.1989037371513378	0.7875838760567179	0.40367074079476595
SL1344_0195_26-685	0.03575029895341997	0.15492444100966996	5.91556663253092	0.518201435460928	0.0	0.7403631515017841	0.22963043177219	0.5249802416946351	0.24174465383204002	0.06807559593580992	0.6807023016904099	0.26938244059578986	0.11453069466616206
t0202_26-685	0.7046128525483641	0.8952875925114541	6.655929784032704	0.22216171604085605	0.7403631515017841	0.0	0.5107327197295941	0.21538290980714897	0.9821078053338241	0.808438747437594	1.421065453192194	1.009745592097574	0.6258324568356219
STMMW_02001_26-685	0.19388013281877003	0.38455487278185996	6.14519706430311	0.288571003688738	0.22963043177219	0.5107327197295941	0.0	0.2953498099224451	0.47137508560423	0.2977060277079999	0.9103327334625999	0.49901287236797987	0.11509973710602794
SEN0199_26-685	0.4892299427412151	0.679904682704305	6.440546874225555	0.00677880623370708	0.5249802416946351	0.21538290980714897	0.2953498099224451	0.0	0.7667248955266751	0.593055837630445	1.2056825433850449	0.794362682290425	0.410449547028473
ETEC_0149_1-660	0.27749495278546	0.08682021282237007	5.67382197869888	0.759946089292968	0.24174465383204002	0.9821078053338241	0.47137508560423	0.7667248955266751	0.0	0.1736690578962301	0.4389576478583699	0.02763778676374984	0.3562753484982021
ERS227112_02509_1-660	0.10382589488922989	0.08684884507386004	5.84749103659511	0.5862770313967379	0.06807559593580992	0.808438747437594	0.2977060277079999	0.593055837630445	0.1736690578962301	0.0	0.6126267057546	0.20130684465997994	0.18260629060197198
CS17_00163_1-660	0.7164526006438299	0.52577786068074	5.2348643308405105	1.1989037371513378	0.6807023016904099	1.421065453192194	0.9103327334625999	1.2056825433850449	0.4389576478583699	0.6126267057546	0.0	0.41131986109462004	0.795232996356572
BN373_06591_1-660	0.30513273954920983	0.11445799958611991	5.64618419193513	0.7875838760567179	0.26938244059578986	1.009745592097574	0.49901287236797987	0.794362682290425	0.02763778676374984	0.20130684465997994	0.41131986109462004	0.0	0.3839131352619519
NCTC13441_03823_1-660	0.07878039571274209	0.269455135675832	6.030097327197082	0.40367074079476595	0.11453069466616206	0.6258324568356219	0.11509973710602794	0.410449547028473	0.3562753484982021	0.18260629060197198	0.795232996356572	0.3839131352619519	0.0
