STMMW_15571_1-109	0.0	0.08708584333030552	0.6643651021086564	0.4744973806952439	-1	0.285078981369662	0.6467456504659571	0.5095109315581596	0.39458777352474933	0.4388967847066907	0.4765613637831939	0.14470389794736555	0.5660770555397292	0.10885653668874332
SL1344_1492_1-109	0.08708584333030552	0.0	0.6323478002403449	0.42436798086055916	-1	0.2168803458603756	0.6130475719396086	0.46272158794081847	0.33683553699748625	0.38537132851547556	0.42662885399180667	0.21918808029174228	0.5246837380162674	0.02384747043233196
NCTC13441_00183_1-113	0.6643651021086564	0.6323478002403449	0.0	0.36130689826933476	-1	0.5305287029686712	0.049877522147823664	0.31571380590077003	0.44560931673707377	0.4018303785411479	0.3587884526118071	0.7129327801206998	0.22651036969520347	0.6233660328447993
t1475_1-109	0.4744973806952439	0.42436798086055916	0.36130689826933476	0.0	-1	0.2649501055214099	0.3277781374307876	0.0666286895186916	0.13199206041102518	0.06344749952991	0.003927636156563206	0.5505396580901926	0.1742706343988273	0.41030525281291363
b3509_1-108	-1	-1	-1	-1	-1	-1	-1	-1	-1	-1	-1	-1	-1	-1
SEN1493_1-109	0.285078981369662	0.2168803458603756	0.5305287029686712	0.2649501055214099	-1	0.0	0.5058833908522992	0.3139255167213709	0.15317607022505342	0.21515356148252063	0.26783711406384203	0.388530839489973	0.39304771694698487	0.1977486812573612
BN373_41371_1-101	0.6467456504659571	0.6130475719396086	0.049877522147823664	0.3277781374307876	-1	0.5058833908522992	0.0	0.27979159524137287	0.41650608612463497	0.3704289337401429	0.32512748373483374	0.6978629318103943	0.18590534553678986	0.6035942986986159
ERS227112_01127_1-122	0.5095109315581596	0.46272158794081847	0.31571380590077003	0.0666286895186916	-1	0.3139255167213709	0.27979159524137287	0.0	0.1898262919176582	0.12584876530168587	0.06294829134721759	0.5804866116622661	0.11532596263820061	0.4495958410340453
CS17_03944_1-113	0.39458777352474933	0.33683553699748625	0.44560931673707377	0.13199206041102518	-1	0.15317607022505342	0.41650608612463497	0.1898262919176582	0.0	0.07318816707735036	0.13540127977873878	0.48219328256071137	0.2832603547064148	0.32063438559522534
ETEC_3755_1-108	0.4388967847066907	0.38537132851547556	0.4018303785411479	0.06344749952991	-1	0.21515356148252063	0.3704289337401429	0.12584876530168587	0.07318816707735036	0.0	0.067125936993276	0.5200906071104324	0.2266610979346406	0.37035590968888876
BN373_41321_1-121	0.4765613637831939	0.42662885399180667	0.3587884526118071	0.003927636156563206	-1	0.26783711406384203	0.32512748373483374	0.06294829134721759	0.13540127977873878	0.067125936993276	0.0	0.5523049747800188	0.17101468168937042	0.412621359223301
STM_MW15571_1-110	0.14470389794736555	0.21918808029174228	0.7129327801206998	0.5505396580901926	-1	0.388530839489973	0.6978629318103943	0.5804866116622661	0.48219328256071137	0.5200906071104324	0.5523049747800188	0.0	0.6288673970119286	0.2378084694601973
ERS227112_01122_1-102	0.5660770555397292	0.5246837380162674	0.22651036969520347	0.1742706343988273	-1	0.39304771694698487	0.18590534553678986	0.11532596263820061	0.2832603547064148	0.2266610979346406	0.17101468168937042	0.6288673970119286	0.0	0.5130717305068633
BN373_39541_1-103	0.10885653668874332	0.02384747043233196	0.6233660328447993	0.41030525281291363	-1	0.1977486812573612	0.6035942986986159	0.4495958410340453	0.32063438559522534	0.37035590968888876	0.412621359223301	0.2378084694601973	0.5130717305068633	0.0
