BN373_34231_1-169	0.0	0.20547475697637196	0.26808968775643266	0.23100201427661088	0.2560298519976567	0.320290399058019	0.192950098633014	0.17200556528064298	0.00035416616441796833	6.679709600941981	0.25991770824460125	0.00922908969591496	0.09380972134802798
ENC_38370_1-169	0.20547475697637196	0.0	0.0626149307800607	0.0255272573002389	0.050555095021284704	0.114815642081647	0.012524658343357989	0.033469191695729	0.205120590811954	6.885184357918353	0.0544429512682293	0.196245667280457	0.111665035628344
ERS227112_03815_1-169	0.26808968775643266	0.0626149307800607	0.0	0.0370876734798218	0.012059835758775998	0.0522007113015863	0.0751395891234187	0.09608412247578971	0.2677355215920147	6.9477992886984135	0.0081719795118314	0.2588605980605177	0.1742799664084047
ETEC_2530_1-169	0.23100201427661088	0.0255272573002389	0.0370876734798218	0.0	0.025027837721045804	0.0892883847814081	0.03805191564359689	0.0589964489959679	0.2306478481121929	6.910711615218592	0.028915693967990402	0.22177292458069592	0.1371922929285829
NCTC13441_01301_1-169	0.2560298519976567	0.050555095021284704	0.012059835758775998	0.025027837721045804	0.0	0.0642605470603623	0.0630797533646427	0.0840242867170137	0.25567568583323874	6.935739452939638	0.0038878562469445987	0.24680076230174172	0.1622201306496287
STM_MW24521_1-169	0.320290399058019	0.114815642081647	0.0522007113015863	0.0892883847814081	0.0642605470603623	0.0	0.127340300425005	0.148284833777376	0.319936232893601	7.0	0.0603726908134177	0.311061309362104	0.226480677709991
STMMW_24521_1-169	0.192950098633014	0.012524658343357989	0.0751395891234187	0.03805191564359689	0.0630797533646427	0.127340300425005	0.0	0.02094453335237101	0.19259593246859602	6.872659699574995	0.06696760961158729	0.18372100893709903	0.09914037728498601
SL1344_2396_1-169	0.17200556528064298	0.033469191695729	0.09608412247578971	0.0589964489959679	0.0840242867170137	0.148284833777376	0.02094453335237101	0.0	0.171651399116225	6.851715166222624	0.0879121429639583	0.16277647558472802	0.078195843932615
ROD_23761_1-169	0.00035416616441796833	0.205120590811954	0.2677355215920147	0.2306478481121929	0.25567568583323874	0.319936232893601	0.19259593246859602	0.171651399116225	0.0	6.680063767106399	0.2595635420801833	0.008874923531496992	0.09345555518361001
b2417_1-169	6.679709600941981	6.885184357918353	6.9477992886984135	6.910711615218592	6.935739452939638	7.0	6.872659699574995	6.851715166222624	6.680063767106399	0.0	6.939627309186582	6.688938690637896	6.773519322290009
t0424_1-169	0.25991770824460125	0.0544429512682293	0.0081719795118314	0.028915693967990402	0.0038878562469445987	0.0603726908134177	0.06696760961158729	0.0879121429639583	0.2595635420801833	6.939627309186582	0.0	0.2506886185486863	0.1661079868965733
CS17_02706_1-169	0.00922908969591496	0.196245667280457	0.2588605980605177	0.22177292458069592	0.24680076230174172	0.311061309362104	0.18372100893709903	0.16277647558472802	0.008874923531496992	6.688938690637896	0.2506886185486863	0.0	0.08458063165211302
SEN2414_1-169	0.09380972134802798	0.111665035628344	0.1742799664084047	0.1371922929285829	0.1622201306496287	0.226480677709991	0.09914037728498601	0.078195843932615	0.09345555518361001	6.773519322290009	0.1661079868965733	0.08458063165211302	0.0
