ETEC_0659_1-87	0.0	0.5787342990288689	-1	0.6276734052458544	0.6692645394682526	0.14176571381664715	0.6804854603901322	0.20804177114151218	0.296875086394932	0.8723138817136679	0.7843544394695571	0.13592633624523304	0.5689470654329897
ENC_20780_1-87	0.5787342990288689	0.0	-1	0.11617158981651635	0.8606724943830836	0.5091483668818003	0.24153678100709233	0.6663751615800737	0.703797590399895	0.6968988503170772	0.4881008350945216	0.6359954023476546	0.022705409964812014
b0631_1-87	-1	-1	-1	-1	-1	-1	-1	-1	-1	-1	-1	-1	-1
Ecoli9000q_47350_1-87	0.6276734052458544	0.11617158981651635	-1	0.0	0.8768583922157704	0.566171381465175	0.14184335980391266	0.7051328894615949	0.7382078952306221	0.6570588293037575	0.4208161233477349	0.678282395157449	0.13623927620828039
CS17_00637_1-87	0.6692645394682526	0.8606724943830836	-1	0.8768583922157704	0.0	0.7161514881150134	0.8943252115955412	0.5823826958544738	0.5296206205580205	0.9577696728650589	0.9286783662263371	0.6172369620726995	0.8574355091724186
NCTC13441_03364_1-87	0.14176571381664715	0.5091483668818003	-1	0.566171381465175	0.7161514881150134	0.0	0.6277070902972445	0.3203142947686033	0.3965540916744228	0.8512223056781335	0.7487334589143033	0.2584223559775931	0.497744448682023
ERS227112_03105_1-87	0.6804854603901322	0.24153678100709233	-1	0.14184335980391266	0.8943252115955412	0.6277070902972445	0.0	0.746957831116034	0.7753413669412487	0.600374623194804	0.32508373235925486	0.7239159011363839	0.2587579993375573
STMMW_07011_1-87	0.20804177114151218	0.6663751615800737	-1	0.7051328894615949	0.5823826958544738	0.3203142947686033	0.746957831116034	0.0	0.11216919278869328	0.8988779279121409	0.8292177238211146	0.08345982283837577	0.6586240813960569
BN373_12431_1-87	0.296875086394932	0.703797590399895	-1	0.7382078952306221	0.5296206205580205	0.3965540916744228	0.7753413669412487	0.11216919278869328	0.0	0.9102207091113562	0.8483742338827158	0.18626739466900108	0.6969159426233598
ROD_06491_1-87	0.8723138817136679	0.6968988503170772	-1	0.6570588293037575	0.9577696728650589	0.8512223056781335	0.600374623194804	0.8988779279121409	0.9102207091113562	0.0	0.407888954577822	0.8896697879617044	0.7037808861814339
STM_MW07011_1-87	0.7843544394695571	0.4881008350945216	-1	0.4208161233477349	0.9286783662263371	0.7487334589143033	0.32508373235925486	0.8292177238211146	0.8483742338827158	0.407888954577822	0.0	0.8136663504400098	0.49972371549434547
SEN0605_1-87	0.13592633624523304	0.6359954023476546	-1	0.678282395157449	0.6172369620726995	0.2584223559775931	0.7239159011363839	0.08345982283837577	0.18626739466900108	0.8896697879617044	0.8136663504400098	0.0	0.6275385115564396
t2231_1-87	0.5689470654329897	0.022705409964812014	-1	0.13623927620828039	0.8574355091724186	0.497744448682023	0.2587579993375573	0.6586240813960569	0.6969159426233598	0.7037808861814339	0.49972371549434547	0.6275385115564396	0.0
