BN373_45441_1-146	0.0	0.11345335907129672	0.4838254540988689	0.6045236848640727	0.41173423502327555	0.8310267932949889	0.44763729490093684	-1	0.07025780486250133	0.5825422097707782	0.543078183800243	0.2975868236598409	0.26397857381923706
CS17_03995_1-146	0.11345335907129672	0.0	0.3703720950275722	0.491070325792776	0.29828087595197883	0.7175734342236921	0.5610906539722336	-1	0.043195554208795395	0.4690888506994815	0.42962482472894625	0.18413346458854418	0.15052521474794034
ERS227112_00673_1-146	0.4838254540988689	0.3703720950275722	0.0	0.1206982307652038	0.07209121907559335	0.34720133919611995	0.9314627489998057	-1	0.4135676492363676	0.0987167556719093	0.059252729701374074	0.186238630439028	0.21984688027963184
STM_MW36331_1-146	0.6045236848640727	0.491070325792776	0.1206982307652038	0.0	0.19278944984079716	0.22650310843091614	1.0521609797650096	-1	0.5342658800015714	0.02198147509329451	0.06144550106382973	0.3069368612042318	0.34054511104483565
SEN3466_1-146	0.41173423502327555	0.29828087595197883	0.07209121907559335	0.19278944984079716	0.0	0.4192925582717133	0.8593715299242124	-1	0.3414764301607742	0.17080797474750264	0.13134394877696742	0.11414741136343465	0.1477556612040385
t3876_1-146	0.8310267932949889	0.7175734342236921	0.34720133919611995	0.22650310843091614	0.4192925582717133	0.0	1.2786640881959257	-1	0.7607689884324875	0.24848458352421066	0.2879486094947459	0.533439969635148	0.5670482194757518
ENC_01570_1-146	0.44763729490093684	0.5610906539722336	0.9314627489998057	1.0521609797650096	0.8593715299242124	1.2786640881959257	0.0	-1	0.5178950997634382	1.030179504671715	0.9907154787011798	0.7452241185607777	0.7116158687201739
b3550_1-146	-1	-1	-1	-1	-1	-1	-1	-1	-1	-1	-1	-1	-1
NCTC13441_00133_1-146	0.07025780486250133	0.043195554208795395	0.4135676492363676	0.5342658800015714	0.3414764301607742	0.7607689884324875	0.5178950997634382	-1	0.0	0.5122844049082769	0.47282037893774165	0.22732901879733958	0.19372076895673573
STMMW_36331_1-146	0.5825422097707782	0.4690888506994815	0.0987167556719093	0.02198147509329451	0.17080797474750264	0.24848458352421066	1.030179504671715	-1	0.5122844049082769	0.0	0.03946402597053522	0.2849553861109373	0.31856363595154114
SL1344_3609_1-146	0.543078183800243	0.42962482472894625	0.059252729701374074	0.06144550106382973	0.13134394877696742	0.2879486094947459	0.9907154787011798	-1	0.47282037893774165	0.03946402597053522	0.0	0.24549136014040207	0.2790996099810059
ROD_42571_1-146	0.2975868236598409	0.18413346458854418	0.186238630439028	0.3069368612042318	0.11414741136343465	0.533439969635148	0.7452241185607777	-1	0.22732901879733958	0.2849553861109373	0.24549136014040207	0.0	0.03360824984060384
ETEC_3794_1-146	0.26397857381923706	0.15052521474794034	0.21984688027963184	0.34054511104483565	0.1477556612040385	0.5670482194757518	0.7116158687201739	-1	0.19372076895673573	0.31856363595154114	0.2790996099810059	0.03360824984060384	0.0
