b0804_1-225	-1	-1	-1	-1	-1	-1	-1
BN373_18721_1-225	-1	0.0	0.11007425603827792	0.12902142236398517	0.07876517435342612	0.3287783443034237	0.12544657727141395
NCTC13441_03190_1-225	-1	0.11007425603827792	0.0	0.018947166325707254	0.18883943039170403	0.21870408826514576	0.23552083330969187
ERS227112_05484_1-226	-1	0.12902142236398517	0.018947166325707254	0.0	0.2077865967174113	0.1997569219394385	0.2544679996353991
CS17_00863_1-225	-1	0.07876517435342612	0.18883943039170403	0.2077865967174113	0.0	0.4075435186568498	0.046681402917987835
Ecoli9000q_49540_1-229	-1	0.3287783443034237	0.21870408826514576	0.1997569219394385	0.4075435186568498	0.0	0.4542249215748376
ETEC_0871_1-225	-1	0.12544657727141395	0.23552083330969187	0.2544679996353991	0.046681402917987835	0.4542249215748376	0.0
