STM_MW29851_1-90	0.0	0.07254242198447836	2.3474867208407346	1.475170953162465	1.7751481855761595	2.0082416266079814	2.1883706953066024	1.6227896295798128	1.659421856635477	1.4580697101086404	1.8427160330982555	2.0048287258626925	0.7546215883162815	1.7896783475041422	1.8532787118623797	-1	1.8110628024076145	2.1698519057448014	1.739882135363364	-1	1.2428622340581583	1.8989537614778587	0.3905984652804433	0.07195679053872661
SEN2866_1-90	0.07254242198447836	0.0	2.420029142825213	1.5477133751469434	1.8476906075606379	2.08078404859246	2.260913117291081	1.6953320515642911	1.7319642786199554	1.5306121320931187	1.9152584550827338	2.0773711478471713	0.8271640103007598	1.8622207694886206	1.925821133846858	-1	1.8836052243920929	2.2423943277292793	1.8124245573478424	-1	1.3154046560426367	1.971496183462337	0.31805604329596493	0.0005856314457517442
STM_MW16231_1-91	2.3474867208407346	2.420029142825213	0.0	0.8723157676782693	0.572338535264575	0.33924509423275284	0.159116025534132	0.7246970912609215	0.6880648642052574	0.889417010732094	0.5047706877424788	0.3426579949780417	1.592865132524453	0.5578083733365923	0.4942080089783548	-1	0.5364239184331199	0.17763481509593326	0.6076045854773704	-1	1.104624486782576	0.44853295936287585	2.738085186121178	2.4194435113794612
CS17_02350_1-90	1.475170953162465	1.5477133751469434	0.8723157676782693	0.0	0.29997723241369434	0.5330706734455165	0.7131997421441374	0.14761867641734783	0.18425090347301198	0.017101243053824655	0.36754507993579055	0.5296577727002276	0.7205493648461836	0.31450739434167707	0.37810775869991453	-1	0.3358918492451495	0.6946809525823361	0.26471118220089895	-1	0.23230871910430673	0.4237828083153935	1.8657694184429083	1.5471277437011917
BN373_09121_1-90	1.7751481855761595	1.8476906075606379	0.572338535264575	0.29997723241369434	0.0	0.23309344103182217	0.413222509730443	0.1523585559963465	0.11572632894068235	0.317078475467519	0.06756784752209621	0.22968054028653329	1.0205265972598778	0.014530161927982732	0.07813052628622019	-1	0.03591461683145514	0.39470372016864175	0.035266050212795386	-1	0.5322859515180011	0.12380557590169916	2.165746650856603	1.847104976114886
SL1344_1558_1-91	2.0082416266079814	2.08078404859246	0.33924509423275284	0.5330706734455165	0.23309344103182217	0.0	0.18012906869862083	0.3854519970281687	0.3488197699725045	0.5501719164993412	0.16552559350972595	0.0034129007452888827	1.2536200382917002	0.21856327910383944	0.15496291474560198	-1	0.19717882420036703	0.16161027913681958	0.26835949124461755	-1	0.7653793925498232	0.10928786513012301	2.3988400918884247	2.080198417146708
STMMW_16231_1-91	2.1883706953066024	2.260913117291081	0.159116025534132	0.7131997421441374	0.413222509730443	0.18012906869862083	0.0	0.5655810657267895	0.5289488386711254	0.730300985197962	0.3456546622083468	0.1835419694439097	1.433749106990321	0.39869234780246027	0.3350919834442228	-1	0.37730789289898786	0.018518789561801252	0.4484885599432384	-1	0.9455084612484441	0.28941693382874384	2.5789691605870457	2.260327485845329
BN373_25341_1-91	1.6227896295798128	1.6953320515642911	0.7246970912609215	0.14761867641734783	0.1523585559963465	0.3854519970281687	0.5655810657267895	0.0	0.03663222705566416	0.16471991947117248	0.21992640351844273	0.3820390962828798	0.8681680412635314	0.16688871792432924	0.2304890822825667	-1	0.18827317282780165	0.5470622761649883	0.11709250578355113	-1	0.37992739552165455	0.2761641318980457	2.013388094860256	1.6947464201185394
ERS227112_02777_1-90	1.659421856635477	1.7319642786199554	0.6880648642052574	0.18425090347301198	0.11572632894068235	0.3488197699725045	0.5289488386711254	0.03663222705566416	0.0	0.20135214652683664	0.18329417646277857	0.34540686922721564	0.9048002683191956	0.1302564908686651	0.19385685522690255	-1	0.1516409457721375	0.5104300491093241	0.08046027872788697	-1	0.4165596225773187	0.23953190484238152	2.0500203219159205	1.7313786471742036
CS17_00397_1-91	1.4580697101086404	1.5306121320931187	0.889417010732094	0.017101243053824655	0.317078475467519	0.5501719164993412	0.730300985197962	0.16471991947117248	0.20135214652683664	0.0	0.3846463229896152	0.5467590157540523	0.7034481217923589	0.3316086373955017	0.3952090017537392	-1	0.35299309229897413	0.7117821956361607	0.2818124252547236	-1	0.21520747605048207	0.44088405136921816	1.8486681753890837	1.530026500647367
NCTC13441_03611_1-91	1.8427160330982555	1.9152584550827338	0.5047706877424788	0.36754507993579055	0.06756784752209621	0.16552559350972595	0.3456546622083468	0.21992640351844273	0.18329417646277857	0.3846463229896152	0.0	0.16211269276443707	1.0880944447819743	0.05303768559411348	0.010562678764123978	-1	0.031653230690641077	0.32713587264654553	0.1028338977348916	-1	0.5998537990400973	0.05623772837960295	2.2333144983786988	1.914672823636982
SEN1424_1-91	2.0048287258626925	2.0773711478471713	0.3426579949780417	0.5296577727002276	0.22968054028653329	0.0034129007452888827	0.1835419694439097	0.3820390962828798	0.34540686922721564	0.5467590157540523	0.16211269276443707	0.0	1.2502071375464112	0.21515037835855055	0.1515500140003131	-1	0.19376592345507815	0.16502317988210846	0.26494659049932867	-1	0.7619664918045344	0.10587496438483412	2.3954271911431357	2.0767855164014195
SL1344_3001_1-90	0.7546215883162815	0.8271640103007598	1.592865132524453	0.7205493648461836	1.0205265972598778	1.2536200382917002	1.433749106990321	0.8681680412635314	0.9048002683191956	0.7034481217923589	1.0880944447819743	1.2502071375464112	0.0	1.0350567591878606	1.098657123546098	-1	1.056441214091333	1.4152303174285197	0.9852605470470825	-1	0.48824064574187687	1.144332173161577	1.1452200535967247	0.8265783788550081
ENC_22790_1-90	1.7896783475041422	1.8622207694886206	0.5578083733365923	0.31450739434167707	0.014530161927982732	0.21856327910383944	0.39869234780246027	0.16688871792432924	0.1302564908686651	0.3316086373955017	0.05303768559411348	0.21515037835855055	1.0350567591878606	0.0	0.06360036435823746	-1	0.021384454903472405	0.380173558240659	0.04979621214077812	-1	0.5468161134459838	0.10927541397371643	2.1802768127845855	1.8616351380428688
ENC_11210_1-91	1.8532787118623797	1.925821133846858	0.4942080089783548	0.37810775869991453	0.07813052628622019	0.15496291474560198	0.3350919834442228	0.2304890822825667	0.19385685522690255	0.3952090017537392	0.010562678764123978	0.1515500140003131	1.098657123546098	0.06360036435823746	0.0	-1	0.042215909454765055	0.31657319388242156	0.11339657649901558	-1	0.6104164778042213	0.04567504961547897	2.243877177142823	1.9252355024011063
b0357_1-91	-1	-1	-1	-1	-1	-1	-1	-1	-1	-1	-1	-1	-1	-1	-1	-1	-1	-1	-1	-1	-1	-1	-1	-1
ERS227112_04721_1-91	1.8110628024076145	1.8836052243920929	0.5364239184331199	0.3358918492451495	0.03591461683145514	0.19717882420036703	0.37730789289898786	0.18827317282780165	0.1516409457721375	0.35299309229897413	0.031653230690641077	0.19376592345507815	1.056441214091333	0.021384454903472405	0.042215909454765055	-1	0.0	0.3587891033371866	0.07118066704425052	-1	0.5682005683494562	0.08789095907024402	2.201661267688058	1.8830195929463411
NCTC13441_01608_1-90	2.1698519057448014	2.2423943277292793	0.17763481509593326	0.6946809525823361	0.39470372016864175	0.16161027913681958	0.018518789561801252	0.5470622761649883	0.5104300491093241	0.7117821956361607	0.32713587264654553	0.16502317988210846	1.4152303174285197	0.380173558240659	0.31657319388242156	-1	0.3587891033371866	0.0	0.42996977038143713	-1	0.9269896716866428	0.2708981442669426	2.5604503710252446	2.2418086962835275
ETEC_2244_1-90	1.739882135363364	1.8124245573478424	0.6076045854773704	0.26471118220089895	0.035266050212795386	0.26835949124461755	0.4484885599432384	0.11709250578355113	0.08046027872788697	0.2818124252547236	0.1028338977348916	0.26494659049932867	0.9852605470470825	0.04979621214077812	0.11339657649901558	-1	0.07118066704425052	0.42996977038143713	0.0	-1	0.4970199013052057	0.15907162611449455	2.130480600643807	1.8118389259020906
b2105_1-90	-1	-1	-1	-1	-1	-1	-1	-1	-1	-1	-1	-1	-1	-1	-1	-1	-1	-1	-1	-1	-1	-1	-1	-1
ETEC_0413_1-91	1.2428622340581583	1.3154046560426367	1.104624486782576	0.23230871910430673	0.5322859515180011	0.7653793925498232	0.9455084612484441	0.37992739552165455	0.4165596225773187	0.21520747605048207	0.5998537990400973	0.7619664918045344	0.48824064574187687	0.5468161134459838	0.6104164778042213	-1	0.5682005683494562	0.9269896716866428	0.4970199013052057	-1	0.0	0.6560915274197002	1.6334606993386016	1.314819024596885
ROD_29021_1-90	1.8989537614778587	1.971496183462337	0.44853295936287585	0.4237828083153935	0.12380557590169916	0.10928786513012301	0.28941693382874384	0.2761641318980457	0.23953190484238152	0.44088405136921816	0.05623772837960295	0.10587496438483412	1.144332173161577	0.10927541397371643	0.04567504961547897	-1	0.08789095907024402	0.2708981442669426	0.15907162611449455	-1	0.6560915274197002	0.0	2.289552226758302	1.9709105520165853
STMMW_29851_1-90	0.3905984652804433	0.31805604329596493	2.738085186121178	1.8657694184429083	2.165746650856603	2.3988400918884247	2.5789691605870457	2.013388094860256	2.0500203219159205	1.8486681753890837	2.2333144983786988	2.3954271911431357	1.1452200535967247	2.1802768127845855	2.243877177142823	-1	2.201661267688058	2.5604503710252446	2.130480600643807	-1	1.6334606993386016	2.289552226758302	0.0	0.3186416747417167
t2933_1-90	0.07195679053872661	0.0005856314457517442	2.4194435113794612	1.5471277437011917	1.847104976114886	2.080198417146708	2.260327485845329	1.6947464201185394	1.7313786471742036	1.530026500647367	1.914672823636982	2.0767855164014195	0.8265783788550081	1.8616351380428688	1.9252355024011063	-1	1.8830195929463411	2.2418086962835275	1.8118389259020906	-1	1.314819024596885	1.9709105520165853	0.3186416747417167	0.0
