ENC_21080_1-412	0.0	-1	0.2314345856858584	0.3061166969799364	0.3679111990604269	0.2077193826375311	0.23034795704889655	0.006055901158735
b0608_1-412	-1	-1	-1	-1	-1	-1	-1	-1
STM_MW06801_1-412	0.2314345856858584	-1	0.0	0.07468211129407798	0.5993457847462853	0.023715203048327305	0.0010866286369618505	0.2253786845271234
SEN0584_1-412	0.3061166969799364	-1	0.07468211129407798	0.0	0.6740278960403633	0.09839731434240528	0.07576873993103983	0.3000607958212014
ETEC_0638_1-412	0.3679111990604269	-1	0.5993457847462853	0.6740278960403633	0.0	0.575630581697958	0.5982591561093235	0.3739671002191619
t2252_1-412	0.2077193826375311	-1	0.023715203048327305	0.09839731434240528	0.575630581697958	0.0	0.022628574411365454	0.2016634814787961
STMMW_06801_1-412	0.23034795704889655	-1	0.0010866286369618505	0.07576873993103983	0.5982591561093235	0.022628574411365454	0.0	0.22429205589016155
SL1344_0603_1-412	0.006055901158735	-1	0.2253786845271234	0.3000607958212014	0.3739671002191619	0.2016634814787961	0.22429205589016155	0.0
