BN373_36581_1-142	0.0	0.24499638055142203	0.10605523505498893	0.39666764735868004	0.1269813651541739	0.326746901482454	0.01610870070543502	0.2191696823251149	0.29116048381914006	0.1742655801503611	0.3154962272808949	-1
STM_MW27861_1-142	0.24499638055142203	0.0	0.35105161560641096	0.151671266807258	0.37197774570559594	0.08175052093103197	0.228887679845987	0.46416606287653694	0.046164103267718026	0.07073080040106094	0.5604926078323169	-1
t2716_1-141	0.10605523505498893	0.35105161560641096	0.0	0.5027228824136689	0.02092613009918498	0.4328021365374429	0.12216393576042395	0.11311444727012598	0.397215718874129	0.28032081520535	0.20944099222590595	-1
NCTC13441_01088_1-142	0.39666764735868004	0.151671266807258	0.5027228824136689	0.0	0.5236490125128539	0.06992074587622604	0.380558946653245	0.6158373296837949	0.10550716353953998	0.22240206720831895	0.7121638746395749	-1
ETEC_2885_1-142	0.1269813651541739	0.37197774570559594	0.02092613009918498	0.5236490125128539	0.0	0.4537282666366279	0.14309006585960893	0.092188317170941	0.41814184897331397	0.301246945304535	0.18851486212672097	-1
SL1344_2804_1-141	0.326746901482454	0.08175052093103197	0.4328021365374429	0.06992074587622604	0.4537282666366279	0.0	0.310638200777019	0.5459165838075689	0.03558641766331394	0.1524813213320929	0.6422431287633489	-1
ERS227112_01641_1-142	0.01610870070543502	0.228887679845987	0.12216393576042395	0.380558946653245	0.14309006585960893	0.310638200777019	0.0	0.23527838303054993	0.27505178311370504	0.15815687944492607	0.3316049279863299	-1
CS17_03006_1-142	0.2191696823251149	0.46416606287653694	0.11311444727012598	0.6158373296837949	0.092188317170941	0.5459165838075689	0.23527838303054993	0.0	0.510330166144255	0.393435262475476	0.09632654495577997	-1
STMMW_27861_1-141	0.29116048381914006	0.046164103267718026	0.397215718874129	0.10550716353953998	0.41814184897331397	0.03558641766331394	0.27505178311370504	0.510330166144255	0.0	0.11689490366877897	0.6066567111000349	-1
SEN2664_1-141	0.1742655801503611	0.07073080040106094	0.28032081520535	0.22240206720831895	0.301246945304535	0.1524813213320929	0.15815687944492607	0.393435262475476	0.11689490366877897	0.0	0.48976180743125597	-1
ROD_31221_1-142	0.3154962272808949	0.5604926078323169	0.20944099222590595	0.7121638746395749	0.18851486212672097	0.6422431287633489	0.3316049279863299	0.09632654495577997	0.6066567111000349	0.48976180743125597	0.0	-1
b2689_1-142	-1	-1	-1	-1	-1	-1	-1	-1	-1	-1	-1	-1
