STM_MW14631_1-146	0.0	0.8687374848945131	0.7801417765500154	0.5997789723954764	0.6187984942193248	0.530348740508065	0.8533944194652486	0.6967484677654316	0.42455784694708903	0.776941381655965	0.7637793063257392	-1	0.38352518157950294
ETEC_1661_1-146	0.8687374848945131	0.0	0.40296745308984155	0.6720249410903183	0.6556610792062059	0.7205106715832387	0.10465539833681499	0.567149705268582	0.77189277078661	0.411533541810817	0.4443225398089256	-1	0.787075625502755
NCTC13441_02255_1-146	0.7801417765500154	0.40296745308984155	0.0	0.4506579907459627	0.4232493310861153	0.5318691922857283	0.33318127366701544	0.27499715556285514	0.6179316682249224	0.014347775117634383	0.06926772574311123	-1	0.6433621992650161
t1328_1-146	0.5997789723954764	0.6720249410903183	0.4506579907459627	0.0	0.047522545073874566	0.1478335903166115	0.6336884610680202	0.24228985655839957	0.3044982445564359	0.4426614221668302	0.40977440618717065	-1	0.3507909558577733
ENC_12960_1-146	0.6187984942193248	0.6556610792062059	0.4232493310861153	0.047522545073874566	0.0	0.1883307069312322	0.6154118535431465	0.20448495707400366	0.33755025807846156	0.4148537847791922	0.3803259166290634	-1	0.38164302192038935
STMMW_14631_1-146	0.530348740508065	0.7205106715832387	0.5318691922857283	0.1478335903166115	0.1883307069312322	0.0	0.687841611042738	0.3543048674826861	0.1838427946227441	0.5250547851498619	0.49702957481727517	-1	0.23816635252798576
CS17_01804_1-146	0.8533944194652486	0.10465539833681499	0.33318127366701544	0.6336884610680202	0.6154118535431465	0.687841611042738	0.0	0.5165545266846321	0.7452296816335746	0.3427486387966685	0.3793702903230194	-1	0.7621872359517013
BN373_25451_1-146	0.6967484677654316	0.567149705268582	0.27499715556285514	0.24228985655839957	0.20448495707400366	0.3543048674826861	0.5165545266846321	0.0	0.4730112651189722	0.26444355713429085	0.22104039529949848	-1	0.5080877220394091
SEN1587_1-146	0.42455784694708903	0.77189277078661	0.6179316682249224	0.3044982445564359	0.33755025807846156	0.1838427946227441	0.7452296816335746	0.4730112651189722	0.0	0.6123700407406109	0.5894970633954572	-1	0.06656016457041684
ROD_14411_1-146	0.776941381655965	0.411533541810817	0.014347775117634383	0.4426614221668302	0.4148537847791922	0.5250547851498619	0.3427486387966685	0.26444355713429085	0.6123700407406109	0.0	0.055719400047041304	-1	0.6381707546213399
ERS227112_04711_1-146	0.7637793063257392	0.4443225398089256	0.06926772574311123	0.40977440618717065	0.3803259166290634	0.49702957481727517	0.3793702903230194	0.22104039529949848	0.5894970633954572	0.055719400047041304	0.0	-1	0.6168202064124949
b1626_1-146	-1	-1	-1	-1	-1	-1	-1	-1	-1	-1	-1	-1	-1
SL1344_1392_1-146	0.38352518157950294	0.787075625502755	0.6433621992650161	0.3507909558577733	0.38164302192038935	0.23816635252798576	0.7621872359517013	0.5080877220394091	0.06656016457041684	0.6381707546213399	0.6168202064124949	-1	0.0
