STMMW_35531_1-369	0.0	0.3869855733163211	0.6357110450355701	-1	0.21398124516986505	0.14411129809182	0.08931350287091999	0.27488804132048206	0.29217499435293104	0.3797916756626021	-1	0.7417589579860699	0.015467698647510186	0.15199144265663	0.02895765352272006	0.033688831396320174	0.015705723762380108	0.36750439231784404	0.3463820362913371	0.07840229393345988	0.25477121016232407	0.08211681100683998	0.27537935792564205	0.28009745504584604	0.35198571038385906	0.43751930609889	0.052685688575450085	0.65556627445767	0.10841125817066999	0.32424324253264813	0.21458216356245208	0.3624016670381298	0.63279997814944	0.22457179722464105	0.26517260837816203
ENC_05750_6-372	0.3869855733163211	0.0	0.24872547171924897	-1	0.17300432814645605	0.2428742752245011	0.2976720704454011	0.11209753199583905	0.09481057896339007	0.007193897653719028	-1	1.1287445313023912	0.3715178746688109	0.2349941306596911	0.35802791979360105	0.35329674192000093	0.371279849553941	0.019481180998477066	0.04060353702498398	0.465387867249781	0.13221436315399704	0.3048687623094811	0.11160621539067905	0.10688811827047506	0.034999862932462045	0.8245048794152111	0.334299884740871	1.042551847773991	0.2785743151456511	0.06274233078367297	0.17240340975386903	0.7493872403544509	1.0197855514657612	0.16241377609168006	0.12181296493815907
ERS227112_05063_1-423	0.6357110450355701	0.24872547171924897	0.0	-1	0.421729799865705	0.4915997469437501	0.5463975421646501	0.360823003715088	0.34353605068263904	0.255919369372968	-1	1.37747000302164	0.6202433463880599	0.4837196023789401	0.60675339151285	0.6020222136392499	0.62000532127319	0.26820665271772604	0.28932900874423295	0.71411333896903	0.380939834873246	0.5535942340287301	0.360331687109928	0.35561358998972403	0.283725334651711	1.07323035113446	0.58302535646012	1.29127731949324	0.5272997868649001	0.31146780250292194	0.421128881473118	0.9981127120736999	1.26851102318501	0.41113924781092903	0.37053843665740804
b3460_1-367	-1	-1	-1	-1	-1	-1	-1	-1	-1	-1	-1	-1	-1	-1	-1	-1	-1	-1	-1	-1	-1	-1	-1	-1	-1	-1	-1	-1	-1	-1	-1	-1	-1	-1	-1
ETEC_3706_1-367	0.21398124516986505	0.17300432814645605	0.421729799865705	-1	0.0	0.06986994707804506	0.12466774229894506	0.060906796150617004	0.07819374918306599	0.16581043049273703	-1	0.955740203155935	0.19851354652235487	0.06198980251323505	0.185023591647145	0.18029241377354488	0.19827552140748494	0.153523147147979	0.13240079112147207	0.29238353910332493	0.040789964992459016	0.13186443416302507	0.061398112755777	0.06611620987598099	0.138004465213994	0.6515005512687551	0.16129555659441497	0.8695475196275351	0.10556998699919506	0.11026199736278308	0.0006009183925870243	0.5763829122079949	0.846781223319305	0.010590552054775992	0.05119136320829698
SL1344_3532_1-367	0.14411129809182	0.2428742752245011	0.4915997469437501	-1	0.06986994707804506	0.0	0.0547977952209	0.13077674322866206	0.14806369626111104	0.23568037757078208	-1	0.8858702560778899	0.1286435994443098	0.00788014456481001	0.11515364456909993	0.11042246669549982	0.1284055743294399	0.22339309422602405	0.20227073819951713	0.22251359202527987	0.11065991207050407	0.06199448708498001	0.13126805983382206	0.13598615695402605	0.20787441229203907	0.58163060419071	0.09142560951636991	0.79967757254949	0.035700039921150006	0.18013194444082814	0.07047086547063208	0.5065129651299498	0.77691127624126	0.08046049913282105	0.12106131028634204
BN373_44581_1-367	0.08931350287091999	0.2976720704454011	0.5463975421646501	-1	0.12466774229894506	0.0547977952209	0.0	0.18557453844956207	0.20286149148201105	0.2904781727916821	-1	0.8310724608569899	0.0738458042234098	0.06267793978571001	0.06035584934819993	0.05562467147459982	0.07360777910853988	0.27819088944692405	0.25706853342041713	0.16771579680437987	0.16545770729140408	0.007196691864080007	0.18606585505472206	0.19078395217492605	0.26267220751293907	0.52683280896981	0.03662781429546991	0.74487977732859	0.019097755299749997	0.23492973966172814	0.12526866069153209	0.4517151699090498	0.72211348102036	0.13525829435372105	0.17585910550724204
CS17_03880_1-365	0.27488804132048206	0.11209753199583905	0.360823003715088	-1	0.060906796150617004	0.13077674322866206	0.18557453844956207	0.0	0.017286953032448982	0.10490363434212002	-1	1.016646999306552	0.25942034267297187	0.12289659866385205	0.245930387797762	0.24119920992416188	0.25918231755810195	0.09261635099736198	0.07149399497085507	0.35329033525394193	0.02011683115815799	0.19277123031364207	0.0004913166051599971	0.005209413725363987	0.077097669063377	0.7124073474193721	0.22220235274503197	0.9304543157781521	0.16647678314981207	0.04935520121216608	0.06030587775802998	0.6372897083586119	0.9076880194699221	0.05031624409584101	0.009715432942320024
ROD_43651_1-367	0.29217499435293104	0.09481057896339007	0.34353605068263904	-1	0.07819374918306599	0.14806369626111104	0.20286149148201105	0.017286953032448982	0.0	0.08761668130967104	-1	1.033933952339001	0.27670729570542085	0.14018355169630103	0.263217340830211	0.25848616295661087	0.27646927059055093	0.075329397964913	0.054207041938406086	0.3705772882863909	0.03740378419060697	0.21005818334609105	0.016795636427288985	0.012077539307084995	0.059810716030928024	0.729694300451821	0.23948930577748095	0.9477412688106011	0.18376373618226105	0.032068248179717096	0.07759283079047896	0.6545766613910609	0.924974972502371	0.06760319712829	0.027002385974769005
STM_MW35561_1-365	0.3797916756626021	0.007193897653719028	0.255919369372968	-1	0.16581043049273703	0.23568037757078208	0.2904781727916821	0.10490363434212002	0.08761668130967104	0.0	-1	1.121550633648672	0.3643239770150919	0.22780023300597207	0.350834022139882	0.3461028442662819	0.36408595190022197	0.012287283344758038	0.033409639371264954	0.45819396959606196	0.125020465500278	0.2976748646557621	0.10441231773696003	0.09969422061675604	0.027805965278743017	0.8173109817614921	0.327105987087152	1.035357950120272	0.2713804174919321	0.055548433129953945	0.16520951210015	0.7421933427007319	1.012591653812042	0.15521987843796103	0.11461906728444005
b3458_1-369	-1	-1	-1	-1	-1	-1	-1	-1	-1	-1	-1	-1	-1	-1	-1	-1	-1	-1	-1	-1	-1	-1	-1	-1	-1	-1	-1	-1	-1	-1	-1	-1	-1	-1	-1
ENC_26510_1-366	0.7417589579860699	1.1287445313023912	1.37747000302164	-1	0.955740203155935	0.8858702560778899	0.8310724608569899	1.016646999306552	1.033933952339001	1.121550633648672	-1	0.0	0.7572266566335801	0.8937504006427	0.77071661150879	0.7754477893823901	0.75746468174845	1.109263350303914	1.0881409942774072	0.6633566640526101	0.996530168148394	0.8238757689929099	1.017138315911712	1.0218564130319159	1.093744668369929	0.30423965188717994	0.79444464656152	0.08619268352839993	0.8501702161567399	1.0660022005187182	0.956341121548522	0.37935729094794013	0.10895897983662994	0.966330755210711	1.006931566364232
ERS227112_00764_1-369	0.015467698647510186	0.3715178746688109	0.6202433463880599	-1	0.19851354652235487	0.1286435994443098	0.0738458042234098	0.25942034267297187	0.27670729570542085	0.3643239770150919	-1	0.7572266566335801	0.0	0.13652374400911982	0.013489954875209875	0.018221132748809987	0.00023802511486992195	0.35203669367033386	0.33091433764382694	0.09386999258097006	0.23930351151481388	0.0666491123593298	0.25991165927813187	0.26462975639833586	0.3365180117363489	0.4529870047464002	0.0372179899279399	0.6710339731051802	0.0929435595231598	0.30877554388513795	0.1991144649149419	0.37786936568564	0.6482676767969502	0.20910409857713086	0.24970490973065185
BN373_44551_1-369	0.15199144265663	0.2349941306596911	0.4837196023789401	-1	0.06198980251323505	0.00788014456481001	0.06267793978571001	0.12289659866385205	0.14018355169630103	0.22780023300597207	-1	0.8937504006427	0.13652374400911982	0.0	0.12303378913390994	0.11830261126030983	0.1362857188942499	0.21551294966121404	0.19439059363470712	0.23039373659008988	0.10277976750569406	0.06987463164979002	0.12338791526901205	0.12810601238921604	0.19999426772722906	0.58951074875552	0.09930575408117992	0.8075577171143	0.043580184485960016	0.17225179987601813	0.06259072090582207	0.5143931096947598	0.78479142080607	0.07258035456801104	0.11318116572153203
SL1344_3530_1-369	0.02895765352272006	0.35802791979360105	0.60675339151285	-1	0.185023591647145	0.11515364456909993	0.06035584934819993	0.245930387797762	0.263217340830211	0.350834022139882	-1	0.77071661150879	0.013489954875209875	0.12303378913390994	0.0	0.004731177873600112	0.013251929760339953	0.338546738795124	0.31742438276861706	0.10735994745617994	0.225813556639604	0.05315915748411992	0.246421704402922	0.251139801523126	0.323028056861139	0.46647695962161007	0.023728035052730023	0.6845239279803901	0.07945360464794993	0.2952855890099281	0.18562451003973202	0.3913593205608499	0.6617576316721601	0.19561414370192098	0.23621495485544197
ERS227112_00762_1-365	0.033688831396320174	0.35329674192000093	0.6020222136392499	-1	0.18029241377354488	0.11042246669549982	0.05562467147459982	0.24119920992416188	0.25848616295661087	0.3461028442662819	-1	0.7754477893823901	0.018221132748809987	0.11830261126030983	0.004731177873600112	0.0	0.017983107633940065	0.33381556092152387	0.31269320489501695	0.11209112532978005	0.2210823787660039	0.04842797961051981	0.24169052652932188	0.24640862364952587	0.3182968789875389	0.4712081374952102	0.01899685717912991	0.6892551058539902	0.07472242677434981	0.29055441113632796	0.1808933321661319	0.39609049843445	0.6664888095457602	0.19088296582832087	0.23148377698184186
SEN3390_1-365	0.015705723762380108	0.371279849553941	0.62000532127319	-1	0.19827552140748494	0.1284055743294399	0.07360777910853988	0.25918231755810195	0.27646927059055093	0.36408595190022197	-1	0.75746468174845	0.00023802511486992195	0.1362857188942499	0.013251929760339953	0.017983107633940065	0.0	0.35179866855546393	0.330676312528957	0.09410801769583998	0.23906548639994396	0.06641108724445988	0.25967363416326195	0.26439173128346594	0.33627998662147895	0.4532250298612701	0.036979964813069977	0.6712719982200501	0.09270553440828988	0.308537518770268	0.19887643980007197	0.3781073908005099	0.6485057019118201	0.20886607346226094	0.24946688461578193
BN373_28701_13-382	0.36750439231784404	0.019481180998477066	0.26820665271772604	-1	0.153523147147979	0.22339309422602405	0.27819088944692405	0.09261635099736198	0.075329397964913	0.012287283344758038	-1	1.109263350303914	0.35203669367033386	0.21551294966121404	0.338546738795124	0.33381556092152387	0.35179866855546393	0.0	0.021122356026506917	0.4459066862513039	0.11273318215551997	0.28538758131100406	0.09212503439220199	0.087406937271998	0.015518681933984979	0.805023698416734	0.31481870374239396	1.023070666775514	0.25909313414717405	0.04326114978519591	0.15292222875539196	0.7299060593559739	1.000304370467284	0.142932595093203	0.10233178393968201
ERS227112_04375_1-353	0.3463820362913371	0.04060353702498398	0.28932900874423295	-1	0.13240079112147207	0.20227073819951713	0.25706853342041713	0.07149399497085507	0.054207041938406086	0.033409639371264954	-1	1.0881409942774072	0.33091433764382694	0.19439059363470712	0.31742438276861706	0.31269320489501695	0.330676312528957	0.021122356026506917	0.0	0.424784330224797	0.09161082612901306	0.26426522528449714	0.07100267836569507	0.06628458124549108	0.0056036740925219375	0.7839013423902271	0.29369634771588704	1.001948310749007	0.23797077812066714	0.02213879375868899	0.13179987272888505	0.7087837033294669	0.9791820144407771	0.12181023906669608	0.08120942791317509
BN373_21841_1-423	0.07840229393345988	0.465387867249781	0.71411333896903	-1	0.29238353910332493	0.22251359202527987	0.16771579680437987	0.35329033525394193	0.3705772882863909	0.45819396959606196	-1	0.6633566640526101	0.09386999258097006	0.23039373659008988	0.10735994745617994	0.11209112532978005	0.09410801769583998	0.4459066862513039	0.424784330224797	0.0	0.33317350409578395	0.16051910494029986	0.35378165185910193	0.3584997489793059	0.43038800431731894	0.3591170121654301	0.13108798250890996	0.5771639805242101	0.18681355210412987	0.402645536466108	0.29298445749591195	0.28399937310466994	0.5543976842159801	0.3029740911581009	0.3435749023116219
CS17_03876_1-369	0.25477121016232407	0.13221436315399704	0.380939834873246	-1	0.040789964992459016	0.11065991207050407	0.16545770729140408	0.02011683115815799	0.03740378419060697	0.125020465500278	-1	0.996530168148394	0.23930351151481388	0.10277976750569406	0.225813556639604	0.2210823787660039	0.23906548639994396	0.11273318215551997	0.09161082612901306	0.33317350409578395	0.0	0.17265439915548408	0.020608147763317985	0.025326244883521976	0.097214500221535	0.6922905162612141	0.20208552158687398	0.9103374846199941	0.14635995199165408	0.06947203237032407	0.04018904659987199	0.6171728772004539	0.8875711883117641	0.030199412937683023	0.010401398215837965
STMMW_35561_1-365	0.08211681100683998	0.3048687623094811	0.5535942340287301	-1	0.13186443416302507	0.06199448708498001	0.007196691864080007	0.19277123031364207	0.21005818334609105	0.2976748646557621	-1	0.8238757689929099	0.0666491123593298	0.06987463164979002	0.05315915748411992	0.04842797961051981	0.06641108724445988	0.28538758131100406	0.26426522528449714	0.16051910494029986	0.17265439915548408	0.0	0.19326254691880207	0.19798064403900606	0.2698688993770191	0.51963611710573	0.0294311224313899	0.73768308546451	0.026294447163830004	0.24212643152580815	0.1324653525556121	0.4445184780449698	0.71491678915628	0.14245498621780106	0.18305579737132205
ROD_43681_1-369	0.27537935792564205	0.11160621539067905	0.360331687109928	-1	0.061398112755777	0.13126805983382206	0.18606585505472206	0.0004913166051599971	0.016795636427288985	0.10441231773696003	-1	1.017138315911712	0.25991165927813187	0.12338791526901205	0.246421704402922	0.24169052652932188	0.25967363416326195	0.09212503439220199	0.07100267836569507	0.35378165185910193	0.020608147763317985	0.19326254691880207	0.0	0.00471809712020399	0.07660635245821701	0.7128986640245321	0.22269366935019197	0.9309456323833121	0.16696809975497207	0.04886388460700608	0.06079719436318998	0.6377810249637719	0.908179336075082	0.05080756070100101	0.01020674954748002
t3958_1-369	0.28009745504584604	0.10688811827047506	0.35561358998972403	-1	0.06611620987598099	0.13598615695402605	0.19078395217492605	0.005209413725363987	0.012077539307084995	0.09969422061675604	-1	1.0218564130319159	0.26462975639833586	0.12810601238921604	0.251139801523126	0.24640862364952587	0.26439173128346594	0.087406937271998	0.06628458124549108	0.3584997489793059	0.025326244883521976	0.19798064403900606	0.00471809712020399	0.0	0.07188825533801302	0.717616761144736	0.22741176647039596	0.9356637295035161	0.17168619687517606	0.04414578748680209	0.06551529148339397	0.6424991220839759	0.912897433195286	0.055525657821205	0.01492484666768401
NCTC13441_00240_1-367	0.35198571038385906	0.034999862932462045	0.283725334651711	-1	0.138004465213994	0.20787441229203907	0.26267220751293907	0.077097669063377	0.059810716030928024	0.027805965278743017	-1	1.093744668369929	0.3365180117363489	0.19999426772722906	0.323028056861139	0.3182968789875389	0.33627998662147895	0.015518681933984979	0.0056036740925219375	0.43038800431731894	0.097214500221535	0.2698688993770191	0.07660635245821701	0.07188825533801302	0.0	0.7895050164827491	0.299300021808409	1.007551984841529	0.24357445221318907	0.027742467851210928	0.13740354682140699	0.7143873774219889	0.9847856885332991	0.12741391315921802	0.08681310200569703
BN373_07931_1-352	0.43751930609889	0.8245048794152111	1.07323035113446	-1	0.6515005512687551	0.58163060419071	0.52683280896981	0.7124073474193721	0.729694300451821	0.8173109817614921	-1	0.30423965188717994	0.4529870047464002	0.58951074875552	0.46647695962161007	0.4712081374952102	0.4532250298612701	0.805023698416734	0.7839013423902271	0.3591170121654301	0.6922905162612141	0.51963611710573	0.7128986640245321	0.717616761144736	0.7895050164827491	0.0	0.4902049946743401	0.21804696835878	0.54593056426956	0.7617625486315381	0.6521014696613421	0.07511763906076019	0.19528067205055	0.662091103323531	0.702691914477052
ETEC_3704_1-369	0.052685688575450085	0.334299884740871	0.58302535646012	-1	0.16129555659441497	0.09142560951636991	0.03662781429546991	0.22220235274503197	0.23948930577748095	0.327105987087152	-1	0.79444464656152	0.0372179899279399	0.09930575408117992	0.023728035052730023	0.01899685717912991	0.036979964813069977	0.31481870374239396	0.29369634771588704	0.13108798250890996	0.20208552158687398	0.0294311224313899	0.22269366935019197	0.22741176647039596	0.299300021808409	0.4902049946743401	0.0	0.7082519630331201	0.055725569595219904	0.27155755395719805	0.161896474987002	0.4150873556135799	0.6854856667248901	0.17188610864919096	0.21248691980271195
ENC_26480_21-389	0.65556627445767	1.042551847773991	1.29127731949324	-1	0.8695475196275351	0.79967757254949	0.74487977732859	0.9304543157781521	0.9477412688106011	1.035357950120272	-1	0.08619268352839993	0.6710339731051802	0.8075577171143	0.6845239279803901	0.6892551058539902	0.6712719982200501	1.023070666775514	1.001948310749007	0.5771639805242101	0.9103374846199941	0.73768308546451	0.9309456323833121	0.9356637295035161	1.007551984841529	0.21804696835878	0.7082519630331201	0.0	0.76397753262834	0.9798095169903182	0.8701484380201221	0.2931646074195402	0.022766296308230016	0.8801380716823111	0.920738882835832
SEN3387_1-369	0.10841125817066999	0.2785743151456511	0.5272997868649001	-1	0.10556998699919506	0.035700039921150006	0.019097755299749997	0.16647678314981207	0.18376373618226105	0.2713804174919321	-1	0.8501702161567399	0.0929435595231598	0.043580184485960016	0.07945360464794993	0.07472242677434981	0.09270553440828988	0.25909313414717405	0.23797077812066714	0.18681355210412987	0.14635995199165408	0.026294447163830004	0.16696809975497207	0.17168619687517606	0.24357445221318907	0.54593056426956	0.055725569595219904	0.76397753262834	0.0	0.21583198436197815	0.10617090539178209	0.4708129252087998	0.74121123632011	0.11616053905397106	0.15676135020749205
ERS227112_05591_1-367	0.32424324253264813	0.06274233078367297	0.31146780250292194	-1	0.11026199736278308	0.18013194444082814	0.23492973966172814	0.04935520121216608	0.032068248179717096	0.055548433129953945	-1	1.0660022005187182	0.30877554388513795	0.17225179987601813	0.2952855890099281	0.29055441113632796	0.308537518770268	0.04326114978519591	0.02213879375868899	0.402645536466108	0.06947203237032407	0.24212643152580815	0.04886388460700608	0.04414578748680209	0.027742467851210928	0.7617625486315381	0.27155755395719805	0.9798095169903182	0.21583198436197815	0.0	0.10966107897019606	0.686644909570778	0.9570432206820881	0.09967144530800709	0.0590706341544861
ENC_10890_1-423	0.21458216356245208	0.17240340975386903	0.421128881473118	-1	0.0006009183925870243	0.07047086547063208	0.12526866069153209	0.06030587775802998	0.07759283079047896	0.16520951210015	-1	0.956341121548522	0.1991144649149419	0.06259072090582207	0.18562451003973202	0.1808933321661319	0.19887643980007197	0.15292222875539196	0.13179987272888505	0.29298445749591195	0.04018904659987199	0.1324653525556121	0.06079719436318998	0.06551529148339397	0.13740354682140699	0.6521014696613421	0.161896474987002	0.8701484380201221	0.10617090539178209	0.10966107897019606	0.0	0.5769838306005819	0.8473821417118921	0.009989633662188968	0.050590444815709956
ROD_14991_1-423	0.3624016670381298	0.7493872403544509	0.9981127120736999	-1	0.5763829122079949	0.5065129651299498	0.4517151699090498	0.6372897083586119	0.6545766613910609	0.7421933427007319	-1	0.37935729094794013	0.37786936568564	0.5143931096947598	0.3913593205608499	0.39609049843445	0.3781073908005099	0.7299060593559739	0.7087837033294669	0.28399937310466994	0.6171728772004539	0.4445184780449698	0.6377810249637719	0.6424991220839759	0.7143873774219889	0.07511763906076019	0.4150873556135799	0.2931646074195402	0.4708129252087998	0.686644909570778	0.5769838306005819	0.0	0.2703983111113102	0.5869734642627709	0.6275742754162918
ERS227112_02655_2-362	0.63279997814944	1.0197855514657612	1.26851102318501	-1	0.846781223319305	0.77691127624126	0.72211348102036	0.9076880194699221	0.924974972502371	1.012591653812042	-1	0.10895897983662994	0.6482676767969502	0.78479142080607	0.6617576316721601	0.6664888095457602	0.6485057019118201	1.000304370467284	0.9791820144407771	0.5543976842159801	0.8875711883117641	0.71491678915628	0.908179336075082	0.912897433195286	0.9847856885332991	0.19528067205055	0.6854856667248901	0.022766296308230016	0.74121123632011	0.9570432206820881	0.8473821417118921	0.2703983111113102	0.0	0.857371775374081	0.897972586527602
STM_MW35531_1-369	0.22457179722464105	0.16241377609168006	0.41113924781092903	-1	0.010590552054775992	0.08046049913282105	0.13525829435372105	0.05031624409584101	0.06760319712829	0.15521987843796103	-1	0.966330755210711	0.20910409857713086	0.07258035456801104	0.19561414370192098	0.19088296582832087	0.20886607346226094	0.142932595093203	0.12181023906669608	0.3029740911581009	0.030199412937683023	0.14245498621780106	0.05080756070100101	0.055525657821205	0.12741391315921802	0.662091103323531	0.17188610864919096	0.8801380716823111	0.11616053905397106	0.09967144530800709	0.009989633662188968	0.5869734642627709	0.857371775374081	0.0	0.04060081115352099
NCTC13441_00244_28-396	0.26517260837816203	0.12181296493815907	0.37053843665740804	-1	0.05119136320829698	0.12106131028634204	0.17585910550724204	0.009715432942320024	0.027002385974769005	0.11461906728444005	-1	1.006931566364232	0.24970490973065185	0.11318116572153203	0.23621495485544197	0.23148377698184186	0.24946688461578193	0.10233178393968201	0.08120942791317509	0.3435749023116219	0.010401398215837965	0.18305579737132205	0.01020674954748002	0.01492484666768401	0.08681310200569703	0.702691914477052	0.21248691980271195	0.920738882835832	0.15676135020749205	0.0590706341544861	0.050590444815709956	0.6275742754162918	0.897972586527602	0.04060081115352099	0.0
