ETEC_4748_1-108	0.0	0.7271864520157962	0.682464390677463	0.35266117068626746	0.19651525791267588	0.2602583421884277	0.7089389050353031	-1	0.7566199333229692	0.22170644673986328	0.06495929249138532	0.67104115571727	0.4768391399345009	0.8716431455115119
Ecoli9000q_40420_1-108	0.7271864520157962	0.0	0.04472206133833323	0.3745252813295288	0.9237017099284721	0.46692810982736854	0.018247546980493135	-1	0.029433481307172937	0.505480005275933	0.6622271595244109	0.05614529629852627	0.25034731208129535	0.14445669349571566
SEN4339_1-108	0.682464390677463	0.04472206133833323	0.0	0.32980321999119555	0.8789796485901389	0.4222060484890353	0.026474514357840095	-1	0.07415554264550617	0.4607579439375997	0.6175050981860777	0.01142323496019304	0.20562525074296212	0.1891787548340489
BN373_04731_1-108	0.35266117068626746	0.3745252813295288	0.32980321999119555	0.0	0.5491764285989433	0.09240282849783976	0.35627773434903565	-1	0.4039587626367017	0.13095472394640417	0.28770187819488213	0.3183799850310025	0.12417796924823343	0.5189819748252444
CS17_04862_1-98	0.19651525791267588	0.9237017099284721	0.8789796485901389	0.5491764285989433	0.0	0.45677360010110357	0.905454162947979	-1	0.953135191235645	0.41822170465253916	0.2614745504040612	0.8675564136299458	0.6733543978471768	1.0681584034241878
STM_MW45261_1-108	0.2602583421884277	0.46692810982736854	0.4222060484890353	0.09240282849783976	0.45677360010110357	0.0	0.4486805628468754	-1	0.4963615911345415	0.03855189544856441	0.19529904969704237	0.41078281352884227	0.2165807977460732	0.6113848033230842
ROD_50801_1-108	0.7089389050353031	0.018247546980493135	0.026474514357840095	0.35627773434903565	0.905454162947979	0.4486805628468754	0.0	-1	0.04768102828766607	0.4872324582954398	0.6439796125439178	0.037897749318033136	0.2320997651008022	0.1627042404762088
b4393_1-108	-1	-1	-1	-1	-1	-1	-1	-1	-1	-1	-1	-1	-1	-1
ERS227112_02326_1-108	0.7566199333229692	0.029433481307172937	0.07415554264550617	0.4039587626367017	0.953135191235645	0.4963615911345415	0.04768102828766607	-1	0.0	0.5349134865831059	0.6916606408315839	0.08557877760569921	0.2797807933884683	0.11502321218854272
STMMW_45261_1-108	0.22170644673986328	0.505480005275933	0.4607579439375997	0.13095472394640417	0.41822170465253916	0.03855189544856441	0.4872324582954398	-1	0.5349134865831059	0.0	0.15674715424847796	0.4493347089774067	0.2551326931946376	0.6499366987716486
SL1344_4510_1-108	0.06495929249138532	0.6622271595244109	0.6175050981860777	0.28770187819488213	0.2614745504040612	0.19529904969704237	0.6439796125439178	-1	0.6916606408315839	0.15674715424847796	0.0	0.6060818632258846	0.41187984744311557	0.8066838530201266
NCTC13441_04001_1-98	0.67104115571727	0.05614529629852627	0.01142323496019304	0.3183799850310025	0.8675564136299458	0.41078281352884227	0.037897749318033136	-1	0.08557877760569921	0.4493347089774067	0.6060818632258846	0.0	0.19420201578276908	0.20060198979424193
ENC_45180_1-108	0.4768391399345009	0.25034731208129535	0.20562525074296212	0.12417796924823343	0.6733543978471768	0.2165807977460732	0.2320997651008022	-1	0.2797807933884683	0.2551326931946376	0.41187984744311557	0.19420201578276908	0.0	0.394804005577011
t4622_1-108	0.8716431455115119	0.14445669349571566	0.1891787548340489	0.5189819748252444	1.0681584034241878	0.6113848033230842	0.1627042404762088	-1	0.11502321218854272	0.6499366987716486	0.8066838530201266	0.20060198979424193	0.394804005577011	0.0
