SL1344_4459_1-95	0.0	0.21423319210173097	0.433802332220811	0.2277952344371199	0.750246213788608	0.507705691632347	0.394927579301662	0.2774507718372201
STM_MW44741_1-96	0.21423319210173097	0.0	0.21956914011908002	0.4420284265388509	0.536013021686877	0.29347249953061605	0.18069438719993103	0.4916839639389511
ENC_44500_1-95	0.433802332220811	0.21956914011908002	0.0	0.6615975666579309	0.316443881567797	0.07390335941153603	0.03887475291914899	0.7112531040580311
STMMW_44741_1-95	0.2277952344371199	0.4420284265388509	0.6615975666579309	0.0	0.9780414482257279	0.7355009260694669	0.6227228137387819	0.0496555374001002
NCTC13441_04046_1-96	0.750246213788608	0.536013021686877	0.316443881567797	0.9780414482257279	0.0	0.24254052215626098	0.355318634486946	1.0276969856258282
ETEC_4653_1-104	0.507705691632347	0.29347249953061605	0.07390335941153603	0.7355009260694669	0.24254052215626098	0.0	0.11277811233068502	0.7851564634695671
t4578_1-95	0.394927579301662	0.18069438719993103	0.03887475291914899	0.6227228137387819	0.355318634486946	0.11277811233068502	0.0	0.6723783511388821
SEN4293_1-95	0.2774507718372201	0.4916839639389511	0.7112531040580311	0.0496555374001002	1.0276969856258282	0.7851564634695671	0.6723783511388821	0.0
