CS17_04173_1-279	0.0	0.5637116746630015	3.3815904515420936	-1	0.32558940264258607	1.2217282521377242	0.07489405327203741
BN373_31811_1-277	0.5637116746630015	0.0	2.817878776879092	-1	0.23812227202041553	0.6580165774747226	0.4888176213909642
NCTC13441_04794_1-231	3.3815904515420936	2.817878776879092	0.0	-1	3.0560010488995077	2.1598621994043694	3.306696398270056
b3723_1-278	-1	-1	-1	-1	-1	-1	-1
ERS227112_04001_1-278	0.32558940264258607	0.23812227202041553	3.0560010488995077	-1	0.0	0.8961388494951381	0.2506953493705486
ETEC_4014_1-278	1.2217282521377242	0.6580165774747226	2.1598621994043694	-1	0.8961388494951381	0.0	1.1468341988656867
NCTC13441_00924_1-275	0.07489405327203741	0.4888176213909642	3.306696398270056	-1	0.2506953493705486	1.1468341988656867	0.0
