ROD_32271_1-515	0.0	0.12734316487113206	0.37349017189135214	0.1231109509211562	0.3983946652404511	0.39775783977323864	-1	0.24766915377668097	0.6627769613716559	0.2977979507051134	0.8666281917994778	0.7045281274710979	0.29309794707498793	0.10000297915896827
Ecoli9000q_38250_1-510	0.12734316487113206	0.0	0.24614700702022008	0.00423221394997586	0.271051500369319	0.2704146749021066	-1	0.37501231864781304	0.5354337965005238	0.17045478583398133	0.7392850269283457	0.5771849625999659	0.16575478220385587	0.22734614403010034
SL1344_4290_1-515	0.37349017189135214	0.24614700702022008	0.0	0.25037922097019594	0.024904493349098944	0.0242676678818865	-1	0.6211593256680331	0.28928678948030373	0.07569222118623875	0.49313801990812567	0.3310379555797458	0.08039222481636421	0.4734931510503204
SEN4123_1-515	0.1231109509211562	0.00423221394997586	0.25037922097019594	0.0	0.2752837143192949	0.27464688885208244	-1	0.3707801046978372	0.5396660104504997	0.1746869997839572	0.7435172408783216	0.5814171765499417	0.16998699615383173	0.22311393008012448
ETEC_4513_1-515	0.3983946652404511	0.271051500369319	0.024904493349098944	0.2752837143192949	0.0	0.0006368254672124429	-1	0.6460638190171321	0.2643822961312048	0.1005967145353377	0.4682335265590267	0.30613346223064686	0.10529671816546315	0.49839764439941936
ERS227112_02043_1-504	0.39775783977323864	0.2704146749021066	0.0242676678818865	0.27464688885208244	0.0006368254672124429	0.0	-1	0.6454269935499196	0.26501912159841723	0.09995988906812525	0.46887035202623917	0.3067702876978593	0.10465989269825071	0.4977608189322069
b4167_1-515	-1	-1	-1	-1	-1	-1	-1	-1	-1	-1	-1	-1	-1	-1
t4406_1-515	0.24766915377668097	0.37501231864781304	0.6211593256680331	0.3707801046978372	0.6460638190171321	0.6454269935499196	-1	0.0	0.9104461151483368	0.5454671044817944	1.114297345576159	0.9521972812477789	0.5407671008516689	0.1476661746177127
ENC_42660_1-507	0.6627769613716559	0.5354337965005238	0.28928678948030373	0.5396660104504997	0.2643822961312048	0.26501912159841723	-1	0.9104461151483368	0.0	0.3649790106665425	0.20385123042782194	0.04175116609944207	0.36967901429666794	0.7627799405306241
STMMW_43011_1-515	0.2977979507051134	0.17045478583398133	0.07569222118623875	0.1746869997839572	0.1005967145353377	0.09995988906812525	-1	0.5454671044817944	0.3649790106665425	0.0	0.5688302410943644	0.40673017676598455	0.00470000363012546	0.39780092986408166
CS17_04646_1-510	0.8666281917994778	0.7392850269283457	0.49313801990812567	0.7435172408783216	0.4682335265590267	0.46887035202623917	-1	1.114297345576159	0.20385123042782194	0.5688302410943644	0.0	0.16210006432837987	0.5735302447244899	0.9666311709584461
BN373_01751_1-508	0.7045281274710979	0.5771849625999659	0.3310379555797458	0.5814171765499417	0.30613346223064686	0.3067702876978593	-1	0.9521972812477789	0.04175116609944207	0.40673017676598455	0.16210006432837987	0.0	0.41143018039611	0.8045311066300662
NCTC13441_04286_1-510	0.29309794707498793	0.16575478220385587	0.08039222481636421	0.16998699615383173	0.10529671816546315	0.10465989269825071	-1	0.5407671008516689	0.36967901429666794	0.00470000363012546	0.5735302447244899	0.41143018039611	0.0	0.3931009262339562
STM_MW43011_1-515	0.10000297915896827	0.22734614403010034	0.4734931510503204	0.22311393008012448	0.49839764439941936	0.4977608189322069	-1	0.1476661746177127	0.7627799405306241	0.39780092986408166	0.9666311709584461	0.8045311066300662	0.3931009262339562	0.0
