ROD_46011_1-155	0.0	0.7332246938207769	0.2983387766673918	0.43401234208573186	0.429947379036705	0.6123592728583616	0.6814480438438953	0.6183735460889772	0.6371493026548033	-1	0.28019343302161465	0.5669866956377486	0.11131207293582746
STM_MW30411_1-155	0.7332246938207769	0.0	0.8128141123113553	0.8490084692662597	0.5320163501249818	0.311797529257685	0.1625375357968566	0.30095174628165977	0.2647794033990036	-1	0.8079733827045258	0.3839096778512756	0.7629200061596763
STMMW_30411_1-155	0.2983387766673918	0.8128141123113553	0.0	0.19336050063297686	0.6000161806109348	0.7280075331802562	0.7764844447485122	0.7322275154927066	0.7454017358136792	-1	0.025208638651280882	0.6961713551418877	0.2104526212586424
ERS227112_05048_1-156	0.43401234208573186	0.8490084692662597	0.19336050063297686	0.0	0.6773572521730946	0.7806001327329202	0.8197035244111978	0.7840041371527728	0.7946309836370332	-1	0.21369478429437028	0.7549198140182912	0.3631198976855259
ENC_34650_2-156	0.429947379036705	0.5320163501249818	0.6000161806109348	0.6773572521730946	0.0	0.3199913255611571	0.44118850709289903	0.33054170812137146	0.3634785912710325	-1	0.5896723799073799	0.240397660779929	0.4934011179586309
CS17_04736_1-151	0.6123592728583616	0.311797529257685	0.7280075331802562	0.7806001327329202	0.3199913255611571	0.0	0.1782288757297932	0.015515070552476088	0.06395104554476747	-1	0.7209736589751723	0.10478333289883184	0.6555083657508488
Ecoli9000q_39080_4-154	0.6814480438438953	0.1625375357968566	0.7764844447485122	0.8197035244111978	0.44118850709289903	0.1782288757297932	0.0	0.16527810666297282	0.12208531363782554	-1	0.7707042100350252	0.26433679301084556	0.7169067224213942
NCTC13441_04197_1-151	0.6183735460889772	0.30095174628165977	0.7322275154927066	0.7840041371527728	0.33054170812137146	0.015515070552476088	0.16527810666297282	0.0	0.049199305691223556	-1	0.7253027723421718	0.11867268264865895	0.6608531777609622
SEN2923_1-155	0.6371493026548033	0.2647794033990036	0.7454017358136792	0.7946309836370332	0.3634785912710325	0.06395104554476747	0.12208531363782554	0.049199305691223556	0.0	-1	0.7388176852182409	0.16203337474905358	0.6775389659425076
b4252_1-150	-1	-1	-1	-1	-1	-1	-1	-1	-1	-1	-1	-1	-1
BN373_22001_1-156	0.28019343302161465	0.8079733827045258	0.025208638651280882	0.21369478429437028	0.5896723799073799	0.7209736589751723	0.7707042100350252	0.7253027723421718	0.7388176852182409	-1	0.0	0.6883141799310412	0.1900344934849016
ETEC_4598_1-150	0.5669866956377486	0.3839096778512756	0.6961713551418877	0.7549198140182912	0.240397660779929	0.10478333289883184	0.26433679301084556	0.11867268264865895	0.16203337474905358	-1	0.6883141799310412	0.0	0.6151863041551032
SL1344_3056_1-155	0.11131207293582746	0.7629200061596763	0.2104526212586424	0.3631198976855259	0.4934011179586309	0.6555083657508488	0.7169067224213942	0.6608531777609622	0.6775389659425076	-1	0.1900344934849016	0.6151863041551032	0.0
