STM_MW35391_12-343	0.0	0.0006066930556885008	0.17798171043969657	0.024890406430488454	0.100034962062435	0.405339210603759	0.10118918832765877	0.7687673761833655	0.9592960989568096	0.2673994123073369	0.926448878665611	0.8792548103600057	-1	0.2803993894626283
SEN3373_12-343	0.0006066930556885008	0.0	0.17858840349538507	0.024283713374799953	0.0994282690067465	0.4059459036594475	0.10058249527197027	0.768160683127677	0.9586894059011211	0.2680061053630254	0.9258421856099225	0.8786481173043172	-1	0.2797926964069398
CS17_03800_1-292	0.17798171043969657	0.17858840349538507	0.0	0.20287211687018503	0.2780166725021316	0.22735750016406242	0.27917089876735535	0.9467490866230621	1.1372778093965061	0.08941770186764031	1.1044305891053074	1.0572365207997023	-1	0.4583810999023249
STMMW_35391_12-343	0.024890406430488454	0.024283713374799953	0.20287211687018503	0.0	0.07514455563194655	0.43022961703424745	0.07629878189717032	0.7438769697528771	0.9344056925263211	0.29228981873782534	0.9015584722351225	0.8543644039295173	-1	0.25550898303213987
t3971_12-343	0.100034962062435	0.0994282690067465	0.2780166725021316	0.07514455563194655	0.0	0.505374172666194	0.0011542262652237678	0.6687324141209305	0.8592611368943746	0.3674343743697719	0.826413916603176	0.7792198482975707	-1	0.18036442740019332
NCTC13441_00321_1-292	0.405339210603759	0.4059459036594475	0.22735750016406242	0.43022961703424745	0.505374172666194	0.0	0.5065283989314178	1.1741065867871245	1.3646353095605686	0.1379397982964221	1.33178808926937	1.2845940209637647	-1	0.6857386000663873
SL1344_3516_12-343	0.10118918832765877	0.10058249527197027	0.27917089876735535	0.07629878189717032	0.0011542262652237678	0.5065283989314178	0.0	0.6675781878557068	0.8581069106291508	0.36858860063499566	0.8252596903379522	0.778065622032347	-1	0.17921020113496955
BN373_23091_29-58	0.7687673761833655	0.768160683127677	0.9467490866230621	0.7438769697528771	0.6687324141209305	1.1741065867871245	0.6675781878557068	0.0	0.19052872277344396	1.0361667884907024	0.15768150248224544	0.11048743417664025	-1	0.4883679867207372
BN373_23091_62-358	0.9592960989568096	0.9586894059011211	1.1372778093965061	0.9344056925263211	0.8592611368943746	1.3646353095605686	0.8581069106291508	0.19052872277344396	0.0	1.2266955112641464	0.03284722029119852	0.0800412885968037	-1	0.6788967094941811
ETEC_3629_1-292	0.2673994123073369	0.2680061053630254	0.08941770186764031	0.29228981873782534	0.3674343743697719	0.1379397982964221	0.36858860063499566	1.0361667884907024	1.2266955112641464	0.0	1.193848290972948	1.1466542226673426	-1	0.5477988017699652
ERS227112_04934_29-58	0.926448878665611	0.9258421856099225	1.1044305891053074	0.9015584722351225	0.826413916603176	1.33178808926937	0.8252596903379522	0.15768150248224544	0.03284722029119852	1.193848290972948	0.0	0.047194068305605186	-1	0.6460494892029827
ERS227112_04934_62-358	0.8792548103600057	0.8786481173043172	1.0572365207997023	0.8543644039295173	0.7792198482975707	1.2845940209637647	0.778065622032347	0.11048743417664025	0.0800412885968037	1.1466542226673426	0.047194068305605186	0.0	-1	0.5988554208973775
b3379_1-292	-1	-1	-1	-1	-1	-1	-1	-1	-1	-1	-1	-1	-1	-1
NCTC13441_01747_12-343	0.2803993894626283	0.2797926964069398	0.4583810999023249	0.25550898303213987	0.18036442740019332	0.6857386000663873	0.17921020113496955	0.4883679867207372	0.6788967094941811	0.5477988017699652	0.6460494892029827	0.5988554208973775	-1	0.0
