NCTC13441_02066_1-152	0.0	0.504182033498458	0.48423713287925496	6.5100435691950445	1.427152540864514	1.7254595000466741	0.8186741471255341	1.065082888680114	0.9425440259253139	0.07926613199219501	0.41309589427528404	0.231483212651588	0.289175633958202
ENC_06760_1-152	0.504182033498458	0.0	0.019944900619203065	6.005861535696586	0.922970507366056	1.2212774665482162	0.3144921136270761	0.560900855181656	0.4383619924268559	0.583448165490653	0.09108613922317399	0.27269882084687	0.21500639954025602
SL1344_1762_1-152	0.48423713287925496	0.019944900619203065	0.0	6.025806436315789	0.9429154079852591	1.2412223671674192	0.33443701424627914	0.5808457558008591	0.458306893046059	0.56350326487145	0.07114123860397092	0.25275392022766696	0.19506149892105296
b1820_1-152	6.5100435691950445	6.005861535696586	6.025806436315789	0.0	5.08289102833053	4.784584069148369	5.69136942206951	5.44496068051493	5.56749954326973	6.589309701187239	6.09694767491976	6.278560356543456	6.220867935236842
BN373_29191_1-152	1.427152540864514	0.922970507366056	0.9429154079852591	5.08289102833053	0.0	0.2983069591821601	0.6084783937389799	0.3620696521844	0.4846085149392001	1.506418672856709	1.01405664658923	1.195669328212926	1.137976906906312
ERS227112_04330_1-152	1.7254595000466741	1.2212774665482162	1.2412223671674192	4.784584069148369	0.2983069591821601	0.0	0.90678535292114	0.6603766113665601	0.7829154741213602	1.8047256320388692	1.31236360577139	1.4939762873950861	1.436283866088472
SEN1204_1-152	0.8186741471255341	0.3144921136270761	0.33443701424627914	5.69136942206951	0.6084783937389799	0.90678535292114	0.0	0.24640874155457992	0.12386987879977984	0.8979402791177291	0.40557825285025007	0.5871909344739461	0.5294985131673321
STMMW_18251_1-152	1.065082888680114	0.560900855181656	0.5808457558008591	5.44496068051493	0.3620696521844	0.6603766113665601	0.24640874155457992	0.0	0.12253886275480008	1.144349020672309	0.65198699440483	0.833599676028526	0.775907254721912
ROD_18581_1-152	0.9425440259253139	0.4383619924268559	0.458306893046059	5.56749954326973	0.4846085149392001	0.7829154741213602	0.12386987879977984	0.12253886275480008	0.0	1.021810157917509	0.5294481316500299	0.711060813273726	0.6533683919671119
STM_MW18251_1-152	0.07926613199219501	0.583448165490653	0.56350326487145	6.589309701187239	1.506418672856709	1.8047256320388692	0.8979402791177291	1.144349020672309	1.021810157917509	0.0	0.49236202626747905	0.310749344643783	0.368441765950397
t1045_1-152	0.41309589427528404	0.09108613922317399	0.07114123860397092	6.09694767491976	1.01405664658923	1.31236360577139	0.40557825285025007	0.65198699440483	0.5294481316500299	0.49236202626747905	0.0	0.18161268162369604	0.12392026031708203
ETEC_1852_1-152	0.231483212651588	0.27269882084687	0.25275392022766696	6.278560356543456	1.195669328212926	1.4939762873950861	0.5871909344739461	0.833599676028526	0.711060813273726	0.310749344643783	0.18161268162369604	0.0	0.057692421306614006
CS17_02007_1-152	0.289175633958202	0.21500639954025602	0.19506149892105296	6.220867935236842	1.137976906906312	1.436283866088472	0.5294985131673321	0.775907254721912	0.6533683919671119	0.368441765950397	0.12392026031708203	0.057692421306614006	0.0
