STMMW_39101_1-848	0.0	0.558259968555405	0.6055549879170941	0.06394847490699695	0.23181544678473298	-1	0.3679608134104899	0.08723924958344997	0.13493909371510804	0.63204169316684	0.33772987837767	0.648934449222675
ERS227112_01777_27-876	0.558259968555405	0.0	0.047295019361689006	0.49431149364840804	0.326444521770672	-1	0.926220781965895	0.471020718971955	0.42332087484029696	0.073781724611435	0.220530090177735	0.09067448066726996
t3358_1-848	0.6055549879170941	0.047295019361689006	0.0	0.5416065130100971	0.373739541132361	-1	0.973515801327584	0.5183157383336441	0.47061589420198596	0.026486705249746	0.267825109539424	0.04337946130558096
SEN3740_1-848	0.06394847490699695	0.49431149364840804	0.5416065130100971	0.0	0.16786697187773603	-1	0.4319092883174869	0.02329077467645302	0.07099061880811108	0.568093218259843	0.27378140347067303	0.584985974315678
ROD_39451_1-848	0.23181544678473298	0.326444521770672	0.373739541132361	0.16786697187773603	0.0	-1	0.5997762601952229	0.144576197201283	0.09687635306962494	0.400226246382107	0.10591443159293701	0.417119002437942
b3806_1-848	-1	-1	-1	-1	-1	-1	-1	-1	-1	-1	-1	-1
CS17_04260_1-848	0.3679608134104899	0.926220781965895	0.973515801327584	0.4319092883174869	0.5997762601952229	-1	0.0	0.4552000629939399	0.502899907125598	1.00000250657733	0.7056906917881599	1.0168952626331649
SL1344_3894_1-848	0.08723924958344997	0.471020718971955	0.5183157383336441	0.02329077467645302	0.144576197201283	-1	0.4552000629939399	0.0	0.047699844131658065	0.54480244358339	0.25049062879422	0.561695199639225
BN373_49301_1-850	0.13493909371510804	0.42332087484029696	0.47061589420198596	0.07099061880811108	0.09687635306962494	-1	0.502899907125598	0.047699844131658065	0.0	0.49710259945173196	0.20279078466256195	0.5139953555075669
NCTC13441_04714_1-848	0.63204169316684	0.073781724611435	0.026486705249746	0.568093218259843	0.400226246382107	-1	1.00000250657733	0.54480244358339	0.49710259945173196	0.0	0.29431181478917	0.016892756055834957
ETEC_4085_1-848	0.33772987837767	0.220530090177735	0.267825109539424	0.27378140347067303	0.10591443159293701	-1	0.7056906917881599	0.25049062879422	0.20279078466256195	0.29431181478917	0.0	0.31120457084500497
STM_MW39101_1-848	0.648934449222675	0.09067448066726996	0.04337946130558096	0.584985974315678	0.417119002437942	-1	1.0168952626331649	0.561695199639225	0.5139953555075669	0.016892756055834957	0.31120457084500497	0.0
