ERS227112_01832_1-165	0	1.0	-1	1.0	1.0	0	0	1.0	1.0	1.0	1.0	0	1.0	1.0
BN373_49781_1-165	1.0	0.0	-1	0.6408828364454248	0.31168066466332406	1.0	1.0	0.3938318852467195	0.15625010367391828	0.6445571084798739	0.6216513687097122	1.0	0.27397043508747443	0.24051623502440092
b3985_1-165	-1	-1	-1	-1	-1	-1	-1	-1	-1	-1	-1	-1	-1	-1
ROD_37671_1-165	1.0	0.6408828364454248	-1	0.0	0.7528127126741223	1.0	1.0	0.4075617723628678	0.5743796057122261	0.01023140191374013	0.864128512696276	1.0	0.7392703219918515	0.5271562341215904
STMMW_41041_1-165	1.0	0.31168066466332406	-1	0.7528127126741223	0.0	1.0	1.0	0.5827627661507361	0.4192306321704422	0.7553417851587206	0.45032979335786477	1.0	0.051940349812604494	0.4772326396929994
NCTC13441_04511_1-165	0	1.0	-1	1.0	1.0	0	0	1.0	1.0	1.0	1.0	0	1.0	1.0
Ecoli9000q_36080_1-165	0	1.0	-1	1.0	1.0	0	0	1.0	1.0	1.0	1.0	0	1.0	1.0
t3476_1-165	1.0	0.3938318852467195	-1	0.4075617723628678	0.5827627661507361	1.0	1.0	0.0	0.28157844238831603	0.4136232459788871	0.7706571234512822	1.0	0.5599040273818299	0.20186823904951331
ETEC_4244_1-165	1.0	0.15625010367391828	-1	0.5743796057122261	0.4192306321704422	1.0	1.0	0.28157844238831603	0.0	0.5787342990288689	0.6807683815737047	1.0	0.3874126298753863	0.09987098276088738
ENC_01410_1-165	1.0	0.6445571084798739	-1	0.01023140191374013	0.7553417851587206	1.0	1.0	0.4136232459788871	0.5787342990288689	0.0	0.8655186684914979	1.0	0.7419379521183929	0.5319940887326988
CS17_04446_1-165	1.0	0.6216513687097122	-1	0.864128512696276	0.45032979335786477	1.0	1.0	0.7706571234512822	0.6807683815737047	0.8655186684914979	0.0	1.0	0.47887985617242385	0.7126503570342874
STM_MW41041_1-165	0	1.0	-1	1.0	1.0	0	0	1.0	1.0	1.0	1.0	0	1.0	1.0
SL1344_4090_1-165	1.0	0.27397043508747443	-1	0.7392703219918515	0.051940349812604494	1.0	1.0	0.5599040273818299	0.3874126298753863	0.7419379521183929	0.47887985617242385	1.0	0.0	0.44859233255663894
SEN3935_1-165	1.0	0.24051623502440092	-1	0.5271562341215904	0.4772326396929994	1.0	1.0	0.20186823904951331	0.09987098276088738	0.5319940887326988	0.7126503570342874	1.0	0.44859233255663894	0.0
