STM_MW13831_1-453	0.0	0.38792382405172304	0.41103221643417404	0.396652047024775	0.003952848629989014	0.716865404181287	0.19614690922077999	0.815015711589147	0.7371603849949471	6.638494831769097	0.592203442176757	0.33089891553428	0.05110297732678298	0.20704980678873902	0.13743370617870299	0.27389779151881505	6.638494831769097	0.588947371766239	0.08608106684268602	0.338681449360517	0.439400332265293	0.40224424204452097	0.5737173088946741	0.430332924470104	0.30989256775188295	0.382948365336409
NCTC13441_02029_1-480	0.38792382405172304	0.0	0.023108392382450993	0.00872822297305198	0.39187667268171206	0.32894158012956387	0.19177691483094306	0.4270918875374239	0.349236560943224	6.250571007717374	0.20427961812503392	0.05702490851744302	0.33682084672494006	0.18087401726298402	0.25049011787302006	0.114026032532908	6.250571007717374	0.20102354771451592	0.301842757209037	0.04924237469120607	0.05147650821356997	0.01432041799279793	0.185793484842951	0.042409100418380974	0.07803125629984009	0.004975458715314018
ENC_13620_1-473	0.41103221643417404	0.023108392382450993	0.0	0.014380169409399013	0.41498506506416305	0.3058331877471129	0.21488530721339405	0.4039834951549729	0.326128168560773	6.227462615334923	0.18117122574258293	0.08013330089989401	0.35992923910739105	0.20398240964543501	0.27359851025547105	0.137134424915359	6.227462615334923	0.17791515533206492	0.324951149591488	0.07235076707365706	0.02836811583111898	0.008787974389653064	0.1626850924605	0.01930070803592998	0.10113964868229108	0.02808385109776501
ENC_06410_1-480	0.396652047024775	0.00872822297305198	0.014380169409399013	0.0	0.40060489565476404	0.3202133571565119	0.20050513780399504	0.4183636645643719	0.340508337970172	6.241842784744322	0.19555139515198194	0.065753131490495	0.34554906969799204	0.189602240236036	0.25921834084607204	0.12275425550595997	6.241842784744322	0.19229532474146394	0.310570980182089	0.05797059766425805	0.04274828524051799	0.005592195019745949	0.17706526186989902	0.033680877445328994	0.08675947927289207	0.013703681688365998
t1246_1-470	0.003952848629989014	0.39187667268171206	0.41498506506416305	0.40060489565476404	0.0	0.7208182528112759	0.200099757850769	0.8189685602191359	0.741113233624936	6.642447680399086	0.5961562908067459	0.33485176416426904	0.055055825956772	0.21100265541872804	0.141386554808692	0.27785064014880406	6.642447680399086	0.5929002203962279	0.09003391547267503	0.342634297990506	0.44335318089528203	0.40619709067451	0.577670157524663	0.43428577310009303	0.31384541638187197	0.38690121396639804
SL1344_1822_1-480	0.716865404181287	0.32894158012956387	0.3058331877471129	0.3202133571565119	0.7208182528112759	0.0	0.5207184949605069	0.09815030740786002	0.020294980813660102	5.92162942758781	0.12466196200452995	0.3859664886470069	0.6657624268545039	0.5098155973925479	0.579431698002584	0.44296761266247187	5.92162942758781	0.12791803241504796	0.6307843373386008	0.37818395482076994	0.2774650719159939	0.31462116213676594	0.14314809528661288	0.2865324797111829	0.40697283642940396	0.3339170388448779
ERS227112_04292_1-480	0.19614690922077999	0.19177691483094306	0.21488530721339405	0.20050513780399504	0.200099757850769	0.5207184949605069	0.0	0.6188688023683669	0.541013475774167	6.442347922548317	0.396056532955977	0.13475200631350004	0.145043931893997	0.010902897567959036	0.058713203042077	0.07775088229803506	6.442347922548317	0.392800462545459	0.11006584237809397	0.142534540139737	0.24325342304451303	0.206097332823741	0.37757039967389405	0.23418601524932403	0.11374565853110297	0.18680145611562904
CS17_02043_1-480	0.815015711589147	0.4270918875374239	0.4039834951549729	0.4183636645643719	0.8189685602191359	0.09815030740786002	0.6188688023683669	0.0	0.07785532659419991	5.82347912017995	0.22281226941238996	0.4841167960548669	0.763912734262364	0.6079659048004079	0.677582005410444	0.5411179200703319	5.82347912017995	0.22606833982290797	0.7289346447464609	0.47633426222862996	0.3756153793238539	0.41277146954462596	0.2412984026944729	0.3846827871190429	0.505123143837264	0.4320673462527379
BN373_27181_1-470	0.7371603849949471	0.349236560943224	0.326128168560773	0.340508337970172	0.741113233624936	0.020294980813660102	0.541013475774167	0.07785532659419991	0.0	5.90133444677415	0.14495694281819005	0.406261469460667	0.686057407668164	0.530110578206208	0.5997266788162441	0.46326259347613197	5.90133444677415	0.14821301322870806	0.6510793181522609	0.39847893563443004	0.297760052729654	0.33491614295042604	0.16344307610027298	0.306827460524843	0.42726781724306406	0.354212019658538
b1854_1-480	6.638494831769097	6.250571007717374	6.227462615334923	6.241842784744322	6.642447680399086	5.92162942758781	6.442347922548317	5.82347912017995	5.90133444677415	0.0	6.04629138959234	6.307595916234817	6.5873918544423145	6.431445024980358	6.501061125590394	6.364597040250282	0.0	6.049547460002858	6.552413764926411	6.29981338240858	6.199094499503804	6.236250589724576	6.064777522874423	6.208161907298993	6.328602264017214	6.255546466432688
CS17_01856_1-471	0.592203442176757	0.20427961812503392	0.18117122574258293	0.19555139515198194	0.5961562908067459	0.12466196200452995	0.396056532955977	0.22281226941238996	0.14495694281819005	6.04629138959234	0.0	0.26130452664247694	0.541100464849974	0.38515363538801795	0.454769735998054	0.3183056506579419	6.04629138959234	0.0032560704105180083	0.5061223753340709	0.25352199281624	0.15280310991146395	0.189959200132236	0.01848613328208293	0.16187051770665295	0.282310874424874	0.20925507684034794
SL1344_1312_1-452	0.33089891553428	0.05702490851744302	0.08013330089989401	0.065753131490495	0.33485176416426904	0.3859664886470069	0.13475200631350004	0.4841167960548669	0.406261469460667	6.307595916234817	0.26130452664247694	0.0	0.27979593820749704	0.123849108745541	0.19346520935557704	0.05700112401546498	6.307595916234817	0.25804845623195893	0.244817848691594	0.007782533826236948	0.10850141673101299	0.07134532651024095	0.242818393360394	0.09943400893582399	0.021006347782397072	0.052049449802129
ERS227112_04544_1-471	0.05110297732678298	0.33682084672494006	0.35992923910739105	0.34554906969799204	0.055055825956772	0.6657624268545039	0.145043931893997	0.763912734262364	0.686057407668164	6.5873918544423145	0.541100464849974	0.27979593820749704	0.0	0.15594682946195604	0.08633072885192	0.22279481419203206	6.5873918544423145	0.537844394439456	0.03497808951590303	0.287578472033734	0.38829735493851003	0.351141264717738	0.522614331567891	0.37922994714332103	0.25878959042509997	0.33184538800962604
SEN1667_1-452	0.20704980678873902	0.18087401726298402	0.20398240964543501	0.189602240236036	0.21100265541872804	0.5098155973925479	0.010902897567959036	0.6079659048004079	0.530110578206208	6.431445024980358	0.38515363538801795	0.123849108745541	0.15594682946195604	0.0	0.06961610061003604	0.06684798473007603	6.431445024980358	0.38189756497749994	0.120968739946053	0.13163164257177795	0.232350525476554	0.19519443525578195	0.366667502105935	0.223283117681365	0.10284276096314393	0.17589855854767
NCTC13441_02205_1-471	0.13743370617870299	0.25049011787302006	0.27359851025547105	0.25921834084607204	0.141386554808692	0.579431698002584	0.058713203042077	0.677582005410444	0.5997266788162441	6.501061125590394	0.454769735998054	0.19346520935557704	0.08633072885192	0.06961610061003604	0.0	0.13646408534011206	6.501061125590394	0.451513665587536	0.05135263933601697	0.201247743181814	0.30196662608659003	0.264810535865818	0.43628360271597105	0.29289921829140103	0.17245886157317997	0.24551465915770604
STMMW_13831_1-452	0.27389779151881505	0.114026032532908	0.137134424915359	0.12275425550595997	0.27785064014880406	0.44296761266247187	0.07775088229803506	0.5411179200703319	0.46326259347613197	6.364597040250282	0.3183056506579419	0.05700112401546498	0.22279481419203206	0.06684798473007603	0.13646408534011206	0.0	6.364597040250282	0.3150495802474239	0.18781672467612903	0.06478365784170192	0.16550254074647797	0.12834645052570592	0.299819517375859	0.15643513295128897	0.035994776233067904	0.10905057381759398
b1676_1-470	6.638494831769097	6.250571007717374	6.227462615334923	6.241842784744322	6.642447680399086	5.92162942758781	6.442347922548317	5.82347912017995	5.90133444677415	0.0	6.04629138959234	6.307595916234817	6.5873918544423145	6.431445024980358	6.501061125590394	6.364597040250282	0.0	6.049547460002858	6.552413764926411	6.29981338240858	6.199094499503804	6.236250589724576	6.064777522874423	6.208161907298993	6.328602264017214	6.255546466432688
BN373_29551_1-480	0.588947371766239	0.20102354771451592	0.17791515533206492	0.19229532474146394	0.5929002203962279	0.12791803241504796	0.392800462545459	0.22606833982290797	0.14821301322870806	6.049547460002858	0.0032560704105180083	0.25804845623195893	0.537844394439456	0.38189756497749994	0.451513665587536	0.3150495802474239	6.049547460002858	0.0	0.5028663049235529	0.250265922405722	0.14954703950094594	0.186703129721718	0.01523006287156492	0.15861444729613494	0.279054804014356	0.20599900642982993
t0989_1-480	0.08608106684268602	0.301842757209037	0.324951149591488	0.310570980182089	0.09003391547267503	0.6307843373386008	0.11006584237809397	0.7289346447464609	0.6510793181522609	6.552413764926411	0.5061223753340709	0.244817848691594	0.03497808951590303	0.120968739946053	0.05135263933601697	0.18781672467612903	6.552413764926411	0.5028663049235529	0.0	0.25260038251783096	0.353319265422607	0.31616317520183496	0.487636242051988	0.344251857627418	0.22381150090919694	0.296867298493723
ROD_18941_1-480	0.338681449360517	0.04924237469120607	0.07235076707365706	0.05797059766425805	0.342634297990506	0.37818395482076994	0.142534540139737	0.47633426222862996	0.39847893563443004	6.29981338240858	0.25352199281624	0.007782533826236948	0.287578472033734	0.13163164257177795	0.201247743181814	0.06478365784170192	6.29981338240858	0.250265922405722	0.25260038251783096	0.0	0.10071888290477604	0.063562792684004	0.23503585953415707	0.09165147510958704	0.02878888160863402	0.04426691597589205
SEN1115_1-480	0.439400332265293	0.05147650821356997	0.02836811583111898	0.04274828524051799	0.44335318089528203	0.2774650719159939	0.24325342304451303	0.3756153793238539	0.297760052729654	6.199094499503804	0.15280310991146395	0.10850141673101299	0.38829735493851003	0.232350525476554	0.30196662608659003	0.16550254074647797	6.199094499503804	0.14954703950094594	0.353319265422607	0.10071888290477604	0.0	0.03715609022077204	0.13431697662938102	0.009067407795188998	0.12950776451341006	0.05645196692888399
STM_MW18691_1-480	0.40224424204452097	0.01432041799279793	0.008787974389653064	0.005592195019745949	0.40619709067451	0.31462116213676594	0.206097332823741	0.41277146954462596	0.33491614295042604	6.236250589724576	0.189959200132236	0.07134532651024095	0.351141264717738	0.19519443525578195	0.264810535865818	0.12834645052570592	6.236250589724576	0.186703129721718	0.31616317520183496	0.063562792684004	0.03715609022077204	0.0	0.17147306685015307	0.028088682425583045	0.09235167429263802	0.019295876708111948
STMMW_18691_1-480	0.5737173088946741	0.185793484842951	0.1626850924605	0.17706526186989902	0.577670157524663	0.14314809528661288	0.37757039967389405	0.2412984026944729	0.16344307610027298	6.064777522874423	0.01848613328208293	0.242818393360394	0.522614331567891	0.366667502105935	0.43628360271597105	0.299819517375859	6.064777522874423	0.01523006287156492	0.487636242051988	0.23503585953415707	0.13431697662938102	0.17147306685015307	0.0	0.14338438442457002	0.2638247411427911	0.19076894355826501
ETEC_1887_1-480	0.430332924470104	0.042409100418380974	0.01930070803592998	0.033680877445328994	0.43428577310009303	0.2865324797111829	0.23418601524932403	0.3846827871190429	0.306827460524843	6.208161907298993	0.16187051770665295	0.09943400893582399	0.37922994714332103	0.223283117681365	0.29289921829140103	0.15643513295128897	6.208161907298993	0.15861444729613494	0.344251857627418	0.09165147510958704	0.009067407795188998	0.028088682425583045	0.14338438442457002	0.0	0.12044035671822106	0.04738455913369499
ETEC_1709_1-470	0.30989256775188295	0.07803125629984009	0.10113964868229108	0.08675947927289207	0.31384541638187197	0.40697283642940396	0.11374565853110297	0.505123143837264	0.42726781724306406	6.328602264017214	0.282310874424874	0.021006347782397072	0.25878959042509997	0.10284276096314393	0.17245886157317997	0.035994776233067904	6.328602264017214	0.279054804014356	0.22381150090919694	0.02878888160863402	0.12950776451341006	0.09235167429263802	0.2638247411427911	0.12044035671822106	0.0	0.07305579758452607
ROD_13741_1-470	0.382948365336409	0.004975458715314018	0.02808385109776501	0.013703681688365998	0.38690121396639804	0.3339170388448779	0.18680145611562904	0.4320673462527379	0.354212019658538	6.255546466432688	0.20925507684034794	0.052049449802129	0.33184538800962604	0.17589855854767	0.24551465915770604	0.10905057381759398	6.255546466432688	0.20599900642982993	0.296867298493723	0.04426691597589205	0.05645196692888399	0.019295876708111948	0.19076894355826501	0.04738455913369499	0.07305579758452607	0.0
