SEN3512_1-227	0.0	0.16723463093831015	0.9921814487549501	0.9727829922630069	1.0630120653986939	0.9652103537908829	1.4026172988037289
STM_MW36781_1-228	0.16723463093831015	0.0	0.8249468178166399	1.140017623201317	1.230246696337004	1.132444984729193	1.569851929742039
t3829_1-227	0.9921814487549501	0.8249468178166399	0.0	1.964964441017957	2.055193514153644	1.957391802545833	2.394798747558679
NCTC13441_00082_1-227	0.9727829922630069	1.140017623201317	1.964964441017957	0.0	0.09022907313568701	0.0075726384721239715	0.429834306540722
STMMW_36781_1-227	1.0630120653986939	1.230246696337004	2.055193514153644	0.09022907313568701	0.0	0.09780171160781098	0.339605233405035
SL1344_3655_1-227	0.9652103537908829	1.132444984729193	1.957391802545833	0.0075726384721239715	0.09780171160781098	0.0	0.437406945012846
CS17_04050_1-228	1.4026172988037289	1.569851929742039	2.394798747558679	0.429834306540722	0.339605233405035	0.437406945012846	0.0
