ERS227112_02386_1-428	0.0	0.06966035324840014	0.18617789459152	0.18617789459152	0.18617789459152	0.10751646499085998	0.17796724042701983	0.21256928112000995	-1	0.7668598005885071	0.35053493707077	0.790722737737181	0.3122137993891161	1.07712504590476	0.06847995280779018	0.3631616496565131
ETEC_0053_1-428	0.06966035324840014	0.0	0.11651754134311987	0.11651754134311987	0.11651754134311987	0.17717681823926013	0.24762759367541998	0.2822296343684101	-1	0.697199447340107	0.42019529031917013	0.7210623844887809	0.24255344614071594	1.00746469265636	0.0011804004406099633	0.29350129640811295
ROD_04961_65-225	0.18617789459152	0.11651754134311987	0.0	0.0	0.0	0.29369435958238	0.36414513501853985	0.39874717571152996	-1	0.5806819059969871	0.53671283166229	0.604544843145661	0.12603590479759608	0.8909471513132401	0.11769794178372983	0.1769837550649931
ROD_04961_242-537	0.18617789459152	0.11651754134311987	0.0	0.0	0.0	0.29369435958238	0.36414513501853985	0.39874717571152996	-1	0.5806819059969871	0.53671283166229	0.604544843145661	0.12603590479759608	0.8909471513132401	0.11769794178372983	0.1769837550649931
ROD_04961_559-622	0.18617789459152	0.11651754134311987	0.0	0.0	0.0	0.29369435958238	0.36414513501853985	0.39874717571152996	-1	0.5806819059969871	0.53671283166229	0.604544843145661	0.12603590479759608	0.8909471513132401	0.11769794178372983	0.1769837550649931
ROD_00601_1-428	0.10751646499085998	0.17717681823926013	0.29369435958238	0.29369435958238	0.29369435958238	0.0	0.07045077543615985	0.10505281612914996	-1	0.8743762655793671	0.24301847207991	0.898239202728041	0.41973026437997607	1.18464151089562	0.17599641779865016	0.4706781146473731
ENC_45680_1-428	0.17796724042701983	0.24762759367541998	0.36414513501853985	0.36414513501853985	0.36414513501853985	0.07045077543615985	0.0	0.03460204069299011	-1	0.944827041015527	0.17256769664375016	0.9686899781642009	0.4901810398161359	1.25509228633178	0.24644719323481	0.5411288900835329
BN373_05371_1-428	0.21256928112000995	0.2822296343684101	0.39874717571152996	0.39874717571152996	0.39874717571152996	0.10505281612914996	0.03460204069299011	0.0	-1	0.9794290817085171	0.13796565595076005	1.003292018857191	0.524783080509126	1.28969432702477	0.2810492339278001	0.575730930776523
b0053_1-428	-1	-1	-1	-1	-1	-1	-1	-1	-1	-1	-1	-1	-1	-1	-1	-1
NCTC13441_03935_1-428	0.7668598005885071	0.697199447340107	0.5806819059969871	0.5806819059969871	0.5806819059969871	0.8743762655793671	0.944827041015527	0.9794290817085171	-1	0.0	1.1173947376592772	0.02386293714867399	0.454646001199391	0.310265245316253	0.6983798477807169	0.403698150931994
CS17_00054_1-428	0.35053493707077	0.42019529031917013	0.53671283166229	0.53671283166229	0.53671283166229	0.24301847207991	0.17256769664375016	0.13796565595076005	-1	1.1173947376592772	0.0	1.141257674807951	0.6627487364598861	1.42765998297553	0.41901488987856017	0.7136965867272831
STM_MW00971_1-428	0.790722737737181	0.7210623844887809	0.604544843145661	0.604544843145661	0.604544843145661	0.898239202728041	0.9686899781642009	1.003292018857191	-1	0.02386293714867399	1.141257674807951	0.0	0.478508938348065	0.286402308167579	0.7222427849293909	0.427561088080668
SL1344_0093_1-428	0.3122137993891161	0.24255344614071594	0.12603590479759608	0.12603590479759608	0.12603590479759608	0.41973026437997607	0.4901810398161359	0.524783080509126	-1	0.454646001199391	0.6627487364598861	0.478508938348065	0.0	0.764911246515644	0.2437338465813259	0.05094785026739701
t0095_1-428	1.07712504590476	1.00746469265636	0.8909471513132401	0.8909471513132401	0.8909471513132401	1.18464151089562	1.25509228633178	1.28969432702477	-1	0.310265245316253	1.42765998297553	0.286402308167579	0.764911246515644	0.0	1.00864509309697	0.713963396248247
SEN0094_1-428	0.06847995280779018	0.0011804004406099633	0.11769794178372983	0.11769794178372983	0.11769794178372983	0.17599641779865016	0.24644719323481	0.2810492339278001	-1	0.6983798477807169	0.41901488987856017	0.7222427849293909	0.2437338465813259	1.00864509309697	0.0	0.2946816968487229
STMMW_00971_1-428	0.3631616496565131	0.29350129640811295	0.1769837550649931	0.1769837550649931	0.1769837550649931	0.4706781146473731	0.5411288900835329	0.575730930776523	-1	0.403698150931994	0.7136965867272831	0.427561088080668	0.05094785026739701	0.713963396248247	0.2946816968487229	0.0
