BN373_42781_1-212	0.0	0.3626072823872345	0.20737428212247816	0.1481777833556351	0.2966768316729422	0.2830043625784531	0.4193055765721031	0.09327917561398466	0.6034112866241835	0.5157759276657984	-1	0.4498630685972465	0.35372348366512896
SL1344_3314_1-212	0.3626072823872345	0.0	0.4947861396322772	0.25173034330604166	0.09374133212633406	0.11102287887698827	0.08895347031453607	0.2970353161962779	0.37779534905706985	0.24030498160102642	-1	0.1368948590075082	0.013746126460677905
CS17_03666_1-212	0.20737428212247816	0.4947861396322772	0.0	0.32482380402823835	0.44252796880487266	0.43169081817369503	0.5397266657629896	0.28130975565653615	0.6856535863583707	0.6161915470525263	-1	0.5639473198159556	0.4877446122926889
SEN3175_1-212	0.1481777833556351	0.25173034330604166	0.32482380402823835	0.0	0.1743310345934606	0.15828018639141453	0.3182915260000358	0.06054631840933506	0.5344231394455494	0.4315432693904897	-1	0.35416461245875763	0.24130117328849737
ENC_34710_1-212	0.2966768316729422	0.09374133212633406	0.44252796880487266	0.1743310345934606	0.0	0.019069110578772728	0.1743561856363252	0.2243222506736712	0.4361216418916608	0.31151980463548606	-1	0.21780348468923175	0.08111015612905143
ERS227112_00969_1-212	0.2830043625784531	0.11102287887698827	0.43169081817369503	0.15828018639141453	0.019069110578772728	0.0	0.1901004788311058	0.2092432222376061	0.4468743006554055	0.32464850961218705	-1	0.2327192765340235	0.09863256817153775
STM_MW33411_1-212	0.4193055765721031	0.08895347031453607	0.5397266657629896	0.3182915260000358	0.1743561856363252	0.1901004788311058	0.0	0.35956646432917955	0.31704404696240435	0.1661292879725298	-1	0.052622327324515175	0.10147683112315421
STMMW_33411_1-212	0.09327917561398466	0.2970353161962779	0.28130975565653615	0.06054631840933506	0.2243222506736712	0.2092432222376061	0.35956646432917955	0.0	0.5626121042886978	0.4659612316039027	-1	0.393267567472846	0.28723759402736093
t3259_1-212	0.6034112866241835	0.37779534905706985	0.6856535863583707	0.5344231394455494	0.4361216418916608	0.4468743006554055	0.31704404696240435	0.5626121042886978	0.0	0.18098100438488957	-1	0.2791090895050725	0.3863482528733533
NCTC13441_00470_1-212	0.5157759276657984	0.24030498160102642	0.6161915470525263	0.4315432693904897	0.31151980463548606	0.32464850961218705	0.1661292879725298	0.4659612316039027	0.18098100438488957	0.0	-1	0.1198117328725514	0.2507478453954857
b3229_1-212	-1	-1	-1	-1	-1	-1	-1	-1	-1	-1	-1	-1	-1
ROD_45941_1-212	0.4498630685972465	0.1368948590075082	0.5639473198159556	0.35416461245875763	0.21780348468923175	0.2327192765340235	0.052622327324515175	0.393267567472846	0.2791090895050725	0.1198117328725514	-1	0.0	0.14875921142445223
ETEC_3490_1-212	0.35372348366512896	0.013746126460677905	0.4877446122926889	0.24130117328849737	0.08111015612905143	0.09863256817153775	0.10147683112315421	0.28723759402736093	0.3863482528733533	0.2507478453954857	-1	0.14875921142445223	0.0
