NCTC13441_00874_158-957	0.0	0.03691184521408997	0.13674556526474002	0.4951863366942041	0.1593846816647061	5.86278890534315	0.030675391021989906	0.12750755039429995	5.86278890534315	0.09396146437394015	0.10501181726584008	5.86278890534315
ETEC_3060_1-749	0.03691184521408997	0.0	0.17365741047883	0.532098181908294	0.19629652687879606	5.82587706012906	0.0062364541921000605	0.09059570518020998	5.82587706012906	0.13087330958803012	0.14192366247993005	5.82587706012906
CS17_03238_158-957	0.13674556526474002	0.17365741047883	0.0	0.35844077142946407	0.022639116399966075	5.99953447060789	0.16742095628672993	0.26425311565903997	5.99953447060789	0.04278410089079987	0.03173374799889994	5.99953447060789
ROD_03851_1-732	0.4951863366942041	0.532098181908294	0.35844077142946407	0.0	0.335801655029498	6.357975242037354	0.525861727716194	0.622693887088504	6.357975242037354	0.40122487232026394	0.390174519428364	6.357975242037354
CS17_03223_4-762	0.1593846816647061	0.19629652687879606	0.022639116399966075	0.335801655029498	0.0	6.022173587007856	0.190060072686696	0.28689223205900605	6.022173587007856	0.06542321729076594	0.054372864398866017	6.022173587007856
b2866_1-749	5.86278890534315	5.82587706012906	5.99953447060789	6.357975242037354	6.022173587007856	0.0	5.8321135143211595	5.7352813549488495	0.0	5.95675036971709	5.96780072260899	0.0
NCTC13441_00889_4-762	0.030675391021989906	0.0062364541921000605	0.16742095628672993	0.525861727716194	0.190060072686696	5.8321135143211595	0.0	0.09683215937231004	5.8321135143211595	0.12463685539593006	0.13568720828782999	5.8321135143211595
CS17_00329_1-732	0.12750755039429995	0.09059570518020998	0.26425311565903997	0.622693887088504	0.28689223205900605	5.7352813549488495	0.09683215937231004	0.0	5.7352813549488495	0.2214690147682401	0.23251936766014003	5.7352813549488495
b0284_1-732	5.86278890534315	5.82587706012906	5.99953447060789	6.357975242037354	6.022173587007856	0.0	5.8321135143211595	5.7352813549488495	0.0	5.95675036971709	5.96780072260899	0.0
ETEC_0341_1-732	0.09396146437394015	0.13087330958803012	0.04278410089079987	0.40122487232026394	0.06542321729076594	5.95675036971709	0.12463685539593006	0.2214690147682401	5.95675036971709	0.0	0.011050352891899928	5.95675036971709
ETEC_3075_158-956	0.10501181726584008	0.14192366247993005	0.03173374799889994	0.390174519428364	0.054372864398866017	5.96780072260899	0.13568720828782999	0.23251936766014003	5.96780072260899	0.011050352891899928	0.0	5.96780072260899
b2881_158-956	5.86278890534315	5.82587706012906	5.99953447060789	6.357975242037354	6.022173587007856	0.0	5.8321135143211595	5.7352813549488495	0.0	5.95675036971709	5.96780072260899	0.0
