NCTC13441_04056_1-423	0.0	0.437534729408132	0.06566991535654598	0.17576514563372903	0.5057959081498451	0.17992712026136004	0.677802489642275	6.4936379379192655	0.083130617881778	0.04737286372431304	0.28084656128429397	0.604807522127355	0.06337441993298798
SL1344_4447_1-423	0.437534729408132	0.0	0.371864814051586	0.26176958377440296	0.06826117874171311	0.25760760914677194	0.24026776023414298	6.056103208511133	0.354404111526354	0.39016186568381894	0.156688168123838	0.16727279271922302	0.374160309475144
ETEC_4649_1-423	0.06566991535654598	0.371864814051586	0.0	0.11009523027718304	0.4401259927932991	0.11425720490481406	0.612132574285729	6.427968022562719	0.01746070252523202	0.01829705163223294	0.215176645927748	0.539137606770809	0.0022954954235580027
CS17_04802_1-423	0.17576514563372903	0.26176958377440296	0.11009523027718304	0.0	0.33003076251611607	0.0041619746276310154	0.5020373440085459	6.317872792285536	0.09263452775195102	0.12839228190941598	0.10508141565056495	0.429042376493626	0.11239072570074105
ERS227112_02240_5-427	0.5057959081498451	0.06826117874171311	0.4401259927932991	0.33003076251611607	0.0	0.32586878788848506	0.17200658149242987	5.9878420297694195	0.4226652902680671	0.45842304442553206	0.22494934686555113	0.0990116139775099	0.4424214882168571
STMMW_44631_1-423	0.17992712026136004	0.25760760914677194	0.11425720490481406	0.0041619746276310154	0.32586878788848506	0.0	0.4978753693809149	6.313710817657905	0.09679650237958204	0.132554256537047	0.10091944102293393	0.42488040186599496	0.11655270032837206
BN373_03931_1-423	0.677802489642275	0.24026776023414298	0.612132574285729	0.5020373440085459	0.17200658149242987	0.4978753693809149	0.0	5.8158354482769905	0.594671871760497	0.6304296259179619	0.396955928357981	0.07299496751491996	0.614428069709287
b4336_1-423	6.4936379379192655	6.056103208511133	6.427968022562719	6.317872792285536	5.9878420297694195	6.313710817657905	5.8158354482769905	0.0	6.410507320037487	6.446265074194952	6.212791376634971	5.88883041579191	6.430263517986277
ROD_48251_1-423	0.083130617881778	0.354404111526354	0.01746070252523202	0.09263452775195102	0.4226652902680671	0.09679650237958204	0.594671871760497	6.410507320037487	0.0	0.03575775415746496	0.19771594340251597	0.521676904245577	0.019756197948790022
STM_MW44631_1-423	0.04737286372431304	0.39016186568381894	0.01829705163223294	0.12839228190941598	0.45842304442553206	0.132554256537047	0.6304296259179619	6.446265074194952	0.03575775415746496	0.0	0.23347369755998093	0.557434658403042	0.01600155620867494
SEN4277_1-423	0.28084656128429397	0.156688168123838	0.215176645927748	0.10508141565056495	0.22494934686555113	0.10091944102293393	0.396955928357981	6.212791376634971	0.19771594340251597	0.23347369755998093	0.0	0.32396096084306103	0.217472141351306
ENC_44490_1-423	0.604807522127355	0.16727279271922302	0.539137606770809	0.429042376493626	0.0990116139775099	0.42488040186599496	0.07299496751491996	5.88883041579191	0.521676904245577	0.557434658403042	0.32396096084306103	0.0	0.541433102194367
t4567_1-423	0.06337441993298798	0.374160309475144	0.0022954954235580027	0.11239072570074105	0.4424214882168571	0.11655270032837206	0.614428069709287	6.430263517986277	0.019756197948790022	0.01600155620867494	0.217472141351306	0.541433102194367	0.0
