b3612_1-514	-1	-1	-1	-1	-1	-1	-1	-1	-1	-1	-1	-1	-1
STMMW_36921_1-514	-1	0.0	0.003799912120112426	0.15504159963814051	0.018799583425352106	0.3081121383462277	0.12811153740253212	0.22091270373356373	0.39434390772337885	0.36453470819414524	0.31634221038367055	0.08114308823477223	0.2281766929165268
ETEC_3855_1-514	-1	0.003799912120112426	0.0	0.15825236730466635	0.015056886149409978	0.3054729967689045	0.12478580035761652	0.21794094806346648	0.3920336891702368	0.3669494204583891	0.313734461646867	0.07763819443066051	0.22523264505420082
ENC_02300_1-514	-1	0.15504159963814051	0.15825236730466635	0.0	0.17092646557669536	0.415383539187241	0.2632905193496826	0.34170364440446593	0.48824579710053145	0.24793304435613375	0.4223376076908616	0.2236041336734149	0.34784141308474825
NCTC13441_00071_1-514	-1	0.018799583425352106	0.015056886149409978	0.17092646557669536	0.0	0.29485571962032003	0.11140634688964562	0.20598556308586244	0.38273967066692133	0.3764811909613651	0.303243478021579	0.06353799260202123	0.21338872869836953
ROD_42041_1-514	-1	0.3081121383462277	0.3054729967689045	0.415383539187241	0.29485571962032003	0.0	0.20644911438264782	0.11192511420805286	0.12463258015690176	0.5603292780972566	0.011895095279993863	0.2470123989984712	0.10356702718884833
STM_MW36921_1-514	-1	0.12811153740253212	0.12478580035761652	0.2632905193496826	0.11140634688964562	0.20644911438264782	0.0	0.10643697022273353	0.3053514087429329	0.445945143693342	0.21588847777658973	0.05111617333054414	0.11476829870633651
SL1344_3670_1-514	-1	0.22091270373356373	0.21794094806346648	0.34170364440446593	0.20598556308586244	0.11192511420805286	0.10643697022273353	0.0	0.2226081785968491	0.5049170639358147	0.12248884959031774	0.15211249293459447	0.009323716633262756
t3815_1-507	-1	0.39434390772337885	0.3920336891702368	0.48824579710053145	0.38273967066692133	0.12463258015690176	0.3053514087429329	0.2226081785968491	0.0	0.6151265745874432	0.11409465162897223	0.3408591865374474	0.21529178152802395
CS17_04061_1-514	-1	0.36453470819414524	0.3669494204583891	0.24793304435613375	0.3764811909613651	0.5603292780972566	0.445945143693342	0.5049170639358147	0.6151265745874432	0.0	0.5655592032261135	0.416098324437283	0.5095330769416409
ERS227112_00622_1-514	-1	0.31634221038367055	0.313734461646867	0.4223376076908616	0.303243478021579	0.011895095279993863	0.21588847777658973	0.12248884959031774	0.11409465162897223	0.5655592032261135	0.0	0.25596925825703837	0.11423018281256514
BN373_45981_1-514	-1	0.08114308823477223	0.07763819443066051	0.2236041336734149	0.06353799260202123	0.2470123989984712	0.05111617333054414	0.15211249293459447	0.3408591865374474	0.416098324437283	0.25596925825703837	0.0	0.1600179557873559
SEN3526_1-514	-1	0.2281766929165268	0.22523264505420082	0.34784141308474825	0.21338872869836953	0.10356702718884833	0.11476829870633651	0.009323716633262756	0.21529178152802395	0.5095330769416409	0.11423018281256514	0.1600179557873559	0.0
