ERS227112_00205_1-145	0.0	0.6137196876161632	0.8276504039001769	1.2601507666219625	0.6951681538159895	0.667837575968766	0.33393020243461846
ERS227112_00212_1-150	0.6137196876161632	0.0	1.44137009151634	1.8738704542381257	1.3088878414321528	1.2815572635849293	0.2797894851815448
ETEC_0227_1-149	0.8276504039001769	1.44137009151634	0.0	0.4325003627217856	0.13248225008418735	0.15981282793141083	1.1615806063347953
ETEC_0237_1-144	1.2601507666219625	1.8738704542381257	0.4325003627217856	0.0	0.564982612805973	0.5923131906531964	1.594080969056581
ENC_35320_1-119	0.6951681538159895	1.3088878414321528	0.13248225008418735	0.564982612805973	0.0	0.02733057784722348	1.029098356250608
ETEC_0216_1-182	0.667837575968766	1.2815572635849293	0.15981282793141083	0.5923131906531964	0.02733057784722348	0.0	1.0017677784033845
ERS227112_00223_1-144	0.33393020243461846	0.2797894851815448	1.1615806063347953	1.594080969056581	1.029098356250608	1.0017677784033845	0.0
