SEN1650_8-402	0.0	0.3621945395016413	0.011621511029617075	0.7455631658724932	0.707242367958598	0.35128718227001293	0.33241783012869347
SL1344_1329_8-402	0.3621945395016413	0.0	0.3546951217414944	0.6010745440644254	0.8132775836814244	0.016813845716500606	0.5742124467247378
STM_MW14001_8-402	0.011621511029617075	0.3546951217414944	0.0	0.7425714572232751	0.7106446540083716	0.3436595140736355	0.34017614367902854
STMMW_14001_8-402	0.7455631658724932	0.6010745440644254	0.7425714572232751	0.0	0.9255116749367202	0.6077820151329107	0.8301425061779731
Ecoli9000q_32460_1-406	0.707242367958598	0.8132775836814244	0.7106446540083716	0.9255116749367202	0.0	0.8100843716064633	0.5614657711756462
ROD_29781_1-406	0.35128718227001293	0.016813845716500606	0.3436595140736355	0.6077820151329107	0.8100843716064633	0.0	0.5669308895164858
t1263_8-402	0.33241783012869347	0.5742124467247378	0.34017614367902854	0.8301425061779731	0.5614657711756462	0.5669308895164858	0.0
