ETEC_2604_1-345	0.0	0.395846351309447	0.28784501228808	0.253699449541418	0.04923471339391994	0.047697055127380095	5.9055424512854096	0.0655469784043099	0.26050965773442303	0.3184025821629699	0.531914754408573	0.571168297941705
SEN2480_6-350	0.395846351309447	0.0	0.108001339021367	0.14214690176802902	0.44508106470336695	0.3481492961820669	6.3013888025948575	0.3302993729051371	0.13533669357502398	0.7142489334724169	0.13606840309912605	0.17532194663225797
STMMW_25161_1-345	0.28784501228808	0.108001339021367	0.0	0.03414556274666203	0.33707972568199995	0.24014795716069992	6.19338746357349	0.22229803388377012	0.027335354553656988	0.6062475944510499	0.24406974212049304	0.28332328565362497
NCTC13441_01241_1-345	0.253699449541418	0.14214690176802902	0.03414556274666203	0.0	0.3029341629353379	0.2060023944140379	6.159241900826828	0.1881524711371081	0.006810208193005041	0.5721020317043879	0.27821530486715507	0.317468848400287
BN373_34831_1-345	0.04923471339391994	0.44508106470336695	0.33707972568199995	0.3029341629353379	0.0	0.09693176852130003	5.85630773789149	0.11478169179822983	0.30974437112834297	0.26916786876904997	0.581149467802493	0.6204030113356249
ERS227112_03755_1-345	0.047697055127380095	0.3481492961820669	0.24014795716069992	0.2060023944140379	0.09693176852130003	0.0	5.95323950641279	0.017849923276929802	0.21281260260704293	0.36609963729035	0.48421769928119296	0.5234712428143249
b2499_1-345	5.9055424512854096	6.3013888025948575	6.19338746357349	6.159241900826828	5.85630773789149	5.95323950641279	0.0	5.9710894296897195	6.166052109019833	5.58713986912244	6.437457205693983	6.476710749227115
ROD_24421_1-345	0.0655469784043099	0.3302993729051371	0.22229803388377012	0.1881524711371081	0.11478169179822983	0.017849923276929802	5.9710894296897195	0.0	0.19496267933011313	0.3839495605672798	0.46636777600426316	0.5056213195373951
SL1344_2462_6-350	0.26050965773442303	0.13533669357502398	0.027335354553656988	0.006810208193005041	0.30974437112834297	0.21281260260704293	6.166052109019833	0.19496267933011313	0.0	0.5789122398973929	0.27140509667415	0.31065864020728196
CS17_02784_1-345	0.3184025821629699	0.7142489334724169	0.6062475944510499	0.5721020317043879	0.26916786876904997	0.36609963729035	5.58713986912244	0.3839495605672798	0.5789122398973929	0.0	0.850317336571543	0.8895708801046749
STM_MW25161_1-345	0.531914754408573	0.13606840309912605	0.24406974212049304	0.27821530486715507	0.581149467802493	0.48421769928119296	6.437457205693983	0.46636777600426316	0.27140509667415	0.850317336571543	0.0	0.03925354353313193
t0358_1-345	0.571168297941705	0.17532194663225797	0.28332328565362497	0.317468848400287	0.6204030113356249	0.5234712428143249	6.476710749227115	0.5056213195373951	0.31065864020728196	0.8895708801046749	0.03925354353313193	0.0
