BN373_35261_1-425	0.0	0.018024957728330016	0.18579092878833814	-1	0.5631819798945751	0.27264598061522305	0.07417142689333	0.4096174916627541	0.29766414220259985	0.08924029733132	0.15905336341685983	0.4664192736958821	0.2606913479398921
NCTC13441_01200_1-426	0.018024957728330016	0.0	0.16776597106000812	-1	0.5451570221662451	0.25462102288689303	0.09219638462166002	0.39159253393442406	0.31568909993092986	0.10726525505965001	0.17707832114518984	0.4483943159675521	0.2426663902115621
SEN2533_1-425	0.18579092878833814	0.16776597106000812	0.0	-1	0.37739105110623694	0.08685505182688491	0.25996235568166814	0.22382656287441594	0.483455070990938	0.27503122611965813	0.34484429220519797	0.28062834490754396	0.07490041915155399
b2535_1-426	-1	-1	-1	-1	-1	-1	-1	-1	-1	-1	-1	-1	-1
t0303_1-425	0.5631819798945751	0.5451570221662451	0.37739105110623694	-1	0.0	0.29053599927935203	0.6373534067879051	0.153564488231821	0.8608461220971749	0.6524222772258951	0.7222353433114349	0.09676270619869298	0.30249063195468295
ROD_24871_1-426	0.27264598061522305	0.25462102288689303	0.08685505182688491	-1	0.29053599927935203	0.0	0.34681740750855305	0.13697151104753102	0.5703101228178229	0.36188627794654304	0.4316993440320829	0.19377329308065905	0.011954632675330923
ENC_37180_1-425	0.07417142689333	0.09219638462166002	0.25996235568166814	-1	0.6373534067879051	0.34681740750855305	0.0	0.4837889185560841	0.22349271530926984	0.01506887043798999	0.08488193652352982	0.5405907005892121	0.33486277483322213
ERS227112_00046_1-426	0.4096174916627541	0.39159253393442406	0.22382656287441594	-1	0.153564488231821	0.13697151104753102	0.4837889185560841	0.0	0.7072816338653539	0.49885778899407407	0.5686708550796139	0.05680178203312802	0.14892614372286195
CS17_02822_1-426	0.29766414220259985	0.31568909993092986	0.483455070990938	-1	0.8608461220971749	0.5703101228178229	0.22349271530926984	0.7072816338653539	0.0	0.20842384487127985	0.13861077878574002	0.7640834158984819	0.558355490142492
SL1344_2515_1-425	0.08924029733132	0.10726525505965001	0.27503122611965813	-1	0.6524222772258951	0.36188627794654304	0.01506887043798999	0.49885778899407407	0.20842384487127985	0.0	0.06981306608553983	0.5556595710272021	0.3499316452712121
ETEC_2692_1-426	0.15905336341685983	0.17707832114518984	0.34484429220519797	-1	0.7222353433114349	0.4316993440320829	0.08488193652352982	0.5686708550796139	0.13861077878574002	0.06981306608553983	0.0	0.6254726371127419	0.41974471135675195
STM_MW25701_1-426	0.4664192736958821	0.4483943159675521	0.28062834490754396	-1	0.09676270619869298	0.19377329308065905	0.5405907005892121	0.05680178203312802	0.7640834158984819	0.5556595710272021	0.6254726371127419	0.0	0.20572792575598997
STMMW_25701_1-425	0.2606913479398921	0.2426663902115621	0.07490041915155399	-1	0.30249063195468295	0.011954632675330923	0.33486277483322213	0.14892614372286195	0.558355490142492	0.3499316452712121	0.41974471135675195	0.20572792575598997	0.0
