STMMW_31141_5-171	0.0	0.0029893191031764577	0.9717054633513689	1.430198159554565	1.9542583521387877	2.4093256919397485
SL1344_3128_5-171	0.0029893191031764577	0.0	0.9746947824545453	1.4331874786577414	1.9572476712419642	2.4123150110429252
ENC_32410_1-167	0.9717054633513689	0.9746947824545453	0.0	0.4584926962031961	0.9825528887874189	1.4376202285883797
SEN2997_5-171	1.430198159554565	1.4331874786577414	0.4584926962031961	0.0	0.5240601925842228	0.9791275323851836
ROD_35501_1-164	1.9542583521387877	1.9572476712419642	0.9825528887874189	0.5240601925842228	0.0	0.4550673398009608
STM_MW31141_5-171	2.4093256919397485	2.4123150110429252	1.4376202285883797	0.9791275323851836	0.4550673398009608	0.0
