ETEC_2726_6-289	0.0	0.04393932343310809	-1	-1	0.20748266162308113	0.546121142940773	0.1182283867886118	0.2318565900655452	0.20444901231745785
ROD_02421_35-327	0.04393932343310809	0.0	-1	-1	0.1710595804203966	0.5252614523493887	0.07770329350043716	0.19655370337709865	0.16788650848053105
b1547_8-216	-1	-1	-1	-1	-1	-1	-1	-1	-1
b1547_240-320	-1	-1	-1	-1	-1	-1	-1	-1	-1
STMMW_22741_1-222	0.20748266162308113	0.1710595804203966	-1	-1	0.0	0.427294728985016	0.10122153344153105	0.030755072806838608	0.003813268228678037
ROD_09041_1-279	0.546121142940773	0.5252614523493887	-1	-1	0.427294728985016	0.0	0.48526483472720033	0.40912224047075235	0.4294786077993739
ROD_25791_48-282	0.1182283867886118	0.07770329350043716	-1	-1	0.10122153344153105	0.48526483472720033	0.0	0.12886353061775552	0.09778113089265017
ETEC_0308_8-275	0.2318565900655452	0.19655370337709865	-1	-1	0.030755072806838608	0.40912224047075235	0.12886353061775552	0.0	0.03445106369351165
SL1344_2219_1-222	0.20444901231745785	0.16788650848053105	-1	-1	0.003813268228678037	0.4294786077993739	0.09778113089265017	0.03445106369351165	0.0
