ERS227112_01282_1-169	0.0	0.06524457200670684	0.19306024203159763	0.1670636418460168	0.1432978180116938	0.540306150657864	-1	0.22485093634789471	0.013317839956873844	0.44709408725704214	0.2751940479460326	0.10923073549042406	0.48934329407706845
ENC_31980_1-186	0.06524457200670684	0.0	0.24570868117544165	0.10892589311611946	0.1991929852127327	0.5702986791123074	-1	0.17074665689166024	0.07769349519554064	0.48316819689393403	0.32248370207570737	0.04705633384568354	0.5226608722973649
SEN2939_1-187	0.19306024203159763	0.24570868117544165	0.0	0.32787053674814226	0.05808602460240154	0.43032445135745023	-1	0.37450140218713646	0.18216849290846363	0.3148114127689217	0.10178430930360863	0.281202865290951	0.3671687373434294
STMMW_30571_1-187	0.1670636418460168	0.10892589311611946	0.32787053674814226	0.0	0.28642160451208926	0.6171042792631755	-1	0.06937780292116255	0.1781565549581729	0.5394645626380766	0.3962827699278378	0.06492467652376102	0.5746554631016438
ROD_50381_1-187	0.1432978180116938	0.1991929852127327	0.05808602460240154	0.28642160451208926	0.0	0.463414639291288	-1	0.33592810580304894	0.13173439565294132	0.35461129390411084	0.1539580880116623	0.2368760274465276	0.4039273896352678
NCTC13441_00803_25-211	0.540306150657864	0.5702986791123074	0.43032445135745023	0.6171042792631755	0.463414639291288	0.0	-1	0.6436687431158113	0.5341013875004657	0.1685857598056753	0.3657697649426751	0.5905188479219298	0.09979866315216264
b2948_1-187	-1	-1	-1	-1	-1	-1	-1	-1	-1	-1	-1	-1	-1
CS17_03310_25-211	0.22485093634789471	0.17074665689166024	0.37450140218713646	0.06937780292116255	0.33592810580304894	0.6436687431158113	-1	0.0	0.23517424752033406	0.5714154994495835	0.43816734493589443	0.12979814803233786	0.6041649325561712
ETEC_3138_1-187	0.013317839956873844	0.07769349519554064	0.18216849290846363	0.1781565549581729	0.13173439565294132	0.5341013875004657	-1	0.23517424752033406	0.0	0.43963118506288656	0.26541090798450495	0.12109385799366482	0.482450654726937
t3008_1-187	0.44709408725704214	0.48316819689393403	0.3148114127689217	0.5394645626380766	0.35461129390411084	0.1685857598056753	-1	0.5714154994495835	0.43963118506288656	0.0	0.23716698079517184	0.5074884067629596	0.07641301322033014
SL1344_3071_1-187	0.2751940479460326	0.32248370207570737	0.10178430930360863	0.3962827699278378	0.1539580880116623	0.3657697649426751	-1	0.43816734493589443	0.26541090798450495	0.23716698079517184	0.0	0.35436513517672447	0.2954573503765747
BN373_40341_1-187	0.10923073549042406	0.04705633384568354	0.281202865290951	0.06492467652376102	0.2368760274465276	0.5905188479219298	-1	0.12979814803233786	0.12109385799366482	0.5074884067629596	0.35436513517672447	0.0	0.5451227016481475
STM_MW30571_1-187	0.48934329407706845	0.5226608722973649	0.3671687373434294	0.5746554631016438	0.4039273896352678	0.09979866315216264	-1	0.6041649325561712	0.482450654726937	0.07641301322033014	0.2954573503765747	0.5451227016481475	0.0
