b2214_1-351	-1	-1	-1	-1	-1	-1	-1	-1	-1	-1	-1	-1	-1	-1	-1	-1
SEN2249_1-350	-1	0.0	0.32893410842345777	0.5405471654685173	0.40891434854255393	0.2335163846559623	0.20446085166825698	0.41021597474922555	0.3491265092183958	0.07423677703045989	0.4642677221017281	0.1984570765797752	0.34826993163889824	0.07223794513524352	0.0015053382206207861	0.19570840390607136
CS17_02464_1-351	-1	0.32893410842345777	0.0	0.691676873957761	0.1191838851043341	0.1244876235543105	0.15646402444961133	0.12112352504582138	0.030090041899611054	0.27512146202569343	0.6404883412858643	0.46211188345813875	0.02881359857228715	0.2766831882617078	0.32994428955860294	0.16564353670285992
STM_MW22911_1-350	-1	0.5405471654685173	0.691676873957761	0.0	0.7284240219869883	0.6478369303082432	0.6344872833182189	0.7290220578371441	0.7009543297389911	0.5746554631016437	0.14238351227602075	0.4267894817523011	0.7005607727420947	0.5737370941216346	0.5398544908465416	0.630465946384794
ENC_41970_19-312	-1	0.40891434854255393	0.1191838851043341	0.7284240219869883	0.0	0.22883459003603607	0.2569999192409812	0.002202094067860061	0.09185784975258655	0.3615153024102209	0.6833363375117184	0.5262194789390506	0.09305143317410151	0.36289089604595764	0.40980413236535335	0.2650853815605248
BN373_32401_1-350	-1	0.2335163846559623	0.1244876235543105	0.6478369303082432	0.22883459003603607	0.0	0.036523071238712984	0.23053276881065657	0.15083182764518935	0.17205220911086366	0.5893699867800358	0.385630482203437	0.14971428571428574	0.1738359945581402	0.23467020173761927	0.04700780280871611
ETEC_2348_1-351	-1	0.20446085166825698	0.15646402444961133	0.6344872833182189	0.2569999192409812	0.036523071238712984	0.0	0.2586360753112402	0.1818460572977518	0.14066671845105452	0.5738039999069842	0.3623412253509389	0.18076933143040286	0.1425181228739605	0.20565840715424086	0.010882182288976056
SL1344_2236_1-350	-1	0.41021597474922555	0.12112352504582138	0.7290220578371441	0.002202094067860061	0.23053276881065657	0.2586360753112402	0.0	0.09385766419442006	0.36292130577520276	0.6840336606843908	0.5272627882139466	0.09504861923296301	0.3642938702243545	0.41110379918434714	0.266703732682174
ENC_39700_1-351	-1	0.3491265092183958	0.030090041899611054	0.7009543297389911	0.09185784975258655	0.15083182764518935	0.1818460572977518	0.09385766419442006	0.0	0.29693308760546916	0.6513060621599713	0.47829695942218625	0.0013143134268019413	0.2984478214336061	0.35010629396085824	0.19074935764268214
STMMW_22911_1-350	-1	0.07423677703045989	0.27512146202569343	0.5746554631016437	0.3615153024102209	0.17205220911086366	0.14066671845105452	0.36292130577520276	0.29693308760546916	0.0	0.5040387597640825	0.25796103986606544	0.29600782123255154	0.002154466099077252	0.07563036379324102	0.13121241356507007
t0598_1-350	-1	0.4642677221017281	0.6404883412858643	0.14238351227602075	0.6833363375117184	0.5893699867800358	0.5738039999069842	0.6840336606843908	0.6513060621599713	0.5040387597640825	0.0	0.33162371939823915	0.6508471659021106	0.5029679209997225	0.46346004800510016	0.5691150311301628
ERS227112_05135_18-306	-1	0.1984570765797752	0.46211188345813875	0.4267894817523011	0.5262194789390506	0.385630482203437	0.3623412253509389	0.5272627882139466	0.47829695942218625	0.25796103986606544	0.33162371939823915	0.0	0.47761037572497955	0.25635889030534814	0.19724866431251045	0.3553257627845538
BN373_21051_18-305	-1	0.34826993163889824	0.02881359857228715	0.7005607727420947	0.09305143317410151	0.14971428571428574	0.18076933143040286	0.09504861923296301	0.0013143134268019413	0.29600782123255154	0.6508471659021106	0.47761037572497955	0.0	0.2975245485157215	0.34925100582033003	0.18968434890249694
ERS227112_03945_1-350	-1	0.07223794513524352	0.2766831882617078	0.5737370941216346	0.36289089604595764	0.1738359945581402	0.1425181228739605	0.3642938702243545	0.2984478214336061	0.002154466099077252	0.5029679209997225	0.25635889030534814	0.2975245485157215	0.0	0.07363454081607311	0.13308418696734328
NCTC13441_01494_1-351	-1	0.0015053382206207861	0.32994428955860294	0.5398544908465416	0.40980413236535335	0.23467020173761927	0.20565840715424086	0.41110379918434714	0.35010629396085824	0.07563036379324102	0.46346004800510016	0.19724866431251045	0.34925100582033003	0.07363454081607311	0.0	0.19691913478619563
ROD_23471_1-351	-1	0.19570840390607136	0.16564353670285992	0.630465946384794	0.2650853815605248	0.04700780280871611	0.010882182288976056	0.266703732682174	0.19074935764268214	0.13121241356507007	0.5691150311301628	0.3553257627845538	0.18968434890249694	0.13308418696734328	0.19691913478619563	0.0
