ENC_02930_1-113	0.0	-1	0.011363778883480315	0.2772544608905732	0.2451086611541996	0.32665442255249016	0.044202701614825896	0.4219506439646476
b4347_1-113	-1	-1	-1	-1	-1	-1	-1	-1
SL1344_4454_1-110	0.011363778883480315	-1	0.0	0.2854675813860345	0.23643163913895315	0.31891472003011917	0.05506417077110287	0.4153063142047027
STMMW_44691_1-110	0.2772544608905732	-1	0.2854675813860345	0.0	0.45440565233685504	0.5133424876207512	0.24382969032188082	0.5822174065403722
t4573_22-131	0.2451086611541996	-1	0.23643163913895315	0.45440565233685504	0.0	0.10802317790924836	0.27847689775681694	0.23426150720027142
Ecoli9000q_39930_1-113	0.32665442255249016	-1	0.31891472003011917	0.5133424876207512	0.10802317790924836	0.0	0.3564181161960651	0.14152646813750877
ERS227112_01240_1-98	0.044202701614825896	-1	0.05506417077110287	0.24382969032188082	0.27847689775681694	0.3564181161960651	0.0	0.44750198716812056
STM_MW44691_1-111	0.4219506439646476	-1	0.4153063142047027	0.5822174065403722	0.23426150720027142	0.14152646813750877	0.44750198716812056	0.0
