SEN3161_1-778	0.0	0.2960001586971379	0.3955100408081954	0.025487075766020828	0.3974254566241828	0.05319915438324563	0.039529023022550125	0.22664326323152817	0.020277215620911004	-1	0.2268463165505683	0.45058069218249897	0.5722283203381552
t3245_1-778	0.2960001586971379	0.0	0.09950988211105749	0.32148723446315874	0.10142529792704491	0.34919931308038354	0.2564711356745878	0.5226434219286661	0.3162773743180489	-1	0.06915384214656961	0.7465808508796369	0.8682284790352931
NCTC13441_00481_1-778	0.3955100408081954	0.09950988211105749	0.0	0.42099711657421623	0.0019154158159874202	0.44870919519144103	0.3559810177856453	0.6221533040397236	0.4157872564291064	-1	0.1686637242576271	0.8460907329906944	0.9677383611463506
CS17_03653_1-778	0.025487075766020828	0.32148723446315874	0.42099711657421623	0.0	0.42291253239020365	0.0277120786172248	0.06501609878857095	0.20115618746550734	0.005209860145109824	-1	0.25233339231658913	0.42509361641647814	0.5467412445721344
STM_MW33271_1-778	0.3974254566241828	0.10142529792704491	0.0019154158159874202	0.42291253239020365	0.0	0.45062461100742845	0.3578964336016327	0.624068719855711	0.41770267224509383	-1	0.17057914007361452	0.8480061488066818	0.969653776962338
SL1344_3300_1-778	0.05319915438324563	0.34919931308038354	0.44870919519144103	0.0277120786172248	0.45062461100742845	0.0	0.09272817740579575	0.17344410884828254	0.032921938762334624	-1	0.28004547093381393	0.39738153779925334	0.5190291659549096
STMMW_33271_1-778	0.039529023022550125	0.2564711356745878	0.3559810177856453	0.06501609878857095	0.3578964336016327	0.09272817740579575	0.0	0.2661722862540783	0.05980623864346113	-1	0.18731729352801818	0.4901097152050491	0.6117573433607053
ERS227112_00978_1-779	0.22664326323152817	0.5226434219286661	0.6221533040397236	0.20115618746550734	0.624068719855711	0.17344410884828254	0.2661722862540783	0.0	0.20636604761061716	-1	0.4534895797820965	0.2239374289509708	0.345585057106627
ROD_46101_1-778	0.020277215620911004	0.3162773743180489	0.4157872564291064	0.005209860145109824	0.41770267224509383	0.032921938762334624	0.05980623864346113	0.20636604761061716	0.0	-1	0.2471235321714793	0.43030347656158796	0.5519511047172442
b3210_1-778	-1	-1	-1	-1	-1	-1	-1	-1	-1	-1	-1	-1	-1
ETEC_3475_1-778	0.2268463165505683	0.06915384214656961	0.1686637242576271	0.25233339231658913	0.17057914007361452	0.28004547093381393	0.18731729352801818	0.4534895797820965	0.2471235321714793	-1	0.0	0.6774270087330673	0.7990746368887235
BN373_42691_1-779	0.45058069218249897	0.7465808508796369	0.8460907329906944	0.42509361641647814	0.8480061488066818	0.39738153779925334	0.4901097152050491	0.2239374289509708	0.43030347656158796	-1	0.6774270087330673	0.0	0.12164762815565622
ENC_34470_1-772	0.5722283203381552	0.8682284790352931	0.9677383611463506	0.5467412445721344	0.969653776962338	0.5190291659549096	0.6117573433607053	0.345585057106627	0.5519511047172442	-1	0.7990746368887235	0.12164762815565622	0.0
