ENC_16320_8-258	0.0	0.270281809160803	0.23180478418999995	0.16544110213732988	5.74440723117266	0.17506645453253	0.06182599546220002
ERS227112_03513_3-259	0.270281809160803	0.0	0.038477024970803075	0.4357229112981329	6.014689040333463	0.445348263693333	0.33210780462300304
BN373_16501_4-258	0.23180478418999995	0.038477024970803075	0.0	0.3972458863273298	5.97621201536266	0.40687123872252995	0.29363077965219997
CS17_01071_8-258	0.16544110213732988	0.4357229112981329	0.3972458863273298	0.0	5.57896612903533	0.009625352395200126	0.10361510667512985
b1009_8-258	5.74440723117266	6.014689040333463	5.97621201536266	5.57896612903533	0.0	5.56934077664013	5.68258123571046
NCTC13441_02896_8-258	0.17506645453253	0.445348263693333	0.40687123872252995	0.009625352395200126	5.56934077664013	0.0	0.11324045907032998
ETEC_1078_8-258	0.06182599546220002	0.33210780462300304	0.29363077965219997	0.10361510667512985	5.68258123571046	0.11324045907032998	0.0
