b3997_1-354	-1	-1	-1	-1	-1	-1	-1	-1	-1	-1	-1	-1	-1
t3464_1-354	-1	0.0	0.0099353698798547	0.0468906115067347	0.056325460847264	0.0690427805032464	0.051654900327577496	0.058527093189062296	0.055315840068348304	0.05902821197656449	0.0667047415408537	0.13788349802979138	0.0685534898397569
ERS227112_01850_1-354	-1	0.0099353698798547	0.0	0.036955241626880006	0.0463900909674093	0.0591074106233917	0.041719530447722794	0.04859172330920759	0.0453804701884936	0.04909284209670979	0.05676937166099899	0.1279481281499367	0.058618119959902196
ROD_37551_1-354	-1	0.0468906115067347	0.036955241626880006	0.0	0.009434849340529301	0.0221521689965117	0.004764288820842795	0.011636481682327594	0.008425228561613603	0.012137600469829792	0.01981413003411899	0.09099288652305668	0.021662878333022197
NCTC13441_04497_1-354	-1	0.056325460847264	0.0463900909674093	0.009434849340529301	0.0	0.012717319655982398	0.004670560519686506	0.002201632341798293	0.0010096207789156986	0.0027027511293004902	0.01037928069358969	0.08155803718252738	0.012228028992492895
ETEC_4257_1-354	-1	0.0690427805032464	0.0591074106233917	0.0221521689965117	0.012717319655982398	0.0	0.017387880175668904	0.010515687314184105	0.013726940434898097	0.010014568526681908	0.002338038962392708	0.06884071752654498	0.0004892906634895028
STMMW_41201_1-354	-1	0.051654900327577496	0.041719530447722794	0.004764288820842795	0.004670560519686506	0.017387880175668904	0.0	0.006872192861484799	0.0036609397407708077	0.0073733116489869965	0.015049841213276197	0.08622859770221389	0.0168985895121794
ENC_01260_1-354	-1	0.058527093189062296	0.04859172330920759	0.011636481682327594	0.002201632341798293	0.010515687314184105	0.006872192861484799	0.0	0.0032112531207139916	0.0005011187875021972	0.008177648351791397	0.07935640484072909	0.010026396650694602
CS17_04462_1-354	-1	0.055315840068348304	0.0453804701884936	0.008425228561613603	0.0010096207789156986	0.013726940434898097	0.0036609397407708077	0.0032112531207139916	0.0	0.003712371908216189	0.011388901472505389	0.08256765796144308	0.013237649771408594
STM_MW41201_1-354	-1	0.05902821197656449	0.04909284209670979	0.012137600469829792	0.0027027511293004902	0.010014568526681908	0.0073733116489869965	0.0005011187875021972	0.003712371908216189	0.0	0.0076765295642892	0.07885528605322689	0.009525277863192405
SEN3953_1-354	-1	0.0667047415408537	0.05676937166099899	0.01981413003411899	0.01037928069358969	0.002338038962392708	0.015049841213276197	0.008177648351791397	0.011388901472505389	0.0076765295642892	0.0	0.07117875648893769	0.001848748298903205
BN373_49941_1-354	-1	0.13788349802979138	0.1279481281499367	0.09099288652305668	0.08155803718252738	0.06884071752654498	0.08622859770221389	0.07935640484072909	0.08256765796144308	0.07885528605322689	0.07117875648893769	0.0	0.06933000819003449
SL1344_4106_1-354	-1	0.0685534898397569	0.058618119959902196	0.021662878333022197	0.012228028992492895	0.0004892906634895028	0.0168985895121794	0.010026396650694602	0.013237649771408594	0.009525277863192405	0.001848748298903205	0.06933000819003449	0.0
