NCTC13441_02933_1-152	0.0	0.279504364542126	0.2064467394507511	0.07127181653667902	0.8629842460463761	0.33658156446772614	0.1314880023651609	0.19422310389738806	0.7439309559987861	6.230965474717516	0.687189638447006	0.593678044829026	1.147034672235896
ERS227112_03476_6-157	0.279504364542126	0.0	0.07305762509137492	0.208232548005447	0.5834798815042501	0.05707719992560012	0.4109923669072869	0.08528126064473796	0.4644265914566601	5.95146111017539	0.40768527390487996	0.31417368028689996	0.8675303076937699
STMMW_10891_1-152	0.2064467394507511	0.07305762509137492	0.0	0.13517492291407207	0.656537506595625	0.13013482501697504	0.337934741815912	0.012223635553363033	0.537484216548035	6.024518735266765	0.4807428989962549	0.3872313053782749	0.9405879327851449
STM_MW10891_1-152	0.07127181653667902	0.208232548005447	0.13517492291407207	0.0	0.7917124295096971	0.2653097479310471	0.20275981890183992	0.12295128736070904	0.6726591394621071	6.159693658180837	0.615917821910327	0.522406228292347	1.075762855699217
ETEC_1033_1-152	0.8629842460463761	0.5834798815042501	0.656537506595625	0.7917124295096971	0.0	0.52640268157865	0.994472248411537	0.6687611421489881	0.11905329004759002	5.36798122867114	0.17579460759937016	0.26930620121735016	0.2840504261895198
ROD_10251_1-152	0.33658156446772614	0.05707719992560012	0.13013482501697504	0.2653097479310471	0.52640268157865	0.0	0.46806956683288703	0.14235846057033807	0.40734939153106	5.89438391024979	0.35060807397927984	0.25709648036129984	0.8104531077681698
t1844_1-152	0.1314880023651609	0.4109923669072869	0.337934741815912	0.20275981890183992	0.994472248411537	0.46806956683288703	0.0	0.32571110626254896	0.875418958363947	6.362453477082677	0.8186776408121669	0.7251660471941869	1.278522674601057
SEN0941_1-152	0.19422310389738806	0.08528126064473796	0.012223635553363033	0.12295128736070904	0.6687611421489881	0.14235846057033807	0.32571110626254896	0.0	0.549707852101398	6.036742370820128	0.4929665345496179	0.3994549409316379	0.9528115683385079
SL1344_1016_1-152	0.7439309559987861	0.4644265914566601	0.537484216548035	0.6726591394621071	0.11905329004759002	0.40734939153106	0.875418958363947	0.549707852101398	0.0	5.48703451871873	0.056741317551780135	0.15025291116976014	0.40310371623710983
b0963_1-152	6.230965474717516	5.95146111017539	6.024518735266765	6.159693658180837	5.36798122867114	5.89438391024979	6.362453477082677	6.036742370820128	5.48703451871873	0.0	5.54377583627051	5.63728742988849	5.08393080248162
BN373_16051_1-152	0.687189638447006	0.40768527390487996	0.4807428989962549	0.615917821910327	0.17579460759937016	0.35060807397927984	0.8186776408121669	0.4929665345496179	0.056741317551780135	5.54377583627051	0.0	0.09351159361798	0.45984503378888997
ENC_16650_1-152	0.593678044829026	0.31417368028689996	0.3872313053782749	0.522406228292347	0.26930620121735016	0.25709648036129984	0.7251660471941869	0.3994549409316379	0.15025291116976014	5.63728742988849	0.09351159361798	0.0	0.55335662740687
CS17_01026_1-152	1.147034672235896	0.8675303076937699	0.9405879327851449	1.075762855699217	0.2840504261895198	0.8104531077681698	1.278522674601057	0.9528115683385079	0.40310371623710983	5.08393080248162	0.45984503378888997	0.55335662740687	0.0
