STMMW_02271_1-252	0.0	0.0295676826108878	0.0215348412598332	0.0295676826108878	0.003757729256142702	0.00013662452770460062	0.0295676826108878	0.0295676826108878	0.007571216844808899	0.0295676826108878	0.0131462305702249	0.0295676826108878	0.0295676826108878
NCTC13441_03803_1-252	0.0295676826108878	0.0	0.051102523870721	0.0	0.0333254118670305	0.0294310580831832	0.0	0.0	0.0219964657660789	0.0	0.0164214520406629	0.0	0.0
SEN0228_1-252	0.0215348412598332	0.051102523870721	0.0	0.051102523870721	0.017777112003690497	0.0216714657875378	0.051102523870721	0.051102523870721	0.029106058104642098	0.051102523870721	0.0346810718300581	0.051102523870721	0.051102523870721
STM_MW02271_1-252	0.0295676826108878	0.0	0.051102523870721	0.0	0.0333254118670305	0.0294310580831832	0.0	0.0	0.0219964657660789	0.0	0.0164214520406629	0.0	0.0
BN373_06791_7-258	0.003757729256142702	0.0333254118670305	0.017777112003690497	0.0333254118670305	0.0	0.0038943537838473027	0.0333254118670305	0.0333254118670305	0.0113289461009516	0.0333254118670305	0.016903959826367602	0.0333254118670305	0.0333254118670305
CS17_00183_1-252	0.00013662452770460062	0.0294310580831832	0.0216714657875378	0.0294310580831832	0.0038943537838473027	0.0	0.0294310580831832	0.0294310580831832	0.007434592317104298	0.0294310580831832	0.0130096060425203	0.0294310580831832	0.0294310580831832
ETEC_0169_2-253	0.0295676826108878	0.0	0.051102523870721	0.0	0.0333254118670305	0.0294310580831832	0.0	0.0	0.0219964657660789	0.0	0.0164214520406629	0.0	0.0
t0222_1-252	0.0295676826108878	0.0	0.051102523870721	0.0	0.0333254118670305	0.0294310580831832	0.0	0.0	0.0219964657660789	0.0	0.0164214520406629	0.0	0.0
SL1344_0222_1-252	0.007571216844808899	0.0219964657660789	0.029106058104642098	0.0219964657660789	0.0113289461009516	0.007434592317104298	0.0219964657660789	0.0219964657660789	0.0	0.0219964657660789	0.005575013725416002	0.0219964657660789	0.0219964657660789
ROD_01771_1-252	0.0295676826108878	0.0	0.051102523870721	0.0	0.0333254118670305	0.0294310580831832	0.0	0.0	0.0219964657660789	0.0	0.0164214520406629	0.0	0.0
ERS227112_02529_7-258	0.0131462305702249	0.0164214520406629	0.0346810718300581	0.0164214520406629	0.016903959826367602	0.0130096060425203	0.0164214520406629	0.0164214520406629	0.005575013725416002	0.0164214520406629	0.0	0.0164214520406629	0.0164214520406629
ENC_46970_1-229	0.0295676826108878	0.0	0.051102523870721	0.0	0.0333254118670305	0.0294310580831832	0.0	0.0	0.0219964657660789	0.0	0.0164214520406629	0.0	0.0
b0174_2-253	0.0295676826108878	0.0	0.051102523870721	0.0	0.0333254118670305	0.0294310580831832	0.0	0.0	0.0219964657660789	0.0	0.0164214520406629	0.0	0.0
