SL1344_2030_1-184	0.0	1.128044207258037	0.31799007003507995	0.41552537613525997	0.11384029498171988	0.617465006913171	0.44337259642356	0.35782729659527	0.06029948779861005	0.21564659631398997	0.24996731413146	0.4228173115376601	1.090934192900527	0.5985730426016539	0.34251644736474995	0.5920040179111079	1.178974036547284	0.12112373591908998	0.820022414919675	0.8342077656712099	1.203565920393425	0.5086624254426999	0.44757830450463	5.42456974549873	0.4668449567744699	0.44932689087447986	1.031961605922679	1.285495817979347
t0403_1-164	1.128044207258037	0.0	0.810054137222957	0.712518831122777	1.0142039122763171	0.5105792003448659	0.684671610834477	0.770216910662767	1.188343695056647	0.912397610944047	1.378011521389497	1.5508615187956971	0.03711001435750999	0.529471164656383	0.785527759893287	0.5360401893469291	0.050929829289247	1.249167943177127	0.30802179233836197	0.29383644158682704	0.07552171313538802	0.6193817818153371	0.680465902753407	6.552613952756767	0.6611992504835671	0.6787173163835571	0.09608260133535801	0.15745161072130998
STM_MW24741_1-164	0.31799007003507995	0.810054137222957	0.0	0.09753530610018002	0.20414977505336007	0.299474936878091	0.12538252638848002	0.039837226560190064	0.37828955783369	0.10234347372108998	0.56795738416654	0.7408073815727401	0.772944122865447	0.28058297256657394	0.02452637732967	0.27401394787602795	0.860983966512204	0.43911380595416993	0.502032344884595	0.51621769563613	0.8855758503583451	0.19067235540761995	0.12958823446955003	5.74255981553381	0.14885488673938996	0.1313368208393999	0.713971535887599	0.967505747944267
CS17_02726_1-165	0.41552537613525997	0.712518831122777	0.09753530610018002	0.0	0.3016850811535401	0.201939630777911	0.0278472202883	0.057698079539989955	0.47582486393387	0.19987877982127	0.66549269026672	0.8383426876729201	0.675408816765267	0.18304766646639392	0.07300892877051002	0.17647864177584793	0.763448660412024	0.53664911205435	0.404497038784415	0.41868238953594994	0.788040544258165	0.09313704930743993	0.032052928369370015	5.84009512163399	0.05131958063920994	0.033801514739219884	0.616436229787419	0.869970441844087
BN373_34401_1-160	0.11384029498171988	1.0142039122763171	0.20414977505336007	0.3016850811535401	0.0	0.5036247119314511	0.3295323014418401	0.24398700161355014	0.17413978278032993	0.10180630133227009	0.3638076091131799	0.53665760651938	0.9770938979188071	0.484732747619934	0.22867615238303007	0.478163722929388	1.065133741565564	0.23496403090080986	0.7061821199379551	0.72036747068949	1.0897256254117051	0.39482213046098	0.3337380095229101	5.53841004048045	0.35300466179275003	0.33548659589276	0.9181213109409591	1.171655522997627
STM_MW20761_8-158	0.617465006913171	0.5105792003448659	0.299474936878091	0.201939630777911	0.5036247119314511	0.0	0.174092410489611	0.25963771031790095	0.677764494711781	0.401818410599181	0.867432321044631	1.040282318450831	0.473469185987356	0.018891964311517073	0.274948559548421	0.02546098900206306	0.561509029634113	0.738588742832261	0.20255740800650401	0.21674275875803894	0.586100913480254	0.10880258147047106	0.16988670240854098	6.042034752411901	0.15062005013870106	0.1681381160386911	0.41449659900950797	0.6680308110661759
ROD_21401_1-184	0.44337259642356	0.684671610834477	0.12538252638848002	0.0278472202883	0.3295323014418401	0.174092410489611	0.0	0.08554529982828996	0.50367208422217	0.22772600010957	0.69333991055502	0.8661899079612201	0.647561596476967	0.15520044617809392	0.10085614905881002	0.14863142148754793	0.735601440123724	0.56449633234265	0.376649818496115	0.39083516924764994	0.760193323969865	0.06528982901913993	0.004205708081070014	5.86794234192229	0.023472360350909938	0.005954294450919884	0.588589009499119	0.842123221555787
ROD_23951_1-165	0.35782729659527	0.770216910662767	0.039837226560190064	0.057698079539989955	0.24398700161355014	0.25963771031790095	0.08554529982828996	0.0	0.41812678439388007	0.14218070028128005	0.60779461072673	0.7806446081329301	0.7331068963052569	0.24074574600638388	0.015310849230520063	0.2341767213158379	0.8211467399520139	0.47895103251436	0.46219511832440496	0.4763804690759399	0.845738623798155	0.1508351288474299	0.08975100790935997	5.782397042094	0.1090176601791999	0.09149959427920984	0.6741343093274089	0.927668521384077
STMMW_24741_1-164	0.06029948779861005	1.188343695056647	0.37828955783369	0.47582486393387	0.17413978278032993	0.677764494711781	0.50367208422217	0.41812678439388007	0.0	0.2759460841126	0.18966782633284995	0.36251782373905006	1.151233680699137	0.658872530400264	0.40281593516336	0.652303505709718	1.239273524345894	0.06082424812047993	0.880321902718285	0.89450725346982	1.263865408192035	0.56896191324131	0.50787779230324	5.36427025770012	0.52714444457308	0.5096263786730899	1.092261093721289	1.345795305777957
STM_MW20841_1-184	0.21564659631398997	0.912397610944047	0.10234347372108998	0.19987877982127	0.10180630133227009	0.401818410599181	0.22772600010957	0.14218070028128005	0.2759460841126	0.0	0.46561391044545	0.6384639078516501	0.875287596586537	0.3829264462876639	0.12686985105075999	0.37635742159711794	0.963327440233294	0.33677033223307995	0.604375818605685	0.6185611693572199	0.9879193240794351	0.29301582912870994	0.23193170819064002	5.64021634181272	0.25119836046047994	0.2336802945604899	0.816315009608689	1.069849221665357
SL1344_2022_8-158	0.24996731413146	1.378011521389497	0.56795738416654	0.66549269026672	0.3638076091131799	0.867432321044631	0.69333991055502	0.60779461072673	0.18966782633284995	0.46561391044545	0.0	0.1728499974062001	1.340901507031987	0.8485403567331139	0.59248376149621	0.8419713320425679	1.4289413506787438	0.12884357821237002	1.069989729051135	1.08417507980267	1.453533234524885	0.7586297395741599	0.69754561863609	5.17460243136727	0.7168122709059299	0.6992942050059399	1.2819289200541388	1.535463132110807
SL1344_2418_1-164	0.4228173115376601	1.5508615187956971	0.7408073815727401	0.8383426876729201	0.53665760651938	1.040282318450831	0.8661899079612201	0.7806446081329301	0.36251782373905006	0.6384639078516501	0.1728499974062001	0.0	1.513751504438187	1.0213903541393141	0.7653337589024101	1.014821329448768	1.601791348084944	0.30169357561857013	1.2428397264573352	1.25702507720887	1.6263832319310851	0.93147973698036	0.8703956160422901	5.0017524339610695	0.88966226831213	0.87214420241214	1.454778917460339	1.708313129517007
SEN2052_1-184	1.090934192900527	0.03711001435750999	0.772944122865447	0.675408816765267	0.9770938979188071	0.473469185987356	0.647561596476967	0.7331068963052569	1.151233680699137	0.875287596586537	1.340901507031987	1.513751504438187	0.0	0.49236115029887306	0.748417745535777	0.49893017498941905	0.08803984364675699	1.212057928819617	0.270911777980852	0.25672642722931704	0.11263172749289801	0.582271767457827	0.643355888395897	6.515503938399257	0.624089236126057	0.6416073020260471	0.05897258697784802	0.19456162507881997
ERS227112_01457_1-146	0.5985730426016539	0.529471164656383	0.28058297256657394	0.18304766646639392	0.484732747619934	0.018891964311517073	0.15520044617809392	0.24074574600638388	0.658872530400264	0.3829264462876639	0.8485403567331139	1.0213903541393141	0.49236115029887306	0.0	0.25605659523690394	0.006569024690545988	0.58040099394563	0.7196967785207439	0.2214493723180211	0.23563472306955602	0.604992877791771	0.08991061715895399	0.1509947380970239	6.023142788100384	0.13172808582718398	0.14924615172717404	0.43338856332102504	0.686922775377693
STMMW_20761_8-158	0.34251644736474995	0.785527759893287	0.02452637732967	0.07300892877051002	0.22867615238303007	0.274948559548421	0.10085614905881002	0.015310849230520063	0.40281593516336	0.12686985105075999	0.59248376149621	0.7653337589024101	0.748417745535777	0.25605659523690394	0.0	0.24948757054635795	0.836457589182534	0.46364018328383994	0.477505967554925	0.49169131830645996	0.8610494730286751	0.16614597807794995	0.10506185713988003	5.76708619286348	0.12432850940971996	0.1068104435097299	0.689445158557929	0.942979370614597
ETEC_2551_1-165	0.5920040179111079	0.5360401893469291	0.27401394787602795	0.17647864177584793	0.478163722929388	0.02546098900206306	0.14863142148754793	0.2341767213158379	0.652303505709718	0.37635742159711794	0.8419713320425679	1.014821329448768	0.49893017498941905	0.006569024690545988	0.24948757054635795	0.0	0.586970018636176	0.7131277538301979	0.22801839700856708	0.242203747760102	0.6115619024823171	0.083341592468408	0.14442571340647792	6.016573763409838	0.125159061136638	0.14267712703662805	0.43995758801157103	0.6934918000682391
SEN2435_1-164	1.178974036547284	0.050929829289247	0.860983966512204	0.763448660412024	1.065133741565564	0.561509029634113	0.735601440123724	0.8211467399520139	1.239273524345894	0.963327440233294	1.4289413506787438	1.601791348084944	0.08803984364675699	0.58040099394563	0.836457589182534	0.586970018636176	0.0	1.300097772466374	0.35895162162760896	0.34476627087607403	0.024591883846141027	0.670311611104584	0.731395732042654	6.603543782046014	0.712129079772814	0.7296471456728041	0.147012430624605	0.10652178143206298
BN373_38411_1-146	0.12112373591908998	1.249167943177127	0.43911380595416993	0.53664911205435	0.23496403090080986	0.738588742832261	0.56449633234265	0.47895103251436	0.06082424812047993	0.33677033223307995	0.12884357821237002	0.30169357561857013	1.212057928819617	0.7196967785207439	0.46364018328383994	0.7131277538301979	1.300097772466374	0.0	0.941146150838765	0.9553315015902999	1.324689656312515	0.6297861613617899	0.56870204042372	5.30344600957964	0.5879686926935599	0.5704506267935698	1.153085341841769	1.406619553898437
SEN2044_8-158	0.820022414919675	0.30802179233836197	0.502032344884595	0.404497038784415	0.7061821199379551	0.20255740800650401	0.376649818496115	0.46219511832440496	0.880321902718285	0.604375818605685	1.069989729051135	1.2428397264573352	0.270911777980852	0.2214493723180211	0.477505967554925	0.22801839700856708	0.35895162162760896	0.941146150838765	0.0	0.01418535075153493	0.38354350547375	0.3113599894769751	0.372444110415045	6.244592160418405	0.35317745814520507	0.3706955240451951	0.21193919100300396	0.46547340305967194
ERS227112_01449_1-185	0.8342077656712099	0.29383644158682704	0.51621769563613	0.41868238953594994	0.72036747068949	0.21674275875803894	0.39083516924764994	0.4763804690759399	0.89450725346982	0.6185611693572199	1.08417507980267	1.25702507720887	0.25672642722931704	0.23563472306955602	0.49169131830645996	0.242203747760102	0.34476627087607403	0.9553315015902999	0.01418535075153493	0.0	0.36935815472221506	0.32554534022851	0.3866294611665799	6.25877751116994	0.36736280889674	0.38488087479673005	0.19775384025146903	0.451288052308137
t0820_1-184	1.203565920393425	0.07552171313538802	0.8855758503583451	0.788040544258165	1.0897256254117051	0.586100913480254	0.760193323969865	0.845738623798155	1.263865408192035	0.9879193240794351	1.453533234524885	1.6263832319310851	0.11263172749289801	0.604992877791771	0.8610494730286751	0.6115619024823171	0.024591883846141027	1.324689656312515	0.38354350547375	0.36935815472221506	0.0	0.6949034949507251	0.755987615888795	6.628135665892155	0.7367209636189551	0.7542390295189452	0.17160431447074603	0.08192989758592195
NCTC13441_01283_1-165	0.5086624254426999	0.6193817818153371	0.19067235540761995	0.09313704930743993	0.39482213046098	0.10880258147047106	0.06528982901913993	0.1508351288474299	0.56896191324131	0.29301582912870994	0.7586297395741599	0.93147973698036	0.582271767457827	0.08991061715895399	0.16614597807794995	0.083341592468408	0.670311611104584	0.6297861613617899	0.3113599894769751	0.32554534022851	0.6949034949507251	0.0	0.06108412093806992	5.93323217094143	0.041817468668229996	0.05933553456822005	0.523299180479979	0.7768333925366471
STMMW_20841_1-184	0.44757830450463	0.680465902753407	0.12958823446955003	0.032052928369370015	0.3337380095229101	0.16988670240854098	0.004205708081070014	0.08975100790935997	0.50787779230324	0.23193170819064002	0.69754561863609	0.8703956160422901	0.643355888395897	0.1509947380970239	0.10506185713988003	0.14442571340647792	0.731395732042654	0.56870204042372	0.372444110415045	0.3866294611665799	0.755987615888795	0.06108412093806992	0.0	5.87214805000336	0.019266652269839923	0.0017485863698498694	0.584383301418049	0.837917513474717
b2438_1-165	5.42456974549873	6.552613952756767	5.74255981553381	5.84009512163399	5.53841004048045	6.042034752411901	5.86794234192229	5.782397042094	5.36427025770012	5.64021634181272	5.17460243136727	5.0017524339610695	6.515503938399257	6.023142788100384	5.76708619286348	6.016573763409838	6.603543782046014	5.30344600957964	6.244592160418405	6.25877751116994	6.628135665892155	5.93323217094143	5.87214805000336	0.0	5.8914147022732	5.87389663637321	6.456531351421409	6.710065563478077
BN373_38491_1-184	0.4668449567744699	0.6611992504835671	0.14885488673938996	0.05131958063920994	0.35300466179275003	0.15062005013870106	0.023472360350909938	0.1090176601791999	0.52714444457308	0.25119836046047994	0.7168122709059299	0.88966226831213	0.624089236126057	0.13172808582718398	0.12432850940971996	0.125159061136638	0.712129079772814	0.5879686926935599	0.35317745814520507	0.36736280889674	0.7367209636189551	0.041817468668229996	0.019266652269839923	5.8914147022732	0.0	0.017518065899990054	0.565116649148209	0.8186508612048771
ERS227112_03798_1-160	0.44932689087447986	0.6787173163835571	0.1313368208393999	0.033801514739219884	0.33548659589276	0.1681381160386911	0.005954294450919884	0.09149959427920984	0.5096263786730899	0.2336802945604899	0.6992942050059399	0.87214420241214	0.6416073020260471	0.14924615172717404	0.1068104435097299	0.14267712703662805	0.7296471456728041	0.5704506267935698	0.3706955240451951	0.38488087479673005	0.7542390295189452	0.05933553456822005	0.0017485863698498694	5.87389663637321	0.017518065899990054	0.0	0.5826347150481991	0.8361689271048671
ROD_21321_1-153	1.031961605922679	0.09608260133535801	0.713971535887599	0.616436229787419	0.9181213109409591	0.41449659900950797	0.588589009499119	0.6741343093274089	1.092261093721289	0.816315009608689	1.2819289200541388	1.454778917460339	0.05897258697784802	0.43338856332102504	0.689445158557929	0.43995758801157103	0.147012430624605	1.153085341841769	0.21193919100300396	0.19775384025146903	0.17160431447074603	0.523299180479979	0.584383301418049	6.456531351421409	0.565116649148209	0.5826347150481991	0.0	0.253534212056668
t0828_8-158	1.285495817979347	0.15745161072130998	0.967505747944267	0.869970441844087	1.171655522997627	0.6680308110661759	0.842123221555787	0.927668521384077	1.345795305777957	1.069849221665357	1.535463132110807	1.708313129517007	0.19456162507881997	0.686922775377693	0.942979370614597	0.6934918000682391	0.10652178143206298	1.406619553898437	0.46547340305967194	0.451288052308137	0.08192989758592195	0.7768333925366471	0.837917513474717	6.710065563478077	0.8186508612048771	0.8361689271048671	0.253534212056668	0.0
