BN373_16721_1-184	0.0	0.46646762901030003	0.592999913979059	0.28096355897106995	1.311253516977003	0.994503632403606	0.590948869942651	0.605273852761943	0.53456950397696	0.759926440996821	1.088556026542955	0.33675680566740995	0.772108647215889	0.878116417399516	0.870534085145554	0.730156728933571	0.73517047282743	0.974362541340934	0.1815618281921001	0.701828273854223	1.285657499776901	0.695037008104717	0.831288117661412	1.056507441471565	0.844918135266918	0.52127992943428	0.41648432872633	0.578896643296453	-1	0.772673776656773	0.981503322938741	0.32541640614447	0.53067161266525	0.5103969946114899	-1	0.727965602988673
STM_MW06751_17-186	0.46646762901030003	0.0	1.059467542989359	0.74743118798137	1.777721145987303	1.4609712614139059	1.0574164989529509	1.071741481772243	0.06810187496665998	1.226394070007121	1.555023655553255	0.80322443467771	1.2385762762261892	1.344584046409816	1.337001714155854	1.196624357943871	1.20163810183773	1.440830170351234	0.28490580081819994	1.168295902864523	1.752125128787201	1.161504637115017	1.297755746671712	1.522975070481865	1.311385764277218	0.9877475584445801	0.88295195773663	1.0453642723067529	-1	1.2391414056670729	1.4479709519490411	0.14105122286583005	0.99713924167555	0.9768646236217899	-1	1.194433231998973
SL1344_4245_20-217	0.592999913979059	1.059467542989359	0.0	0.3120363550079891	0.7182536029979439	0.4015037184245469	0.0020510440364081006	0.012273938782883964	1.127569417956019	0.166926527017762	0.495556112563896	0.2562431083116491	0.17910873323682996	0.2851165034204569	0.2775341711664949	0.13715681495451193	0.14217055884837093	0.381362627361875	0.7745617421711591	0.10882835987516393	0.692657585797842	0.10203709412565798	0.23828820368235293	0.46350752749250596	0.2519182212878589	0.07171998454477901	0.17651558525272903	0.014103270682606084	-1	0.1796738626777139	0.38850340895968194	0.918416320123529	0.062328301313809065	0.08260291936756914	-1	0.13496568900961392
ENC_16020_1-184	0.28096355897106995	0.74743118798137	0.3120363550079891	0.0	1.030289958005933	0.713540073432536	0.309985310971581	0.32431029379087306	0.81553306294803	0.4789628820257511	0.8075924675718851	0.055793246696340004	0.49114508824481906	0.597152858428446	0.589570526174484	0.449193169962501	0.45420691385636003	0.6933989823698641	0.46252538716317004	0.420864714883153	1.004693940805831	0.4140734491336471	0.550324558690342	0.775543882500495	0.563954576295848	0.24031637046321008	0.13552076975526006	0.297933084325383	-1	0.491710217685703	0.700539763967671	0.6063799651155399	0.24970805369418003	0.22943343564041996	-1	0.447002044017603
STM_MW11451_1-184	1.311253516977003	1.777721145987303	0.7182536029979439	1.030289958005933	0.0	0.31674988457339703	0.720304647034352	0.70597966421506	1.845823020953963	0.5513270759801819	0.22269749043404796	0.974496711309593	0.539144869761114	0.43313709957748703	0.440719431831449	0.581096788043432	0.576083044149573	0.33689097563606896	1.492815345169103	0.60942524312278	0.02559601720010199	0.616216508872286	0.479965399315591	0.254746075505438	0.46633538171008504	0.789973587542723	0.894769188250673	0.73235687368055	-1	0.53857974032023	0.329750194038262	1.636669923121473	0.780581904311753	0.8008565223655131	-1	0.58328791398833
ROD_10931_1-184	0.994503632403606	1.4609712614139059	0.4015037184245469	0.713540073432536	0.31674988457339703	0.0	0.403554762460955	0.38922977964166294	1.5290731363805659	0.2345771914067849	0.09405239413934907	0.657746826736196	0.22239498518771694	0.11638721500409	0.12396954725805198	0.264346903470035	0.259333159576176	0.020141091062671923	1.176065460595706	0.292675358549383	0.29115386737329507	0.29946662429888893	0.16321551474219398	0.06200380906795905	0.149585497136688	0.4732237029693259	0.5780193036772759	0.415606989107153	-1	0.221829855746833	0.013000309464864968	1.319920038548076	0.46383201973835597	0.48410663779211605	-1	0.266538029414933
SL1344_1425_1-204	0.590948869942651	1.0574164989529509	0.0020510440364081006	0.309985310971581	0.720304647034352	0.403554762460955	0.0	0.014324982819292065	1.1255183739196108	0.1689775710541701	0.4976071566003041	0.254192064275241	0.18115977727323807	0.287167547456865	0.279585215202903	0.13920785899092003	0.14422160288477903	0.3834136713982831	0.772510698134751	0.11087940391157203	0.6947086298342501	0.10408813816206608	0.24033924771876103	0.46555857152891406	0.253969265324267	0.06966894050837091	0.17446454121632093	0.012052226646197983	-1	0.181724906714122	0.39055445299609004	0.9163652760871209	0.060277257277400964	0.08055187533116104	-1	0.13701673304602202
t1783_1-184	0.605273852761943	1.071741481772243	0.012273938782883964	0.32431029379087306	0.70597966421506	0.38922977964166294	0.014324982819292065	0.0	1.139843356738903	0.15465258823487804	0.483282173781012	0.26851704709453306	0.166834794453946	0.27284256463757295	0.26526023238361096	0.12488287617162797	0.12989662006548697	0.369088688578991	0.7868356809540431	0.09655442109227996	0.680383647014958	0.08976315534277401	0.22601426489946896	0.451233588709622	0.23964428250497494	0.08399392332766298	0.188789524035613	0.026377209465490048	-1	0.16739992389482994	0.376229470176798	0.930690258906413	0.07460224009669303	0.0948768581504531	-1	0.12269175022672996
CS17_01174_1-184	0.53456950397696	0.06810187496665998	1.127569417956019	0.81553306294803	1.845823020953963	1.5290731363805659	1.1255183739196108	1.139843356738903	0.0	1.294495944973781	1.623125530519915	0.87132630964437	1.3066781511928491	1.412685921376476	1.4051035891225139	1.2647262329105309	1.26973997680439	1.508932045317894	0.3530076757848599	1.236397777831183	1.820227003753861	1.229606512081677	1.365857621638372	1.591076945448525	1.379487639243878	1.05584943341124	0.95105383270329	1.1134661472734129	-1	1.3072432806337329	1.516072826915701	0.20915309783249003	1.06524111664221	1.04496649858845	-1	1.262535106965633
ROD_34941_1-198	0.759926440996821	1.226394070007121	0.166926527017762	0.4789628820257511	0.5513270759801819	0.2345771914067849	0.1689775710541701	0.15465258823487804	1.294495944973781	0.0	0.328629585546134	0.4231696353294111	0.01218220621906796	0.11818997640269491	0.11060764414873292	0.029769712063250076	0.024755968169391074	0.21443610034411298	0.9414882691889211	0.05809816714259808	0.52573105878008	0.06488943289210403	0.07136167666459092	0.29658100047474395	0.0849916942700969	0.23864651156254102	0.34344211227049104	0.1810297977003681	-1	0.012747335659951897	0.22157688194191993	1.0853428471412911	0.22925482833157107	0.24952944638533114	-1	0.031960838008148085
SEN1555_1-204	1.088556026542955	1.555023655553255	0.495556112563896	0.8075924675718851	0.22269749043404796	0.09405239413934907	0.4976071566003041	0.483282173781012	1.623125530519915	0.328629585546134	0.0	0.7517992208755451	0.316447379327066	0.21043960914343907	0.21802194139740105	0.35839929760938405	0.35338555371552505	0.114193485202021	1.2701178547350551	0.38672775268873205	0.19710147323394597	0.393519018438238	0.25726790888154305	0.03204858507139002	0.24363789127603708	0.567276097108675	0.672071697816625	0.5096593832465021	-1	0.3158822498861821	0.10705270360421404	1.413972432687425	0.557884413877705	0.5781590319314651	-1	0.36059042355428206
NCTC13441_02876_1-184	0.33675680566740995	0.80322443467771	0.2562431083116491	0.055793246696340004	0.974496711309593	0.657746826736196	0.254192064275241	0.26851704709453306	0.87132630964437	0.4231696353294111	0.7517992208755451	0.0	0.43535184154847906	0.541359611732106	0.533777279478144	0.393399923266161	0.39841366716002	0.6376057356735241	0.51831863385951	0.365071468186813	0.9489006941094911	0.35828020243730707	0.494531311994002	0.719750635804155	0.508161329599508	0.18452312376687008	0.07972752305892006	0.242139837629043	-1	0.435916970989363	0.644746517271331	0.6621732118118799	0.19391480699784003	0.17364018894407995	-1	0.391208797321263
STMMW_42591_20-217	0.772108647215889	1.2385762762261892	0.17910873323682996	0.49114508824481906	0.539144869761114	0.22239498518771694	0.18115977727323807	0.166834794453946	1.3066781511928491	0.01218220621906796	0.316447379327066	0.43535184154847906	0.0	0.10600777018362695	0.09842543792966496	0.041951918282318035	0.03693817438845903	0.20225389412504502	0.9536704754079891	0.07028037336166604	0.513548852561012	0.07707163911117199	0.059179470445522964	0.284398794255676	0.07280948805102894	0.250828717781609	0.355624318489559	0.19321200391943605	-1	0.000565129440883938	0.20939467572285198	1.0975250533603589	0.24143703455063903	0.2617116526043991	-1	0.044143044227216044
SEN1911_1-184	0.878116417399516	1.344584046409816	0.2851165034204569	0.597152858428446	0.43313709957748703	0.11638721500409	0.287167547456865	0.27284256463757295	1.412685921376476	0.11818997640269491	0.21043960914343907	0.541359611732106	0.10600777018362695	0.0	0.0075823322539619875	0.14795968846594498	0.14294594457208598	0.09624612394141807	1.059678245591616	0.17628814354529299	0.40754108237738507	0.18307940929479893	0.046828299738103984	0.17839102407204904	0.03319828213259801	0.3568364879652359	0.46163208867318595	0.299219774103063	-1	0.10544264074274301	0.10338690553922503	1.203532823543986	0.347444804734266	0.36771942278802605	-1	0.150150814410843
ETEC_1625_1-204	0.870534085145554	1.337001714155854	0.2775341711664949	0.589570526174484	0.440719431831449	0.12396954725805198	0.279585215202903	0.26526023238361096	1.4051035891225139	0.11060764414873292	0.21802194139740105	0.533777279478144	0.09842543792966496	0.0075823322539619875	0.0	0.140377356211983	0.135363612318124	0.10382845619538006	1.052095913337654	0.168705811291331	0.41512341463134705	0.17549707704083695	0.039245967484142	0.18597335632601103	0.025615949878636024	0.34925415571127394	0.45404975641922396	0.291637441849101	-1	0.09786030848878102	0.11096923779318701	1.195950491290024	0.339862472480304	0.36013709053406406	-1	0.142568482156881
STM_MW42591_20-218	0.730156728933571	1.196624357943871	0.13715681495451193	0.449193169962501	0.581096788043432	0.264346903470035	0.13920785899092003	0.12488287617162797	1.2647262329105309	0.029769712063250076	0.35839929760938405	0.393399923266161	0.041951918282318035	0.14795968846594498	0.140377356211983	0.0	0.005013743893859002	0.24420581240736305	0.9117185571256711	0.028328455079348003	0.55550077084333	0.03511972082885395	0.101131388727841	0.326350712537994	0.11476140633334697	0.20887679949929094	0.31367240020724096	0.151260085637118	-1	0.04251704772320197	0.25134659400517	1.055573135078041	0.199485116268321	0.21975973432208107	-1	0.002191125944898009
t4215_30-228	0.73517047282743	1.20163810183773	0.14217055884837093	0.45420691385636003	0.576083044149573	0.259333159576176	0.14422160288477903	0.12989662006548697	1.26973997680439	0.024755968169391074	0.35338555371552505	0.39841366716002	0.03693817438845903	0.14294594457208598	0.135363612318124	0.005013743893859002	0.0	0.23919206851350405	0.9167323010195301	0.033342198973207005	0.550487026949471	0.04013346472271295	0.096117644833982	0.321336968644135	0.10974766243948797	0.21389054339314995	0.31868614410109997	0.15627382953097702	-1	0.03750330382934297	0.246332850111311	1.0605868789719	0.20449886016218	0.22477347821594007	-1	0.007204869838757011
NCTC13441_02292_1-205	0.974362541340934	1.440830170351234	0.381362627361875	0.6933989823698641	0.33689097563606896	0.020141091062671923	0.3834136713982831	0.369088688578991	1.508932045317894	0.21443610034411298	0.114193485202021	0.6376057356735241	0.20225389412504502	0.09624612394141807	0.10382845619538006	0.24420581240736305	0.23919206851350405	0.0	1.1559243695330341	0.27253426748671106	0.311294958435967	0.279325533236217	0.14307442367952206	0.08214490013063097	0.12944440607401608	0.453082611906654	0.557878212614604	0.39546589804448107	-1	0.20168876468416108	0.0071407815978069555	1.299778947485404	0.44369092867568405	0.4639655467294441	-1	0.24639693835226106
ETEC_1100_1-184	0.1815618281921001	0.28490580081819994	0.7745617421711591	0.46252538716317004	1.492815345169103	1.176065460595706	0.772510698134751	0.7868356809540431	0.3530076757848599	0.9414882691889211	1.2701178547350551	0.51831863385951	0.9536704754079891	1.059678245591616	1.052095913337654	0.9117185571256711	0.9167323010195301	1.1559243695330341	0.0	0.8833901020463231	1.4672193279690011	0.8765988362968171	1.012849945853512	1.238069269663665	1.026479963459018	0.7028417576263801	0.5980461569184301	0.7604584714885531	-1	0.954235604848873	1.1630651511308412	0.1438545779523699	0.7122334408573501	0.69195882280359	-1	0.9095274311807731
BN373_21341_1-202	0.701828273854223	1.168295902864523	0.10882835987516393	0.420864714883153	0.60942524312278	0.292675358549383	0.11087940391157203	0.09655442109227996	1.236397777831183	0.05809816714259808	0.38672775268873205	0.365071468186813	0.07028037336166604	0.17628814354529299	0.168705811291331	0.028328455079348003	0.033342198973207005	0.27253426748671106	0.8833901020463231	0.0	0.583829225922678	0.006791265749505948	0.129459843807189	0.35467916761734203	0.14308986141269497	0.18054834441994294	0.28534394512789296	0.12293163055777001	-1	0.07084550280254998	0.279675049084518	1.027244679998693	0.171156661188973	0.19143127924273307	-1	0.026137329134449994
t1416_1-204	1.285657499776901	1.752125128787201	0.692657585797842	1.004693940805831	0.02559601720010199	0.29115386737329507	0.6947086298342501	0.680383647014958	1.820227003753861	0.52573105878008	0.19710147323394597	0.9489006941094911	0.513548852561012	0.40754108237738507	0.41512341463134705	0.55550077084333	0.550487026949471	0.311294958435967	1.4672193279690011	0.583829225922678	0.0	0.590620491672184	0.45436938211548905	0.229150058305336	0.4407393645099831	0.764377570342621	0.869173171050571	0.7067608564804481	-1	0.5129837231201281	0.30415417683816004	1.611073905921371	0.754985887111651	0.7752605051654111	-1	0.5576918967882281
SL1344_0598_17-186	0.695037008104717	1.161504637115017	0.10203709412565798	0.4140734491336471	0.616216508872286	0.29946662429888893	0.10408813816206608	0.08976315534277401	1.229606512081677	0.06488943289210403	0.393519018438238	0.35828020243730707	0.07707163911117199	0.18307940929479893	0.17549707704083695	0.03511972082885395	0.04013346472271295	0.279325533236217	0.8765988362968171	0.006791265749505948	0.590620491672184	0.0	0.13625110955669495	0.361470433366848	0.14988112716220092	0.173757078670437	0.278552679378387	0.11614036480826406	-1	0.07763676855205592	0.28646631483402396	1.020453414249187	0.16436539543946704	0.18464001349322712	-1	0.03292859488395594
STMMW_11451_1-184	0.831288117661412	1.297755746671712	0.23828820368235293	0.550324558690342	0.479965399315591	0.16321551474219398	0.24033924771876103	0.22601426489946896	1.365857621638372	0.07136167666459092	0.25726790888154305	0.494531311994002	0.059179470445522964	0.046828299738103984	0.039245967484142	0.101131388727841	0.096117644833982	0.14307442367952206	1.012849945853512	0.129459843807189	0.45436938211548905	0.13625110955669495	0.0	0.22521932381015303	0.013630017605505973	0.31000818822713194	0.41480378893508196	0.252391474364959	-1	0.058614341004639026	0.150215205277329	1.156704523805882	0.300616504996162	0.32089112304992207	-1	0.10332251467273901
STMMW_14951_1-204	1.056507441471565	1.522975070481865	0.46350752749250596	0.775543882500495	0.254746075505438	0.06200380906795905	0.46555857152891406	0.451233588709622	1.591076945448525	0.29658100047474395	0.03204858507139002	0.719750635804155	0.284398794255676	0.17839102407204904	0.18597335632601103	0.326350712537994	0.321336968644135	0.08214490013063097	1.238069269663665	0.35467916761734203	0.229150058305336	0.361470433366848	0.22521932381015303	0.0	0.21158930620464705	0.5352275120372849	0.6400231127452349	0.47761079817511204	-1	0.28383366481479205	0.07500411853282402	1.381923847616035	0.525835828806315	0.546110446860075	-1	0.32854183848289203
STM_MW14951_1-205	0.844918135266918	1.311385764277218	0.2519182212878589	0.563954576295848	0.46633538171008504	0.149585497136688	0.253969265324267	0.23964428250497494	1.379487639243878	0.0849916942700969	0.24363789127603708	0.508161329599508	0.07280948805102894	0.03319828213259801	0.025615949878636024	0.11476140633334697	0.10974766243948797	0.12944440607401608	1.026479963459018	0.14308986141269497	0.4407393645099831	0.14988112716220092	0.013630017605505973	0.21158930620464705	0.0	0.3236382058326379	0.42843380654058794	0.266021491970465	-1	0.072244358610145	0.13658518767182304	1.170334541411388	0.31424652260166797	0.33452114065542804	-1	0.11695253227824498
ROD_14771_1-204	0.52127992943428	0.9877475584445801	0.07171998454477901	0.24031637046321008	0.789973587542723	0.4732237029693259	0.06966894050837091	0.08399392332766298	1.05584943341124	0.23864651156254102	0.567276097108675	0.18452312376687008	0.250828717781609	0.3568364879652359	0.34925415571127394	0.20887679949929094	0.21389054339314995	0.453082611906654	0.7028417576263801	0.18054834441994294	0.764377570342621	0.173757078670437	0.31000818822713194	0.5352275120372849	0.3236382058326379	0.0	0.10479560070795002	0.05761671386217293	-1	0.2513938472224929	0.46022339350446095	0.84669633557875	0.00939168323096995	0.010882934822790125	-1	0.20668567355439293
SL1344_1074_1-184	0.41648432872633	0.88295195773663	0.17651558525272903	0.13552076975526006	0.894769188250673	0.5780193036772759	0.17446454121632093	0.188789524035613	0.95105383270329	0.34344211227049104	0.672071697816625	0.07972752305892006	0.355624318489559	0.46163208867318595	0.45404975641922396	0.31367240020724096	0.31868614410109997	0.557878212614604	0.5980461569184301	0.28534394512789296	0.869173171050571	0.278552679378387	0.41480378893508196	0.6400231127452349	0.42843380654058794	0.10479560070795002	0.0	0.16241231457012295	-1	0.35618944793044294	0.565018994212411	0.7419007348708	0.11418728393891997	0.0939126658851599	-1	0.31148127426234296
ENC_12170_1-204	0.578896643296453	1.0453642723067529	0.014103270682606084	0.297933084325383	0.73235687368055	0.415606989107153	0.012052226646197983	0.026377209465490048	1.1134661472734129	0.1810297977003681	0.5096593832465021	0.242139837629043	0.19321200391943605	0.299219774103063	0.291637441849101	0.151260085637118	0.15627382953097702	0.39546589804448107	0.7604584714885531	0.12293163055777001	0.7067608564804481	0.11614036480826406	0.252391474364959	0.47761079817511204	0.266021491970465	0.05761671386217293	0.16241231457012295	0.0	-1	0.19377713336032	0.402606679642288	0.904313049440923	0.04822503063120298	0.06849964868496305	-1	0.14906895969222
b1591_1-204	-1	-1	-1	-1	-1	-1	-1	-1	-1	-1	-1	-1	-1	-1	-1	-1	-1	-1	-1	-1	-1	-1	-1	-1	-1	-1	-1	-1	-1	-1	-1	-1	-1	-1	-1	-1
ERS227112_03535_1-184	0.772673776656773	1.2391414056670729	0.1796738626777139	0.491710217685703	0.53857974032023	0.221829855746833	0.181724906714122	0.16739992389482994	1.3072432806337329	0.012747335659951897	0.3158822498861821	0.435916970989363	0.000565129440883938	0.10544264074274301	0.09786030848878102	0.04251704772320197	0.03750330382934297	0.20168876468416108	0.954235604848873	0.07084550280254998	0.5129837231201281	0.07763676855205592	0.058614341004639026	0.28383366481479205	0.072244358610145	0.2513938472224929	0.35618944793044294	0.19377713336032	-1	0.0	0.20882954628196804	1.098090182801243	0.24200216399152297	0.26227678204528304	-1	0.04470817366809998
ERS227112_05107_1-203	0.981503322938741	1.4479709519490411	0.38850340895968194	0.700539763967671	0.329750194038262	0.013000309464864968	0.39055445299609004	0.376229470176798	1.516072826915701	0.22157688194191993	0.10705270360421404	0.644746517271331	0.20939467572285198	0.10338690553922503	0.11096923779318701	0.25134659400517	0.246332850111311	0.0071407815978069555	1.1630651511308412	0.279675049084518	0.30415417683816004	0.28646631483402396	0.150215205277329	0.07500411853282402	0.13658518767182304	0.46022339350446095	0.565018994212411	0.402606679642288	-1	0.20882954628196804	0.0	1.3069197290832109	0.450831710273491	0.4711063283272511	-1	0.253537719950068
SEN0579_10-186	0.32541640614447	0.14105122286583005	0.918416320123529	0.6063799651155399	1.636669923121473	1.319920038548076	0.9163652760871209	0.930690258906413	0.20915309783249003	1.0853428471412911	1.413972432687425	0.6621732118118799	1.0975250533603589	1.203532823543986	1.195950491290024	1.055573135078041	1.0605868789719	1.299778947485404	0.1438545779523699	1.027244679998693	1.611073905921371	1.020453414249187	1.156704523805882	1.381923847616035	1.170334541411388	0.84669633557875	0.7419007348708	0.904313049440923	-1	1.098090182801243	1.3069197290832109	0.0	0.85608801880972	0.8358134007559599	-1	1.053382009133143
STMMW_06751_17-186	0.53067161266525	0.99713924167555	0.062328301313809065	0.24970805369418003	0.780581904311753	0.46383201973835597	0.060277257277400964	0.07460224009669303	1.06524111664221	0.22925482833157107	0.557884413877705	0.19391480699784003	0.24143703455063903	0.347444804734266	0.339862472480304	0.199485116268321	0.20449886016218	0.44369092867568405	0.7122334408573501	0.171156661188973	0.754985887111651	0.16436539543946704	0.300616504996162	0.525835828806315	0.31424652260166797	0.00939168323096995	0.11418728393891997	0.04822503063120298	-1	0.24200216399152297	0.450831710273491	0.85608801880972	0.0	0.020274618053760074	-1	0.19729399032342299
CS17_01769_1-205	0.5103969946114899	0.9768646236217899	0.08260291936756914	0.22943343564041996	0.8008565223655131	0.48410663779211605	0.08055187533116104	0.0948768581504531	1.04496649858845	0.24952944638533114	0.5781590319314651	0.17364018894407995	0.2617116526043991	0.36771942278802605	0.36013709053406406	0.21975973432208107	0.22477347821594007	0.4639655467294441	0.69195882280359	0.19143127924273307	0.7752605051654111	0.18464001349322712	0.32089112304992207	0.546110446860075	0.33452114065542804	0.010882934822790125	0.0939126658851599	0.06849964868496305	-1	0.26227678204528304	0.4711063283272511	0.8358134007559599	0.020274618053760074	0.0	-1	0.21756860837718306
b1035_1-184	-1	-1	-1	-1	-1	-1	-1	-1	-1	-1	-1	-1	-1	-1	-1	-1	-1	-1	-1	-1	-1	-1	-1	-1	-1	-1	-1	-1	-1	-1	-1	-1	-1	-1	-1	-1
SEN4080_19-217	0.727965602988673	1.194433231998973	0.13496568900961392	0.447002044017603	0.58328791398833	0.266538029414933	0.13701673304602202	0.12269175022672996	1.262535106965633	0.031960838008148085	0.36059042355428206	0.391208797321263	0.044143044227216044	0.150150814410843	0.142568482156881	0.002191125944898009	0.007204869838757011	0.24639693835226106	0.9095274311807731	0.026137329134449994	0.5576918967882281	0.03292859488395594	0.10332251467273901	0.32854183848289203	0.11695253227824498	0.20668567355439293	0.31148127426234296	0.14906895969222	-1	0.04470817366809998	0.253537719950068	1.053382009133143	0.19729399032342299	0.21756860837718306	-1	0.0
