SEN3308_1-252	0.0	-1	0.3147827409465044	0.32763088592279166	0.07284753034712077	0.4605304195746931	0.327314497534672	0.9820543528188133	0.6908634981596595	1.0667080292376305	0.21567240816763444	0.43117312617094794	0.5621880791048446
b3385_1-252	-1	-1	-1	-1	-1	-1	-1	-1	-1	-1	-1	-1	-1
t4025_1-252	0.3147827409465044	-1	0.0	0.642413626869296	0.38763027129362515	0.7753131605211975	0.6420972384811764	1.2968370937653177	1.0056462391061638	1.381490770184135	0.5304551491141388	0.7459558671174523	0.876970820051349
NCTC13441_00315_1-252	0.32763088592279166	-1	0.642413626869296	0.0	0.2547833555756709	0.13289953365190144	0.0003163883881196483	0.6544234668960216	0.36323261223686787	0.7390771433148389	0.11195847775515722	0.10354224024815628	0.23455719318205293
SL1344_3449_1-252	0.07284753034712077	-1	0.38763027129362515	0.2547833555756709	0.0	0.3876828892275723	0.25446696718755124	0.9092068224716925	0.6180159678125388	0.9938604988905098	0.14282487782051367	0.35832559582382717	0.4893405487577238
STMMW_34721_1-252	0.4605304195746931	-1	0.7753131605211975	0.13289953365190144	0.3876828892275723	0.0	0.13321592204002108	0.5215239332441202	0.23033307858496643	0.6061776096629374	0.24485801140705865	0.029357293403745155	0.10165765953015149
STM_MW34721_1-252	0.327314497534672	-1	0.6420972384811764	0.0003163883881196483	0.25446696718755124	0.13321592204002108	0.0	0.6547398552841412	0.3635490006249875	0.7393935317029585	0.11164208936703757	0.10385862863627593	0.23487358157017257
ENC_25820_1-253	0.9820543528188133	-1	1.2968370937653177	0.6544234668960216	0.9092068224716925	0.5215239332441202	0.6547398552841412	0.0	0.29119085465915373	0.08465367641881727	0.7663819446511788	0.5508812266478653	0.4198662737139687
BN373_43931_1-253	0.6908634981596595	-1	1.0056462391061638	0.36323261223686787	0.6180159678125388	0.23033307858496643	0.3635490006249875	0.29119085465915373	0.0	0.375844531077971	0.4751910899920251	0.2596903719887116	0.12867541905481494
CS17_03806_1-252	1.0667080292376305	-1	1.381490770184135	0.7390771433148389	0.9938604988905098	0.6061776096629374	0.7393935317029585	0.08465367641881727	0.375844531077971	0.0	0.8510356210699961	0.6355349030666826	0.5045199501327859
ROD_44381_1-252	0.21567240816763444	-1	0.5304551491141388	0.11195847775515722	0.14282487782051367	0.24485801140705865	0.11164208936703757	0.7663819446511788	0.4751910899920251	0.8510356210699961	0.0	0.2155007180033135	0.34651567093721014
ETEC_3635_1-252	0.43117312617094794	-1	0.7459558671174523	0.10354224024815628	0.35832559582382717	0.029357293403745155	0.10385862863627593	0.5508812266478653	0.2596903719887116	0.6355349030666826	0.2155007180033135	0.0	0.13101495293389664
ERS227112_00829_1-253	0.5621880791048446	-1	0.876970820051349	0.23455719318205293	0.4893405487577238	0.10165765953015149	0.23487358157017257	0.4198662737139687	0.12867541905481494	0.5045199501327859	0.34651567093721014	0.13101495293389664	0.0
