ERS227112_02974_6-837	0.0	0.6499698984900936	0.46284393905358057	0.09842558914144316	0.2035467737305371	-1	0.5333773760106545	0.4428222127074798	0.6777974142480215	0.5829725567395319
Ecoli9000q_43740_1-815	0.6499698984900936	0.0	0.34836423349075574	0.6117568363807293	0.5605139260350223	-1	0.2498647011210955	0.3717802297704676	0.07950035050668419	0.16065451526823482
CS17_00336_12-832	0.46284393905358057	0.34836423349075574	0.0	0.4042021884417803	0.32556483767110245	-1	0.13130902187494736	0.035934179004859255	0.4001695053309325	0.22363820576518437
ROD_29221_1-828	0.09842558914144316	0.6117568363807293	0.4042021884417803	0.0	0.11659734717735443	-1	0.4824358163127243	0.38199467444741747	0.6426223039702851	0.537445342017484
ENC_03210_5-848	0.2035467737305371	0.5605139260350223	0.32556483767110245	0.11659734717735443	0.0	-1	0.4141242591545813	0.3004262285403675	0.5954532229580445	0.47639430727928794
b0291_12-832	-1	-1	-1	-1	-1	-1	-1	-1	-1	-1
ETEC_0350_12-832	0.5333773760106545	0.2498647011210955	0.13130902187494736	0.4824358163127243	0.4141242591545813	-1	0.0	0.16252471898279927	0.3095007203094047	0.10628541819268869
NCTC13441_03679_12-832	0.4428222127074798	0.3717802297704676	0.035934179004859255	0.38199467444741747	0.3004262285403675	-1	0.16252471898279927	0.0	0.421723921698944	0.2515361294517519
BN373_07811_12-832	0.6777974142480215	0.07950035050668419	0.4001695053309325	0.6426223039702851	0.5954532229580445	-1	0.3095007203094047	0.421723921698944	0.0	0.2273827755006129
ERS227112_02643_12-832	0.5829725567395319	0.16065451526823482	0.22363820576518437	0.537445342017484	0.47639430727928794	-1	0.10628541819268869	0.2515361294517519	0.2273827755006129	0.0
