BN373_19751_1-309	0.0	0.4335451317590796	0.13497278781798944	0.01782843697977865	0.25608948601110987	0.2216431539867565	0.05773419218520359
STM_MW16731_1-310	0.4335451317590796	0.0	0.29857234394109017	0.45137356873885826	0.17745564574796974	0.2119019777723231	0.4912793239442832
SEN1355_1-309	0.13497278781798944	0.29857234394109017	0.0	0.1528012247977681	0.12111669819312043	0.08667036616876705	0.19270698000319303
SL1344_1608_1-309	0.01782843697977865	0.45137356873885826	0.1528012247977681	0.0	0.2739179229908885	0.23947159096653514	0.03990575520542494
ERS227112_05257_1-310	0.25608948601110987	0.17745564574796974	0.12111669819312043	0.2739179229908885	0.0	0.03444633202435338	0.31382367819631346
STMMW_16731_1-309	0.2216431539867565	0.2119019777723231	0.08667036616876705	0.23947159096653514	0.03444633202435338	0.0	0.2793773461719601
t1582_1-309	0.05773419218520359	0.4912793239442832	0.19270698000319303	0.03990575520542494	0.31382367819631346	0.2793773461719601	0.0
