NCTC13441_00451_1-162	0.0	0.0801440429856711	0.0840553355568706	0.212045184944702	0.0	0.0541318804334498	0.311034647499235	0.199052126322612	0.298849265402329	0.0705651844563374	0.0701785865429509	0.050241439889551
STMMW_33701_2-163	0.0801440429856711	0.0	0.003911292571199501	0.1319011419590309	0.0801440429856711	0.026012162552221302	0.23089060451356389	0.11890808333694089	0.21870522241665788	0.009578858529333698	0.009965456442720205	0.029902603096120098
SL1344_3344_2-163	0.0840553355568706	0.003911292571199501	0.0	0.12798984938783142	0.0840553355568706	0.029923455123420803	0.22697931194236437	0.11499679076574139	0.21479392984545836	0.013490151100533199	0.013876749013919706	0.0338138956673196
ROD_45671_1-162	0.212045184944702	0.1319011419590309	0.12798984938783142	0.0	0.212045184944702	0.1579133045112522	0.09898946255453298	0.01299305862209002	0.08680408045762697	0.14148000048836462	0.14186659840175112	0.161803745055151
b3249_1-162	0.0	0.0801440429856711	0.0840553355568706	0.212045184944702	0.0	0.0541318804334498	0.311034647499235	0.199052126322612	0.298849265402329	0.0705651844563374	0.0701785865429509	0.050241439889551
t3287_2-163	0.0541318804334498	0.026012162552221302	0.029923455123420803	0.1579133045112522	0.0541318804334498	0.0	0.2569027670657852	0.1449202458891622	0.24471738496887918	0.016433304022887604	0.016046706109501097	0.003890440543898796
BN373_42981_1-162	0.311034647499235	0.23089060451356389	0.22697931194236437	0.09898946255453298	0.311034647499235	0.2569027670657852	0.0	0.111982521176623	0.012185382096906006	0.24046946304289757	0.2408560609562841	0.260793207609684
SEN3205_2-163	0.199052126322612	0.11890808333694089	0.11499679076574139	0.01299305862209002	0.199052126322612	0.1449202458891622	0.111982521176623	0.0	0.09979713907971699	0.12848694186627457	0.1288735397796611	0.148810686433061
STM_MW33701_2-163	0.298849265402329	0.21870522241665788	0.21479392984545836	0.08680408045762697	0.298849265402329	0.24471738496887918	0.012185382096906006	0.09979713907971699	0.0	0.22828408094599156	0.22867067885937808	0.248607825512778
ETEC_3509_1-162	0.0705651844563374	0.009578858529333698	0.013490151100533199	0.14148000048836462	0.0705651844563374	0.016433304022887604	0.24046946304289757	0.12848694186627457	0.22828408094599156	0.0	0.00038659791338650773	0.0203237445667864
CS17_03685_1-162	0.0701785865429509	0.009965456442720205	0.013876749013919706	0.14186659840175112	0.0701785865429509	0.016046706109501097	0.2408560609562841	0.1288735397796611	0.22867067885937808	0.00038659791338650773	0.0	0.019937146653399893
ERS227112_00949_1-162	0.050241439889551	0.029902603096120098	0.0338138956673196	0.161803745055151	0.050241439889551	0.003890440543898796	0.260793207609684	0.148810686433061	0.248607825512778	0.0203237445667864	0.019937146653399893	0.0
