CS17_01982_1-60	0.0	0.069840264509345	0.16092785701385592	-1	0.11557846486995504	0.443997755778885	0.2891697120672	0.21203970767938202	0.17664813517453692	0.05489050069981405
ETEC_1828_1-60	0.069840264509345	0.0	0.09108759250451093	-1	0.18541872937930004	0.51383802028823	0.219329447557855	0.281879972188727	0.10680787066519193	0.12473076520915904
ROD_12551_1-60	0.16092785701385592	0.09108759250451093	0.0	-1	0.27650632188381097	0.6049256127927409	0.12824185505334407	0.37296756469323794	0.015720278160681	0.21581835771366997
b1796_1-60	-1	-1	-1	-1	-1	-1	-1	-1	-1	-1
SL1344_1207_1-60	0.11557846486995504	0.18541872937930004	0.27650632188381097	-1	0.0	0.32841929090892996	0.40474817693715504	0.09646124280942697	0.29222660004449197	0.060687964170140996
STMMW_12781_1-60	0.443997755778885	0.51383802028823	0.6049256127927409	-1	0.32841929090892996	0.0	0.733167467846085	0.23195804809950302	0.6206458909534219	0.38910725507907096
NCTC13441_02085_1-60	0.2891697120672	0.219329447557855	0.12824185505334407	-1	0.40474817693715504	0.733167467846085	0.0	0.501209419746582	0.11252157689266307	0.34406021276701404
SEN1780_1-60	0.21203970767938202	0.281879972188727	0.37296756469323794	-1	0.09646124280942697	0.23195804809950302	0.501209419746582	0.0	0.38868784285391894	0.15714920697956797
STM_MW12781_1-60	0.17664813517453692	0.10680787066519193	0.015720278160681	-1	0.29222660004449197	0.6206458909534219	0.11252157689266307	0.38868784285391894	0.0	0.23153863587435097
t1150_1-60	0.05489050069981405	0.12473076520915904	0.21581835771366997	-1	0.060687964170140996	0.38910725507907096	0.34406021276701404	0.15714920697956797	0.23153863587435097	0.0
