b1464_1-290	0.0	6.276499256392847	6.24667084255747	6.008291300103732	5.69513028088285	5.8083935025352496	6.089128414321011	5.61216334853639	6.473932678446675	6.531157357148959	6.025076516457599	6.181000738276263	6.109965438101481
BN373_21981_1-263	6.276499256392847	0.0	0.029828413835377043	0.268207956289115	0.5813689755099971	0.468105753857597	0.18737084207183596	0.664335907856457	0.19743342205382797	0.254658100756112	0.251422739935248	0.09549851811658405	0.16653381829136604
ETEC_1535_1-290	6.24667084255747	0.029828413835377043	0.0	0.23837954245373794	0.5515405616746201	0.43827734002221996	0.15754242823645892	0.63450749402108	0.227261835889205	0.28448651459148905	0.22159432609987095	0.06567010428120701	0.136705404455989
ERS227112_05050_1-263	6.008291300103732	0.268207956289115	0.23837954245373794	0.0	0.31316101922088213	0.19989779756848203	0.08083711421727902	0.39612795156734204	0.46564137834294295	0.522866057045227	0.016785216353866983	0.17270943817253093	0.10167413799774894
ENC_10720_1-263	5.69513028088285	0.5813689755099971	0.5515405616746201	0.31316101922088213	0.0	0.1132632216524001	0.39399813343816115	0.08296693234645991	0.7788023975638251	0.8360270762661091	0.3299462355747491	0.48587045739341306	0.41483515721863107
ROD_15111_1-262	5.8083935025352496	0.468105753857597	0.43827734002221996	0.19989779756848203	0.1132632216524001	0.0	0.28073491178576104	0.19623015399886	0.665539175911425	0.722763854613709	0.216683013922349	0.37260723574101295	0.30157193556623096
SEN1474_1-292	6.089128414321011	0.18737084207183596	0.15754242823645892	0.08083711421727902	0.39399813343816115	0.28073491178576104	0.0	0.47696506578462106	0.38480426412566393	0.44202894282794797	0.06405189786341203	0.09187232395525191	0.02083702378046992
SL1344_1512_1-292	5.61216334853639	0.664335907856457	0.63450749402108	0.39612795156734204	0.08296693234645991	0.19623015399886	0.47696506578462106	0.0	0.861769329910285	0.918994008612569	0.412913167921209	0.568837389739873	0.497802089565091
t1491_1-292	6.473932678446675	0.19743342205382797	0.227261835889205	0.46564137834294295	0.7788023975638251	0.665539175911425	0.38480426412566393	0.861769329910285	0.0	0.05722467870228404	0.44885616198907596	0.292931940170412	0.363967240345194
STM_MW15761_1-292	6.531157357148959	0.254658100756112	0.28448651459148905	0.522866057045227	0.8360270762661091	0.722763854613709	0.44202894282794797	0.918994008612569	0.05722467870228404	0.0	0.50608084069136	0.35015661887269606	0.42119191904747805
CS17_01626_1-290	6.025076516457599	0.251422739935248	0.22159432609987095	0.016785216353866983	0.3299462355747491	0.216683013922349	0.06405189786341203	0.412913167921209	0.44885616198907596	0.50608084069136	0.0	0.15592422181866394	0.08488892164388195
NCTC13441_02363_1-292	6.181000738276263	0.09549851811658405	0.06567010428120701	0.17270943817253093	0.48587045739341306	0.37260723574101295	0.09187232395525191	0.568837389739873	0.292931940170412	0.35015661887269606	0.15592422181866394	0.0	0.07103530017478199
STMMW_15761_1-292	6.109965438101481	0.16653381829136604	0.136705404455989	0.10167413799774894	0.41483515721863107	0.30157193556623096	0.02083702378046992	0.497802089565091	0.363967240345194	0.42119191904747805	0.08488892164388195	0.07103530017478199	0.0
