ETEC_4744_1-460	0.0	0.049144974683055676	-1	0.39201148730034585	0.4016166328220252	0.6741673463719622	0.15388901217121242	0.0647660114438191	0.48752628786153407	0.23618213414085432	0.18728300863799574	0.4090479131950354	0.04283387700537988
NCTC13441_04005_1-460	0.049144974683055676	0.0	-1	0.4411564619834015	0.3524716581389695	0.6250223716889065	0.2030339868542681	0.01562103676076343	0.4383813131784784	0.28532710882391	0.13813803395494006	0.4581928878780911	0.09197885168843556
b4389_1-460	-1	-1	-1	-1	-1	-1	-1	-1	-1	-1	-1	-1	-1
Ecoli9000q_40370_1-460	0.39201148730034585	0.4411564619834015	-1	0.0	0.793628120122371	1.066178833672308	0.23812247512913343	0.45677749874416496	0.8795377751618799	0.15582935315949153	0.5792944959383416	0.017036425894689566	0.34917761029496597
STMMW_45221_1-460	0.4016166328220252	0.3524716581389695	-1	0.793628120122371	0.0	0.272550713549937	0.5555056449932376	0.3368506213782061	0.08590965503950887	0.6377987669628795	0.21433362418402946	0.8106645460170606	0.4444505098274051
CS17_04858_1-460	0.6741673463719622	0.6250223716889065	-1	1.066178833672308	0.272550713549937	0.0	0.8280563585431746	0.6094013349281431	0.18664105851042812	0.9103494805128165	0.48688433773396644	1.0832152595669977	0.7170012233773421
ERS227112_02322_1-460	0.15388901217121242	0.2030339868542681	-1	0.23812247512913343	0.5555056449932376	0.8280563585431746	0.0	0.21865502361503153	0.6414153000327465	0.08229312196964189	0.34117202080920817	0.255158901023823	0.11105513516583254
STM_MW45221_1-460	0.0647660114438191	0.01562103676076343	-1	0.45677749874416496	0.3368506213782061	0.6094013349281431	0.21865502361503153	0.0	0.42276027641771496	0.3009481455846734	0.12251699719417664	0.4738139246388545	0.10759988844919899
SL1344_4506_1-460	0.48752628786153407	0.4383813131784784	-1	0.8795377751618799	0.08590965503950887	0.18664105851042812	0.6414153000327465	0.42276027641771496	0.0	0.7237084220023884	0.30024327922353833	0.8965742010565695	0.530360164866914
SEN4335_1-460	0.23618213414085432	0.28532710882391	-1	0.15582935315949153	0.6377987669628795	0.9103494805128165	0.08229312196964189	0.3009481455846734	0.7237084220023884	0.0	0.42346514277885006	0.1728657790541811	0.19334825713547443
BN373_04691_1-460	0.18728300863799574	0.13813803395494006	-1	0.5792944959383416	0.21433362418402946	0.48688433773396644	0.34117202080920817	0.12251699719417664	0.30024327922353833	0.42346514277885006	0.0	0.5963309218330312	0.23011688564337562
t4618_1-460	0.4090479131950354	0.4581928878780911	-1	0.017036425894689566	0.8106645460170606	1.0832152595669977	0.255158901023823	0.4738139246388545	0.8965742010565695	0.1728657790541811	0.5963309218330312	0.0	0.36621403618965553
ROD_49121_1-460	0.04283387700537988	0.09197885168843556	-1	0.34917761029496597	0.4444505098274051	0.7170012233773421	0.11105513516583254	0.10759988844919899	0.530360164866914	0.19334825713547443	0.23011688564337562	0.36621403618965553	0.0
