NCTC13441_00884_1-399	0.0	0.19062388160866006	0.10994639226074487	0.03402840406894758	0.07757775225842933	0.4563152263632372	0.40493902477645993	1.1051190687223842	1.3254842936739573	0.2459971196457934	-1
ERS227112_03448_1-404	0.19062388160866006	0.0	0.30057027386940494	0.15659547753971248	0.2682016338670894	0.6469391079718972	0.59556290638512	0.9144951871137241	1.1348604120652972	0.43662100125445347	-1
CS17_03228_1-399	0.10994639226074487	0.30057027386940494	0.0	0.14397479632969246	0.03236864000231554	0.3463688341024923	0.29499263251571506	1.215065460983129	1.4354306859347021	0.13605072738504853	-1
SL1344_0939_2-404	0.03402840406894758	0.15659547753971248	0.14397479632969246	0.0	0.11160615632737692	0.49034363043218476	0.4389674288454075	1.0710906646534366	1.2914558896050097	0.280025523714741	-1
ETEC_3065_1-398	0.07757775225842933	0.2682016338670894	0.03236864000231554	0.11160615632737692	0.0	0.37873747410480785	0.3273612725180306	1.1826968209808135	1.4030620459323866	0.16841936738736407	-1
BN373_15751_1-383	0.4563152263632372	0.6469391079718972	0.3463688341024923	0.49034363043218476	0.37873747410480785	0.0	0.05137620158677725	1.5614342950856215	1.7817995200371946	0.21031810671744378	-1
ROD_34021_1-399	0.40493902477645993	0.59556290638512	0.29499263251571506	0.4389674288454075	0.3273612725180306	0.05137620158677725	0.0	1.5100580934988441	1.7304233184504172	0.15894190513066653	-1
STM_MW10131_2-405	1.1051190687223842	0.9144951871137241	1.215065460983129	1.0710906646534366	1.1826968209808135	1.5614342950856215	1.5100580934988441	0.0	0.22036522495157307	1.3511161883681777	-1
SEN0906_2-404	1.3254842936739573	1.1348604120652972	1.4354306859347021	1.2914558896050097	1.4030620459323866	1.7817995200371946	1.7304233184504172	0.22036522495157307	0.0	1.5714814133197508	-1
STMMW_10131_2-404	0.2459971196457934	0.43662100125445347	0.13605072738504853	0.280025523714741	0.16841936738736407	0.21031810671744378	0.15894190513066653	1.3511161883681777	1.5714814133197508	0.0	-1
b2871_1-398	-1	-1	-1	-1	-1	-1	-1	-1	-1	-1	-1
