ETEC_3782_1-63	0.0	0.23005923355804403	0.042046729359463964	0.6139093365829119	1.1925669532245622	0.37231948422681194	0.41641449546490195	0.05531679035192205	0.05295844179269105	0.202187438748479	0.005466375961201031	-1	0.213571276457458
t3894_1-63	0.23005923355804403	0.0	0.18801250419858007	0.3838501030248679	0.962507719666518	0.1422602506687679	0.18635526190685792	0.2853760239099661	0.2830176753507351	0.432246672306523	0.23552560951924506	-1	0.443630510015502
ROD_42701_1-63	0.042046729359463964	0.18801250419858007	0.0	0.571862607223448	1.1505202238650982	0.330272754867348	0.374367766105438	0.09736351971138602	0.09500517115215501	0.24423416810794296	0.047513105320664994	-1	0.25561800581692196
ENC_27350_1-62	0.6139093365829119	0.3838501030248679	0.571862607223448	0.0	0.5786576166416502	0.24158985235609998	0.19749484111800997	0.669226126934834	0.666867778375603	0.8160967753313909	0.6193757125441129	-1	0.8274806130403699
BN373_45241_1-65	1.1925669532245622	0.962507719666518	1.1505202238650982	0.5786576166416502	0.0	0.8202474689977501	0.7761524577596601	1.2478837435764842	1.2455253950172531	1.394754391973041	1.1980333291857632	-1	1.40613822968202
STMMW_36121_1-63	0.37231948422681194	0.1422602506687679	0.330272754867348	0.24158985235609998	0.8202474689977501	0.0	0.04409501123809001	0.427636274578734	0.425277926019503	0.5745069229752909	0.37778586018801297	-1	0.5858907606842699
ERS227112_00696_1-65	0.41641449546490195	0.18635526190685792	0.374367766105438	0.19749484111800997	0.7761524577596601	0.04409501123809001	0.0	0.471731285816824	0.469372937257593	0.6186019342133809	0.421880871426103	-1	0.6299857719223599
SL1344_3588_1-63	0.05531679035192205	0.2853760239099661	0.09736351971138602	0.669226126934834	1.2478837435764842	0.427636274578734	0.471731285816824	0.0	0.002358348559231005	0.14687064839655695	0.04985041439072102	-1	0.15825448610553594
CS17_03975_1-63	0.05295844179269105	0.2830176753507351	0.09500517115215501	0.666867778375603	1.2455253950172531	0.425277926019503	0.469372937257593	0.002358348559231005	0.0	0.14922899695578795	0.047492065831490016	-1	0.16061283466476695
NCTC13441_00152_1-63	0.202187438748479	0.432246672306523	0.24423416810794296	0.8160967753313909	1.394754391973041	0.5745069229752909	0.6186019342133809	0.14687064839655695	0.14922899695578795	0.0	0.19672106278727797	-1	0.011383837708978994
SEN3446_1-63	0.005466375961201031	0.23552560951924506	0.047513105320664994	0.6193757125441129	1.1980333291857632	0.37778586018801297	0.421880871426103	0.04985041439072102	0.047492065831490016	0.19672106278727797	0.0	-1	0.20810490049625696
b3537_1-63	-1	-1	-1	-1	-1	-1	-1	-1	-1	-1	-1	-1	-1
STM_MW36121_1-63	0.213571276457458	0.443630510015502	0.25561800581692196	0.8274806130403699	1.40613822968202	0.5858907606842699	0.6299857719223599	0.15825448610553594	0.16061283466476695	0.011383837708978994	0.20810490049625696	-1	0.0
