SEN3525_1-143	0.0	0.9021511677151907	0.9544554733951152	0.17876380903010802	0.965068913094904	-1	0.9767215772955782	0.10719651456981882	0.013099432385172971	0.47448748236828153	0.15224644398288012	0.22845064770485157	0.7056418090666189	0.5077104861104165	0.09246852669095307	0.365093628608244	0.11026405096328684
Ecoli9000q_5310_1-132	0.9021511677151907	0.0	0.052304305679924445	0.7233873586850826	0.06291774537971334	-1	1.878872745010769	0.7949546531453718	0.9152506001003636	0.42766368534690913	1.0543976116980707	0.6737005200103391	0.19650935864857177	1.4098616538256072	0.8096826410242376	1.2672447963234346	1.0124152186784774
ERS227112_05065_1-133	0.9544554733951152	0.052304305679924445	0.0	0.7756916643650071	0.010613439699788896	-1	1.9311770506906933	0.8472589588252963	0.9675549057802881	0.4799679910268336	1.1067019173779953	0.7260048256902636	0.24881366432849622	1.4621659595055316	0.8619869467041621	1.3195491020033592	1.064719524358402
ETEC_3854_1-143	0.17876380903010802	0.7233873586850826	0.7756916643650071	0.0	0.7863051040647959	-1	1.1554853863256862	0.0715672944602892	0.191863241415281	0.2957236733381735	0.33101025301298814	0.04968683867474355	0.5268780000365109	0.6864742951405245	0.08629528233915496	0.543857437638352	0.28902785999339486
ENC_10910_1-136	0.965068913094904	0.06291774537971334	0.010613439699788896	0.7863051040647959	0.0	-1	1.9417904903904821	0.8578723985250851	0.9781683454800769	0.49058143072662247	1.117315357077784	0.7366182653900524	0.2594271040282851	1.4727793992053204	0.8726003864039509	1.330162541703148	1.0753329640581908
b3611_1-143	-1	-1	-1	-1	-1	-1	-1	-1	-1	-1	-1	-1	-1	-1	-1	-1	-1
CS17_04060_1-144	0.9767215772955782	1.878872745010769	1.9311770506906933	1.1554853863256862	1.9417904903904821	-1	0.0	1.083918091865397	0.9636221449104052	1.4512090596638596	0.8244751333126981	1.2051722250004298	1.682363386362197	0.4690110911851617	1.0691901039865312	0.6116279486873342	0.8664575263322913
ERS227112_00623_1-144	0.10719651456981882	0.7949546531453718	0.8472589588252963	0.0715672944602892	0.8578723985250851	-1	1.083918091865397	0.0	0.1202959469549918	0.3672909677984627	0.25944295855269894	0.12125413313503275	0.5984452944968001	0.6149070006802353	0.014727987878865756	0.47229014317806284	0.21746056553310567
NCTC13441_00072_1-144	0.013099432385172971	0.9152506001003636	0.9675549057802881	0.191863241415281	0.9781683454800769	-1	0.9636221449104052	0.1202959469549918	0.0	0.4875869147534545	0.13914701159770715	0.24155008009002454	0.7187412414517919	0.4946110537252435	0.10556795907612604	0.35199419622307104	0.09716461857811387
t3816_1-143	0.47448748236828153	0.42766368534690913	0.4799679910268336	0.2957236733381735	0.49058143072662247	-1	1.4512090596638596	0.3672909677984627	0.4875869147534545	0.0	0.6267339263511617	0.24603683466342996	0.23115432669833735	0.982197968478698	0.38201895567732846	0.8395811109765255	0.5847515333315684
STMMW_36911_1-143	0.15224644398288012	1.0543976116980707	1.1067019173779953	0.33101025301298814	1.117315357077784	-1	0.8244751333126981	0.25944295855269894	0.13914701159770715	0.6267339263511617	0.0	0.3806970916877317	0.857888253049499	0.35546404212753635	0.2447149706738332	0.2128471846253639	0.04198239301959328
STM_MW36911_1-144	0.22845064770485157	0.6737005200103391	0.7260048256902636	0.04968683867474355	0.7366182653900524	-1	1.2051722250004298	0.12125413313503275	0.24155008009002454	0.24603683466342996	0.3806970916877317	0.0	0.4771911613617673	0.736161133815268	0.1359821210138985	0.5935442763130956	0.3387146986681384
BN373_21821_1-132	0.7056418090666189	0.19650935864857177	0.24881366432849622	0.5268780000365109	0.2594271040282851	-1	1.682363386362197	0.5984452944968001	0.7187412414517919	0.23115432669833735	0.857888253049499	0.4771911613617673	0.0	1.2133522951770352	0.6131732823756658	1.070735437674863	0.8159058600299057
BN373_45971_1-143	0.5077104861104165	1.4098616538256072	1.4621659595055316	0.6864742951405245	1.4727793992053204	-1	0.4690110911851617	0.6149070006802353	0.4946110537252435	0.982197968478698	0.35546404212753635	0.736161133815268	1.2133522951770352	0.0	0.6001790128013695	0.14261685750217246	0.39744643514712963
SL1344_3669_1-143	0.09246852669095307	0.8096826410242376	0.8619869467041621	0.08629528233915496	0.8726003864039509	-1	1.0691901039865312	0.014727987878865756	0.10556795907612604	0.38201895567732846	0.2447149706738332	0.1359821210138985	0.6131732823756658	0.6001790128013695	0.0	0.4575621552991971	0.2027325776542399
ENC_02290_1-143	0.365093628608244	1.2672447963234346	1.3195491020033592	0.543857437638352	1.330162541703148	-1	0.6116279486873342	0.47229014317806284	0.35199419622307104	0.8395811109765255	0.2128471846253639	0.5935442763130956	1.070735437674863	0.14261685750217246	0.4575621552991971	0.0	0.2548295776449572
ROD_42051_1-143	0.11026405096328684	1.0124152186784774	1.064719524358402	0.28902785999339486	1.0753329640581908	-1	0.8664575263322913	0.21746056553310567	0.09716461857811387	0.5847515333315684	0.04198239301959328	0.3387146986681384	0.8159058600299057	0.39744643514712963	0.2027325776542399	0.2548295776449572	0.0
