b3426_1-501	-1	-1	-1	-1	-1	-1	-1	-1	-1	-1	-1	-1	-1	-1	-1	-1	-1	-1	-1	-1	-1	-1	-1	-1	-1	-1
STMMW_23081_1-542	-1	0.0	0.4493928705655721	0.33790687938196995	-1	0.30155483385955606	0.2655563322949599	0.5885452142261931	0.7108381913723401	0.14890633081716986	0.16945829289565606	0.06017053305276998	0.155706744418445	0.09440075352914801	0.09613186159686204	0.044356818117810004	0.09552822294744401	0.43074663415262004	0.10677334352043799	0.0009357512919498934	0.07629686961451199	0.05762861020588006	0.47252805391404407	0.31847711055742	0.622062967646933	0.41486119162858803
STM_MW35151_1-502	-1	0.4493928705655721	0.0	0.787299749947542	-1	0.14783803670601603	0.714949202860532	0.13915234366062096	1.1602310619379121	0.598299201382742	0.27993457766991603	0.3892223375128021	0.2936861261471271	0.3549921170364241	0.35326100896871004	0.4937496886833821	0.3538646476181281	0.8801395047181921	0.3426195270451341	0.450328621857522	0.3730960009510601	0.39176426035969203	0.023135183348471977	0.7678699811229921	0.17267009708136094	0.034531678936984056
ERS227112_00794_1-502	-1	0.33790687938196995	0.787299749947542	0.0	-1	0.639461713241526	0.07235054708701005	0.926452093608163	0.3729313119903701	0.18900054856480009	0.507365172277626	0.39807741243473993	0.49361362380041496	0.43230763291111796	0.434038740978832	0.29355006126415994	0.43343510232941396	0.0928397547706501	0.44468022290240794	0.33697112809002006	0.41420374899648194	0.39553548958785	0.810434933296014	0.019429768824549942	0.959969847028903	0.752768071010558
b2241_1-542	-1	-1	-1	-1	-1	-1	-1	-1	-1	-1	-1	-1	-1	-1	-1	-1	-1	-1	-1	-1	-1	-1	-1	-1	-1	-1
SEN3351_1-502	-1	0.30155483385955606	0.14783803670601603	0.639461713241526	-1	0.0	0.567111166154516	0.286990380366637	1.012393025231896	0.4504611646767259	0.1320965409639	0.24138430080678608	0.14584808944111105	0.20715408033040805	0.20542297226269401	0.34591165197736606	0.20602661091211205	0.7323014680121761	0.19478149033911807	0.30249058515150595	0.22525796424504407	0.243926223653676	0.170973220054488	0.6200319444169761	0.32050813378737697	0.11330635776903197
BN373_44311_1-502	-1	0.2655563322949599	0.714949202860532	0.07235054708701005	-1	0.567111166154516	0.0	0.854101546521153	0.44528185907738016	0.11665000147779003	0.43501462519061596	0.3257268653477299	0.4212630767134049	0.3599570858241079	0.36168819389182194	0.2211995141771499	0.3610845552424039	0.16519030185766015	0.3723296758153979	0.26462058100301	0.3418532019094719	0.32318494250083996	0.738084386209004	0.05292077826246011	0.8876192999418929	0.6804175239235479
t3987_1-502	-1	0.5885452142261931	0.13915234366062096	0.926452093608163	-1	0.286990380366637	0.854101546521153	0.0	1.2993834055985332	0.737451545043363	0.419086921330537	0.5283746811734231	0.43283846980774804	0.49414446069704504	0.492413352629331	0.6329020323440031	0.49301699127874904	1.0192918483788131	0.48177187070575506	0.589480965518143	0.512248344611681	0.530916604020313	0.11601716031214898	0.9070223247836131	0.03351775342073998	0.17368402259760501
ENC_26210_1-502	-1	0.7108381913723401	1.1602310619379121	0.3729313119903701	-1	1.012393025231896	0.44528185907738016	1.2993834055985332	0.0	0.5619318605551702	0.8802964842679961	0.77100872442511	0.8665449357907851	0.8052389449014881	0.8069700529692021	0.66648137325453	0.8063664143197841	0.28009155721972	0.817611534892778	0.7099024400803902	0.787135060986852	0.7684668015782201	1.183366245286384	0.39236108081492005	1.332901159019273	1.125699383000928
CS17_03846_1-501	-1	0.14890633081716986	0.598299201382742	0.18900054856480009	-1	0.4504611646767259	0.11665000147779003	0.737451545043363	0.5619318605551702	0.0	0.3183646237128259	0.20907686386993984	0.30461307523561487	0.24330708434631787	0.2450381924140319	0.10454951269935986	0.24443455376461387	0.2818403033354502	0.25567967433760785	0.14797057952521997	0.22520320043168185	0.20653494102304992	0.6214343847312139	0.16957077974025014	0.7709692984641029	0.5637675224457579
SL1344_2253_1-542	-1	0.16945829289565606	0.27993457766991603	0.507365172277626	-1	0.1320965409639	0.43501462519061596	0.419086921330537	0.8802964842679961	0.3183646237128259	0.0	0.10928775984288608	0.01375154847721105	0.07505753936650805	0.07332643129879401	0.21381511101346606	0.07393006994821205	0.6002049270482761	0.06268494937521807	0.17039404418760595	0.09316142328114407	0.111829682689776	0.303069761018388	0.48793540345307607	0.45260467475127697	0.24540289873293197
NCTC13441_00275_1-501	-1	0.06017053305276998	0.3892223375128021	0.39807741243473993	-1	0.24138430080678608	0.3257268653477299	0.5283746811734231	0.77100872442511	0.20907686386993984	0.10928775984288608	0.0	0.09553621136567503	0.034230220476378026	0.035961328544092064	0.10452735117057999	0.03535768989467403	0.49091716720539	0.04660281046766801	0.061106284344719874	0.016126336561742005	0.0025419228468899213	0.4123575208612741	0.37864764361019	0.561892434594163	0.35469065857581805
ROD_43981_1-502	-1	0.155706744418445	0.2936861261471271	0.49361362380041496	-1	0.14584808944111105	0.4212630767134049	0.43283846980774804	0.8665449357907851	0.30461307523561487	0.01375154847721105	0.09553621136567503	0.0	0.061305990889297	0.059574882821582964	0.200063562536255	0.060178521471001	0.586453378571065	0.04893340089800702	0.1566424957103949	0.07940987480393302	0.09807813421256495	0.31682130949559906	0.474183854975865	0.466356223228488	0.259154447210143
ETEC_2374_1-542	-1	0.09440075352914801	0.3549921170364241	0.43230763291111796	-1	0.20715408033040805	0.3599570858241079	0.49414446069704504	0.8052389449014881	0.24330708434631787	0.07505753936650805	0.034230220476378026	0.061305990889297	0.0	0.0017311080677140378	0.138757571646958	0.001127469418296001	0.525147387681768	0.012372589991289984	0.0953365048210979	0.01810388391463602	0.03677214332326795	0.37812730038489606	0.412877864086568	0.527662214117785	0.32046043809944
NCTC13441_01468_1-542	-1	0.09613186159686204	0.35326100896871004	0.434038740978832	-1	0.20542297226269401	0.36168819389182194	0.492413352629331	0.8069700529692021	0.2450381924140319	0.07332643129879401	0.035961328544092064	0.059574882821582964	0.0017311080677140378	0.0	0.14048867971467205	0.0006036386494180368	0.5268784957494821	0.010641481923575946	0.09706761288881194	0.01983499198235006	0.038503251390981985	0.376396192317182	0.41460897215428205	0.525931106050071	0.318729330031726
SL1344_3493_1-502	-1	0.044356818117810004	0.4937496886833821	0.29355006126415994	-1	0.34591165197736606	0.2211995141771499	0.6329020323440031	0.66648137325453	0.10454951269935986	0.21381511101346606	0.10452735117057999	0.200063562536255	0.138757571646958	0.14048867971467205	0.0	0.139885041065254	0.38638981603481004	0.151130161638248	0.04342106682586011	0.12065368773232199	0.10198542832369006	0.5168848720318541	0.27412029243961	0.666419785764743	0.45921800974639804
ETEC_3675_1-501	-1	0.09552822294744401	0.3538646476181281	0.43343510232941396	-1	0.20602661091211205	0.3610845552424039	0.49301699127874904	0.8063664143197841	0.24443455376461387	0.07393006994821205	0.03535768989467403	0.060178521471001	0.001127469418296001	0.0006036386494180368	0.139885041065254	0.0	0.526274857100064	0.011245120572993983	0.0964639742393939	0.019231353332932022	0.03789961274156395	0.37699983096660006	0.414005333504864	0.526534744699489	0.319332968681144
ERS227112_03932_3-540	-1	0.43074663415262004	0.8801395047181921	0.0928397547706501	-1	0.7323014680121761	0.16519030185766015	1.0192918483788131	0.28009155721972	0.2818403033354502	0.6002049270482761	0.49091716720539	0.586453378571065	0.525147387681768	0.5268784957494821	0.38638981603481004	0.526274857100064	0.0	0.537519977673058	0.42981088286067015	0.507043503767132	0.4883752443585001	0.9032746880666641	0.11226952359520004	1.0528096017995532	0.8456078257812081
ENC_39560_1-542	-1	0.10677334352043799	0.3426195270451341	0.44468022290240794	-1	0.19478149033911807	0.3723296758153979	0.48177187070575506	0.817611534892778	0.25567967433760785	0.06268494937521807	0.04660281046766801	0.04893340089800702	0.012372589991289984	0.010641481923575946	0.151130161638248	0.011245120572993983	0.537519977673058	0.0	0.10770909481238788	0.030476473905926005	0.04914473331455793	0.3657547103936061	0.425250454077858	0.515289624126495	0.30808784810815004
CS17_02492_1-542	-1	0.0009357512919498934	0.450328621857522	0.33697112809002006	-1	0.30249058515150595	0.26462058100301	0.589480965518143	0.7099024400803902	0.14797057952521997	0.17039404418760595	0.061106284344719874	0.1566424957103949	0.0953365048210979	0.09706761288881194	0.04342106682586011	0.0964639742393939	0.42981088286067015	0.10770909481238788	0.0	0.07723262090646188	0.05856436149782995	0.47346380520599396	0.3175413592654701	0.6229987189388829	0.4157969429205379
ROD_26531_1-542	-1	0.07629686961451199	0.3730960009510601	0.41420374899648194	-1	0.22525796424504407	0.3418532019094719	0.512248344611681	0.787135060986852	0.22520320043168185	0.09316142328114407	0.016126336561742005	0.07940987480393302	0.01810388391463602	0.01983499198235006	0.12065368773232199	0.019231353332932022	0.507043503767132	0.030476473905926005	0.07723262090646188	0.0	0.018668259408631926	0.3962311842995321	0.394773980171932	0.545766098032421	0.33856432201407605
STMMW_35151_1-502	-1	0.05762861020588006	0.39176426035969203	0.39553548958785	-1	0.243926223653676	0.32318494250083996	0.530916604020313	0.7684668015782201	0.20653494102304992	0.111829682689776	0.0025419228468899213	0.09807813421256495	0.03677214332326795	0.038503251390981985	0.10198542832369006	0.03789961274156395	0.4883752443585001	0.04914473331455793	0.05856436149782995	0.018668259408631926	0.0	0.414899443708164	0.37610572076330007	0.564434357441053	0.357232581422708
SEN2266_1-542	-1	0.47252805391404407	0.023135183348471977	0.810434933296014	-1	0.170973220054488	0.738084386209004	0.11601716031214898	1.183366245286384	0.6214343847312139	0.303069761018388	0.4123575208612741	0.31682130949559906	0.37812730038489606	0.376396192317182	0.5168848720318541	0.37699983096660006	0.9032746880666641	0.3657547103936061	0.47346380520599396	0.3962311842995321	0.414899443708164	0.0	0.7910051644714641	0.14953491373288896	0.05766686228545603
BN373_32581_3-540	-1	0.31847711055742	0.7678699811229921	0.019429768824549942	-1	0.6200319444169761	0.05292077826246011	0.9070223247836131	0.39236108081492005	0.16957077974025014	0.48793540345307607	0.37864764361019	0.474183854975865	0.412877864086568	0.41460897215428205	0.27412029243961	0.414005333504864	0.11226952359520004	0.425250454077858	0.3175413592654701	0.394773980171932	0.37610572076330007	0.7910051644714641	0.0	0.940540078204353	0.733338302186008
t0580_1-542	-1	0.622062967646933	0.17267009708136094	0.959969847028903	-1	0.32050813378737697	0.8876192999418929	0.03351775342073998	1.332901159019273	0.7709692984641029	0.45260467475127697	0.561892434594163	0.466356223228488	0.527662214117785	0.525931106050071	0.666419785764743	0.526534744699489	1.0528096017995532	0.515289624126495	0.6229987189388829	0.545766098032421	0.564434357441053	0.14953491373288896	0.940540078204353	0.0	0.207201776018345
STM_MW23081_1-542	-1	0.41486119162858803	0.034531678936984056	0.752768071010558	-1	0.11330635776903197	0.6804175239235479	0.17368402259760501	1.125699383000928	0.5637675224457579	0.24540289873293197	0.35469065857581805	0.259154447210143	0.32046043809944	0.318729330031726	0.45921800974639804	0.319332968681144	0.8456078257812081	0.30808784810815004	0.4157969429205379	0.33856432201407605	0.357232581422708	0.05766686228545603	0.733338302186008	0.207201776018345	0.0
