STM_MW01761_1-178	0.0	0.1433258554270074	0.09024540329629488	0.26509525830401626	0.5333651643954862	0.24883320444561263	0.3670537100659475	-1	0.3878702685273656	0.05895468235144416	0.011522712700051615	0.32795755672499005	0.22602151037069562	0.2336214074103929
ETEC_0121_1-178	0.1433258554270074	0.0	0.058345901546458585	0.14214203107262513	0.4552948299413111	0.12315925452751367	0.45777127851009625	-1	0.28545791261419573	0.19383080749900333	0.1333395763568625	0.42427861479063694	0.33695263947891885	0.3434632747742443
BN373_06231_1-178	0.09024540329629488	0.058345901546458585	0.0	0.19219452766850667	0.48707614416540235	0.1743193183347747	0.4241742032659397	-1	0.32714851489560887	0.143879696562728	0.07964036362562903	0.3886062980505707	0.2958695113099494	0.30278355257628886
ENC_46410_1-178	0.26509525830401626	0.14214203107262513	0.19219452766850667	0.0	0.36504037988973564	0.02164905844433882	0.5348447702885839	-1	0.16706248205721747	0.3084213339092731	0.25652844922375984	0.5061128218162411	0.43119953800072847	0.43678473837160325
CS17_00135_1-178	0.5333651643954862	0.4552948299413111	0.48707614416540235	0.36504037988973564	0.0	0.37878665781529797	0.7046452120501365	-1	0.23768637330863757	0.5608754729026687	0.5279255865563295	0.6864015849631099	0.6388346747303998	0.6423810514361301
SL1344_0171_1-178	0.24883320444561263	0.12315925452751367	0.1743193183347747	0.02164905844433882	0.37878665781529797	0.0	0.5245517636321996	-1	0.1850947950636433	0.29311800427047374	0.2400768280612505	0.49518403140856965	0.4186130581171308	0.4243218484229835
ROD_01371_1-178	0.3670537100659475	0.45777127851009625	0.4241742032659397	0.5348447702885839	0.7046452120501365	0.5245517636321996	0.0	-1	0.6125547575060682	0.32740084025322835	0.37434696831942116	0.05817512529481523	0.1822172083397292	0.17410755460259458
b0125_1-178	-1	-1	-1	-1	-1	-1	-1	-1	-1	-1	-1	-1	-1	-1
STMMW_01761_1-178	0.3878702685273656	0.28545791261419573	0.32714851489560887	0.16706248205721747	0.23768637330863757	0.1850947950636433	0.6125547575060682	-1	0.0	0.42395818240420957	0.3807346518353671	0.588622839659855	0.5262247549776188	0.5308768779117483
NCTC13441_03856_5-182	0.05895468235144416	0.19383080749900333	0.143879696562728	0.3084213339092731	0.5608754729026687	0.29311800427047374	0.32740084025322835	-1	0.42395818240420957	0.0	0.06979807718443728	0.2858553879697514	0.17753324402772755	0.18560926002522232
SEN0175_1-178	0.011522712700051615	0.1333395763568625	0.07964036362562903	0.25652844922375984	0.5279255865563295	0.2400768280612505	0.37434696831942116	-1	0.3807346518353671	0.06979807718443728	0.0	0.3357013087210887	0.23493984214271396	0.24245216775227285
t0175_1-178	0.32795755672499005	0.42427861479063694	0.3886062980505707	0.5061128218162411	0.6864015849631099	0.49518403140856965	0.05817512529481523	-1	0.588622839659855	0.2858553879697514	0.3357013087210887	0.0	0.13170397849572862	0.12309340347808202
Ecoli9000q_41770_1-178	0.22602151037069562	0.33695263947891885	0.2958695113099494	0.43119953800072847	0.6388346747303998	0.4186130581171308	0.1822172083397292	-1	0.5262247549776188	0.17753324402772755	0.23493984214271396	0.13170397849572862	0.0	0.009819261312206807
ERS227112_02474_1-178	0.2336214074103929	0.3434632747742443	0.30278355257628886	0.43678473837160325	0.6423810514361301	0.4243218484229835	0.17410755460259458	-1	0.5308768779117483	0.18560926002522232	0.24245216775227285	0.12309340347808202	0.009819261312206807	0.0
