ERS227112_02256_1-268	0.0	0.08971619562979405	0.32206263480128605	0.22634994798871588	0.3399044021139459	0.47049659206263605	0.8085126192794159	6.219519704272156	0.2758342678847101	1.199940590135496	0.0839684108604769	0.15156645157873394	1.098567342705336	0.3149500851112659	0.007583378087900106
ERS227112_04558_1-269	0.08971619562979405	0.0	0.4117788304310801	0.31606614361850993	0.42962059774373995	0.5602127876924301	0.8982288149092099	6.3092358999019496	0.18611807225491606	1.28965678576529	0.17368460649027095	0.241282647208528	1.18828353833513	0.4046662807410599	0.08213281754189394
BN373_27041_1-268	0.32206263480128605	0.4117788304310801	0.0	0.09571268681257017	0.01784176731265985	0.14843395726135	0.4864499844781298	5.89745706947087	0.5978969026859962	0.87787795533421	0.23809422394080915	0.1704961832225521	0.7765047079040499	0.007112549690020176	0.32964601288918616
ETEC_0406_1-269	0.22634994798871588	0.31606614361850993	0.09571268681257017	0.0	0.11355445412523002	0.24414664407392017	0.5821626712907	5.99316975628344	0.502184215873426	0.9735906421467801	0.14238153712823898	0.07478349640998194	0.8722173947166201	0.08860013712255	0.233933326076616
ENC_44680_1-267	0.3399044021139459	0.42962059774373995	0.01784176731265985	0.11355445412523002	0.0	0.13059218994869015	0.46860821716546996	5.87961530215821	0.615738669998656	0.8600361880215501	0.255935991253469	0.18833795053521196	0.7586629405913901	0.024954317002680027	0.347487780201846
CS17_00390_1-270	0.47049659206263605	0.5602127876924301	0.14843395726135	0.24414664407392017	0.13059218994869015	0.0	0.3380160272167798	5.74902311220952	0.7463308599473462	0.72944399807286	0.38652818120215915	0.3189301404839021	0.6280707506426999	0.15554650695137018	0.47807997015053616
STM_MW11151_1-268	0.8085126192794159	0.8982288149092099	0.4864499844781298	0.5821626712907	0.46860821716546996	0.3380160272167798	0.0	5.41100708499274	1.084346887164126	0.39142797085608017	0.724544208418939	0.6569461677006819	0.2900547234259201	0.49356253416815	0.816095997367316
b0350_1-269	6.219519704272156	6.3092358999019496	5.89745706947087	5.99316975628344	5.87961530215821	5.74902311220952	5.41100708499274	0.0	6.495353972156866	5.0195791141366595	6.135551293411679	6.067953252693422	5.12095236156682	5.90456961916089	6.227103082360056
t1814_1-267	0.2758342678847101	0.18611807225491606	0.5978969026859962	0.502184215873426	0.615738669998656	0.7463308599473462	1.084346887164126	6.495353972156866	0.0	1.4757748580202061	0.359802678745187	0.42740071946344405	1.374401610590046	0.590784352995976	0.26825088979681
STMMW_11151_1-267	1.199940590135496	1.28965678576529	0.87787795533421	0.9735906421467801	0.8600361880215501	0.72944399807286	0.39142797085608017	5.0195791141366595	1.4757748580202061	0.0	1.115972179275019	1.048374138556762	0.10137324743016007	0.8849905050242302	1.2075239682233962
NCTC13441_03618_1-270	0.0839684108604769	0.17368460649027095	0.23809422394080915	0.14238153712823898	0.255935991253469	0.38652818120215915	0.724544208418939	6.135551293411679	0.359802678745187	1.115972179275019	0.0	0.06759804071825704	1.014598931844859	0.23098167425078897	0.09155178894837701
BN373_04091_1-267	0.15156645157873394	0.241282647208528	0.1704961832225521	0.07478349640998194	0.18833795053521196	0.3189301404839021	0.6569461677006819	6.067953252693422	0.42740071946344405	1.048374138556762	0.06759804071825704	0.0	0.947000891126602	0.16338363353253194	0.15914982966663405
SL1344_1044_1-267	1.098567342705336	1.18828353833513	0.7765047079040499	0.8722173947166201	0.7586629405913901	0.6280707506426999	0.2900547234259201	5.12095236156682	1.374401610590046	0.10137324743016007	1.014598931844859	0.947000891126602	0.0	0.7836172575940701	1.1061507207932362
CS17_04816_1-268	0.3149500851112659	0.4046662807410599	0.007112549690020176	0.08860013712255	0.024954317002680027	0.15554650695137018	0.49356253416815	5.90456961916089	0.590784352995976	0.8849905050242302	0.23098167425078897	0.16338363353253194	0.7836172575940701	0.0	0.322533463199166
SEN0969_1-267	0.007583378087900106	0.08213281754189394	0.32964601288918616	0.233933326076616	0.347487780201846	0.47807997015053616	0.816095997367316	6.227103082360056	0.26825088979681	1.2075239682233962	0.09155178894837701	0.15914982966663405	1.1061507207932362	0.322533463199166	0.0
