b1939_1-331	0.0	6.416267675159034	6.390715530286318	6.120835898676199	6.569310757149992	6.141481988264973	6.160334070825666	6.362189550292194	6.402059316454406	6.2264942885925745	6.447450589482281	6.269311279808641	6.360636160220653	6.270364491949034
STMMW_19501_1-331	6.416267675159034	0.0	0.025552144872715954	0.2954317764828349	0.15304308199095806	0.2747856868940609	0.255933604333368	0.05407812486683994	0.014208358704627999	0.18977338656645992	0.031182914323247046	0.14695639535039295	0.05563151493838092	0.14590318320999995
ETEC_2042_1-331	6.390715530286318	0.025552144872715954	0.0	0.26987963161011896	0.17859522686367402	0.24923354202134496	0.23038145946065203	0.028525979994123984	0.011343786168087955	0.16422124169374397	0.056735059195963	0.121404250477677	0.030079370065664968	0.120351038337284
ENC_28720_1-328	6.120835898676199	0.2954317764828349	0.26987963161011896	0.0	0.448474858473793	0.020646089588774008	0.03949817214946694	0.24135365161599498	0.2812234177782069	0.105658389916375	0.32661469080608196	0.14847538113244196	0.239800261544454	0.14952859327283496
t0907_1-331	6.569310757149992	0.15304308199095806	0.17859522686367402	0.448474858473793	0.0	0.427828768885019	0.40897668632432604	0.207121206857798	0.16725144069558606	0.342816468557418	0.12186016766771102	0.299999477341351	0.20867459692933898	0.298946265200958
SL1344_1899_1-331	6.141481988264973	0.2747856868940609	0.24923354202134496	0.020646089588774008	0.427828768885019	0.0	0.01885208256069293	0.22070756202722097	0.2605773281894329	0.08501230032760099	0.30596860121730796	0.12782929154366796	0.21915417195568	0.12888250368406096
ENC_42250_1-332	6.160334070825666	0.255933604333368	0.23038145946065203	0.03949817214946694	0.40897668632432604	0.01885208256069293	0.0	0.20185547946652804	0.24172524562873998	0.06616021776690806	0.287116518656615	0.10897720898297503	0.20030208939498706	0.11003042112336803
ROD_20191_1-332	6.362189550292194	0.05407812486683994	0.028525979994123984	0.24135365161599498	0.207121206857798	0.22070756202722097	0.20185547946652804	0.0	0.03986976616221194	0.13569526169961998	0.08526103919008698	0.09287827048355302	0.0015533900715409832	0.09182505834316002
STM_MW19501_1-331	6.402059316454406	0.014208358704627999	0.011343786168087955	0.2812234177782069	0.16725144069558606	0.2605773281894329	0.24172524562873998	0.03986976616221194	0.0	0.17556502786183192	0.045391273027875045	0.13274803664576496	0.04142315623375292	0.13169482450537195
ROD_02381_1-284	6.2264942885925745	0.18977338656645992	0.16422124169374397	0.105658389916375	0.342816468557418	0.08501230032760099	0.06616021776690806	0.13569526169961998	0.17556502786183192	0.0	0.22095630088970697	0.04281699121606697	0.134141871628079	0.04387020335645997
NCTC13441_01885_1-331	6.447450589482281	0.031182914323247046	0.056735059195963	0.32661469080608196	0.12186016766771102	0.30596860121730796	0.287116518656615	0.08526103919008698	0.045391273027875045	0.22095630088970697	0.0	0.17813930967364	0.08681442926162797	0.177086097533247
SEN1039_1-331	6.269311279808641	0.14695639535039295	0.121404250477677	0.14847538113244196	0.299999477341351	0.12782929154366796	0.10897720898297503	0.09287827048355302	0.13274803664576496	0.04281699121606697	0.17813930967364	0.0	0.09132488041201203	0.0010532121403930006
NCTC13441_03741_1-332	6.360636160220653	0.05563151493838092	0.030079370065664968	0.239800261544454	0.20867459692933898	0.21915417195568	0.20030208939498706	0.0015533900715409832	0.04142315623375292	0.134141871628079	0.08681442926162797	0.09132488041201203	0.0	0.09027166827161903
CS17_02174_1-331	6.270364491949034	0.14590318320999995	0.120351038337284	0.14952859327283496	0.298946265200958	0.12888250368406096	0.11003042112336803	0.09182505834316002	0.13169482450537195	0.04387020335645997	0.177086097533247	0.0010532121403930006	0.09027166827161903	0.0
