ETEC_2558_1-278	0.0	0.007743632721392557	0.1962241673112891	0.24031070874303306	0.2323498878676834	0.6743007920740439	0.265469442051696	0.03594443123093838	1.095832514254436	0.01990986838000408	-1	0.6470723133239361
ROD_24021_1-279	0.007743632721392557	0.0	0.18848053458989655	0.24805434146442562	0.24009352058907596	0.6665571593526514	0.2577258093303034	0.043688063952330936	1.0880888815330436	0.027653501101396638	-1	0.6393286806025436
NCTC13441_01276_1-278	0.1962241673112891	0.18848053458989655	0.0	0.4365348760543222	0.4285740551789725	0.4780766247627548	0.06924527474040687	0.2321685985422275	0.8996083469431471	0.2161340356912932	-1	0.450848146012647
t0396_1-279	0.24031070874303306	0.24805434146442562	0.4365348760543222	0.0	0.007960820875349661	0.914611500817077	0.505780150794729	0.20436627751209469	1.3361432229974692	0.22040084036302898	-1	0.8873830220669692
SEN2442_1-279	0.2323498878676834	0.24009352058907596	0.4285740551789725	0.007960820875349661	0.0	0.9066506799417273	0.4978193299193794	0.19640545663674502	1.3281824021221196	0.21244001948767932	-1	0.8794222011916195
STMMW_24811_1-279	0.6743007920740439	0.6665571593526514	0.4780766247627548	0.914611500817077	0.9066506799417273	0.0	0.40883135002234794	0.7102452233049823	0.42153172218039225	0.694210660454048	-1	0.02722847875010781
BN373_34471_1-279	0.265469442051696	0.2577258093303034	0.06924527474040687	0.505780150794729	0.4978193299193794	0.40883135002234794	0.0	0.30141387328263436	0.8303630722027402	0.28537931043170006	-1	0.38160287127224013
ERS227112_03791_1-279	0.03594443123093838	0.043688063952330936	0.2321685985422275	0.20436627751209469	0.19640545663674502	0.7102452233049823	0.30141387328263436	0.0	1.1317769454853746	0.016034562850934297	-1	0.6830167445548745
SL1344_2425_1-279	1.095832514254436	1.0880888815330436	0.8996083469431471	1.3361432229974692	1.3281824021221196	0.42153172218039225	0.8303630722027402	1.1317769454853746	0.0	1.1157423826344401	-1	0.44876020093050006
CS17_02733_1-278	0.01990986838000408	0.027653501101396638	0.2161340356912932	0.22040084036302898	0.21244001948767932	0.694210660454048	0.28537931043170006	0.016034562850934297	1.1157423826344401	0.0	-1	0.6669821817039402
b2454_1-278	-1	-1	-1	-1	-1	-1	-1	-1	-1	-1	-1	-1
STM_MW24811_1-279	0.6470723133239361	0.6393286806025436	0.450848146012647	0.8873830220669692	0.8794222011916195	0.02722847875010781	0.38160287127224013	0.6830167445548745	0.44876020093050006	0.6669821817039402	-1	0.0
