STMMW_19111_1-473	0.0	0.170659612454149	0.3789674310274515	0.5143249341834193	0.016613784900223527	0.4449168760067516	0.3994568525673579	0.40190915549522116	0.5590530962355837	0.33789414189261996	-1	0.1135796456985469	0.288100257792897
ROD_19481_1-473	0.170659612454149	0.0	0.2083078185733025	0.3436653217292702	0.15404582755392549	0.2742572635526026	0.2287972401132089	0.23124954304107215	0.3883934837814348	0.16723452943847095	-1	0.05707996675560212	0.11744064533874798
t0949_1-473	0.3789674310274515	0.2083078185733025	0.0	0.13535750315596773	0.362353646127228	0.06594944497930011	0.020489421539906405	0.022941724467769653	0.1800856652081323	0.04107328913483155	-1	0.2653877853289046	0.09086717323455451
ENC_05910_1-474	0.5143249341834193	0.3436653217292702	0.13535750315596773	0.0	0.4977111492831957	0.06940805817666762	0.11486808161606132	0.11241577868819808	0.044728162052164566	0.17643079229079928	-1	0.40074528848487234	0.22622467639052224
STM_MW19111_1-473	0.016613784900223527	0.15404582755392549	0.362353646127228	0.4977111492831957	0.0	0.4283030911065281	0.3828430676671344	0.38529537059499763	0.5424393113353603	0.32128035699239643	-1	0.09696586079832337	0.27148647289267347
SL1344_1862_1-473	0.4449168760067516	0.2742572635526026	0.06594944497930011	0.06940805817666762	0.4283030911065281	0.0	0.045460023439393704	0.043007720511530456	0.11413622022883219	0.10702273411413166	-1	0.3313372303082047	0.15681661821385462
NCTC13441_01987_1-474	0.3994568525673579	0.2287972401132089	0.020489421539906405	0.11486808161606132	0.3828430676671344	0.045460023439393704	0.0	0.002452302927863248	0.1595962436682259	0.06156271067473795	-1	0.285877206868811	0.11135659477446092
CS17_02084_1-474	0.40190915549522116	0.23124954304107215	0.022941724467769653	0.11241577868819808	0.38529537059499763	0.043007720511530456	0.002452302927863248	0.0	0.15714394074036264	0.0640150136026012	-1	0.28832950979667427	0.11380889770232416
ETEC_1927_1-474	0.5590530962355837	0.3883934837814348	0.1800856652081323	0.044728162052164566	0.5424393113353603	0.11413622022883219	0.1595962436682259	0.15714394074036264	0.0	0.22115895434296384	-1	0.4454734505370369	0.2709528384426868
SEN1076_1-473	0.33789414189261996	0.16723452943847095	0.04107328913483155	0.17643079229079928	0.32128035699239643	0.10702273411413166	0.06156271067473795	0.0640150136026012	0.22115895434296384	0.0	-1	0.22431449619407307	0.04979388409972296
b1896_1-474	-1	-1	-1	-1	-1	-1	-1	-1	-1	-1	-1	-1	-1
ERS227112_04269_1-474	0.1135796456985469	0.05707996675560212	0.2653877853289046	0.40074528848487234	0.09696586079832337	0.3313372303082047	0.285877206868811	0.28832950979667427	0.4454734505370369	0.22431449619407307	-1	0.0	0.1745206120943501
BN373_29781_1-474	0.288100257792897	0.11744064533874798	0.09086717323455451	0.22622467639052224	0.27148647289267347	0.15681661821385462	0.11135659477446092	0.11380889770232416	0.2709528384426868	0.04979388409972296	-1	0.1745206120943501	0.0
