STMMW_35041_1-797	0.0	0.4134328147869755	0.35051762559770533	0.19723958572904793	-1	0.003568384344376199	0.28422306513602624	0.21790782941741269	0.16752059453636908	0.3987810065426409	0.32819047012471403	0.2980703752848165	0.09304649201097799	0.11998130979547149	0.5768861853922959	0.31264094635213807	0.15983551037994698	0.13901968258068897	0.17450138104910384	0.3242026046304811	0.34815613423059266	0.48523371754067746	0.5991613106781999	0.16569125133627885	-1	0.08096818766577189
ROD_43971_1-815	0.4134328147869755	0.0	0.09686974068721994	0.26931226953221044	-1	0.41552591194761446	0.18051678303311666	0.2500024840089046	0.29539736194873323	0.0243701686137328	0.12688469107916014	0.1643504354855641	0.35325550863834965	0.3334605369839382	0.2786609526169772	0.1466364164404732	0.5071870802076281	0.318721725287296	0.289438926065707	0.13203692522032323	0.10014158908948718	0.12240865933818977	0.3166363556866432	0.296942305648232	-1	0.46092609671788726
CS17_03838_1-798	0.35051762559770533	0.09686974068721994	0.0	0.19093871240258012	-1	0.35283522833447073	0.09261902309590021	0.1695577595176671	0.21982169151610437	0.07431053227480026	0.03323435360783891	0.07471867330598835	0.28388570231964283	0.26196752224507186	0.3485368790845369	0.05510464879243695	0.4543279723930759	0.24564782578416772	0.21322415387235383	0.03893921632064803	0.0036227868223094213	0.20742070493744905	0.38283361470635174	0.22153234585811962	-1	0.4031050363739214
SEN3358_1-815	0.19723958572904793	0.26931226953221044	0.19093871240258012	0.0	-1	0.20010414342361735	0.10835546678765254	0.02574646597034207	0.03569937105666598	0.25106048732687963	0.16312573722832682	0.1256050843604947	0.11488250808919205	0.08779163078413771	0.47292640856990176	0.14375566927760744	0.32554920625686323	0.06762048094533263	0.027544812502341257	0.15815804646612774	0.1879969986295395	0.3587547750136371	0.5006745696524756	0.03781374034888017	-1	0.26223764160239116
b3417_1-797	-1	-1	-1	-1	-1	-1	-1	-1	-1	-1	-1	-1	-1	-1	-1	-1	-1	-1	-1	-1	-1	-1	-1	-1	-1	-1
BN373_44321_1-815	0.003568384344376199	0.41552591194761446	0.35283522833447073	0.20010414342361735	-1	0.0	0.28677723234446045	0.2206986348747788	0.1704912010138411	0.4009263869864358	0.33058774473352376	0.30057512996850405	0.09628285070996309	0.12312155471235578	0.5783960181042312	0.3150937076381403	0.15682674413411846	0.14209199126618408	0.1774470773972724	0.32661410947608793	0.3504821636761819	0.48707060148401804	0.6005916571817961	0.16866838561338657	-1	0.07767698465736537
CS17_03851_1-815	0.28422306513602624	0.18051678303311666	0.09261902309590021	0.10835546678765254	-1	0.28677723234446045	0.0	0.08479209767464463	0.14018661582944786	0.16004698646567211	0.06142612711744244	0.019345845715777077	0.21078982708710392	0.18663439443812577	0.4088747569267334	0.03970214718012997	0.39862963683820357	0.16864889895574808	0.13291564827372424	0.055854746845192156	0.08931982295114922	0.28082862497217975	0.4399949623998774	0.14207188165004273	-1	0.34217822632492345
BN373_44261_1-796	0.21790782941741269	0.2500024840089046	0.1695577595176671	0.02574646597034207	-1	0.2206986348747788	0.08479209767464463	0.0	0.06052670438493498	0.23126836443138696	0.14100977462176975	0.10249756855089093	0.13767115547442818	0.11127777252001514	0.45899750627534985	0.1211278165131839	0.3429139306666411	0.09162595850411752	0.052582096894932345	0.1359108033697467	0.16653830547383805	0.34180867444834717	0.48747896424636	0.06258663614011845	-1	0.2812324150570745
ERS227112_00791_1-815	0.16752059453636908	0.29539736194873323	0.21982169151610437	0.03569937105666598	-1	0.1704912010138411	0.14018661582944786	0.06052670438493498	0.0	0.27779715688879597	0.19300162206278657	0.15682043290397152	0.08211457574106713	0.05402076713830793	0.4917426042845344	0.17432305335523277	0.30058036518944337	0.03310286121418931	0.008385536587354936	0.188211274736402	0.21698499507459004	0.3816468262387406	0.5185001734684813	0.002192645352239468	-1	0.23492494326583854
ETEC_3667_1-797	0.3987810065426409	0.0243701686137328	0.07431053227480026	0.25106048732687963	-1	0.4009263869864358	0.16004698646567211	0.23126836443138696	0.27779715688879597	0.0	0.10507522337623175	0.1434768211965537	0.33710053694986497	0.31681110850313027	0.29624010682937085	0.1253203252846553	0.4948771512120159	0.3017041373727991	0.27168988577905556	0.11035615470429735	0.07766410788002574	0.1437957082840699	0.3332900429230547	0.2793806915961179	-1	0.4474606188331229
NCTC13441_00282_1-798	0.32819047012471403	0.12688469107916014	0.03323435360783891	0.16312573722832682	-1	0.33058774473352376	0.06142612711744244	0.14100977462176975	0.19300162206278657	0.10507522337623175	0.0	0.04291041976197986	0.2592679514908302	0.236596293518325	0.3701878348075077	0.02262212695105068	0.4355694892104426	0.21971557736771805	0.18617728188440763	0.00590097789893434	0.029719233232051712	0.23376156549180954	0.4033447405900726	0.19477108330543538	-1	0.38258567021531015
NCTC13441_00271_1-815	0.2980703752848165	0.1643504354855641	0.07471867330598835	0.1256050843604947	-1	0.30057512996850405	0.019345845715777077	0.10249756855089093	0.15682043290397152	0.1434768211965537	0.04291041976197986	0.0	0.22605776532959856	0.20236963995384538	0.39721333918711893	0.020757880212327152	0.4102636551019725	0.18473208909219158	0.14969012836478535	0.03722913013718158	0.07135438822104005	0.26664117835431833	0.42894746822454555	0.15866922666286792	-1	0.35490434486692035
ENC_26220_1-815	0.09304649201097799	0.35325550863834965	0.28388570231964283	0.11488250808919205	-1	0.09628285070996309	0.21078982708710392	0.13767115547442818	0.08211457574106713	0.33710053694986497	0.2592679514908302	0.22605776532959856	0.0	0.029698124046309466	0.5334779447009695	0.24212316552814753	0.23800986885128664	0.05068968824173448	0.08981153754919022	0.2548709615028041	0.28128194000292966	0.43242263476028875	0.5580383274435144	0.08009755592254697	-1	0.16648087384996327
SL1344_3501_1-815	0.11998130979547149	0.3334605369839382	0.26196752224507186	0.08779163078413771	-1	0.12312155471235578	0.18663439443812577	0.11127777252001514	0.05402076713830793	0.31681110850313027	0.236596293518325	0.20236963995384538	0.029698124046309466	0.0	0.5191990587048024	0.21892675542139883	0.26063954628820474	0.02163405504579987	0.06195331060634761	0.23206472442937065	0.25928406632146667	0.4150507390477312	0.5445111634746761	0.05194201219769971	-1	0.19123482825333854
t3992_1-797	0.5768861853922959	0.2786609526169772	0.3485368790845369	0.47292640856990176	-1	0.5783960181042312	0.4088747569267334	0.45899750627534985	0.4917426042845344	0.29624010682937085	0.3701878348075077	0.39721333918711893	0.5334779447009695	0.5191990587048024	0.0	0.3844355255638084	0.6445147978989245	0.5085673783159887	0.48744455182077945	0.3739043424747886	0.35089699109421	0.17804675825647306	0.05264570552147241	0.4928570325009913	-1	0.611144944137433
ETEC_3677_1-815	0.31264094635213807	0.1466364164404732	0.05510464879243695	0.14375566927760744	-1	0.3150937076381403	0.03970214718012997	0.1211278165131839	0.17432305335523277	0.1253203252846553	0.02262212695105068	0.020757880212327152	0.24212316552814753	0.21892675542139883	0.3844355255638084	0.0	0.42250533150622144	0.20165532272777006	0.16734075882354843	0.016820405895557125	0.05166904791603903	0.2510955086320282	0.41684235161445604	0.17613347007474467	-1	0.3682951632016655
STM_MW35231_1-815	0.15983551037994698	0.5071870802076281	0.4543279723930759	0.32554920625686323	-1	0.15682674413411846	0.39862963683820357	0.3429139306666411	0.30058036518944337	0.4948771512120159	0.4355694892104426	0.4102636551019725	0.23800986885128664	0.26063954628820474	0.6445147978989245	0.42250533150622144	0.0	0.27663491104249327	0.3064453741270617	0.432219026232807	0.45234393120388355	0.5675116490239512	0.6632295671659788	0.2990434159933996	-1	0.08581566128147594
ENC_26160_1-797	0.13901968258068897	0.318721725287296	0.24564782578416772	0.06762048094533263	-1	0.14209199126618408	0.16864889895574808	0.09162595850411752	0.03310286121418931	0.3017041373727991	0.21971557736771805	0.18473208909219158	0.05068968824173448	0.02163405504579987	0.5085673783159887	0.20165532272777006	0.27663491104249327	0.0	0.04121081254768653	0.21508380424404655	0.24290503211126363	0.402116085531113	0.5344391954008104	0.030978139936502634	-1	0.20873169849803158
SL1344_3481_1-797	0.17450138104910384	0.289438926065707	0.21322415387235383	0.027544812502341257	-1	0.1774470773972724	0.13291564827372424	0.052582096894932345	0.008385536587354936	0.27168988577905556	0.18617728188440763	0.14969012836478535	0.08981153754919022	0.06195331060634761	0.48744455182077945	0.16734075882354843	0.3064453741270617	0.04121081254768653	0.0	0.18134642523282293	0.21036346905362718	0.37641775450390813	0.514428395009049	0.010559795431770106	-1	0.2413405081461555
ERS227112_00799_1-797	0.3242026046304811	0.13203692522032323	0.03893921632064803	0.15815804646612774	-1	0.32661410947608793	0.055854746845192156	0.1359108033697467	0.188211274736402	0.11035615470429735	0.00590097789893434	0.03722913013718158	0.2548709615028041	0.23206472442937065	0.3739043424747886	0.016820405895557125	0.432219026232807	0.21508380424404655	0.18134642523282293	0.0	0.035444838592510436	0.23828312155915643	0.4068655900891335	0.18999123951185162	-1	0.3789206949628002
SEN3340_1-797	0.34815613423059266	0.10014158908948718	0.0036227868223094213	0.1879969986295395	-1	0.3504821636761819	0.08931982295114922	0.16653830547383805	0.21698499507459004	0.07766410788002574	0.029719233232051712	0.07135438822104005	0.28128194000292966	0.25928406632146667	0.35089699109421	0.05166904791603903	0.45234393120388355	0.24290503211126363	0.21036346905362718	0.035444838592510436	0.0	0.21029205076323693	0.3850694769541659	0.21870186928587348	-1	0.4009347506829923
ROD_44061_1-797	0.48523371754067746	0.12240865933818977	0.20742070493744905	0.3587547750136371	-1	0.48707060148401804	0.28082862497217975	0.34180867444834717	0.3816468262387406	0.1437957082840699	0.23376156549180954	0.26664117835431833	0.43242263476028875	0.4150507390477312	0.17804675825647306	0.2510955086320282	0.5675116490239512	0.402116085531113	0.37641775450390813	0.23828312155915643	0.21029205076323693	0.0	0.2213190665737224	0.3830026554512307	-1	0.5269134105028557
t3986_1-815	0.5991613106781999	0.3166363556866432	0.38283361470635174	0.5006745696524756	-1	0.6005916571817961	0.4399949623998774	0.48747896424636	0.5185001734684813	0.3332900429230547	0.4033447405900726	0.42894746822454555	0.5580383274435144	0.5445111634746761	0.05264570552147241	0.41684235161445604	0.6632295671659788	0.5344391954008104	0.514428395009049	0.4068655900891335	0.3850694769541659	0.2213190665737224	0.0	0.5195559318252297	-1	0.6316164928989094
STM_MW35041_1-798	0.16569125133627885	0.296942305648232	0.22153234585811962	0.03781374034888017	-1	0.16866838561338657	0.14207188165004273	0.06258663614011845	0.002192645352239468	0.2793806915961179	0.19477108330543538	0.15866922666286792	0.08009755592254697	0.05194201219769971	0.4928570325009913	0.17613347007474467	0.2990434159933996	0.030978139936502634	0.010559795431770106	0.18999123951185162	0.21870186928587348	0.3830026554512307	0.5195559318252297	0.0	-1	0.23324371866927832
b3428_1-815	-1	-1	-1	-1	-1	-1	-1	-1	-1	-1	-1	-1	-1	-1	-1	-1	-1	-1	-1	-1	-1	-1	-1	-1	-1	-1
STMMW_35231_1-815	0.08096818766577189	0.46092609671788726	0.4031050363739214	0.26223764160239116	-1	0.07767698465736537	0.34217822632492345	0.2812324150570745	0.23492494326583854	0.4474606188331229	0.38258567021531015	0.35490434486692035	0.16648087384996327	0.19123482825333854	0.611144944137433	0.3682951632016655	0.08581566128147594	0.20873169849803158	0.2413405081461555	0.3789206949628002	0.4009347506829923	0.5269134105028557	0.6316164928989094	0.23324371866927832	-1	0.0
