SL1344_1914_1-271	0.0	0.0016741736526300066	0.14152595955429204	0.20403661427545805	0.04659954076139705	0.06053185296987207	-1	0.08982370948761698	0.10450201882785604	0.266783310733423	0.02426919584726006
ETEC_2057_1-271	0.0016741736526300066	0.0	0.14320013320692204	0.20571078792808806	0.04827371441402706	0.062206026622502075	-1	0.09149788314024698	0.10282784517522603	0.268457484386053	0.025943369499890068
t0892_1-271	0.14152595955429204	0.14320013320692204	0.0	0.06251065472116601	0.09492641879289498	0.08099410658441997	-1	0.05170225006667506	0.24602797838214807	0.12525735117913095	0.11725676370703197
CS17_02190_1-272	0.20403661427545805	0.20571078792808806	0.06251065472116601	0.0	0.157437073514061	0.14350476130558598	-1	0.11421290478784107	0.3085386331033141	0.06274669645796493	0.179767418428198
ENC_42110_1-266	0.04659954076139705	0.04827371441402706	0.09492641879289498	0.157437073514061	0.0	0.013932312208475017	-1	0.043224168726219925	0.1511015595892531	0.22018376997202593	0.02233034491413699
SEN1024_1-271	0.06053185296987207	0.062206026622502075	0.08099410658441997	0.14350476130558598	0.013932312208475017	0.0	-1	0.029291856517744908	0.1650338717977281	0.20625145776355092	0.03626265712261201
b1955_1-271	-1	-1	-1	-1	-1	-1	-1	-1	-1	-1	-1
STM_MW19651_1-271	0.08982370948761698	0.09149788314024698	0.05170225006667506	0.11421290478784107	0.043224168726219925	0.029291856517744908	-1	0.0	0.194325728315473	0.176959601245806	0.06555451364035692
ROD_20341_1-271	0.10450201882785604	0.10282784517522603	0.24602797838214807	0.3085386331033141	0.1511015595892531	0.1650338717977281	-1	0.194325728315473	0.0	0.371285329561279	0.1287712146751161
STMMW_19651_1-271	0.266783310733423	0.268457484386053	0.12525735117913095	0.06274669645796493	0.22018376997202593	0.20625145776355092	-1	0.176959601245806	0.371285329561279	0.0	0.24251411488616292
NCTC13441_01869_1-271	0.02426919584726006	0.025943369499890068	0.11725676370703197	0.179767418428198	0.02233034491413699	0.03626265712261201	-1	0.06555451364035692	0.1287712146751161	0.24251411488616292	0.0
