ROD_00151_26-579	0.0	0.17865519970995203	1.7765930358957966	1.8298688624945507	0.1425323999257735	0.6534927466344858	0.21894602556338105	0.6831623153155673	1.796580091898595	1.705525229455216
ROD_00151_631-679	0.17865519970995203	0.0	1.9552482356057488	2.008524062204503	0.03612279978417854	0.4748375469245338	0.040290825853429024	0.8618175150255193	1.9752352916085472	1.884180429165168
ROD_44831_1-628	1.7765930358957966	1.9552482356057488	0.0	0.05327582659875407	1.9191254358215701	2.4300857825302824	1.9955390614591777	1.0934307205802294	0.019987056002798376	0.07106780644058075
ROD_44841_1-734	1.8298688624945507	2.008524062204503	0.05327582659875407	0.0	1.9724012624203242	2.4833616091290365	2.0488148880579318	1.1467065471789835	0.0332887705959557	0.12434363303933482
STMMW_00171_31-550	0.1425323999257735	0.03612279978417854	1.9191254358215701	1.9724012624203242	0.0	0.5109603467087123	0.07641362563760756	0.8256947152413407	1.9391124918243685	1.8480576293809894
STMMW_00171_639-689	0.6534927466344858	0.4748375469245338	2.4300857825302824	2.4833616091290365	0.5109603467087123	0.0	0.43454672107110476	1.336655061950053	2.4500728385330808	2.3590179760897017
ENC_18220_141-756	0.21894602556338105	0.040290825853429024	1.9955390614591777	2.0488148880579318	0.07641362563760756	0.43454672107110476	0.0	0.9021083408789483	2.015526117461976	1.924471255018597
ENC_18220_787-898	0.6831623153155673	0.8618175150255193	1.0934307205802294	1.1467065471789835	0.8256947152413407	1.336655061950053	0.9021083408789483	0.0	1.1134177765830278	1.0223629141396486
ROD_44821_1-741	1.796580091898595	1.9752352916085472	0.019987056002798376	0.0332887705959557	1.9391124918243685	2.4500728385330808	2.015526117461976	1.1134177765830278	0.0	0.09105486244337913
ROD_46591_1-773	1.705525229455216	1.884180429165168	0.07106780644058075	0.12434363303933482	1.8480576293809894	2.3590179760897017	1.924471255018597	1.0223629141396486	0.09105486244337913	0.0
