SEN3095_1-457	0.0	0.25284753167037133	1.3140763723773712	0.779286884587596	-1	-1	0.36443473870962784	0.039796310658774425	0.00024009645355871356	0.012353988911320446	0.8236256545749265	2.666492426105242	1.5949822089688825	6.757214214727218	0.7874310822536438	1.080079798485653	0.42174676558861024	0.25482821504774367	0.6031242006893308	0.7833795644292739	0.9358148750469883	1.5365591102190264	2.7086520750604084
NCTC13441_04097_1-437	0.25284753167037133	0.0	1.5669239040477425	0.5264393529172247	-1	-1	0.11158720703925651	0.29264384232914575	0.2526074352168126	0.2652015205816918	0.5707781229045552	2.9193399577756134	1.8478297406392539	7.010061746397589	0.5345835505832724	0.8272322668152816	0.1688992339182389	0.0019806833773723387	0.3502766690189595	0.5305320327589026	0.682967343376617	1.7894066418893977	2.9614996067307797
NCTC13441_00214_1-452	1.3140763723773712	1.5669239040477425	0.0	2.093363256964967	-1	-1	1.678511111086999	1.2742800617185968	1.31431646883093	1.3017223834660507	2.1377020269522977	1.3524160537278709	0.28090583659151136	5.443137842349847	2.101507454631015	2.3941561708630243	1.7358231379659814	1.5689045874251148	1.9172005730667019	2.097455936806645	2.2498912474243595	0.22248273784165518	1.3945757026830372
t1523_1-435	0.779286884587596	0.5264393529172247	2.093363256964967	0.0	-1	-1	0.41485214587796815	0.8190831952463704	0.7790467881340373	0.7916408734989164	0.04433876998733055	3.445779310692838	2.3742690935564785	7.536501099314814	0.008144197666047792	0.300792913898057	0.35754011899898575	0.5244586695398523	0.17616268389826517	0.0040926798416779375	0.15652799045939242	2.3158459948066223	3.4879389596480044
b2092_1-452	-1	-1	-1	-1	-1	-1	-1	-1	-1	-1	-1	-1	-1	-1	-1	-1	-1	-1	-1	-1	-1	-1	-1
b4304_1-436	-1	-1	-1	-1	-1	-1	-1	-1	-1	-1	-1	-1	-1	-1	-1	-1	-1	-1	-1	-1	-1	-1	-1
STM_MW32601_1-457	0.36443473870962784	0.11158720703925651	1.678511111086999	0.41485214587796815	-1	-1	0.0	0.40423104936840226	0.3641946422560691	0.3767887276209483	0.4591909158652987	3.03092716481487	1.9594169476785104	7.1216489534368455	0.42299634354401594	0.7156450597760251	0.0573120268789824	0.10960652366188417	0.23868946197970298	0.4189448257196461	0.5713801363373605	1.9009938489286542	3.0730868137700362
ROD_31571_1-452	0.039796310658774425	0.29264384232914575	1.2742800617185968	0.8190831952463704	-1	-1	0.40423104936840226	0.0	0.04003640711233314	0.02744232174745398	0.863421965233701	2.6266961154464674	1.5551858983101081	6.717417904068443	0.8272273929124182	1.1198761091444274	0.46154307624738466	0.2946245257065181	0.6429205113481052	0.8231758750880483	0.9756111857057628	1.496762799560252	2.668855764401634
SL1344_3233_1-457	0.00024009645355871356	0.2526074352168126	1.31431646883093	0.7790467881340373	-1	-1	0.3641946422560691	0.04003640711233314	0.0	0.01259408536487916	0.8233855581213678	2.6667325225588008	1.5952223054224413	6.757454311180776	0.7871909858000851	1.0798397020320942	0.4215066691350515	0.25458811859418495	0.6028841042357721	0.7831394679757152	0.9355747785934296	1.536799206672585	2.708892171513967
STMMW_32601_1-457	0.012353988911320446	0.2652015205816918	1.3017223834660507	0.7916408734989164	-1	-1	0.3767887276209483	0.02744232174745398	0.01259408536487916	0.0	0.835979643486247	2.6541384371939216	1.582628220057562	6.744860225815897	0.7997850711649642	1.0924337873969734	0.4341007544999307	0.2671822039590641	0.6154781896006513	0.7957335533405944	0.9481688639583088	1.524205121307706	2.696298086149088
SEN1442_1-435	0.8236256545749265	0.5707781229045552	2.1377020269522977	0.04433876998733055	-1	-1	0.4591909158652987	0.863421965233701	0.8233855581213678	0.835979643486247	0.0	3.4901180806801686	2.418607863543809	7.580839869302144	0.03619457232128276	0.25645414391072646	0.4018788889863163	0.5687974395271829	0.22050145388559572	0.04024609014565261	0.11218922047206187	2.360184764793953	3.532277729635335
t3736_1-452	2.666492426105242	2.9193399577756134	1.3524160537278709	3.445779310692838	-1	-1	3.03092716481487	2.6266961154464674	2.6667325225588008	2.6541384371939216	3.4901180806801686	0.0	1.0715102171363595	4.090721788621975	3.4539235083588857	3.7465722245908952	3.0882391916938525	2.9213206411529855	3.2696166267945728	3.449871990534516	3.6023073011522304	1.1299333158862157	0.04215964895516633
SL1344_3748_1-452	1.5949822089688825	1.8478297406392539	0.28090583659151136	2.3742690935564785	-1	-1	1.9594169476785104	1.5551858983101081	1.5952223054224413	1.582628220057562	2.418607863543809	1.0715102171363595	0.0	5.1622320057583355	2.382413291222526	2.6750620074545357	2.016728974557493	1.8498104240166262	2.1981064096582132	2.3783617733981566	2.530797084015871	0.058423098749856184	1.1136698660915259
STM_MW37711_1-452	6.757214214727218	7.010061746397589	5.443137842349847	7.536501099314814	-1	-1	7.1216489534368455	6.717417904068443	6.757454311180776	6.744860225815897	7.580839869302144	4.090721788621975	5.1622320057583355	0.0	7.544645296980861	7.837294013212871	7.178960980315828	7.0120424297749615	7.360338415416549	7.540593779156492	7.693029089774206	5.220655104508191	4.048562139666809
ROD_47471_1-457	0.7874310822536438	0.5345835505832724	2.101507454631015	0.008144197666047792	-1	-1	0.42299634354401594	0.8272273929124182	0.7871909858000851	0.7997850711649642	0.03619457232128276	3.4539235083588857	2.382413291222526	7.544645296980861	0.0	0.2926487162320092	0.36568431666503354	0.5326028672059001	0.18430688156431296	0.004051517824369855	0.14838379279334463	2.32399019247267	3.496083157314052
STM_MW16091_1-389	1.080079798485653	0.8272322668152816	2.3941561708630243	0.300792913898057	-1	-1	0.7156450597760251	1.1198761091444274	1.0798397020320942	1.0924337873969734	0.25645414391072646	3.7465722245908952	2.6750620074545357	7.837294013212871	0.2926487162320092	0.0	0.6583330328970427	0.8252515834379093	0.4769555977963222	0.2967002340563791	0.1442649234386646	2.6166389087046795	3.7887318735460616
SL1344_1544_1-435	0.42174676558861024	0.1688992339182389	1.7358231379659814	0.35754011899898575	-1	-1	0.0573120268789824	0.46154307624738466	0.4215066691350515	0.4341007544999307	0.4018788889863163	3.0882391916938525	2.016728974557493	7.178960980315828	0.36568431666503354	0.6583330328970427	0.0	0.16691855054086657	0.18137743510072057	0.3616327988406637	0.5140681094583781	1.9583058758076366	3.1303988406490184
ERS227112_01051_1-457	0.25482821504774367	0.0019806833773723387	1.5689045874251148	0.5244586695398523	-1	-1	0.10960652366188417	0.2946245257065181	0.25458811859418495	0.2671822039590641	0.5687974395271829	2.9213206411529855	1.8498104240166262	7.0120424297749615	0.5326028672059001	0.8252515834379093	0.16691855054086657	0.0	0.34829598564158715	0.5285513493815303	0.6809866599992447	1.79138732526677	2.9634802901081523
t3180_1-457	0.6031242006893308	0.3502766690189595	1.9172005730667019	0.17616268389826517	-1	-1	0.23868946197970298	0.6429205113481052	0.6028841042357721	0.6154781896006513	0.22050145388559572	3.2696166267945728	2.1981064096582132	7.360338415416549	0.18430688156431296	0.4769555977963222	0.18137743510072057	0.34829598564158715	0.0	0.1802553637399431	0.3326906743576576	2.139683310908357	3.311776275749739
STMMW_16091_1-388	0.7833795644292739	0.5305320327589026	2.097455936806645	0.0040926798416779375	-1	-1	0.4189448257196461	0.8231758750880483	0.7831394679757152	0.7957335533405944	0.04024609014565261	3.449871990534516	2.3783617733981566	7.540593779156492	0.004051517824369855	0.2967002340563791	0.3616327988406637	0.5285513493815303	0.1802553637399431	0.0	0.15243531061771448	2.3199386746483004	3.4920316394896824
CS17_02333_1-452	0.9358148750469883	0.682967343376617	2.2498912474243595	0.15652799045939242	-1	-1	0.5713801363373605	0.9756111857057628	0.9355747785934296	0.9481688639583088	0.11218922047206187	3.6023073011522304	2.530797084015871	7.693029089774206	0.14838379279334463	0.1442649234386646	0.5140681094583781	0.6809866599992447	0.3326906743576576	0.15243531061771448	0.0	2.4723739852660147	3.6444669501073967
ERS227112_02602_1-418	1.5365591102190264	1.7894066418893977	0.22248273784165518	2.3158459948066223	-1	-1	1.9009938489286542	1.496762799560252	1.536799206672585	1.524205121307706	2.360184764793953	1.1299333158862157	0.058423098749856184	5.220655104508191	2.32399019247267	2.6166389087046795	1.9583058758076366	1.79138732526677	2.139683310908357	2.3199386746483004	2.4723739852660147	0.0	1.172092964841382
STMMW_37711_1-452	2.7086520750604084	2.9614996067307797	1.3945757026830372	3.4879389596480044	-1	-1	3.0730868137700362	2.668855764401634	2.708892171513967	2.696298086149088	3.532277729635335	0.04215964895516633	1.1136698660915259	4.048562139666809	3.496083157314052	3.7887318735460616	3.1303988406490184	2.9634802901081523	3.311776275749739	3.4920316394896824	3.6444669501073967	1.172092964841382	0.0
