b3991_1-256	0.0	6.501571875876736	5.6342351910268995	5.8006297982423405	5.84764754644899	5.4937604001253195	6.140272973458646	6.012010171256734	5.51096894552664	6.1512795100011655	5.59512534273333	6.456557761936661	5.64898861044224
SEN3946_1-256	6.501571875876736	0.0	0.8673366848498361	0.700942077634396	0.6539243294277459	1.007811475751416	0.36129890241809004	0.48956170462000204	0.9906029303500961	0.350292365875571	0.906446533143406	0.04501411394007504	0.852583265434496
SL1344_4099_1-256	5.6342351910268995	0.8673366848498361	0.0	0.16639460721544008	0.21341235542209014	0.14047479090158	0.506037782431746	0.377774980229834	0.12326624550026	0.5170443189742651	0.03910984829356989	0.822322570909761	0.01475341941534003
ROD_37621_1-256	5.8006297982423405	0.700942077634396	0.16639460721544008	0.0	0.047017748206650056	0.3068693981170201	0.33964317521630594	0.21138037301439394	0.2896608527157001	0.350649711758825	0.20550445550900998	0.6559279636943209	0.15164118780010005
ETEC_4250_1-256	5.84764754644899	0.6539243294277459	0.21341235542209014	0.047017748206650056	0.0	0.35388714632367013	0.2926254270096559	0.16436262480774388	0.33667860092235014	0.3036319635521749	0.25252220371566003	0.6089102154876709	0.1986589360067501
CS17_04454_1-256	5.4937604001253195	1.007811475751416	0.14047479090158	0.3068693981170201	0.35388714632367013	0.0	0.646512573333326	0.518249771131414	0.017208545401319997	0.657519109875845	0.1013649426080101	0.962797361811341	0.15522821031692002
NCTC13441_04505_1-256	6.140272973458646	0.36129890241809004	0.506037782431746	0.33964317521630594	0.2926254270096559	0.646512573333326	0.0	0.128262802201912	0.629304027932006	0.011006536542519041	0.5451476307253159	0.316284788478015	0.491284363016406
STMMW_41131_1-256	6.012010171256734	0.48956170462000204	0.377774980229834	0.21138037301439394	0.16436262480774388	0.518249771131414	0.128262802201912	0.0	0.501041225730094	0.13926933874443104	0.4168848285234039	0.444547590679927	0.363021560814494
BN373_49871_1-256	5.51096894552664	0.9906029303500961	0.12326624550026	0.2896608527157001	0.33667860092235014	0.017208545401319997	0.629304027932006	0.501041225730094	0.0	0.6403105644745251	0.0841563972066901	0.945588816410021	0.13801966491560003
STM_MW41131_1-256	6.1512795100011655	0.350292365875571	0.5170443189742651	0.350649711758825	0.3036319635521749	0.657519109875845	0.011006536542519041	0.13926933874443104	0.6403105644745251	0.0	0.556154167267835	0.30527825193549596	0.502290899558925
ERS227112_01842_1-256	5.59512534273333	0.906446533143406	0.03910984829356989	0.20550445550900998	0.25252220371566003	0.1013649426080101	0.5451476307253159	0.4168848285234039	0.0841563972066901	0.556154167267835	0.0	0.8614324192033309	0.05386326770890992
t3471_1-256	6.456557761936661	0.04501411394007504	0.822322570909761	0.6559279636943209	0.6089102154876709	0.962797361811341	0.316284788478015	0.444547590679927	0.945588816410021	0.30527825193549596	0.8614324192033309	0.0	0.807569151494421
ENC_01330_1-255	5.64898861044224	0.852583265434496	0.01475341941534003	0.15164118780010005	0.1986589360067501	0.15522821031692002	0.491284363016406	0.363021560814494	0.13801966491560003	0.502290899558925	0.05386326770890992	0.807569151494421	0.0
