SL1344_2470_10-115	0.0	0.1978098810145179	0.4275399071186917	2.4502875730586924	0.5348011087492877	0.3742603805456597	3.0334827999711695	1.7977980013165047	2.7736066017718697
SEN2489_6-110	0.1978098810145179	0.0	0.6253497881332096	2.2524776920441747	0.33699122773476975	0.17645049953114178	2.835672918956652	1.5999881203019868	2.5757967207573516
ROD_40961_1-125	0.4275399071186917	0.6253497881332096	0.0	2.8778274801773844	0.9623410158679794	0.8018002876643514	3.4610227070898616	2.2253379084351965	3.2011465088905613
BN373_23831_1-117	2.4502875730586924	2.2524776920441747	2.8778274801773844	0.0	1.915486464309405	2.076027192513033	0.5831952269124772	0.6524895717421879	0.32331902871317686
STM_MW25261_10-115	0.5348011087492877	0.33699122773476975	0.9623410158679794	1.915486464309405	0.0	0.16054072820362797	2.498681691221882	1.262996892567217	2.238805493022582
STMMW_25261_10-115	0.3742603805456597	0.17645049953114178	0.8018002876643514	2.076027192513033	0.16054072820362797	0.0	2.65922241942551	1.423537620770845	2.3993462212262098
BN373_01331_1-111	3.0334827999711695	2.835672918956652	3.4610227070898616	0.5831952269124772	2.498681691221882	2.65922241942551	0.0	1.235684798654665	0.2598761981993003
NCTC13441_04901_8-132	1.7977980013165047	1.5999881203019868	2.2253379084351965	0.6524895717421879	1.262996892567217	1.423537620770845	1.235684798654665	0.0	0.9758086004553648
BN373_28811_20-145	2.7736066017718697	2.5757967207573516	3.2011465088905613	0.32331902871317686	2.238805493022582	2.3993462212262098	0.2598761981993003	0.9758086004553648	0.0
