ERS227112_03251_1-320	0.0	0.4488554594182804	0.1518007061839084	0.266564008561216	0.22766166040615737	0.0855936743934537	0.024199367377545782	0.19620804892591232	-1	0.19953028095954684	0.6778808722623717	0.01118049867720778	0.23442299924687515	0.043593426859558686
STMMW_08631_1-320	0.4488554594182804	0.0	0.3502181095882639	0.2485444578462295	0.2863949485253373	0.39726517069298156	0.46219280863394613	0.31431940834286964	-1	0.31147359172762595	0.4155450992989253	0.4426237145966209	0.280092609836059	0.42373405196077835
ETEC_0855_1-318	0.1518007061839084	0.3502181095882639	0.0	0.13530228475077088	0.08943765312624428	0.07240438953278029	0.1723265925043389	0.052354845218289474	-1	0.05627165115983611	0.6202317897620522	0.1422101883292007	0.09740905665135002	0.11313941409775345
BN373_13791_1-320	0.266564008561216	0.2485444578462295	0.13530228475077088	0.0	0.05036956753372701	0.1979101949537812	0.2843126955659577	0.08753006240145692	-1	0.0837429899060073	0.5608081257292459	0.2582711096841933	0.04198272581689709	0.23313367762573473
CS17_00847_1-289	0.22766166040615737	0.2863949485253373	0.08943765312624428	0.05036956753372701	0.0	0.1553663639831743	0.24635175962575248	0.03913153327576166	-1	0.03514358979166937	0.5829300305005908	0.21892889596064008	0.00875437420894247	0.19245814355101634
SL1344_0787_1-320	0.0855936743934537	0.39726517069298156	0.07240438953278029	0.1979101949537812	0.1553663639831743	0.0	0.10772172899915826	0.12096851414395632	-1	0.1246017261423869	0.6477286751882875	0.07525455921601441	0.1627606029023253	0.04391463705229844
ENC_19500_1-320	0.024199367377545782	0.46219280863394613	0.1723265925043389	0.2843126955659577	0.24635175962575248	0.10772172899915826	0.0	0.21565930564506847	-1	0.2189011417652076	0.6856759513738291	0.035109305059799645	0.25294947834389964	0.06673786088528384
ROD_07881_1-320	0.19620804892591232	0.31431940834286964	0.052354845218289474	0.08753006240145692	0.03913153327576166	0.12096851414395632	0.21565930564506847	0.0	-1	0.004133198931881702	0.5992506178903778	0.18711964114905108	0.047543335399038426	0.1595708628028671
b0788_1-318	-1	-1	-1	-1	-1	-1	-1	-1	-1	-1	-1	-1	-1	-1
NCTC13441_03206_1-319	0.19953028095954684	0.31147359172762595	0.05627165115983611	0.0837429899060073	0.03514358979166937	0.1246017261423869	0.2189011417652076	0.004133198931881702	-1	0.0	0.5975873664231021	0.19047943738000145	0.04359030386453	0.16304452361505253
STM_MW08631_1-320	0.6778808722623717	0.4155450992989253	0.6202317897620522	0.5608081257292459	0.5829300305005908	0.6477286751882875	0.6856759513738291	0.5992506178903778	-1	0.5975873664231021	0.0	0.6742386984614342	0.579246597767764	0.6631985425613259
t2077_1-320	0.01118049867720778	0.4426237145966209	0.1422101883292007	0.2582711096841933	0.21892889596064008	0.07525455921601441	0.035109305059799645	0.18711964114905108	-1	0.19047943738000145	0.6742386984614342	0.0	0.22576668468919248	0.03277941842671039
SEN0757_1-320	0.23442299924687515	0.280092609836059	0.09740905665135002	0.04198272581689709	0.00875437420894247	0.1627606029023253	0.25294947834389964	0.047543335399038426	-1	0.04359030386453	0.579246597767764	0.22576668468919248	0.0	0.19952766715175485
Ecoli9000q_49360_1-319	0.043593426859558686	0.42373405196077835	0.11313941409775345	0.23313367762573473	0.19245814355101634	0.04391463705229844	0.06673786088528384	0.1595708628028671	-1	0.16304452361505253	0.6631985425613259	0.03277941842671039	0.19952766715175485	0.0
