SEN3902_1-367	0.0	0.23229492064287038	0.5171177585989992	0.7194972467768087	1.0144169842938646	0.6889287106828106	1.2368310060698455	0.29824095043251053	1.081345073214919	-1	0.39255001998705885	0.7526507361751399	0.7790034390178902	1.0169902263658483	0.7322620742880096	0.33235607212174934	0.34773537628139484	0.4579124792785274	0.6832062701019098	0.48979732280434507	0.5907008607401665	0.0002123748367033329	0.42813386869253955	0.7050689265319872	0.8455564078904253	0.21038561436010328	-1	0.27630257086439625	1.06936517159003	0.6843633983358878	0.8728636612842343	0.4098889103196768	0.14459163968440425
ETEC_4214_1-367	0.23229492064287038	0.0	0.7494126792418696	0.4872023261339383	0.7821220636509942	0.4566337900399402	1.0045360854269751	0.06594602978964015	0.8490501525720486	-1	0.6248449406299292	0.5203558155322695	0.5467085183750198	0.784695305722978	0.4999671536451392	0.10006115147887895	0.11544045563852445	0.6902073999213978	0.45091134945903943	0.2575024021614747	0.8229957813830369	0.23208254580616705	0.19583894804966917	0.9373638471748575	0.6132614872475549	0.021909306282767105	-1	0.04400765022152586	0.8370702509471596	0.4520684776930174	0.6405687406413639	0.6421838309625472	0.08770328095846613
SL1344_4058_1-367	0.5171177585989992	0.7494126792418696	0.0	1.2366150053758078	1.5315347428928638	1.2060464692818098	1.753948764668845	0.8153587090315098	1.5984628318139182	-1	0.12456773861194037	1.269768494774139	1.2961211976168894	1.5341079849648476	1.249379832887009	0.8494738307207486	0.8648531348803941	0.059205279320471815	1.200324028700909	1.0069150814033443	0.07358310214116726	0.5173301334357026	0.9452516272915388	0.18795116793298794	1.3626741664894246	0.7275033729591025	-1	0.7934203294633955	1.586482930189029	1.201481156934887	1.3899814198832336	0.10722884827932244	0.6617093982834035
ETEC_0629_2-362	0.7194972467768087	0.4872023261339383	1.2366150053758078	0.0	0.2949197375170559	0.030568536093998122	0.5173337592930369	0.4212562963442982	0.3618478264381103	-1	1.1120472667638674	0.03315348939833118	0.059506192241081446	0.29749297958903964	0.012764827511200894	0.3871411746550594	0.37176187049541387	1.1774097260553362	0.03629097667489889	0.22969992397246364	1.310198107516975	0.7192848719401054	0.29136337808426915	1.4245661733087958	0.1260591611136166	0.5091116324167054	-1	0.44319467591241246	0.34986792481322126	0.035133848440920934	0.1533664145074256	1.1293861570964854	0.5749056070924045
STM_MW06671_1-362	1.0144169842938646	0.7821220636509942	1.5315347428928638	0.2949197375170559	0.0	0.32548827361105404	0.22241402177598102	0.7161760338613541	0.0669280889210544	-1	1.4069670042809235	0.26176624811872473	0.23541354527597447	0.002573242071983728	0.282154910005855	0.6820609121721153	0.6666816080124698	1.472329463572392	0.3312107141919548	0.5246196614895196	1.605117845034031	1.0142046094571613	0.5862831156013251	1.7194859108258518	0.16886057640343932	0.8040313699337613	-1	0.7381144134294684	0.05494818729616535	0.33005358595797685	0.1415533230096303	1.4243058946135414	0.8698253446094604
CS17_00605_2-363	0.6889287106828106	0.4566337900399402	1.2060464692818098	0.030568536093998122	0.32548827361105404	0.0	0.547902295387035	0.39068776025030005	0.39241636253210843	-1	1.0814787306698694	0.0637220254923293	0.09007472833507957	0.32806151568303776	0.043333363605199016	0.35657263856106125	0.34119333440141575	1.146841189961338	0.005722440580900767	0.19913138787846552	1.279629571422977	0.6887163358461073	0.26079484199027103	1.3939976372147977	0.1566276972076147	0.4785430963227073	-1	0.41262613981841434	0.3804364609072194	0.004565312346922812	0.18393495060142373	1.0988176210024874	0.5443370709984063
Ecoli9000q_47040_1-356	1.2368310060698455	1.0045360854269751	1.753948764668845	0.5173337592930369	0.22241402177598102	0.547902295387035	0.0	0.9385900556373351	0.15548593285492662	-1	1.6293810260569046	0.48418026989470575	0.4578275670519555	0.2198407797039973	0.504568931781836	0.9044749339480963	0.8890956297884508	1.694743485348373	0.5536247359679358	0.7470336832655006	1.8275318668100122	1.2366186312331422	0.8086971373773061	1.941899932601833	0.39127459817942034	1.0264453917097422	-1	0.9605284352054494	0.16746583447981567	0.5524676077339579	0.3639673447856113	1.6467199163895225	1.0922393663854413
CS17_04405_1-367	0.29824095043251053	0.06594602978964015	0.8153587090315098	0.4212562963442982	0.7161760338613541	0.39068776025030005	0.9385900556373351	0.0	0.7831041227824085	-1	0.6907909704195694	0.45440978574262936	0.4807624885853796	0.7187492759333378	0.43402112385549907	0.0341151216892388	0.049494425848884305	0.7561534297110379	0.3849653196693993	0.19155637237183454	0.888941811172677	0.2980285755958072	0.12989291826002902	1.0033098769644977	0.5473154574579148	0.08785533607240725	-1	0.021938379568114286	0.7711242211575194	0.38612244790337724	0.5746227108517238	0.7081298607521873	0.15364931074810628
SEN0571_1-362	1.081345073214919	0.8490501525720486	1.5984628318139182	0.3618478264381103	0.0669280889210544	0.39241636253210843	0.15548593285492662	0.7831041227824085	0.0	-1	1.4738950932019779	0.3286943370397791	0.30234163419702886	0.06435484684907067	0.3490829989269094	0.7489890010931697	0.7336096969335242	1.5392575524934464	0.3981388031130092	0.591547750410574	1.6720459339550855	1.0811326983782157	0.6532112045223795	1.7864139997469062	0.23578866532449372	0.8709594588548157	-1	0.8050425023505228	0.011979901624889044	0.39698167487903124	0.2084814119306847	1.4912339835345958	0.9367534335305148
b0599_2-362	-1	-1	-1	-1	-1	-1	-1	-1	-1	-1	-1	-1	-1	-1	-1	-1	-1	-1	-1	-1	-1	-1	-1	-1	-1	-1	-1	-1	-1	-1	-1	-1	-1
BN373_48741_1-367	0.39255001998705885	0.6248449406299292	0.12456773861194037	1.1120472667638674	1.4069670042809235	1.0814787306698694	1.6293810260569046	0.6907909704195694	1.4738950932019779	-1	0.0	1.1452007561621986	1.171553459004949	1.4095402463529072	1.1248120942750686	0.7249060921088082	0.7402853962684537	0.06536245929146856	1.0757562900889686	0.8823473427914039	0.19815084075310763	0.3927623948237622	0.8206838886795984	0.3125189065449283	1.2381064278774843	0.6029356343471621	-1	0.6688525908514551	1.4619151915770887	1.0769134183229467	1.2654136812712933	0.01733889033261793	0.5371416596714631
ERS227112_03059_1-363	0.7526507361751399	0.5203558155322695	1.269768494774139	0.03315348939833118	0.26176624811872473	0.0637220254923293	0.48418026989470575	0.45440978574262936	0.3286943370397791	-1	1.1452007561621986	0.0	0.026352702842750264	0.26433949019070846	0.020388661887130288	0.42029466405339055	0.40491535989374505	1.2105632154536674	0.06944446607323007	0.2628534133707948	1.3433515969153063	0.7524383613384366	0.32451686748260034	1.457719662707127	0.09290567171528541	0.5422651218150366	-1	0.47634816531074364	0.3167144354148901	0.06828733783925212	0.12021292510909443	1.1625396464948166	0.6080590964907356
t3509_1-367	0.7790034390178902	0.5467085183750198	1.2961211976168894	0.059506192241081446	0.23541354527597447	0.09007472833507957	0.4578275670519555	0.4807624885853796	0.30234163419702886	-1	1.171553459004949	0.026352702842750264	0.0	0.2379867873479582	0.04674136472988055	0.4466473668961408	0.4312680627364953	1.2369159182964176	0.09579716891598034	0.2892061162135451	1.3697042997580566	0.7787910641811868	0.3508695703253506	1.4840723655498773	0.06655296887253515	0.5686178246577869	-1	0.5027008681534939	0.2903617325721398	0.09464004068200238	0.09386022226634416	1.188892349337567	0.6344117993334859
NCTC13441_03395_2-363	1.0169902263658483	0.784695305722978	1.5341079849648476	0.29749297958903964	0.002573242071983728	0.32806151568303776	0.2198407797039973	0.7187492759333378	0.06435484684907067	-1	1.4095402463529072	0.26433949019070846	0.2379867873479582	0.0	0.28472815207783875	0.684634154244099	0.6692548500844535	1.4749027056443758	0.33378395626393853	0.5271929035615033	1.6076910871060148	1.016777851529145	0.5888563576733088	1.7220591528978355	0.17143381847542305	0.8066046120057451	-1	0.7406876555014521	0.052374945224181624	0.3326268280299606	0.14412656508161403	1.4268791366855251	0.8723985866814441
ERS227112_01111_1-366	0.7322620742880096	0.4999671536451392	1.249379832887009	0.012764827511200894	0.282154910005855	0.043333363605199016	0.504568931781836	0.43402112385549907	0.3490829989269094	-1	1.1248120942750686	0.020388661887130288	0.04674136472988055	0.28472815207783875	0.0	0.39990600216626027	0.38452669800661476	1.190174553566537	0.04905580418609978	0.24246475148366453	1.3229629350281762	0.7320496994513063	0.30412820559547005	1.4373310008199969	0.1132943336024157	0.5218764599279063	-1	0.45595950342361335	0.33710309730202037	0.04789867595212183	0.14060158699622471	1.1421509846076865	0.5876704346036054
BN373_41481_1-365	0.33235607212174934	0.10006115147887895	0.8494738307207486	0.3871411746550594	0.6820609121721153	0.35657263856106125	0.9044749339480963	0.0341151216892388	0.7489890010931697	-1	0.7249060921088082	0.42029466405339055	0.4466473668961408	0.684634154244099	0.39990600216626027	0.0	0.015379304159645502	0.7902685514002767	0.3508501979801605	0.15744125068259573	0.9230569328619158	0.332143697285046	0.09577779657079022	1.0374249986537365	0.513200335768676	0.12197045776164606	-1	0.05605350125735309	0.7370090994682806	0.35200732621413844	0.540507589162485	0.7422449824414261	0.18776443243734509
SL1344_3496_1-365	0.34773537628139484	0.11544045563852445	0.8648531348803941	0.37176187049541387	0.6666816080124698	0.34119333440141575	0.8890956297884508	0.049494425848884305	0.7336096969335242	-1	0.7402853962684537	0.40491535989374505	0.4312680627364953	0.6692548500844535	0.38452669800661476	0.015379304159645502	0.0	0.8056478555599222	0.335470893820515	0.14206194652295023	0.9384362370215613	0.3475230014446915	0.08039849241114472	1.052804302813382	0.49782103160903046	0.13734976192129156	-1	0.07143280541699859	0.7216297953086351	0.33662802205449294	0.5251282850028395	0.7576242866010716	0.2031437365969906
STMMW_35181_1-365	0.4579124792785274	0.6902073999213978	0.059205279320471815	1.1774097260553362	1.472329463572392	1.146841189961338	1.694743485348373	0.7561534297110379	1.5392575524934464	-1	0.06536245929146856	1.2105632154536674	1.2369159182964176	1.4749027056443758	1.190174553566537	0.7902685514002767	0.8056478555599222	0.0	1.1411187493804373	0.9477098020828725	0.13278838146163907	0.45812485411523074	0.886046347971067	0.24715644725345975	1.3034688871689526	0.6682980936386307	-1	0.7342150501429237	1.5272776508685575	1.142275877614415	1.3307761405627616	0.048023568958850626	0.6025041189629317
BN373_11991_1-362	0.6832062701019098	0.45091134945903943	1.200324028700909	0.03629097667489889	0.3312107141919548	0.005722440580900767	0.5536247359679358	0.3849653196693993	0.3981388031130092	-1	1.0757562900889686	0.06944446607323007	0.09579716891598034	0.33378395626393853	0.04905580418609978	0.3508501979801605	0.335470893820515	1.1411187493804373	0.0	0.19340894729756475	1.2739071308420762	0.6829938952652065	0.25507240140937026	1.3882751966338969	0.16235013778851548	0.47282065574180654	-1	0.40690369923751357	0.38615890148812015	0.0011571282339779554	0.1896573911823245	1.0930951804215865	0.5386146304175056
SL1344_0590_1-362	0.48979732280434507	0.2575024021614747	1.0069150814033443	0.22969992397246364	0.5246196614895196	0.19913138787846552	0.7470336832655006	0.19155637237183454	0.591547750410574	-1	0.8823473427914039	0.2628534133707948	0.2892061162135451	0.5271929035615033	0.24246475148366453	0.15744125068259573	0.14206194652295023	0.9477098020828725	0.19340894729756475	0.0	1.0804981835445115	0.48958494796764174	0.061663454111805516	1.1948662493363322	0.35575908508608023	0.2794117084442418	-1	0.21349475193994882	0.5795678487856849	0.1945660755315427	0.38306633847988925	0.8996862331240219	0.3452056831199408
STMMW_40741_1-367	0.5907008607401665	0.8229957813830369	0.07358310214116726	1.310198107516975	1.605117845034031	1.279629571422977	1.8275318668100122	0.888941811172677	1.6720459339550855	-1	0.19815084075310763	1.3433515969153063	1.3697042997580566	1.6076910871060148	1.3229629350281762	0.9230569328619158	0.9384362370215613	0.13278838146163907	1.2739071308420762	1.0804981835445115	0.0	0.5909132355768698	1.018834729432706	0.11436806579182068	1.4362572686305919	0.8010864751002698	-1	0.8670034316045627	1.6600660323301963	1.2750642590760544	1.463564522024401	0.1808119504204897	0.7352925004245707
ENC_01050_1-367	0.0002123748367033329	0.23208254580616705	0.5173301334357026	0.7192848719401054	1.0142046094571613	0.6887163358461073	1.2366186312331422	0.2980285755958072	1.0811326983782157	-1	0.3927623948237622	0.7524383613384366	0.7787910641811868	1.016777851529145	0.7320496994513063	0.332143697285046	0.3475230014446915	0.45812485411523074	0.6829938952652065	0.48958494796764174	0.5909132355768698	0.0	0.4279214938558362	0.7052813013686905	0.845344033053722	0.21017323952339995	-1	0.2760901960276929	1.0691527967533268	0.6841510234991844	0.872651286447531	0.4101012851563801	0.14437926484770092
ROD_37991_1-367	0.42813386869253955	0.19583894804966917	0.9452516272915388	0.29136337808426915	0.5862831156013251	0.26079484199027103	0.8086971373773061	0.12989291826002902	0.6532112045223795	-1	0.8206838886795984	0.32451686748260034	0.3508695703253506	0.5888563576733088	0.30412820559547005	0.09577779657079022	0.08039849241114472	0.886046347971067	0.25507240140937026	0.061663454111805516	1.018834729432706	0.4279214938558362	0.0	1.1332027952245267	0.41742253919788574	0.21774825433243628	-1	0.1518312978281433	0.6412313028974904	0.2562295296433482	0.44472979259169476	0.8380227790122163	0.2835422290081353
STM_MW40741_1-367	0.7050689265319872	0.9373638471748575	0.18795116793298794	1.4245661733087958	1.7194859108258518	1.3939976372147977	1.941899932601833	1.0033098769644977	1.7864139997469062	-1	0.3125189065449283	1.457719662707127	1.4840723655498773	1.7220591528978355	1.4373310008199969	1.0374249986537365	1.052804302813382	0.24715644725345975	1.3882751966338969	1.1948662493363322	0.11436806579182068	0.7052813013686905	1.1332027952245267	0.0	1.5506253344224126	0.9154545408920904	-1	0.9813714973963834	1.774434098122017	1.389432324867875	1.5779325878162216	0.2951800162123104	0.8496605662163914
STMMW_06671_1-362	0.8455564078904253	0.6132614872475549	1.3626741664894246	0.1260591611136166	0.16886057640343932	0.1566276972076147	0.39127459817942034	0.5473154574579148	0.23578866532449372	-1	1.2381064278774843	0.09290567171528541	0.06655296887253515	0.17143381847542305	0.1132943336024157	0.513200335768676	0.49782103160903046	1.3034688871689526	0.16235013778851548	0.35575908508608023	1.4362572686305919	0.845344033053722	0.41742253919788574	1.5506253344224126	0.0	0.635170793530322	-1	0.569253837026029	0.22380876369960467	0.16119300955453753	0.027307253393809017	1.2554453182101022	0.700964768206021
ERS227112_00341_1-367	0.21038561436010328	0.021909306282767105	0.7275033729591025	0.5091116324167054	0.8040313699337613	0.4785430963227073	1.0264453917097422	0.08785533607240725	0.8709594588548157	-1	0.6029356343471621	0.5422651218150366	0.5686178246577869	0.8066046120057451	0.5218764599279063	0.12197045776164606	0.13734976192129156	0.6682980936386307	0.47282065574180654	0.2794117084442418	0.8010864751002698	0.21017323952339995	0.21774825433243628	0.9154545408920904	0.635170793530322	0.0	-1	0.06591695650429297	0.8589795572299267	0.4739777839757845	0.662478046924131	0.6202745246797801	0.06579397467569903
b3945_1-367	-1	-1	-1	-1	-1	-1	-1	-1	-1	-1	-1	-1	-1	-1	-1	-1	-1	-1	-1	-1	-1	-1	-1	-1	-1	-1	-1	-1	-1	-1	-1	-1	-1
SEN3354_1-365	0.27630257086439625	0.04400765022152586	0.7934203294633955	0.44319467591241246	0.7381144134294684	0.41262613981841434	0.9605284352054494	0.021938379568114286	0.8050425023505228	-1	0.6688525908514551	0.47634816531074364	0.5027008681534939	0.7406876555014521	0.45595950342361335	0.05605350125735309	0.07143280541699859	0.7342150501429237	0.40690369923751357	0.21349475193994882	0.8670034316045627	0.2760901960276929	0.1518312978281433	0.9813714973963834	0.569253837026029	0.06591695650429297	-1	0.0	0.7930626007256337	0.4080608274714915	0.5965610904198381	0.686191481184073	0.131710931179992
t2266_1-362	1.06936517159003	0.8370702509471596	1.586482930189029	0.34986792481322126	0.05494818729616535	0.3804364609072194	0.16746583447981567	0.7711242211575194	0.011979901624889044	-1	1.4619151915770887	0.3167144354148901	0.2903617325721398	0.052374945224181624	0.33710309730202037	0.7370090994682806	0.7216297953086351	1.5272776508685575	0.38615890148812015	0.5795678487856849	1.6600660323301963	1.0691527967533268	0.6412313028974904	1.774434098122017	0.22380876369960467	0.8589795572299267	-1	0.7930626007256337	0.0	0.3850017732541422	0.19650151030579566	1.4792540819097066	0.9247735319056257
ENC_21290_1-362	0.6843633983358878	0.4520684776930174	1.201481156934887	0.035133848440920934	0.33005358595797685	0.004565312346922812	0.5524676077339579	0.38612244790337724	0.39698167487903124	-1	1.0769134183229467	0.06828733783925212	0.09464004068200238	0.3326268280299606	0.04789867595212183	0.35200732621413844	0.33662802205449294	1.142275877614415	0.0011571282339779554	0.1945660755315427	1.2750642590760544	0.6841510234991844	0.2562295296433482	1.389432324867875	0.16119300955453753	0.4739777839757845	-1	0.4080608274714915	0.3850017732541422	0.0	0.18850026294834654	1.0942523086555647	0.5397717586514835
Ecoli9000q_35740_1-367	0.8728636612842343	0.6405687406413639	1.3899814198832336	0.1533664145074256	0.1415533230096303	0.18393495060142373	0.3639673447856113	0.5746227108517238	0.2084814119306847	-1	1.2654136812712933	0.12021292510909443	0.09386022226634416	0.14412656508161403	0.14060158699622471	0.540507589162485	0.5251282850028395	1.3307761405627616	0.1896573911823245	0.38306633847988925	1.463564522024401	0.872651286447531	0.44472979259169476	1.5779325878162216	0.027307253393809017	0.662478046924131	-1	0.5965610904198381	0.19650151030579566	0.18850026294834654	0.0	1.2827525716039112	0.7282720215998301
STM_MW35181_1-365	0.4098889103196768	0.6421838309625472	0.10722884827932244	1.1293861570964854	1.4243058946135414	1.0988176210024874	1.6467199163895225	0.7081298607521873	1.4912339835345958	-1	0.01733889033261793	1.1625396464948166	1.188892349337567	1.4268791366855251	1.1421509846076865	0.7422449824414261	0.7576242866010716	0.048023568958850626	1.0930951804215865	0.8996862331240219	0.1808119504204897	0.4101012851563801	0.8380227790122163	0.2951800162123104	1.2554453182101022	0.6202745246797801	-1	0.686191481184073	1.4792540819097066	1.0942523086555647	1.2827525716039112	0.0	0.554480550004081
NCTC13441_04553_1-367	0.14459163968440425	0.08770328095846613	0.6617093982834035	0.5749056070924045	0.8698253446094604	0.5443370709984063	1.0922393663854413	0.15364931074810628	0.9367534335305148	-1	0.5371416596714631	0.6080590964907356	0.6344117993334859	0.8723985866814441	0.5876704346036054	0.18776443243734509	0.2031437365969906	0.6025041189629317	0.5386146304175056	0.3452056831199408	0.7352925004245707	0.14437926484770092	0.2835422290081353	0.8496605662163914	0.700964768206021	0.06579397467569903	-1	0.131710931179992	0.9247735319056257	0.5397717586514835	0.7282720215998301	0.554480550004081	0.0
