STM_MW13931_1-69	0.0	0.2015351978281246	0.7788250661226226	0.48014023045502563	0.38263946708059426	-1	0.7487334589143033	0.37834472092050714	0.10554713515119421	0.0005522638474209286	0.2687154787064595	0.8391550099015802	0.6230142214820676
STMMW_13931_1-69	0.2015351978281246	0.0	0.8233996001762222	0.5849102719531553	0.2268155950767704	-1	0.7993725109795977	0.5036301405706908	0.10731483619671313	0.20109399092182337	0.4160950493739986	0.8715709368007281	0.6989901249340688
ETEC_1708_1-69	0.7788250661226226	0.8233996001762222	0.0	0.5745488556058712	0.863455324953048	-1	0.11975970647861264	0.6442161092802445	0.8021694467606346	0.7789472130425589	0.6975528300720084	0.27277025800946053	0.413306956175121
BN373_27171_1-69	0.48014023045502563	0.5849102719531553	0.5745488556058712	0.0	0.6790590956303552	-1	0.5166647703752367	0.16374912746699544	0.5350099398108578	0.4804273302114739	0.289114216959748	0.690599274032678	0.27483179002694824
ERS227112_04545_1-69	0.38263946708059426	0.2268155950767704	0.863455324953048	0.6790590956303552	0.0	-1	0.8448779542905185	0.6162145656153224	0.3097897528409599	0.38229833278129777	0.5485337982185073	0.9007006511954231	0.7672638588711322
b1675_1-69	-1	-1	-1	-1	-1	-1	-1	-1	-1	-1	-1	-1	-1
NCTC13441_02206_1-69	0.7487334589143033	0.7993725109795977	0.11975970647861264	0.5166647703752367	0.8448779542905185	-1	0.0	0.5958104925003517	0.7752539224852484	0.7488722243410115	0.6564038568172602	0.3598630784527647	0.33348535832434706
SL1344_1322_1-69	0.37834472092050714	0.5036301405706908	0.6442161092802445	0.16374912746699544	0.6162145656153224	-1	0.5958104925003517	0.0	0.4439586546789637	0.3786880386567011	0.149913254037059	0.7412633729474819	0.3935774516768384
SEN1657_1-69	0.10554713515119421	0.10731483619671313	0.8021694467606346	0.5350099398108578	0.3097897528409599	-1	0.7752539224852484	0.4439586546789637	0.0	0.10505288821600213	0.3459004649094052	0.8561317378098906	0.662803990397378
t1256_1-69	0.0005522638474209286	0.20109399092182337	0.7789472130425589	0.4804273302114739	0.38229833278129777	-1	0.7488722243410115	0.3786880386567011	0.10505288821600213	0.0	0.26911934070974847	0.8392438387746504	0.6232224170985351
ENC_13540_3-71	0.2687154787064595	0.4160950493739986	0.6975528300720084	0.289114216959748	0.5485337982185073	-1	0.6564038568172602	0.149913254037059	0.3459004649094052	0.26911934070974847	0.0	0.7800514226474978	0.4844882292174092
ROD_13791_1-69	0.8391550099015802	0.8715709368007281	0.27277025800946053	0.690599274032678	0.9007006511954231	-1	0.3598630784527647	0.7412633729474819	0.8561317378098906	0.8392438387746504	0.7800514226474978	0.0	0.573339369111589
CS17_01855_1-69	0.6230142214820676	0.6989901249340688	0.413306956175121	0.27483179002694824	0.7672638588711322	-1	0.33348535832434706	0.3935774516768384	0.662803990397378	0.6232224170985351	0.4844882292174092	0.573339369111589	0.0
