t1949_1-325	0.0	0.027309217461351256	0.025821976770512973	0.020296599820656142	0.010391213634826754	0.020296599820656142	0.01725672820821637	-1	0.020296599820656142	0.008766413600994775	0.003752363428963179	0.020296599820656142	0.010266804982184052	0.020296599820656142
ENC_17680_1-325	0.027309217461351256	0.0	0.0014872406908382832	0.0476058172820074	0.016918003826524503	0.0476058172820074	0.010052489253134886	-1	0.0476058172820074	0.01854280386035648	0.023556854032388077	0.0476058172820074	0.037576022443535306	0.0476058172820074
SL1344_0922_1-325	0.025821976770512973	0.0014872406908382832	0.0	0.046118576591169115	0.01543076313568622	0.046118576591169115	0.008565248562296603	-1	0.046118576591169115	0.017055563169518197	0.022069613341549794	0.046118576591169115	0.03608878175269702	0.046118576591169115
NCTC13441_02974_1-326	0.020296599820656142	0.0476058172820074	0.046118576591169115	0.0	0.030687813455482896	0.0	0.03755332802887251	-1	0.0	0.029063013421650918	0.02404896324961932	0.0	0.01002979483847209	0.0
CS17_00978_1-326	0.010391213634826754	0.016918003826524503	0.01543076313568622	0.030687813455482896	0.0	0.030687813455482896	0.006865514573389617	-1	0.030687813455482896	0.001624800033831978	0.006638850205863574	0.030687813455482896	0.020658018617010804	0.030687813455482896
Ecoli9000q_50900_1-326	0.020296599820656142	0.0476058172820074	0.046118576591169115	0.0	0.030687813455482896	0.0	0.03755332802887251	-1	0.0	0.029063013421650918	0.02404896324961932	0.0	0.01002979483847209	0.0
ETEC_0983_1-326	0.01725672820821637	0.010052489253134886	0.008565248562296603	0.03755332802887251	0.006865514573389617	0.03755332802887251	0.0	-1	0.03755332802887251	0.008490314607221595	0.013504364779253191	0.03755332802887251	0.02752353319040042	0.03755332802887251
b0915_1-326	-1	-1	-1	-1	-1	-1	-1	-1	-1	-1	-1	-1	-1	-1
STMMW_09961_1-325	0.020296599820656142	0.0476058172820074	0.046118576591169115	0.0	0.030687813455482896	0.0	0.03755332802887251	-1	0.0	0.029063013421650918	0.02404896324961932	0.0	0.01002979483847209	0.0
SEN0889_1-325	0.008766413600994775	0.01854280386035648	0.017055563169518197	0.029063013421650918	0.001624800033831978	0.029063013421650918	0.008490314607221595	-1	0.029063013421650918	0.0	0.005014050172031596	0.029063013421650918	0.01903321858317883	0.029063013421650918
ROD_09831_1-325	0.003752363428963179	0.023556854032388077	0.022069613341549794	0.02404896324961932	0.006638850205863574	0.02404896324961932	0.013504364779253191	-1	0.02404896324961932	0.005014050172031596	0.0	0.02404896324961932	0.014019168411147231	0.02404896324961932
BN373_15581_1-325	0.020296599820656142	0.0476058172820074	0.046118576591169115	0.0	0.030687813455482896	0.0	0.03755332802887251	-1	0.0	0.029063013421650918	0.02404896324961932	0.0	0.01002979483847209	0.0
ERS227112_03430_1-325	0.010266804982184052	0.037576022443535306	0.03608878175269702	0.01002979483847209	0.020658018617010804	0.01002979483847209	0.02752353319040042	-1	0.01002979483847209	0.01903321858317883	0.014019168411147231	0.01002979483847209	0.0	0.01002979483847209
STM_MW09961_1-325	0.020296599820656142	0.0476058172820074	0.046118576591169115	0.0	0.030687813455482896	0.0	0.03755332802887251	-1	0.0	0.029063013421650918	0.02404896324961932	0.0	0.01002979483847209	0.0
