ENC_39120_1-276	0.0	0.21962906449069497	0.051979760696114985	0.22168524631629605	0.10047479075920007	0.1627635135852601	0.052205404721919035	0.029991292415389004	0.18807978593834696	0.07609531574045802	0.2077052661255001	0.30491091183945995	0.02441913798018902	0.04809587017530004	0.16495679461702795
ERS227112_03037_1-277	0.21962906449069497	0.0	0.16764930379457998	0.0020561818256010778	0.32010385524989504	0.38239257807595506	0.16742365976877593	0.18963777207530597	0.031549278552348015	0.14353374875023694	0.4273343306161951	0.5245399763301549	0.19520992651050595	0.267724934665995	0.05467226987366702
NCTC13441_03415_1-277	0.051979760696114985	0.16764930379457998	0.0	0.16970548562018106	0.15245455145531506	0.21474327428137507	0.0002256440258040504	0.02198846828072598	0.13610002524223197	0.02411555504434304	0.2596850268216151	0.35689067253557494	0.027560622715925964	0.10007563087141502	0.11297703392091296
ERS227112_03263_1-281	0.22168524631629605	0.0020561818256010778	0.16970548562018106	0.0	0.3221600370754961	0.38444875990155614	0.169479841594377	0.19169395390090704	0.03360546037794909	0.14558993057583802	0.42939051244179616	0.526596158155756	0.19726610833610703	0.2697811164915961	0.0567284516992681
STMMW_23631_1-276	0.10047479075920007	0.32010385524989504	0.15245455145531506	0.3221600370754961	0.0	0.06228872282606002	0.1526801954811191	0.13046608317458908	0.288554576697547	0.1765701064996581	0.10723047536630004	0.20443612108025988	0.12489392873938909	0.052378920583900035	0.265431585376228
ROD_27021_1-276	0.1627635135852601	0.38239257807595506	0.21474327428137507	0.38444875990155614	0.06228872282606002	0.0	0.21496891830717912	0.1927548060006491	0.35084329952360704	0.23885882932571811	0.04494175254024002	0.14214739825419986	0.1871826515654491	0.11466764340996005	0.32772030820228804
ROD_09661_1-265	0.052205404721919035	0.16742365976877593	0.0002256440258040504	0.169479841594377	0.1526801954811191	0.21496891830717912	0.0	0.02221411230653003	0.13587438121642792	0.02388991101853899	0.25991067084741915	0.357116316561379	0.027786266741730015	0.10030127489721907	0.11275138989510891
ROD_08001_1-281	0.029991292415389004	0.18963777207530597	0.02198846828072598	0.19169395390090704	0.13046608317458908	0.1927548060006491	0.02221411230653003	0.0	0.15808849352295795	0.04610402332506902	0.2376965585408891	0.33490220425484896	0.005572154435199983	0.07808716259068904	0.13496550220163894
t0523_1-276	0.18807978593834696	0.031549278552348015	0.13610002524223197	0.03360546037794909	0.288554576697547	0.35084329952360704	0.13587438121642792	0.15808849352295795	0.0	0.11198447019788893	0.39578505206384706	0.4929906977778069	0.16366064795815793	0.236175656113647	0.02312299132131901
STM_MW23631_1-276	0.07609531574045802	0.14353374875023694	0.02411555504434304	0.14558993057583802	0.1765701064996581	0.23885882932571811	0.02388991101853899	0.04610402332506902	0.11198447019788893	0.0	0.28380058186595813	0.381006227579918	0.051676177760269004	0.12419118591575806	0.08886147887656992
SEN2323_1-276	0.2077052661255001	0.4273343306161951	0.2596850268216151	0.42939051244179616	0.10723047536630004	0.04494175254024002	0.25991067084741915	0.2376965585408891	0.39578505206384706	0.28380058186595813	0.0	0.09720564571395984	0.23212440410568913	0.15960939595020007	0.37266206074252806
SL1344_2310_1-276	0.30491091183945995	0.5245399763301549	0.35689067253557494	0.526596158155756	0.20443612108025988	0.14214739825419986	0.357116316561379	0.33490220425484896	0.4929906977778069	0.381006227579918	0.09720564571395984	0.0	0.329330049819649	0.2568150416641599	0.4698677064564879
BN373_13911_1-281	0.02441913798018902	0.19520992651050595	0.027560622715925964	0.19726610833610703	0.12489392873938909	0.1871826515654491	0.027786266741730015	0.005572154435199983	0.16366064795815793	0.051676177760269004	0.23212440410568913	0.329330049819649	0.0	0.07251500815548906	0.14053765663683893
BN373_11771_1-276	0.04809587017530004	0.267724934665995	0.10007563087141502	0.2697811164915961	0.052378920583900035	0.11466764340996005	0.10030127489721907	0.07808716259068904	0.236175656113647	0.12419118591575806	0.15960939595020007	0.2568150416641599	0.07251500815548906	0.0	0.21305266479232798
ROD_05901_1-276	0.16495679461702795	0.05467226987366702	0.11297703392091296	0.0567284516992681	0.265431585376228	0.32772030820228804	0.11275138989510891	0.13496550220163894	0.02312299132131901	0.08886147887656992	0.37266206074252806	0.4698677064564879	0.14053765663683893	0.21305266479232798	0.0
