SEN0236_1-382	0.0	0.0153236439735987	0.07417915729348075	0.04004634763375898	0.06554513250066236	0.009799930591363457	0.024029879223084263	-1	0.01720470032236432	0.039623974544033665	0.040427214412476375	0.010082901076661696	0.03325814652842169	0.054532869900171116
SL1344_0230_1-382	0.0153236439735987	0.0	0.05885551331988205	0.02472270366016028	0.050221488527063665	0.005523713382235243	0.03935352319668296	-1	0.0018810563487656196	0.024300330570434965	0.025103570438877676	0.0052407428969370035	0.01793450255482299	0.039209225926572416
Ecoli9000q_42360_1-382	0.07417915729348075	0.05885551331988205	0.0	0.03413280965972177	0.008634024792818384	0.06437922670211729	0.09820903651656501	-1	0.05697445697111643	0.034555182749447085	0.033751942881004374	0.06409625621681905	0.04092101076505906	0.019646287393309637
ERS227112_02537_1-382	0.04004634763375898	0.02472270366016028	0.03413280965972177	0.0	0.025498784866903386	0.030246417042395522	0.06407622685684325	-1	0.02284164731139466	0.0004223730897253142	0.00038086677871739666	0.029963446557097283	0.006788201105337288	0.014486522266412134
t0230_1-382	0.06554513250066236	0.050221488527063665	0.008634024792818384	0.025498784866903386	0.0	0.05574520190929891	0.08957501172374663	-1	0.048340432178298046	0.0259211579566287	0.02511791808818599	0.05546223142400067	0.032286985972240674	0.011012262600491252
STMMW_02351_1-382	0.009799930591363457	0.005523713382235243	0.06437922670211729	0.030246417042395522	0.05574520190929891	0.0	0.03382980981444772	-1	0.0074047697310008626	0.029824043952670208	0.03062728382111292	0.00028297048529823954	0.023458215937058234	0.04473293930880766
CS17_00192_1-382	0.024029879223084263	0.03935352319668296	0.09820903651656501	0.06407622685684325	0.08957501172374663	0.03382980981444772	0.0	-1	0.04123457954544858	0.06365385376711793	0.06445709363556064	0.03411278029974596	0.057288025751505954	0.07856274912325538
b0182_1-382	-1	-1	-1	-1	-1	-1	-1	-1	-1	-1	-1	-1	-1	-1
BN373_06871_1-382	0.01720470032236432	0.0018810563487656196	0.05697445697111643	0.02284164731139466	0.048340432178298046	0.0074047697310008626	0.04123457954544858	-1	0.0	0.022419274221669346	0.023222514090112056	0.007121799245702623	0.01605344620605737	0.0373281695778068
STM_MW02351_1-382	0.039623974544033665	0.024300330570434965	0.034555182749447085	0.0004223730897253142	0.0259211579566287	0.029824043952670208	0.06365385376711793	-1	0.022419274221669346	0.0	0.0008032398684427108	0.02954107346737197	0.006365828015611974	0.014908895356137448
ENC_47050_1-382	0.040427214412476375	0.025103570438877676	0.033751942881004374	0.00038086677871739666	0.02511791808818599	0.03062728382111292	0.06445709363556064	-1	0.023222514090112056	0.0008032398684427108	0.0	0.03034431333581468	0.007169067884054685	0.014105655487694737
ETEC_0177_1-382	0.010082901076661696	0.0052407428969370035	0.06409625621681905	0.029963446557097283	0.05546223142400067	0.00028297048529823954	0.03411278029974596	-1	0.007121799245702623	0.02954107346737197	0.03034431333581468	0.0	0.023175245451759995	0.04444996882350942
ROD_01851_1-382	0.03325814652842169	0.01793450255482299	0.04092101076505906	0.006788201105337288	0.032286985972240674	0.023458215937058234	0.057288025751505954	-1	0.01605344620605737	0.006365828015611974	0.007169067884054685	0.023175245451759995	0.0	0.021274723371749422
NCTC13441_03794_1-382	0.054532869900171116	0.039209225926572416	0.019646287393309637	0.014486522266412134	0.011012262600491252	0.04473293930880766	0.07856274912325538	-1	0.0373281695778068	0.014908895356137448	0.014105655487694737	0.04444996882350942	0.021274723371749422	0.0
