BN373_27721_1-245	0.0	0.011079702957560833	0.0804028850462902	-1	0.11105337258438194	0.13736941199363334	0.3124185281974435	0.00557730846668647	0.025664786894717573	0.11815206055224498	0.13699417284157947	0.3099567997149515	0.2984504659151944	0.43371758663960813
ENC_08110_3-247	0.011079702957560833	0.0	0.09148258800385103	-1	0.12213307554194278	0.14844911495119417	0.3234982311550043	0.016657011424247303	0.01458508393715674	0.10707235759468414	0.1480738757991403	0.3210365026725123	0.30953016887275525	0.4226378836820473
t1649_1-242	0.0804028850462902	0.09148258800385103	0.0	-1	0.030650487538091742	0.05696652694734314	0.23201564315115328	0.07482557657960373	0.10606767194100777	0.19855494559853518	0.05659128779528927	0.2295539146686613	0.21804758086890422	0.5141204716858984
b1252_1-239	-1	-1	-1	-1	-1	-1	-1	-1	-1	-1	-1	-1	-1	-1
SEN1297_1-242	0.11105337258438194	0.12213307554194278	0.030650487538091742	-1	0.0	0.026316039409251396	0.20136515561306154	0.10547606411769547	0.13671815947909952	0.22920543313662692	0.025940800257197527	0.19890342713056955	0.18739709333081248	0.5447709592239901
Ecoli9000q_2100_3-244	0.13736941199363334	0.14844911495119417	0.05696652694734314	-1	0.026316039409251396	0.0	0.17504911620381014	0.13179210352694687	0.1630341988883509	0.2555214725458783	0.00037523915205386893	0.17258738772131815	0.16108105392156108	0.5710869986332414
ERS227112_04486_1-245	0.3124185281974435	0.3234982311550043	0.23201564315115328	-1	0.20136515561306154	0.17504911620381014	0.0	0.306841219730757	0.33808331509216105	0.43057058874968845	0.175424355355864	0.0024617284824919976	0.013968062282249054	0.7461361148370516
ETEC_1354_1-239	0.00557730846668647	0.016657011424247303	0.07482557657960373	-1	0.10547606411769547	0.13179210352694687	0.306841219730757	0.0	0.031242095361404043	0.12372936901893145	0.131416864374893	0.304379491248265	0.29287315744850795	0.4392948951062946
CS17_01435_3-244	0.025664786894717573	0.01458508393715674	0.10606767194100777	-1	0.13671815947909952	0.1630341988883509	0.33808331509216105	0.031242095361404043	0.0	0.0924872736575274	0.16265895973629704	0.33562158660966906	0.324115252809912	0.40805279974489056
SL1344_1668_1-242	0.11815206055224498	0.10707235759468414	0.19855494559853518	-1	0.22920543313662692	0.2555214725458783	0.43057058874968845	0.12372936901893145	0.0924872736575274	0.0	0.2551462333938245	0.42810886026719647	0.4166025264674394	0.31556552608736316
STMMW_17321_1-242	0.13699417284157947	0.1480738757991403	0.05659128779528927	-1	0.025940800257197527	0.00037523915205386893	0.175424355355864	0.131416864374893	0.16265895973629704	0.2551462333938245	0.0	0.17296262687337202	0.16145629307361495	0.5707117594811876
NCTC13441_02582_1-238	0.3099567997149515	0.3210365026725123	0.2295539146686613	-1	0.19890342713056955	0.17258738772131815	0.0024617284824919976	0.304379491248265	0.33562158660966906	0.42810886026719647	0.17296262687337202	0.0	0.011506333799757056	0.7436743863545596
STM_MW17321_1-242	0.2984504659151944	0.30953016887275525	0.21804758086890422	-1	0.18739709333081248	0.16108105392156108	0.013968062282249054	0.29287315744850795	0.324115252809912	0.4166025264674394	0.16145629307361495	0.011506333799757056	0.0	0.7321680525548026
ROD_17561_1-247	0.43371758663960813	0.4226378836820473	0.5141204716858984	-1	0.5447709592239901	0.5710869986332414	0.7461361148370516	0.4392948951062946	0.40805279974489056	0.31556552608736316	0.5707117594811876	0.7436743863545596	0.7321680525548026	0.0
