STM_MW34431_1-128	0.0	0.8138715762875031	0.42098726510519097	0.6553487360796879	0.08488882196832798	0.219835512451727	0.20331573514741702	0.799891590370827	0.09895679031731411	-1	0.584493093169757	0.05266735025888401
STMMW_34431_1-128	0.8138715762875031	0.0	0.39288431118231204	0.15852284020781504	0.728982754319175	0.594036063835776	0.610555841140086	0.013979985916676041	0.9128283666048171	-1	0.229378483117746	0.866538926546387
SEN3279_1-128	0.42098726510519097	0.39288431118231204	0.0	0.234361470974497	0.336098443136863	0.20115175265346397	0.21767152995777395	0.378904325265636	0.5199440554225051	-1	0.16350582806456604	0.473654615364075
CS17_03766_1-128	0.6553487360796879	0.15852284020781504	0.234361470974497	0.0	0.57045991411136	0.43551322362796097	0.45203300093227095	0.144542854291139	0.7543055263970021	-1	0.07085564290993096	0.7080160863385719
ENC_25440_1-128	0.08488882196832798	0.728982754319175	0.336098443136863	0.57045991411136	0.0	0.13494669048339902	0.11842691317908904	0.715002768402499	0.18384561228564208	-1	0.49960427120142903	0.137556172227212
NCTC13441_00350_1-128	0.219835512451727	0.594036063835776	0.20115175265346397	0.43551322362796097	0.13494669048339902	0.0	0.01651977730430998	0.5800560779191	0.31879230276904114	-1	0.36465758071803	0.272502862710611
BN373_43671_1-128	0.20331573514741702	0.610555841140086	0.21767152995777395	0.45203300093227095	0.11842691317908904	0.01651977730430998	0.0	0.59657585522341	0.30227252546473116	-1	0.38117735802234	0.25598308540630105
ROD_44741_1-128	0.799891590370827	0.013979985916676041	0.378904325265636	0.144542854291139	0.715002768402499	0.5800560779191	0.59657585522341	0.0	0.8988483806881411	-1	0.21539849720106996	0.8525589406297109
ERS227112_00856_1-128	0.09895679031731411	0.9128283666048171	0.5199440554225051	0.7543055263970021	0.18384561228564208	0.31879230276904114	0.30227252546473116	0.8988483806881411	0.0	-1	0.6834498834870711	0.046289440058430095
b3345_1-128	-1	-1	-1	-1	-1	-1	-1	-1	-1	-1	-1	-1
SL1344_3418_1-128	0.584493093169757	0.229378483117746	0.16350582806456604	0.07085564290993096	0.49960427120142903	0.36465758071803	0.38117735802234	0.21539849720106996	0.6834498834870711	-1	0.0	0.637160443428641
t4054_1-128	0.05266735025888401	0.866538926546387	0.473654615364075	0.7080160863385719	0.137556172227212	0.272502862710611	0.25598308540630105	0.8525589406297109	0.046289440058430095	-1	0.637160443428641	0.0
