b0903_1-760	0.0	5.73480047272303	5.67242282740303	6.549305598543662	0.0	5.98714416794677	6.113258687424981	6.22251440297694	5.68958048201664	6.1910007787635415	6.194614392761544	0.0	5.23581830463929	5.9208873748091495	6.1490308794773085	6.392047360588815	6.4159887874440376	5.38004962755046	6.150214461492409	6.122744896851607	5.58655312998485	5.9501413872848605	5.9800900445348795	5.63759348227218	5.75388355762788	6.210220068829223	6.454217798991332	5.96072155172948	0.0	6.03609704004361	5.3670111228660105	5.79100146251222	5.9339136486760395	5.80591159214378	5.97093095441312	5.69626892746729	6.034949179132992	5.69615384671065	6.106639626115375	6.033170022833397	5.89151719138405	5.97462551132545	5.7326843085009	6.145802138511271	6.358997590590956	5.8086469408288	5.62629193426874	6.124322585305204
SEN3908_1-765	5.73480047272303	0.0	0.06237764532000001	0.8145051258206321	5.73480047272303	0.2523436952237401	0.37845821470195107	0.4877139302539101	0.045219990706389934	0.4562003060405111	0.45981392003851407	5.73480047272303	0.49898216808373985	0.18608690208612	0.414230406754279	0.657246887865785	0.681188314721008	0.35475084517257005	0.4154139887693791	0.3879444241285771	0.14824734273817985	0.21534091456183013	0.24528957181184996	0.0972069904508499	0.01908308490485	0.475419596106193	0.719417326268302	0.2259210790064501	5.73480047272303	0.3012965673205801	0.36778934985701994	0.05620098978918997	0.19911317595301004	0.0711111194207501	0.23613048169009	0.038531545255739985	0.30014870640996205	0.03864662601237989	0.3718391533923451	0.29836955011036703	0.1567167186610201	0.2398250386024201	0.0021161642221299015	0.41100166578824104	0.6241971178679261	0.07384646810577	0.10850853845428987	0.38952211258217406
ENC_18900_1-810	5.67242282740303	0.06237764532000001	0.0	0.8768827711406321	5.67242282740303	0.3147213405437401	0.4408358600219511	0.5500915755739101	0.017157654613610074	0.5185779513605111	0.5221915653585141	5.67242282740303	0.43660452276373984	0.24846454740612	0.47660805207427903	0.719624533185785	0.7435659600410081	0.29237319985257004	0.4777916340893791	0.4503220694485771	0.08586969741817985	0.27771855988183014	0.30766721713184997	0.0348293451308499	0.08146073022485001	0.537797241426193	0.781794971588302	0.2882987243264501	5.67242282740303	0.3636742126405801	0.30541170453701993	0.11857863510918998	0.26149082127301004	0.1334887647407501	0.29850812701009	0.023846100064260023	0.36252635172996206	0.023731019307620116	0.4342167987123451	0.36074719543036704	0.2190943639810201	0.3022026839224201	0.06026148109787011	0.47337931110824105	0.6865747631879261	0.13622411342577	0.04613089313428986	0.45189975790217407
STM_MW09841_1-760	6.549305598543662	0.8145051258206321	0.8768827711406321	0.0	6.549305598543662	0.5621614305968919	0.436046911118681	0.326791195566722	0.859725116527022	0.35830481978012096	0.354691205782118	6.549305598543662	1.3134872939043718	0.6284182237345121	0.40027471906635304	0.15725823795484706	0.133316811099624	1.169255970993202	0.399091137051253	0.42656070169205496	0.9627524685588119	0.5991642112588019	0.5692155540087821	0.911712116271482	0.7954220409157821	0.33908552971443906	0.09508779955233004	0.588584046814182	6.549305598543662	0.513208558500052	1.1822944756776521	0.7583041360314421	0.615391949867622	0.743394006399882	0.5783746441305421	0.853036671076372	0.51435641941067	0.853151751833012	0.442665972428287	0.516135575710265	0.657788407159612	0.574680087218212	0.816621290042762	0.403503460032391	0.19030800795270597	0.7406586577148621	0.9230136642749219	0.424983013238458
b3951_1-765	0.0	5.73480047272303	5.67242282740303	6.549305598543662	0.0	5.98714416794677	6.113258687424981	6.22251440297694	5.68958048201664	6.1910007787635415	6.194614392761544	0.0	5.23581830463929	5.9208873748091495	6.1490308794773085	6.392047360588815	6.4159887874440376	5.38004962755046	6.150214461492409	6.122744896851607	5.58655312998485	5.9501413872848605	5.9800900445348795	5.63759348227218	5.75388355762788	6.210220068829223	6.454217798991332	5.96072155172948	0.0	6.03609704004361	5.3670111228660105	5.79100146251222	5.9339136486760395	5.80591159214378	5.97093095441312	5.69626892746729	6.034949179132992	5.69615384671065	6.106639626115375	6.033170022833397	5.89151719138405	5.97462551132545	5.7326843085009	6.145802138511271	6.358997590590956	5.8086469408288	5.62629193426874	6.124322585305204
CS17_00883_1-810	5.98714416794677	0.2523436952237401	0.3147213405437401	0.5621614305968919	5.98714416794677	0.0	0.12611451947821095	0.23537023503016996	0.29756368593013005	0.20385661081677098	0.20747022481477395	5.98714416794677	0.75132586330748	0.06625679313762012	0.1618867115305389	0.4049031926420449	0.42884461949726793	0.6070945403963102	0.16307029354563896	0.135600728904837	0.40059103796191997	0.037002780661909984	0.007054123411890156	0.34955068567459	0.23326061031889012	0.22307590088245288	0.4670736310445619	0.02642261621729003	5.98714416794677	0.04895287209683996	0.6201330450807601	0.19614270543455015	0.05323051927073008	0.18123257580299001	0.016213213533650128	0.2908752404794801	0.047805011186221935	0.29099032123612	0.11949545816860496	0.046025854886626916	0.09562697656272001	0.012518656621320012	0.25445985944587	0.15865797056450093	0.37185342264418597	0.17849722711797011	0.36085223367803	0.13717841735843395
SEN0789_1-810	6.113258687424981	0.37845821470195107	0.4408358600219511	0.436046911118681	6.113258687424981	0.12611451947821095	0.0	0.10925571555195901	0.423678205408341	0.07774209133856003	0.081355705336563	6.113258687424981	0.8774403827856909	0.19237131261583107	0.035772192052327956	0.27878867316383393	0.302730100019057	0.7332090598745211	0.036955774067428004	0.009486209426626036	0.5267055574401309	0.16311730014012094	0.1331686428901011	0.475665205152801	0.35937512979710107	0.09696138140424193	0.34095911156635095	0.15253713569550098	6.113258687424981	0.07716164738137099	0.746247564558971	0.3222572249127611	0.17934503874894103	0.30734709528120097	0.14232773301186108	0.41698975995769105	0.07830950829198902	0.41710484071433096	0.006619061309605989	0.08008866459158404	0.22174149604093096	0.13863317609953096	0.38057437892408097	0.032543451086289976	0.24573890316597502	0.30461174659618107	0.48696675315624094	0.011063897880222995
STMMW_09841_1-760	6.22251440297694	0.4877139302539101	0.5500915755739101	0.326791195566722	6.22251440297694	0.23537023503016996	0.10925571555195901	0.0	0.5329339209603	0.03151362421339898	0.02790001021539601	6.22251440297694	0.9866960983376499	0.3016270281677901	0.07348352349963105	0.16953295761187492	0.19347438446709797	0.8424647754264801	0.072299941484531	0.09976950612533297	0.6359612729920899	0.27237301569207995	0.24242435844206012	0.58492092070476	0.4686308453490601	0.012294334147717079	0.23170339601439194	0.26179285124746	6.22251440297694	0.18641736293333	0.85550328011093	0.4315129404647201	0.28860075430090004	0.41660281083316	0.2515834485638201	0.5262454755096501	0.18756522384394803	0.52636055626629	0.115874776861565	0.18934438014354305	0.33099721159289	0.24788889165148997	0.48983009447604	0.07671226446566903	0.136483187614016	0.4138674621481401	0.5962224687082	0.09819181767173601
CS17_00966_1-760	5.68958048201664	0.045219990706389934	0.017157654613610074	0.859725116527022	5.68958048201664	0.29756368593013005	0.423678205408341	0.5329339209603	0.0	0.501420296746901	0.505033910744904	5.68958048201664	0.4537621773773499	0.23130689279250993	0.45945039746066896	0.7024668785721749	0.726408305427398	0.3095308544661801	0.460633979475769	0.43316441483496704	0.10302735203178992	0.26056090526822007	0.2905095625182399	0.05198699974445997	0.06430307561123993	0.5206395868125829	0.764637316974692	0.27114106971284	5.68958048201664	0.34651655802697	0.32256935915063	0.1014209804955799	0.24433316665939997	0.11633111012714004	0.2813504723964799	0.006688445450649949	0.345368697116352	0.006573364694010042	0.417059144098735	0.34358954081675697	0.20193670936741004	0.28504502930881004	0.04310382648426003	0.456221656494631	0.669417108574316	0.11906645881215994	0.06328854774789994	0.434742103288564
ETEC_0971_1-760	6.1910007787635415	0.4562003060405111	0.5185779513605111	0.35830481978012096	6.1910007787635415	0.20385661081677098	0.07774209133856003	0.03151362421339898	0.501420296746901	0.0	0.0036136139980029736	6.1910007787635415	0.955182474124251	0.2701134039543911	0.04196989928623207	0.2010465818252739	0.22498800868049695	0.8109511512130811	0.04078631727113202	0.06825588191193399	0.604447648778691	0.24085939147868096	0.21091073422866113	0.553407296491361	0.4371172211356611	0.019219290065681904	0.2632170202277909	0.230279227034061	6.1910007787635415	0.15490373871993102	0.823989655897531	0.3999993162513211	0.25708713008750106	0.385089186619761	0.2200698243504211	0.4947318512962511	0.15605159963054904	0.494846932052891	0.08436115264816602	0.15783075593014406	0.299483587379491	0.216375267438091	0.458316470262641	0.04519864025227005	0.167996811827415	0.3823538379347411	0.564708844494801	0.06667819345833703
SL1344_0910_1-760	6.194614392761544	0.45981392003851407	0.5221915653585141	0.354691205782118	6.194614392761544	0.20747022481477395	0.081355705336563	0.02790001021539601	0.505033910744904	0.0036136139980029736	0.0	6.194614392761544	0.9587960881222539	0.27372701795239407	0.045583513284235044	0.19743296782727093	0.22137439468249398	0.8145647652110841	0.044399931269134996	0.07186949590993696	0.6080612627766939	0.24447300547668394	0.2145243482266641	0.557020910489364	0.44073083513366407	0.01560567606767893	0.25960340622978795	0.23389284103206398	6.194614392761544	0.158517352717934	0.827603269895534	0.4036129302493241	0.26070074408550403	0.38870280061776397	0.22368343834842408	0.49834546529425405	0.15966521362855202	0.49846054605089396	0.08797476664616899	0.16144436992814704	0.30309720137749396	0.21998888143609396	0.46193008426064397	0.048812254250273024	0.16438319782941202	0.38596745193274407	0.5683224584928039	0.07029180745634
b0823_1-810	0.0	5.73480047272303	5.67242282740303	6.549305598543662	0.0	5.98714416794677	6.113258687424981	6.22251440297694	5.68958048201664	6.1910007787635415	6.194614392761544	0.0	5.23581830463929	5.9208873748091495	6.1490308794773085	6.392047360588815	6.4159887874440376	5.38004962755046	6.150214461492409	6.122744896851607	5.58655312998485	5.9501413872848605	5.9800900445348795	5.63759348227218	5.75388355762788	6.210220068829223	6.454217798991332	5.96072155172948	0.0	6.03609704004361	5.3670111228660105	5.79100146251222	5.9339136486760395	5.80591159214378	5.97093095441312	5.69626892746729	6.034949179132992	5.69615384671065	6.106639626115375	6.033170022833397	5.89151719138405	5.97462551132545	5.7326843085009	6.145802138511271	6.358997590590956	5.8086469408288	5.62629193426874	6.124322585305204
SL1344_4063_1-765	5.23581830463929	0.49898216808373985	0.43660452276373984	1.3134872939043718	5.23581830463929	0.75132586330748	0.8774403827856909	0.9866960983376499	0.4537621773773499	0.955182474124251	0.9587960881222539	5.23581830463929	0.0	0.6850690701698599	0.9132125748380189	1.1562290559495247	1.180170482804748	0.1442313229111698	0.9143961568531189	0.886926592212317	0.35073482534556	0.71432308264557	0.7442717398955898	0.40177517763288995	0.5180652529885899	0.9744017641899329	1.2183994943520418	0.7249032470901899	5.23581830463929	0.8002787354043199	0.1311928182267199	0.5551831578729298	0.6980953440367499	0.57009328750449	0.7351126497738298	0.46045062282799987	0.7991308744937019	0.46033554207135996	0.8708213214760849	0.7973517181941069	0.65569888674476	0.73880720668616	0.49686600386160995	0.9099838338719809	1.1231792859516658	0.5728286361895099	0.39047362962945	0.8885042806659139
ROD_37941_1-765	5.9208873748091495	0.18608690208612	0.24846454740612	0.6284182237345121	5.9208873748091495	0.06625679313762012	0.19237131261583107	0.3016270281677901	0.23130689279250993	0.2701134039543911	0.27372701795239407	5.9208873748091495	0.6850690701698599	0.0	0.22814350466815903	0.471159985779665	0.49510141263488805	0.54083774725869	0.22932708668325907	0.2018575220424571	0.33433424482429985	0.029254012475710134	0.05920266972572996	0.2832938925369699	0.16700381718127	0.289332694020073	0.533330424182182	0.03983417692033009	5.9208873748091495	0.11520966523446008	0.5538762519431399	0.12988591229693003	0.013026273866890037	0.1149757826653699	0.05004357960396999	0.22461844734185998	0.11406180432384205	0.2247335280984999	0.18575225130622508	0.11228264802424703	0.029370183425099894	0.053738136516300106	0.1882030663082499	0.22491476370212105	0.4381102157818061	0.11224043398035	0.29459544054040987	0.20343521049605406
t1961_1-760	6.1490308794773085	0.414230406754279	0.47660805207427903	0.40027471906635304	6.1490308794773085	0.1618867115305389	0.035772192052327956	0.07348352349963105	0.45945039746066896	0.04196989928623207	0.045583513284235044	6.1490308794773085	0.9132125748380189	0.22814350466815903	0.0	0.24301648111150598	0.266957907966729	0.7689812519268491	0.0011835820151000487	0.02628598262570192	0.5624777494924589	0.1988894921924489	0.16894083494242906	0.5114373972051289	0.395147321849429	0.061189189351913975	0.305186919514023	0.18830932774782894	6.1490308794773085	0.11293383943369895	0.782019756611299	0.35802941696508905	0.215117230801269	0.3431192873335289	0.17809992506418904	0.452761952010019	0.11408170034431697	0.4528770327666589	0.042391253361933945	0.11586085664391199	0.2575136880932589	0.17440536815185892	0.4163465709764089	0.0032287409660379796	0.20996671111364706	0.340383938648509	0.5227389452085689	0.02470829417210496
ERS227112_04374_3-766	6.392047360588815	0.657246887865785	0.719624533185785	0.15725823795484706	6.392047360588815	0.4049031926420449	0.27878867316383393	0.16953295761187492	0.7024668785721749	0.2010465818252739	0.19743296782727093	6.392047360588815	1.1562290559495247	0.471159985779665	0.24301648111150598	0.0	0.023941426855223047	1.011997733038355	0.24183289909640593	0.2693024637372079	0.8054942306039649	0.44190597330395487	0.41195731605393504	0.7544538783166349	0.638163802960935	0.181827291759592	0.062170438402517014	0.4313258088593349	6.392047360588815	0.3559503205452049	1.025036237722805	0.601045898076595	0.45813371191277497	0.5861357684450349	0.421116406175695	0.695778433121525	0.35709818145582295	0.6958935138781649	0.2854077344734399	0.35887733775541797	0.5005301692047649	0.4174218492633649	0.6593630520879149	0.24624522207754396	0.03304976999785891	0.583400419760015	0.7657554263200749	0.26772477528361094
NCTC13441_03039_1-760	6.4159887874440376	0.681188314721008	0.7435659600410081	0.133316811099624	6.4159887874440376	0.42884461949726793	0.302730100019057	0.19347438446709797	0.726408305427398	0.22498800868049695	0.22137439468249398	6.4159887874440376	1.180170482804748	0.49510141263488805	0.266957907966729	0.023941426855223047	0.0	1.035939159893578	0.265774325951629	0.29324389059243094	0.8294356574591879	0.4658474001591779	0.4358987429091581	0.778395305171858	0.662105229816158	0.20576871861481505	0.03822901154729397	0.45526723571455796	6.4159887874440376	0.37989174740042797	1.048977664578028	0.6249873249318181	0.482075138767998	0.610077195300258	0.44505783303091806	0.719719859976748	0.381039608311046	0.7198349407333879	0.30934916132866297	0.382818764610641	0.5244715960599879	0.44136327611858794	0.683304478943138	0.270186648932767	0.05699119685308196	0.607341846615238	0.7896968531752979	0.291666202138834
STM_MW40791_1-766	5.38004962755046	0.35475084517257005	0.29237319985257004	1.169255970993202	5.38004962755046	0.6070945403963102	0.7332090598745211	0.8424647754264801	0.3095308544661801	0.8109511512130811	0.8145647652110841	5.38004962755046	0.1442313229111698	0.54083774725869	0.7689812519268491	1.011997733038355	1.035939159893578	0.0	0.7701648339419491	0.7426952693011472	0.2065035024343902	0.5700917597344002	0.60004041698442	0.25754385472172014	0.37383393007742005	0.830170441278763	1.074168171440872	0.5806719241790201	5.38004962755046	0.6560474124931501	0.013038504684449892	0.41095183496176	0.5538640211255801	0.42586196459332015	0.59088132686266	0.31621929991683007	0.6548995515825321	0.31610421916019016	0.7265899985649151	0.6531203952829371	0.5114675638335902	0.5945758837749902	0.35263468095044015	0.7657525109608111	0.9789479630404961	0.42859731327834005	0.24624230671828018	0.7442729577547441
ERS227112_03419_1-760	6.150214461492409	0.4154139887693791	0.4777916340893791	0.399091137051253	6.150214461492409	0.16307029354563896	0.036955774067428004	0.072299941484531	0.460633979475769	0.04078631727113202	0.044399931269134996	6.150214461492409	0.9143961568531189	0.22932708668325907	0.0011835820151000487	0.24183289909640593	0.265774325951629	0.7701648339419491	0.0	0.02746956464080197	0.5636613315075589	0.20007307420754894	0.1701244169575291	0.512620979220229	0.39633090386452907	0.060005607336813926	0.30400333749892294	0.18949290976292898	6.150214461492409	0.114117421448799	0.783203338626399	0.3592129989801891	0.21630081281636904	0.34430286934862897	0.17928350707928908	0.45394553402511906	0.11526528235941702	0.45406061478175896	0.043574835377033994	0.11704443865901204	0.25869727010835897	0.17558895016695897	0.417530152991509	0.004412322981138028	0.20878312909854702	0.34156752066360907	0.5239225272236689	0.02589187618720501
CS17_03546_1-764	6.122744896851607	0.3879444241285771	0.4503220694485771	0.42656070169205496	6.122744896851607	0.135600728904837	0.009486209426626036	0.09976950612533297	0.43316441483496704	0.06825588191193399	0.07186949590993696	6.122744896851607	0.886926592212317	0.2018575220424571	0.02628598262570192	0.2693024637372079	0.29324389059243094	0.7426952693011472	0.02746956464080197	0.0	0.536191766866757	0.17260350956674697	0.14265485231672714	0.485151414579427	0.3688613392237271	0.0874751719776159	0.3314729021397249	0.16202334512212702	6.122744896851607	0.08664785680799703	0.755733773985597	0.33174343433938713	0.18883124817556707	0.316833304707827	0.15181394243848712	0.4264759693843171	0.08779571771861505	0.426591050140957	0.016105270736232025	0.08957487401821007	0.231227705467557	0.148119385526157	0.390060588350707	0.02305724165966394	0.23625269373934898	0.3140979560228071	0.496452962582867	0.0015776884535969593
SL1344_0819_1-810	5.58655312998485	0.14824734273817985	0.08586969741817985	0.9627524685588119	5.58655312998485	0.40059103796191997	0.5267055574401309	0.6359612729920899	0.10302735203178992	0.604447648778691	0.6080612627766939	5.58655312998485	0.35073482534556	0.33433424482429985	0.5624777494924589	0.8054942306039649	0.8294356574591879	0.2065035024343902	0.5636613315075589	0.536191766866757	0.0	0.36358825730001	0.3935369145500298	0.05104035228732995	0.16733042764302986	0.6236669388443729	0.8676646690064819	0.37416842174462994	5.58655312998485	0.44954391005875993	0.2195420071188401	0.20444833252736982	0.3473605186911899	0.21935846215892996	0.38437782442826984	0.10971579748243987	0.4483960491481419	0.10960071672579996	0.5200864961305249	0.4466168928485469	0.30496406139919996	0.38807238134059996	0.14613117851604995	0.5592490085264209	0.7724444606061059	0.22209381084394986	0.039738804283889984	0.5377694553203539
ETEC_4219_1-765	5.9501413872848605	0.21534091456183013	0.27771855988183014	0.5991642112588019	5.9501413872848605	0.037002780661909984	0.16311730014012094	0.27237301569207995	0.26056090526822007	0.24085939147868096	0.24447300547668394	5.9501413872848605	0.71432308264557	0.029254012475710134	0.1988894921924489	0.44190597330395487	0.4658474001591779	0.5700917597344002	0.20007307420754894	0.17260350956674697	0.36358825730001	0.0	0.029948657250019828	0.31254790501268004	0.19625782965698013	0.26007868154436287	0.5040764117064719	0.010580164444619955	5.9501413872848605	0.08595565275874995	0.5831302644188501	0.15913992477264016	0.016227738608820097	0.14422979514108003	0.020789567128259856	0.2538724598175701	0.08480779184813192	0.25398754057421	0.15649823883051495	0.0830286355485369	0.05862419590081003	0.024484124040589972	0.21745707878396003	0.1956607512264109	0.40885620330609596	0.14149444645606013	0.32384945301612	0.17418119802034393
ETEC_0890_1-810	5.9800900445348795	0.24528957181184996	0.30766721713184997	0.5692155540087821	5.9800900445348795	0.007054123411890156	0.1331686428901011	0.24242435844206012	0.2905095625182399	0.21091073422866113	0.2145243482266641	5.9800900445348795	0.7442717398955898	0.05920266972572996	0.16894083494242906	0.41195731605393504	0.4358987429091581	0.60004041698442	0.1701244169575291	0.14265485231672714	0.3935369145500298	0.029948657250019828	0.0	0.34249656226269987	0.22620648690699996	0.23013002429434304	0.47412775445645206	0.019368492805399873	5.9800900445348795	0.05600699550873012	0.6130789216688699	0.18908858202266	0.046176395858839925	0.17417845239109986	0.009159090121759972	0.28382111706758995	0.05485913459811209	0.28393619782422985	0.12654958158049512	0.05307997829851707	0.08857285315082986	0.005464533209429856	0.24740573603397986	0.16571209397639108	0.3789075460560761	0.17144310370607996	0.35379811026613983	0.1442325407703241
NCTC13441_00575_1-764	5.63759348227218	0.0972069904508499	0.0348293451308499	0.911712116271482	5.63759348227218	0.34955068567459	0.475665205152801	0.58492092070476	0.05198699974445997	0.553407296491361	0.557020910489364	5.63759348227218	0.40177517763288995	0.2832938925369699	0.5114373972051289	0.7544538783166349	0.778395305171858	0.25754385472172014	0.512620979220229	0.485151414579427	0.05104035228732995	0.31254790501268004	0.34249656226269987	0.0	0.1162900753556999	0.5726265865570429	0.8166243167191519	0.3231280694573	5.63759348227218	0.39850355777143	0.27058235940617004	0.15340798024003988	0.29632016640385994	0.1683181098716	0.3333374721409399	0.05867544519510992	0.39735569686081196	0.058560364438470014	0.469046143843195	0.39557654056121694	0.25392370911187	0.33703202905327	0.09509082622872	0.508208656239091	0.721404108318776	0.1710534585566199	0.011301548003439965	0.48672910303302397
STM_MW08941_1-810	5.75388355762788	0.01908308490485	0.08146073022485001	0.7954220409157821	5.75388355762788	0.23326061031889012	0.35937512979710107	0.4686308453490601	0.06430307561123993	0.4371172211356611	0.44073083513366407	5.75388355762788	0.5180652529885899	0.16700381718127	0.395147321849429	0.638163802960935	0.662105229816158	0.37383393007742005	0.39633090386452907	0.3688613392237271	0.16733042764302986	0.19625782965698013	0.22620648690699996	0.1162900753556999	0.0	0.456336511201343	0.700334241363452	0.2068379941016001	5.75388355762788	0.2822134824157301	0.38687243476186994	0.03711790488433997	0.18003009104816003	0.0520280345159001	0.21704739678524	0.057614630160589986	0.28106562150511205	0.05772971091722989	0.3527560684874951	0.27928646520551703	0.1376336337561701	0.2207419536975701	0.021199249126979902	0.39191858088339104	0.6051140329630761	0.05476338320092	0.12759162335913987	0.37043902767732406
BN373_28711_1-764	6.210220068829223	0.475419596106193	0.537797241426193	0.33908552971443906	6.210220068829223	0.22307590088245288	0.09696138140424193	0.012294334147717079	0.5206395868125829	0.019219290065681904	0.01560567606767893	6.210220068829223	0.9744017641899329	0.289332694020073	0.061189189351913975	0.181827291759592	0.20576871861481505	0.830170441278763	0.060005607336813926	0.0874751719776159	0.6236669388443729	0.26007868154436287	0.23013002429434304	0.5726265865570429	0.456336511201343	0.0	0.24399773016210902	0.2494985170997429	6.210220068829223	0.17412302878561292	0.8432089459632129	0.41921860631700303	0.27630642015318296	0.4043084766854429	0.239289114416103	0.513951141361933	0.17527088969623095	0.5140662221185729	0.10358044271384792	0.17705004599582597	0.3187028774451729	0.2355945575037729	0.4775357603283229	0.06441793031795195	0.1487775217617331	0.401573128000423	0.5839281345604829	0.08589748352401894
STM_MW32411_1-764	6.454217798991332	0.719417326268302	0.781794971588302	0.09508779955233004	6.454217798991332	0.4670736310445619	0.34095911156635095	0.23170339601439194	0.764637316974692	0.2632170202277909	0.25960340622978795	6.454217798991332	1.2183994943520418	0.533330424182182	0.305186919514023	0.062170438402517014	0.03822901154729397	1.074168171440872	0.30400333749892294	0.3314729021397249	0.8676646690064819	0.5040764117064719	0.47412775445645206	0.8166243167191519	0.700334241363452	0.24399773016210902	0.0	0.49349624726185193	6.454217798991332	0.41812075894772194	1.087206676125322	0.663216336479112	0.520304150315292	0.6483062068475519	0.483286844578212	0.757948871524042	0.41926861985833996	0.7580639522806819	0.34757817287595694	0.421047776157935	0.5627006076072819	0.4795922876658819	0.7215334904904319	0.30841566048006097	0.09522020840037593	0.645570858162532	0.8279258647225919	0.32989521368612795
CS17_04410_1-766	5.96072155172948	0.2259210790064501	0.2882987243264501	0.588584046814182	5.96072155172948	0.02642261621729003	0.15253713569550098	0.26179285124746	0.27114106971284	0.230279227034061	0.23389284103206398	5.96072155172948	0.7249032470901899	0.03983417692033009	0.18830932774782894	0.4313258088593349	0.45526723571455796	0.5806719241790201	0.18949290976292898	0.16202334512212702	0.37416842174462994	0.010580164444619955	0.019368492805399873	0.3231280694573	0.2068379941016001	0.2494985170997429	0.49349624726185193	0.0	5.96072155172948	0.07537548831412999	0.59371042886347	0.16972008921726012	0.026807903053440052	0.15480995958569999	0.010209402683639901	0.2644526242621901	0.07422762740351196	0.26456770501883	0.145918074385895	0.07244847110391694	0.06920436034542998	0.013903959595970017	0.22803724322858	0.18508058678179096	0.398276038861476	0.15207461090068009	0.33442961746073996	0.16360103357572398
b3114_1-764	0.0	5.73480047272303	5.67242282740303	6.549305598543662	0.0	5.98714416794677	6.113258687424981	6.22251440297694	5.68958048201664	6.1910007787635415	6.194614392761544	0.0	5.23581830463929	5.9208873748091495	6.1490308794773085	6.392047360588815	6.4159887874440376	5.38004962755046	6.150214461492409	6.122744896851607	5.58655312998485	5.9501413872848605	5.9800900445348795	5.63759348227218	5.75388355762788	6.210220068829223	6.454217798991332	5.96072155172948	0.0	6.03609704004361	5.3670111228660105	5.79100146251222	5.9339136486760395	5.80591159214378	5.97093095441312	5.69626892746729	6.034949179132992	5.69615384671065	6.106639626115375	6.033170022833397	5.89151719138405	5.97462551132545	5.7326843085009	6.145802138511271	6.358997590590956	5.8086469408288	5.62629193426874	6.124322585305204
t3161_1-764	6.03609704004361	0.3012965673205801	0.3636742126405801	0.513208558500052	6.03609704004361	0.04895287209683996	0.07716164738137099	0.18641736293333	0.34651655802697	0.15490373871993102	0.158517352717934	6.03609704004361	0.8002787354043199	0.11520966523446008	0.11293383943369895	0.3559503205452049	0.37989174740042797	0.6560474124931501	0.114117421448799	0.08664785680799703	0.44954391005875993	0.08595565275874995	0.05600699550873012	0.39850355777143	0.2822134824157301	0.17412302878561292	0.41812075894772194	0.07537548831412999	6.03609704004361	0.0	0.6690859171776	0.2450955775313901	0.10218339136757004	0.23018544789982998	0.06516608563049009	0.33982811257632006	0.001147860910618026	0.33994319333295997	0.070542586071765	0.0029270172102130454	0.14457984865955997	0.06147152871815997	0.30341273154271	0.10970509846766097	0.322900550547346	0.22745009921481008	0.40980510577486995	0.08822554526159399
STMMW_40791_1-765	5.3670111228660105	0.36778934985701994	0.30541170453701993	1.1822944756776521	5.3670111228660105	0.6201330450807601	0.746247564558971	0.85550328011093	0.32256935915063	0.823989655897531	0.827603269895534	5.3670111228660105	0.1311928182267199	0.5538762519431399	0.782019756611299	1.025036237722805	1.048977664578028	0.013038504684449892	0.783203338626399	0.755733773985597	0.2195420071188401	0.5831302644188501	0.6130789216688699	0.27058235940617004	0.38687243476186994	0.8432089459632129	1.087206676125322	0.59371042886347	5.3670111228660105	0.6690859171776	0.0	0.4239903396462099	0.56690252581003	0.43890046927777004	0.6039198315471099	0.32925780460127996	0.667938056266982	0.32914272384464005	0.739628503249365	0.666158899967387	0.52450606851804	0.60761438845944	0.36567318563489004	0.778791015645261	0.991986467724946	0.44163581796278994	0.25928081140273007	0.757311462439194
ENC_17810_1-760	5.79100146251222	0.05620098978918997	0.11857863510918998	0.7583041360314421	5.79100146251222	0.19614270543455015	0.3222572249127611	0.4315129404647201	0.1014209804955799	0.3999993162513211	0.4036129302493241	5.79100146251222	0.5551831578729298	0.12988591229693003	0.35802941696508905	0.601045898076595	0.6249873249318181	0.41095183496176	0.3592129989801891	0.33174343433938713	0.20444833252736982	0.15913992477264016	0.18908858202266	0.15340798024003988	0.03711790488433997	0.41921860631700303	0.663216336479112	0.16972008921726012	5.79100146251222	0.2450955775313901	0.4239903396462099	0.0	0.14291218616382007	0.014910129631560132	0.17992949190090002	0.09473253504492996	0.24394771662077208	0.09484761580156986	0.3156381636031551	0.24216856032117706	0.10051572887183013	0.18362404881323013	0.05831715401131987	0.3548006759990511	0.5679961280787361	0.017645478316580032	0.16470952824347984	0.3333211227929841
SEN0877_1-760	5.9339136486760395	0.19911317595301004	0.26149082127301004	0.615391949867622	5.9339136486760395	0.05323051927073008	0.17934503874894103	0.28860075430090004	0.24433316665939997	0.25708713008750106	0.26070074408550403	5.9339136486760395	0.6980953440367499	0.013026273866890037	0.215117230801269	0.45813371191277497	0.482075138767998	0.5538640211255801	0.21630081281636904	0.18883124817556707	0.3473605186911899	0.016227738608820097	0.046176395858839925	0.29632016640385994	0.18003009104816003	0.27630642015318296	0.520304150315292	0.026807903053440052	5.9339136486760395	0.10218339136757004	0.56690252581003	0.14291218616382007	0.0	0.12800205653225993	0.03701730573707995	0.23764472120875002	0.10103553045695202	0.23775980196538993	0.17272597743933504	0.099256374157357	0.04239645729198993	0.04071186264941007	0.20122934017513994	0.211888489835231	0.42508394191491605	0.12526670784724003	0.3076217144072999	0.19040893662916403
NCTC13441_04548_1-766	5.80591159214378	0.0711111194207501	0.1334887647407501	0.743394006399882	5.80591159214378	0.18123257580299001	0.30734709528120097	0.41660281083316	0.11633111012714004	0.385089186619761	0.38870280061776397	5.80591159214378	0.57009328750449	0.1149757826653699	0.3431192873335289	0.5861357684450349	0.610077195300258	0.42586196459332015	0.34430286934862897	0.316833304707827	0.21935846215892996	0.14422979514108003	0.17417845239109986	0.1683181098716	0.0520280345159001	0.4043084766854429	0.6483062068475519	0.15480995958569999	5.80591159214378	0.23018544789982998	0.43890046927777004	0.014910129631560132	0.12800205653225993	0.0	0.1650193622693399	0.10964266467649009	0.22903758698921195	0.10975774543313	0.300728033971595	0.22725843068961693	0.08560559924027	0.16871391918167	0.07322728364288	0.33989054636749094	0.553085998447176	0.0027353486850199005	0.17961965787503997	0.31841099316142396
BN373_15471_1-760	5.97093095441312	0.23613048169009	0.29850812701009	0.5783746441305421	5.97093095441312	0.016213213533650128	0.14232773301186108	0.2515834485638201	0.2813504723964799	0.2200698243504211	0.22368343834842408	5.97093095441312	0.7351126497738298	0.05004357960396999	0.17809992506418904	0.421116406175695	0.44505783303091806	0.59088132686266	0.17928350707928908	0.15181394243848712	0.38437782442826984	0.020789567128259856	0.009159090121759972	0.3333374721409399	0.21704739678524	0.239289114416103	0.483286844578212	0.010209402683639901	5.97093095441312	0.06516608563049009	0.6039198315471099	0.17992949190090002	0.03701730573707995	0.1650193622693399	0.0	0.27466202694583	0.06401822471987206	0.2747771077024699	0.1357086717022551	0.062239068420277044	0.07941376302906988	0.003694556912330116	0.2382466459122199	0.17487118409815106	0.3880666361778361	0.16228401358431999	0.34463902014437986	0.15339163089208407
ROD_09721_1-760	5.69626892746729	0.038531545255739985	0.023846100064260023	0.853036671076372	5.69626892746729	0.2908752404794801	0.41698975995769105	0.5262454755096501	0.006688445450649949	0.4947318512962511	0.49834546529425405	5.69626892746729	0.46045062282799987	0.22461844734185998	0.452761952010019	0.695778433121525	0.719719859976748	0.31621929991683007	0.45394553402511906	0.4264759693843171	0.10971579748243987	0.2538724598175701	0.28382111706758995	0.05867544519510992	0.057614630160589986	0.513951141361933	0.757948871524042	0.2644526242621901	5.69626892746729	0.33982811257632006	0.32925780460127996	0.09473253504492996	0.23764472120875002	0.10964266467649009	0.27466202694583	0.0	0.33868025166570204	0.00011508075663990702	0.41037069864808506	0.336901095366107	0.1952482639167601	0.2783565838581601	0.036415381033610084	0.44953321104398103	0.6627286631236661	0.11237801336150999	0.06997699319854989	0.42805365783791405
SEN3082_1-764	6.034949179132992	0.30014870640996205	0.36252635172996206	0.51435641941067	6.034949179132992	0.047805011186221935	0.07830950829198902	0.18756522384394803	0.345368697116352	0.15605159963054904	0.15966521362855202	6.034949179132992	0.7991308744937019	0.11406180432384205	0.11408170034431697	0.35709818145582295	0.381039608311046	0.6548995515825321	0.11526528235941702	0.08779571771861505	0.4483960491481419	0.08480779184813192	0.05485913459811209	0.39735569686081196	0.28106562150511205	0.17527088969623095	0.41926861985833996	0.07422762740351196	6.034949179132992	0.001147860910618026	0.667938056266982	0.24394771662077208	0.10103553045695202	0.22903758698921195	0.06401822471987206	0.33868025166570204	0.0	0.33879533242234194	0.07169044698238303	0.0017791562995950194	0.14343198774894195	0.06032366780754195	0.30226487063209195	0.11085295937827899	0.32404841145796404	0.22630223830419205	0.4086572448642519	0.08937340617221201
BN373_14231_1-810	5.69615384671065	0.03864662601237989	0.023731019307620116	0.853151751833012	5.69615384671065	0.29099032123612	0.41710484071433096	0.52636055626629	0.006573364694010042	0.494846932052891	0.49846054605089396	5.69615384671065	0.46033554207135996	0.2247335280984999	0.4528770327666589	0.6958935138781649	0.7198349407333879	0.31610421916019016	0.45406061478175896	0.426591050140957	0.10960071672579996	0.25398754057421	0.28393619782422985	0.058560364438470014	0.05772971091722989	0.5140662221185729	0.7580639522806819	0.26456770501883	5.69615384671065	0.33994319333295997	0.32914272384464005	0.09484761580156986	0.23775980196538993	0.10975774543313	0.2747771077024699	0.00011508075663990702	0.33879533242234194	0.0	0.41048577940472497	0.3370161761227469	0.1953633446734	0.2784716646148	0.03653046179024999	0.44964829180062094	0.662843743880306	0.1124930941181499	0.06986191244190998	0.42816873859455395
ROD_47631_1-764	6.106639626115375	0.3718391533923451	0.4342167987123451	0.442665972428287	6.106639626115375	0.11949545816860496	0.006619061309605989	0.115874776861565	0.417059144098735	0.08436115264816602	0.08797476664616899	6.106639626115375	0.8708213214760849	0.18575225130622508	0.042391253361933945	0.2854077344734399	0.30934916132866297	0.7265899985649151	0.043574835377033994	0.016105270736232025	0.5200864961305249	0.15649823883051495	0.12654958158049512	0.469046143843195	0.3527560684874951	0.10358044271384792	0.34757817287595694	0.145918074385895	6.106639626115375	0.070542586071765	0.739628503249365	0.3156381636031551	0.17272597743933504	0.300728033971595	0.1357086717022551	0.41037069864808506	0.07169044698238303	0.41048577940472497	0.0	0.07346960328197805	0.21512243473132497	0.13201411478992497	0.373955317614475	0.039162512395895965	0.252357964475581	0.2979926852865751	0.48034769184663495	0.017682959189828984
NCTC13441_03172_1-810	6.033170022833397	0.29836955011036703	0.36074719543036704	0.516135575710265	6.033170022833397	0.046025854886626916	0.08008866459158404	0.18934438014354305	0.34358954081675697	0.15783075593014406	0.16144436992814704	6.033170022833397	0.7973517181941069	0.11228264802424703	0.11586085664391199	0.35887733775541797	0.382818764610641	0.6531203952829371	0.11704443865901204	0.08957487401821007	0.4466168928485469	0.0830286355485369	0.05307997829851707	0.39557654056121694	0.27928646520551703	0.17705004599582597	0.421047776157935	0.07244847110391694	6.033170022833397	0.0029270172102130454	0.666158899967387	0.24216856032117706	0.099256374157357	0.22725843068961693	0.062239068420277044	0.336901095366107	0.0017791562995950194	0.3370161761227469	0.07346960328197805	0.0	0.14165283144934693	0.05854451150794693	0.30048571433249693	0.11263211567787401	0.32582756775755906	0.22452308200459703	0.4068780885646569	0.09115256247180703
ERS227112_03294_1-810	5.89151719138405	0.1567167186610201	0.2190943639810201	0.657788407159612	5.89151719138405	0.09562697656272001	0.22174149604093096	0.33099721159289	0.20193670936741004	0.299483587379491	0.30309720137749396	5.89151719138405	0.65569888674476	0.029370183425099894	0.2575136880932589	0.5005301692047649	0.5244715960599879	0.5114675638335902	0.25869727010835897	0.231227705467557	0.30496406139919996	0.05862419590081003	0.08857285315082986	0.25392370911187	0.1376336337561701	0.3187028774451729	0.5627006076072819	0.06920436034542998	5.89151719138405	0.14457984865955997	0.52450606851804	0.10051572887183013	0.04239645729198993	0.08560559924027	0.07941376302906988	0.1952482639167601	0.14343198774894195	0.1953633446734	0.21512243473132497	0.14165283144934693	0.0	0.0831083199414	0.15883288288315	0.25428494712722094	0.467480399206906	0.0828702505552501	0.26522525711531	0.23280539392115396
SL1344_3213_1-764	5.97462551132545	0.2398250386024201	0.3022026839224201	0.574680087218212	5.97462551132545	0.012518656621320012	0.13863317609953096	0.24788889165148997	0.28504502930881004	0.216375267438091	0.21998888143609396	5.97462551132545	0.73880720668616	0.053738136516300106	0.17440536815185892	0.4174218492633649	0.44136327611858794	0.5945758837749902	0.17558895016695897	0.148119385526157	0.38807238134059996	0.024484124040589972	0.005464533209429856	0.33703202905327	0.2207419536975701	0.2355945575037729	0.4795922876658819	0.013903959595970017	5.97462551132545	0.06147152871815997	0.60761438845944	0.18362404881323013	0.04071186264941007	0.16871391918167	0.003694556912330116	0.2783565838581601	0.06032366780754195	0.2784716646148	0.13201411478992497	0.05854451150794693	0.0831083199414	0.0	0.24194120282455	0.17117662718582094	0.384372079265506	0.1659785704966501	0.34833357705671	0.14969707397975396
ENC_33650_1-764	5.7326843085009	0.0021161642221299015	0.06026148109787011	0.816621290042762	5.7326843085009	0.25445985944587	0.38057437892408097	0.48983009447604	0.04310382648426003	0.458316470262641	0.46193008426064397	5.7326843085009	0.49686600386160995	0.1882030663082499	0.4163465709764089	0.6593630520879149	0.683304478943138	0.35263468095044015	0.417530152991509	0.390060588350707	0.14613117851604995	0.21745707878396003	0.24740573603397986	0.09509082622872	0.021199249126979902	0.4775357603283229	0.7215334904904319	0.22803724322858	5.7326843085009	0.30341273154271	0.36567318563489004	0.05831715401131987	0.20122934017513994	0.07322728364288	0.2382466459122199	0.036415381033610084	0.30226487063209195	0.03653046179024999	0.373955317614475	0.30048571433249693	0.15883288288315	0.24194120282455	0.0	0.41311783001037095	0.626313282090056	0.0759626323278999	0.10639237423215997	0.39163827680430396
