STMMW_45251_13-657	0.0	0.19379702824056502	-1	0.5403893216304212	0.34147639632813925	0.4100530126372275	0.2862913185324034	0.20996555631282832	0.22030550713259164	0.12218384359897597	0.10006172722639474	0.29947951028204234	0.6793917832416622
STM_MW45251_13-657	0.19379702824056502	0.0	-1	0.42990699058509146	0.1831788932324113	0.26824012311032713	0.11472829241745587	0.020055158116048067	0.3714079827858298	0.08158107380387869	0.2744670900898664	0.1310866937278075	0.6023232014902508
b4392_1-645	-1	-1	-1	-1	-1	-1	-1	-1	-1	-1	-1	-1	-1
Ecoli9000q_40410_1-645	0.5403893216304212	0.42990699058509146	-1	0.0	0.30205891511430066	0.22092884917648847	0.3560248175425259	0.4182396956966475	0.6416440852121857	0.47641579046124444	0.5863787599597763	0.34390116332696213	0.3024352308443698
SEN4338_13-657	0.34147639632813925	0.1831788932324113	-1	0.30205891511430066	0.0	0.10413691464772404	0.07732157283313268	0.166462160056638	0.48655277279385034	0.24981603622818382	0.40736940553089546	0.059950974543236626	0.513140888237477
ROD_50791_1-645	0.4100530126372275	0.26824012311032713	-1	0.22092884917648847	0.10413691464772404	0.0	0.173406457450305	0.25326421895046813	0.5400215828695277	0.32793787963358073	0.46908412716475456	0.15784477967190375	0.45654741251998604
ERS227112_02325_1-645	0.2862913185324034	0.11472829241745587	-1	0.3560248175425259	0.07732157283313268	0.173406457450305	0.0	0.09661067669829042	0.44352527154805554	0.1869497089302331	0.3577062419365239	0.018478396146898616	0.5507856005070972
ETEC_4747_1-645	0.20996555631282832	0.020055158116048067	-1	0.4182396956966475	0.166462160056638	0.25326421895046813	0.09661067669829042	0.0	0.3840144950815456	0.10000011058551299	0.28901776731651063	0.11330386248913807	0.5941845076247227
CS17_04861_1-645	0.22030550713259164	0.3714079827858298	-1	0.6416440852121857	0.48655277279385034	0.5400215828695277	0.44352527154805554	0.3840144950815456	0.0	0.31557157710408595	0.1336133638761758	0.4538080320261284	0.7500235390254837
BN373_04721_1-645	0.12218384359897597	0.08158107380387869	-1	0.47641579046124444	0.24981603622818382	0.32793787963358073	0.1869497089302331	0.10000011058551299	0.31557157710408595	0.0	0.2100196443956975	0.2019735742959715	0.6347661017395648
SL1344_4509_13-657	0.10006172722639474	0.2744670900898664	-1	0.5863787599597763	0.40736940553089546	0.46908412716475456	0.3577062419365239	0.28901776731651063	0.1336133638761758	0.2100196443956975	0.0	0.36957480044070107	0.7114723951734758
NCTC13441_04002_1-645	0.29947951028204234	0.1310866937278075	-1	0.34390116332696213	0.059950974543236626	0.15784477967190375	0.018478396146898616	0.11330386248913807	0.4538080320261284	0.2019735742959715	0.36957480044070107	0.0	0.5423285664528948
t4621_1-627	0.6793917832416622	0.6023232014902508	-1	0.3024352308443698	0.513140888237477	0.45654741251998604	0.5507856005070972	0.5941845076247227	0.7500235390254837	0.6347661017395648	0.7114723951734758	0.5423285664528948	0.0
