STM_MW13401_1-642	0.0	0.0110051563018107	0.0134251022579208	0.0649169410325525	0.0204819285890865	-1	0.0	0.0	0.0185040619026234	0.0	0.00709300667043341	0.0	0.0277428929927169
ETEC_1751_1-642	0.0110051563018107	0.0	0.0024199459561101005	0.05391178473074179	0.009476772287275798	-1	0.0110051563018107	0.0110051563018107	0.007498905600812698	0.0110051563018107	0.00391214963137729	0.0110051563018107	0.0167377366909062
SL1344_1267_1-642	0.0134251022579208	0.0024199459561101005	0.0	0.05149183877463169	0.007056826331165698	-1	0.0134251022579208	0.0134251022579208	0.005078959644702598	0.0134251022579208	0.006332095587487391	0.0134251022579208	0.0143177907347961
SEN1711_1-642	0.0649169410325525	0.05391178473074179	0.05149183877463169	0.0	0.044435012443465996	-1	0.0649169410325525	0.0649169410325525	0.0464128791299291	0.0649169410325525	0.057823934362119085	0.0649169410325525	0.037174048039835594
ENC_14180_1-622	0.0204819285890865	0.009476772287275798	0.007056826331165698	0.044435012443465996	0.0	-1	0.0204819285890865	0.0204819285890865	0.0019778666864631	0.0204819285890865	0.01338892191865309	0.0204819285890865	0.007260964403630402
b1719_1-642	-1	-1	-1	-1	-1	-1	-1	-1	-1	-1	-1	-1	-1
NCTC13441_02160_1-642	0.0	0.0110051563018107	0.0134251022579208	0.0649169410325525	0.0204819285890865	-1	0.0	0.0	0.0185040619026234	0.0	0.00709300667043341	0.0	0.0277428929927169
t1213_1-642	0.0	0.0110051563018107	0.0134251022579208	0.0649169410325525	0.0204819285890865	-1	0.0	0.0	0.0185040619026234	0.0	0.00709300667043341	0.0	0.0277428929927169
STMMW_13401_1-642	0.0185040619026234	0.007498905600812698	0.005078959644702598	0.0464128791299291	0.0019778666864631	-1	0.0185040619026234	0.0185040619026234	0.0	0.0185040619026234	0.01141105523218999	0.0185040619026234	0.009238831090093502
BN373_27661_1-642	0.0	0.0110051563018107	0.0134251022579208	0.0649169410325525	0.0204819285890865	-1	0.0	0.0	0.0185040619026234	0.0	0.00709300667043341	0.0	0.0277428929927169
ROD_13371_1-642	0.00709300667043341	0.00391214963137729	0.006332095587487391	0.057823934362119085	0.01338892191865309	-1	0.00709300667043341	0.00709300667043341	0.01141105523218999	0.00709300667043341	0.0	0.00709300667043341	0.02064988632228349
ERS227112_04492_1-642	0.0	0.0110051563018107	0.0134251022579208	0.0649169410325525	0.0204819285890865	-1	0.0	0.0	0.0185040619026234	0.0	0.00709300667043341	0.0	0.0277428929927169
CS17_01902_1-642	0.0277428929927169	0.0167377366909062	0.0143177907347961	0.037174048039835594	0.007260964403630402	-1	0.0277428929927169	0.0277428929927169	0.009238831090093502	0.0277428929927169	0.02064988632228349	0.0277428929927169	0.0
