ROD_15751_1-189	0.0	0.7073282351022994	0.5957951917899263	0.21410434278289564	0.24194311922037914	0.4559166770753893	0.20308967544356538	0.5963641952868067	0.4137670455356003	-1
ERS227112_04788_1-189	0.7073282351022994	0.0	0.27593200537685597	0.6275946275946277	0.6139184640119573	0.4620828234092854	0.6327419084944048	0.27491129012783955	0.5007585932027748	-1
CS17_01624_1-189	0.5957951917899263	0.27593200537685597	0.0	0.4856762414982887	0.46678828665947775	0.2570902448592766	0.49278507787553555	0.0014077108567810525	0.310504799957267	-1
ERS227112_01697_1-183	0.21410434278289564	0.6275946275946277	0.4856762414982887	0.0	0.03542299309308056	0.30769012663686574	0.013821714940713188	0.486400260637032	0.2540575214014036	-1
NCTC13441_02365_1-189	0.24194311922037914	0.6139184640119573	0.46678828665947775	0.03542299309308056	0.0	0.282265834240499	0.048755101520914335	0.46753889457731	0.2266636326003788	-1
ENC_09700_1-189	0.4559166770753893	0.4620828234092854	0.2570902448592766	0.30769012663686574	0.282265834240499	0.0	0.3172590363571322	0.2581360469871968	0.0718991165863376	-1
ETEC_1533_1-189	0.20308967544356538	0.6327419084944048	0.49278507787553555	0.013821714940713188	0.048755101520914335	0.3172590363571322	0.0	0.4934990898281315	0.26436772570276246	-1
BN373_36051_1-183	0.5963641952868067	0.27491129012783955	0.0014077108567810525	0.486400260637032	0.46753889457731	0.2581360469871968	0.4934990898281315	0.0	0.3114754098360656	-1
BN373_24691_1-189	0.4137670455356003	0.5007585932027748	0.310504799957267	0.2540575214014036	0.2266636326003788	0.0718991165863376	0.26436772570276246	0.3114754098360656	0.0	-1
b1462_1-189	-1	-1	-1	-1	-1	-1	-1	-1	-1	-1
