ETEC_0833_1-1165	0.0	0.06417203292078133	0.08388632781396144	0.41013405853184814	0.12923045549317713	0.22352586150277187	0.7137053477049686	0.1182510967781023	0.35517257496098265	0.3088646816955487	0.522763124303488	0.5684505847135459	0.3188267900101831	0.40469042211955	0.8300734047106589	0.21530731326471275	0.14443289932800352	0.16910998640575703
CS17_01318_1-1160	0.06417203292078133	0.0	0.14805836073474277	0.4743060914526295	0.0650584225723958	0.2876978944235532	0.6495333147841873	0.054079063857320975	0.2910005420402013	0.24469264877476737	0.4585910913827067	0.6326226176343273	0.38299882293096443	0.4688624550403313	0.8942454376314403	0.2794793461854941	0.20860493224878485	0.1049379534849757
ENC_17030_1-1181	0.08388632781396144	0.14805836073474277	0.0	0.3262477307178867	0.21311678330713857	0.13963953368881044	0.7975916755189301	0.20213742459206374	0.4390589027749441	0.39275100950951014	0.6066494521174495	0.4845642568995845	0.23494046219622167	0.32080409430558854	0.7461870768966975	0.13142098545075132	0.06054657151404208	0.25299631421971847
Ecoli9000q_49130_1-1138	0.41013405853184814	0.4743060914526295	0.3262477307178867	0.0	0.5393645140250253	0.18660819702907627	1.1238394062368169	0.5283851553099504	0.7653066334928308	0.7189987402273968	0.9328971828353362	0.15831652618169778	0.09130726852166504	0.0054436364122981695	0.4199393461788108	0.1948267452671354	0.26570115920384463	0.5792440449376052
STMMW_10591_1-1116	0.12923045549317713	0.0650584225723958	0.21311678330713857	0.5393645140250253	0.0	0.352756316995949	0.5844748922117915	0.010979358715074827	0.2259421194678055	0.17963422620237157	0.3935326688103109	0.6976810402067231	0.44805724550336024	0.5339208776127271	0.9593038602038361	0.3445377687578899	0.27366335482118065	0.0398795309125799
Ecoli9000q_52040_1-1158	0.22352586150277187	0.2876978944235532	0.13963953368881044	0.18660819702907627	0.352756316995949	0.0	0.9372312092077405	0.3417769582808742	0.5786984364637545	0.5323905431983206	0.7462889858062599	0.34492472321077405	0.09530092850741123	0.1811645606167781	0.6065475432078871	0.00821854823805912	0.07909296217476836	0.3926358479085289
SL1344_0987_1-1116	0.7137053477049686	0.6495333147841873	0.7975916755189301	1.1238394062368169	0.5844748922117915	0.9372312092077405	0.0	0.5954542509268663	0.358532772743986	0.4048406660094199	0.1909422234014806	1.2821559324185146	1.0325321377151517	1.1183957698245186	1.5437787524156277	0.9290126609696814	0.8581382470329721	0.5445953612992116
CS17_00827_1-1133	0.1182510967781023	0.054079063857320975	0.20213742459206374	0.5283851553099504	0.010979358715074827	0.3417769582808742	0.5954542509268663	0.0	0.23692147818288034	0.1906135849174464	0.40451202752538573	0.6867016814916482	0.4370778867882854	0.5229415188976523	0.9483245014887612	0.33355841004281506	0.2626839961061058	0.050858889627654724
SL1344_2553_1-1120	0.35517257496098265	0.2910005420402013	0.4390589027749441	0.7653066334928308	0.2259421194678055	0.5786984364637545	0.358532772743986	0.23692147818288034	0.0	0.04630789326543394	0.1675905493425054	0.9236231596745286	0.6739993649711657	0.7598629970805326	1.1852459796716417	0.5704798882256954	0.49960547428898616	0.18606258855522562
ETEC_1241_1-1159	0.3088646816955487	0.24469264877476737	0.39275100950951014	0.7189987402273968	0.17963422620237157	0.5323905431983206	0.4048406660094199	0.1906135849174464	0.04630789326543394	0.0	0.21389844260793933	0.8773152664090946	0.6276914717057318	0.7135551038150987	1.1389380864062075	0.5241719949602615	0.4532975810235522	0.13975469528979167
ETEC_4723_1-1159	0.522763124303488	0.4585910913827067	0.6066494521174495	0.9328971828353362	0.3935326688103109	0.7462889858062599	0.1909422234014806	0.40451202752538573	0.1675905493425054	0.21389844260793933	0.0	1.091213709017034	0.8415899143136711	0.927453546423038	1.352836529014147	0.7380704375682008	0.6671960236314916	0.353653137897731
Ecoli9000q_1020_1-1133	0.5684505847135459	0.6326226176343273	0.4845642568995845	0.15831652618169778	0.6976810402067231	0.34492472321077405	1.2821559324185146	0.6867016814916482	0.9236231596745286	0.8773152664090946	1.091213709017034	0.0	0.24962379470336282	0.16376016259399595	0.261622819997113	0.3531432714488332	0.4240176853855424	0.737560571119303
CS17_01722_1-1133	0.3188267900101831	0.38299882293096443	0.23494046219622167	0.09130726852166504	0.44805724550336024	0.09530092850741123	1.0325321377151517	0.4370778867882854	0.6739993649711657	0.6276914717057318	0.8415899143136711	0.24962379470336282	0.0	0.08586363210936687	0.5112466147004758	0.10351947674547035	0.1743938906821796	0.48793677641594013
NCTC13441_02524_1-1158	0.40469042211955	0.4688624550403313	0.32080409430558854	0.0054436364122981695	0.5339208776127271	0.1811645606167781	1.1183957698245186	0.5229415188976523	0.7598629970805326	0.7135551038150987	0.927453546423038	0.16376016259399595	0.08586363210936687	0.0	0.42538298259110896	0.18938310885483722	0.26025752279154646	0.573800408525307
SEN1152_1-1078	0.8300734047106589	0.8942454376314403	0.7461870768966975	0.4199393461788108	0.9593038602038361	0.6065475432078871	1.5437787524156277	0.9483245014887612	1.1852459796716417	1.1389380864062075	1.352836529014147	0.261622819997113	0.5112466147004758	0.42538298259110896	0.0	0.6147660914459462	0.6856405053826554	0.999183391116416
NCTC13441_01843_1-1132	0.21530731326471275	0.2794793461854941	0.13142098545075132	0.1948267452671354	0.3445377687578899	0.00821854823805912	0.9290126609696814	0.33355841004281506	0.5704798882256954	0.5241719949602615	0.7380704375682008	0.3531432714488332	0.10351947674547035	0.18938310885483722	0.6147660914459462	0.0	0.07087441393670924	0.3844172996704698
NCTC13441_02728_1-1161	0.14443289932800352	0.20860493224878485	0.06054657151404208	0.26570115920384463	0.27366335482118065	0.07909296217476836	0.8581382470329721	0.2626839961061058	0.49960547428898616	0.4532975810235522	0.6671960236314916	0.4240176853855424	0.1743938906821796	0.26025752279154646	0.6856405053826554	0.07087441393670924	0.0	0.31354288573376055
STMMW_26091_1-1120	0.16910998640575703	0.1049379534849757	0.25299631421971847	0.5792440449376052	0.0398795309125799	0.3926358479085289	0.5445953612992116	0.050858889627654724	0.18606258855522562	0.13975469528979167	0.353653137897731	0.737560571119303	0.48793677641594013	0.573800408525307	0.999183391116416	0.3844172996704698	0.31354288573376055	0.0
