SEN2713_1-252	0.0	0.9520466875403037	0.6760789704694518	0.4616500417808181	0.21499889848480289	0.8721077144854983	0.21818974507673913	0.9930610406045146	0.21674245492373426	0.3747218172051262	0.04562281489291062	0.2194072413884018
STMMW_14141_1-249	0.9520466875403037	0.0	0.8519598664859955	0.910925390208403	0.9389130634757868	0.6250492180448306	0.9386637458926614	0.8552976001122458	0.9624402062045432	0.9233088347248035	0.9497543390516869	0.9625679915425218
SL1344_1343_1-249	0.6760789704694518	0.8519598664859955	0.0	0.3983076907778486	0.5873623248358241	0.6051744905236528	0.5856782032587396	0.97857823740082	0.7462864096113262	0.4819569298217262	0.6605943283375938	0.7471495899864404
STM_MW14141_1-250	0.4616500417808181	0.910925390208403	0.3983076907778486	0.0	0.31420483719058856	0.7624365274633642	0.3114058624467339	0.9871106901940907	0.5783333333333334	0.13902328110528234	0.435914891281926	0.5797679210152502
SL1344_2851_1-252	0.21499889848480289	0.9389130634757868	0.5873623248358241	0.31420483719058856	0.0	0.8370801196741687	0.004064767024883551	0.9911605736831554	0.3851419643450422	0.2034684007602392	0.1774728967068579	0.3872338246551091
ETEC_3045_1-244	0.8721077144854983	0.6250492180448306	0.6051744905236528	0.7624365274633642	0.8370801196741687	0.0	0.8364151855144762	0.9457437220112969	0.8998274024137186	0.795463380886172	0.8659939827667287	0.9001682080450931
STMMW_28331_1-252	0.21818974507673913	0.9386637458926614	0.5856782032587396	0.3114058624467339	0.004064767024883551	0.8364151855144762	0.0	0.9911244968305429	0.3876412190133572	0.20021747110972804	0.18081627775339684	0.38972457639861496
CS17_03198_1-245	0.9930610406045146	0.8552976001122458	0.97857823740082	0.9871106901940907	0.9911605736831554	0.9457437220112969	0.9911244968305429	0.0	0.9945650076985082	0.9889026043344907	0.9927293322768327	0.9945834985435842
STM_MW28331_1-253	0.21674245492373426	0.9624402062045432	0.7462864096113262	0.5783333333333334	0.3851419643450422	0.8998274024137186	0.3876412190133572	0.9945650076985082	0.0	0.5102461455543387	0.25247686891622434	0.0034021842258896936
SEN1636_1-249	0.3747218172051262	0.9233088347248035	0.4819569298217262	0.13902328110528234	0.2034684007602392	0.795463380886172	0.20021747110972804	0.9889026043344907	0.5102461455543387	0.0	0.3448311709958656	0.5119123783925024
t1277_1-249	0.04562281489291062	0.9497543390516869	0.6605943283375938	0.435914891281926	0.1774728967068579	0.8659939827667287	0.18081627775339684	0.9927293322768327	0.25247686891622434	0.3448311709958656	0.0	0.2550200803212852
t2773_1-252	0.2194072413884018	0.9625679915425218	0.7471495899864404	0.5797679210152502	0.3872338246551091	0.9001682080450931	0.38972457639861496	0.9945834985435842	0.0034021842258896936	0.5119123783925024	0.2550200803212852	0.0
