SEN0751_3-83	0.0	0.37898528304467627	0.41689386390246397	0.39294582702379777	0.11446450764272992	0.37898528304467627	0.1859997754860027	0.2054906474171009	0.13467435927751903	0.6826850858805178	0.17754601591932384	0.11222151999964997	0.1306054553916638	-1
STM_MW08571_3-83	0.37898528304467627	0	0.7958791469471402	0.771931110068474	0.4934497906874062	0	0.19298550755867358	0.17349463562757536	0.24431092376715724	1.061670368925194	0.5565312989640001	0.49120680304432623	0.5095907384363401	-1
ENC_19530_1-81	0.41689386390246397	0.7958791469471402	0.0	0.0239480368786662	0.30242935625973405	0.7958791469471402	0.6028936393884666	0.6223845113195648	0.551568223179983	0.2657912219780538	0.23934784798314013	0.304672343902814	0.2862884085108002	-1
CS17_00843_1-81	0.39294582702379777	0.771931110068474	0.0239480368786662	0.0	0.27848131938106785	0.771931110068474	0.5789456025098004	0.5984364744408986	0.5276201863013168	0.28973925885672003	0.21539981110447393	0.2807243070241478	0.262340371632134	-1
SL1344_0781_3-83	0.11446450764272992	0.4934497906874062	0.30242935625973405	0.27848131938106785	0.0	0.4934497906874062	0.30046428312873263	0.31995515505983085	0.24913886692024895	0.5682205782377878	0.06308150827659392	0.0022429876430799522	0.016140947748933876	-1
Ecoli9000q_49320_1-81	0.37898528304467627	0	0.7958791469471402	0.771931110068474	0.4934497906874062	0	0.19298550755867358	0.17349463562757536	0.24431092376715724	1.061670368925194	0.5565312989640001	0.49120680304432623	0.5095907384363401	-1
ROD_07851_1-81	0.1859997754860027	0.19298550755867358	0.6028936393884666	0.5789456025098004	0.30046428312873263	0.19298550755867358	0.0	0.01949087193109822	0.05132541620848366	0.8686848613665205	0.3635457914053265	0.2982212954856527	0.31660523087766645	-1
STMMW_08571_3-83	0.2054906474171009	0.17349463562757536	0.6223845113195648	0.5984364744408986	0.31995515505983085	0.17349463562757536	0.01949087193109822	0.0	0.07081628813958188	0.8881757332976187	0.3830366633364247	0.3177121674167509	0.3360961028087647	-1
t2082_3-83	0.13467435927751903	0.24431092376715724	0.551568223179983	0.5276201863013168	0.24913886692024895	0.24431092376715724	0.05132541620848366	0.07081628813958188	0.0	0.8173594451580368	0.31222037519684287	0.246895879277169	0.2652798146691828	-1
BN373_13761_1-82	0.6826850858805178	1.061670368925194	0.2657912219780538	0.28973925885672003	0.5682205782377878	1.061670368925194	0.8686848613665205	0.8881757332976187	0.8173594451580368	0.0	0.505139069961194	0.5704635658808679	0.552079630488854	-1
ERS227112_03248_1-82	0.17754601591932384	0.5565312989640001	0.23934784798314013	0.21539981110447393	0.06308150827659392	0.5565312989640001	0.3635457914053265	0.3830366633364247	0.31222037519684287	0.505139069961194	0.0	0.06532449591967388	0.04694056052766005	-1
ETEC_0849_1-81	0.11222151999964997	0.49120680304432623	0.304672343902814	0.2807243070241478	0.0022429876430799522	0.49120680304432623	0.2982212954856527	0.3177121674167509	0.246895879277169	0.5704635658808679	0.06532449591967388	0.0	0.018383935392013828	-1
NCTC13441_03210_1-81	0.1306054553916638	0.5095907384363401	0.2862884085108002	0.262340371632134	0.016140947748933876	0.5095907384363401	0.31660523087766645	0.3360961028087647	0.2652798146691828	0.552079630488854	0.04694056052766005	0.018383935392013828	0.0	-1
b0784_1-81	-1	-1	-1	-1	-1	-1	-1	-1	-1	-1	-1	-1	-1	-1
