STMMW_36581_1-310	0.0	1.1521154569305398	1.4432230613976298	0.7583562912914998	0.01013647387479999	0.15416688383583987	1.7742972904590602
STM_MW36581_1-311	1.1521154569305398	0.0	0.29110760446708994	0.39375916563904	1.1419789830557399	0.9979485730947	0.6221818335285203
ENC_47460_1-308	1.4432230613976298	0.29110760446708994	0.0	0.68486677010613	1.4330865875228298	1.28905617756179	0.33107422906143036
SEN3492_1-310	0.7583562912914998	0.39375916563904	0.68486677010613	0.0	0.7482198174166999	0.60418940745566	1.0159409991675603
SL1344_3635_1-310	0.01013647387479999	1.1419789830557399	1.4330865875228298	0.7482198174166999	0.0	0.14403040996103988	1.7641608165842602
NCTC13441_00106_1-307	0.15416688383583987	0.9979485730947	1.28905617756179	0.60418940745566	0.14403040996103988	0.0	1.6201304066232203
t3849_1-310	1.7742972904590602	0.6221818335285203	0.33107422906143036	1.0159409991675603	1.7641608165842602	1.6201304066232203	0.0
