CS17_03587_1-131	0.0	0.7766803982064203	0.7350717088037223	0.4036586571661436	0.3529087356029259	0.38211743968336354	0.7854214207788164	0.3546114403013465	0.8066267307153566	-1	0.24984997128675634	0.8585803970078967	1.062842310532651
SEN3100_1-131	0.7766803982064203	0.0	0.04160868940269802	0.37302174104027674	0.4237716626034944	0.3945629585230568	0.008741022572396062	0.4220689579050738	0.029946332508936302	-1	0.526830426919664	0.08189999880147636	0.2861619123262308
BN373_42081_1-128	0.7350717088037223	0.04160868940269802	0.0	0.3314130516375787	0.3821629732007964	0.35295426912035877	0.05034971197509408	0.3804602685023758	0.07155502191163432	-1	0.48522173751696596	0.12350868820417438	0.3277706017289288
ETEC_3415_1-131	0.4036586571661436	0.37302174104027674	0.3314130516375787	0.0	0.05074992156321767	0.02154121748278004	0.3817627636126728	0.04904721686479707	0.40296807354921305	-1	0.15380868587938723	0.4549217398417531	0.6591836533665075
NCTC13441_00547_1-131	0.3529087356029259	0.4237716626034944	0.3821629732007964	0.05074992156321767	0.0	0.02920870408043763	0.4325126851758905	0.0017027046984205985	0.4537179951124307	-1	0.10305876431616956	0.5056716614049708	0.7099335749297252
ENC_33860_1-131	0.38211743968336354	0.3945629585230568	0.35295426912035877	0.02154121748278004	0.02920870408043763	0.0	0.40330398109545285	0.027505999382017032	0.4245092910319931	-1	0.1322674683966072	0.47646295732453314	0.6807248708492876
STM_MW32651_1-131	0.7854214207788164	0.008741022572396062	0.05034971197509408	0.3817627636126728	0.4325126851758905	0.40330398109545285	0.0	0.4308099804774699	0.02120530993654024	-1	0.53557144949206	0.0731589762290803	0.2774208897538347
STMMW_32651_1-131	0.3546114403013465	0.4220689579050738	0.3804602685023758	0.04904721686479707	0.0017027046984205985	0.027505999382017032	0.4308099804774699	0.0	0.4520152904140101	-1	0.10476146901459016	0.5039689567065502	0.7082308702313046
ROD_46851_1-131	0.8066267307153566	0.029946332508936302	0.07155502191163432	0.40296807354921305	0.4537179951124307	0.4245092910319931	0.02120530993654024	0.4520152904140101	0.0	-1	0.5567767594286003	0.05195366629254006	0.2562155798172945
b3148_1-131	-1	-1	-1	-1	-1	-1	-1	-1	-1	-1	-1	-1	-1
SL1344_3238_1-131	0.24984997128675634	0.526830426919664	0.48522173751696596	0.15380868587938723	0.10305876431616956	0.1322674683966072	0.53557144949206	0.10476146901459016	0.5567767594286003	-1	0.0	0.6087304257211403	0.8129923392458948
ERS227112_01045_1-129	0.8585803970078967	0.08189999880147636	0.12350868820417438	0.4549217398417531	0.5056716614049708	0.47646295732453314	0.0731589762290803	0.5039689567065502	0.05195366629254006	-1	0.6087304257211403	0.0	0.20426191352475442
t3185_1-131	1.062842310532651	0.2861619123262308	0.3277706017289288	0.6591836533665075	0.7099335749297252	0.6807248708492876	0.2774208897538347	0.7082308702313046	0.2562155798172945	-1	0.8129923392458948	0.20426191352475442	0.0
