CS17_01074_10-363	0.0	0.2698193451346659	1.2619160991996703	0.27898020432913695	0.27391907010902194	-1	0.32594487851657294	0.4934019962844719	0.46759268327205095	0.5434500730400039	0.5306946026438809	-1	0.4417928792734619	0.3887962780432239	0.44880470407347495	0.4606162391191979	0.5136624845173439	0.24153889850381494	0.07699628266760006	0.20215088913654	0.8071909377353299	0.5149854120135319
CS17_00998_1-381	0.2698193451346659	0.0	1.5317354443343363	0.009160859194471072	0.004099724974356067	-1	0.05612553338190707	0.22358265114980602	0.19777333813738507	0.27363072790533804	0.26087525750921503	-1	0.171973534138796	0.11897693290855804	0.17898535893880907	0.19079689398453203	0.243843139382678	0.02828044663085094	0.34681562780226594	0.06766845599812588	1.077010282869996	0.245166066878866
ERS227112_04776_40-427	1.2619160991996703	1.5317354443343363	0.0	1.5408963035288072	1.5358351693086922	-1	1.5878609777162431	1.7553180954841423	1.7295087824717212	1.8053661722396743	1.792610701843551	-1	1.703708978473132	1.6507123772428942	1.7107208032731451	1.7225323383188682	1.7755785837170142	1.5034549977034852	1.1849198165320702	1.4640669883362103	0.4547251614643404	1.776901511213202
NCTC13441_02893_10-363	0.27898020432913695	0.009160859194471072	1.5408963035288072	0.0	0.0050611342201150045	-1	0.046964674187435995	0.21442179195533495	0.188612478942914	0.264469868710867	0.25171439831474396	-1	0.16281267494432494	0.10981607371408697	0.169824499744338	0.18163603479006096	0.23468228018820692	0.03744130582532201	0.355976486996737	0.07682931519259695	1.0861711420644669	0.23600520768439492
BN373_37921_57-436	0.27391907010902194	0.004099724974356067	1.5358351693086922	0.0050611342201150045	0.0	-1	0.052025808407551	0.21948292617544995	0.193673613163029	0.269531002930982	0.25677553253485896	-1	0.16787380916443995	0.11487720793420197	0.174885633964453	0.18669716901017597	0.23974341440832192	0.03238017160520701	0.350915352776622	0.07176818097248194	1.0811100078443519	0.24106634190450993
b0935_1-381	-1	-1	-1	-1	-1	-1	-1	-1	-1	-1	-1	-1	-1	-1	-1	-1	-1	-1	-1	-1	-1	-1
BN373_37941_8-390	0.32594487851657294	0.05612553338190707	1.5878609777162431	0.046964674187435995	0.052025808407551	-1	0.0	0.16745711776789896	0.141647804755478	0.21750519452343098	0.20474972412730796	-1	0.11584800075688895	0.06285139952665098	0.122859825556902	0.13467136060262497	0.18771760600077092	0.08440598001275801	0.402941161184173	0.12379398938003294	1.1331358162519027	0.18904053349695893
BN373_26961_8-359	0.4934019962844719	0.22358265114980602	1.7553180954841423	0.21442179195533495	0.21948292617544995	-1	0.16745711776789896	0.0	0.025809313012420954	0.05004807675553202	0.03729260635940901	-1	0.05160911701101001	0.10460571824124798	0.04459729221099695	0.03278575716527399	0.020260488232871965	0.25186309778065696	0.570398278952072	0.2912511071479319	1.300592934019802	0.021583415729059974
ERS227112_04566_8-360	0.46759268327205095	0.19777333813738507	1.7295087824717212	0.188612478942914	0.193673613163029	-1	0.141647804755478	0.025809313012420954	0.0	0.07585738976795298	0.06310191937182996	-1	0.025799803998589055	0.07879640522882703	0.018787979198576	0.006976444152853034	0.04606980124529292	0.226053784768236	0.544588965939651	0.26544179413551094	1.2747836210073809	0.04739272874148093
ROD_10041_1-381	0.5434500730400039	0.27363072790533804	1.8053661722396743	0.264469868710867	0.269531002930982	-1	0.21750519452343098	0.05004807675553202	0.07585738976795298	0.0	0.012755470396123014	-1	0.10165719376654203	0.15465379499678	0.09464536896652898	0.08283383392080601	0.029787588522660058	0.301911174536189	0.620446355707604	0.3412991839034639	1.350641010775334	0.02846466102647205
ETEC_1003_1-381	0.5306946026438809	0.26087525750921503	1.792610701843551	0.25171439831474396	0.25677553253485896	-1	0.20474972412730796	0.03729260635940901	0.06310191937182996	0.012755470396123014	0.0	-1	0.08890172337041902	0.141898324600657	0.08188989857040596	0.070078363524683	0.017032118126537044	0.28915570414006597	0.607690885311481	0.3285437135073409	1.3378855403792107	0.015709190630349035
b1012_29-381	-1	-1	-1	-1	-1	-1	-1	-1	-1	-1	-1	-1	-1	-1	-1	-1	-1	-1	-1	-1	-1	-1
ERS227112_03516_10-363	0.4417928792734619	0.171973534138796	1.703708978473132	0.16281267494432494	0.16787380916443995	-1	0.11584800075688895	0.05160911701101001	0.025799803998589055	0.10165719376654203	0.08890172337041902	-1	0.0	0.05299660123023797	0.007011824800013056	0.01882335984573602	0.07186960524388197	0.20025398076964696	0.518789161941062	0.2396419901369219	1.2489838170087917	0.07319253274006998
ERS227112_03456_1-381	0.3887962780432239	0.11897693290855804	1.6507123772428942	0.10981607371408697	0.11487720793420197	-1	0.06285139952665098	0.10460571824124798	0.07879640522882703	0.15465379499678	0.141898324600657	-1	0.05299660123023797	0.0	0.06000842603025103	0.07181996107597399	0.12486620647411995	0.14725737953940898	0.465792560710824	0.18664538890668392	1.1959872157785538	0.12618913397030795
BN373_16531_10-362	0.44880470407347495	0.17898535893880907	1.7107208032731451	0.169824499744338	0.174885633964453	-1	0.122859825556902	0.04459729221099695	0.018787979198576	0.09464536896652898	0.08188989857040596	-1	0.007011824800013056	0.06000842603025103	0.0	0.011811535045722965	0.06485778044386892	0.20726580556966	0.525800986741075	0.24665381493693495	1.2559956418088047	0.06618070794005693
NCTC13441_02954_1-381	0.4606162391191979	0.19079689398453203	1.7225323383188682	0.18163603479006096	0.18669716901017597	-1	0.13467136060262497	0.03278575716527399	0.006976444152853034	0.08283383392080601	0.070078363524683	-1	0.01882335984573602	0.07181996107597399	0.011811535045722965	0.0	0.05304624539814595	0.21907734061538298	0.537612521786798	0.2584653499826579	1.2678071768545278	0.05436917289433396
ERS227112_01510_8-390	0.5136624845173439	0.243843139382678	1.7755785837170142	0.23468228018820692	0.23974341440832192	-1	0.18771760600077092	0.020260488232871965	0.04606980124529292	0.029787588522660058	0.017032118126537044	-1	0.07186960524388197	0.12486620647411995	0.06485778044386892	0.05304624539814595	0.0	0.27212358601352893	0.5906587671849439	0.31151159538080386	1.3208534222526738	0.0013229274961880089
BN373_15831_1-381	0.24153889850381494	0.02828044663085094	1.5034549977034852	0.03744130582532201	0.03238017160520701	-1	0.08440598001275801	0.25186309778065696	0.226053784768236	0.301911174536189	0.28915570414006597	-1	0.20025398076964696	0.14725737953940898	0.20726580556966	0.21907734061538298	0.27212358601352893	0.0	0.318535181171415	0.039388009367274934	1.0487298362391448	0.27344651350971694
ENC_09580_20-407	0.07699628266760006	0.34681562780226594	1.1849198165320702	0.355976486996737	0.350915352776622	-1	0.402941161184173	0.570398278952072	0.544588965939651	0.620446355707604	0.607690885311481	-1	0.518789161941062	0.465792560710824	0.525800986741075	0.537612521786798	0.5906587671849439	0.318535181171415	0.0	0.27914717180414006	0.7301946550677298	0.5919816946811319
ETEC_1081_29-381	0.20215088913654	0.06766845599812588	1.4640669883362103	0.07682931519259695	0.07176818097248194	-1	0.12379398938003294	0.2912511071479319	0.26544179413551094	0.3412991839034639	0.3285437135073409	-1	0.2396419901369219	0.18664538890668392	0.24665381493693495	0.2584653499826579	0.31151159538080386	0.039388009367274934	0.27914717180414006	0.0	1.00934182687187	0.31283452287699187
BN373_24771_40-426	0.8071909377353299	1.077010282869996	0.4547251614643404	1.0861711420644669	1.0811100078443519	-1	1.1331358162519027	1.300592934019802	1.2747836210073809	1.350641010775334	1.3378855403792107	-1	1.2489838170087917	1.1959872157785538	1.2559956418088047	1.2678071768545278	1.3208534222526738	1.0487298362391448	0.7301946550677298	1.00934182687187	0.0	1.3221763497488617
ERS227112_01512_57-436	0.5149854120135319	0.245166066878866	1.776901511213202	0.23600520768439492	0.24106634190450993	-1	0.18904053349695893	0.021583415729059974	0.04739272874148093	0.02846466102647205	0.015709190630349035	-1	0.07319253274006998	0.12618913397030795	0.06618070794005693	0.05436917289433396	0.0013229274961880089	0.27344651350971694	0.5919816946811319	0.31283452287699187	1.3221763497488617	0.0
