STM_MW16181_1-502	0.0	1.2886422791487226	0.2613403088651536	0.13314409983319253	0.4334488778588599	0.0528340267938498	0.19695095596343548	0.08175217967370252	0.2746320198452512
ROD_16101_1-502	1.2886422791487226	0.0	1.027301970283569	1.1554981793155301	0.8551934012898629	1.235808252354873	1.0916913231852874	1.2068900994750202	1.0140102593034714
SL1344_1553_1-502	0.2613403088651536	1.027301970283569	0.0	0.12819620903196105	0.1721085689937063	0.20850628207130378	0.0643893529017181	0.17958812919145106	0.013291710980097626
SEN1429_1-502	0.13314409983319253	1.1554981793155301	0.12819620903196105	0.0	0.30030477802566735	0.08031007303934273	0.06380685613024295	0.05139192015949001	0.14148792001205868
BN373_25271_1-501	0.4334488778588599	0.8551934012898629	0.1721085689937063	0.30030477802566735	0.0	0.3806148510650101	0.2364979218954244	0.35169669818515736	0.15881685801360867
STMMW_16181_1-502	0.0528340267938498	1.235808252354873	0.20850628207130378	0.08031007303934273	0.3806148510650101	0.0	0.14411692916958568	0.02891815287985272	0.2217979930514014
t1532_1-502	0.19695095596343548	1.0916913231852874	0.0643893529017181	0.06380685613024295	0.2364979218954244	0.14411692916958568	0.0	0.11519877628973296	0.07768106388181573
ERS227112_04728_1-501	0.08175217967370252	1.2068900994750202	0.17958812919145106	0.05139192015949001	0.35169669818515736	0.02891815287985272	0.11519877628973296	0.0	0.1928798401715487
ENC_11150_1-501	0.2746320198452512	1.0140102593034714	0.013291710980097626	0.14148792001205868	0.15881685801360867	0.2217979930514014	0.07768106388181573	0.1928798401715487	0.0
