t2335_1-261	0.0	0.22082517120350031	1.3109924304185911	0.1548267571662516	0.04183070637623976	-1	1.2051911193237106	0.9271628765673959	1.06192144146598	0.34191188940798
STM_MW05941_1-274	0.22082517120350031	0.0	1.5318176016220915	0.06599841403724871	0.17899446482726056	-1	1.426016290527211	0.7063377053638956	0.8410962702624799	0.12108671820447969
NCTC13441_03461_1-262	1.3109924304185911	1.5318176016220915	0.0	1.4658191875848428	1.352823136794831	-1	0.10580131109488056	2.238155306985987	2.3729138718845713	1.6529043198265712
SEN0507_1-261	0.1548267571662516	0.06599841403724871	1.4658191875848428	0.0	0.11299605079001185	-1	1.3600178764899622	0.7723361194011443	0.9070946842997286	0.1870851322417284
ETEC_0567_1-261	0.04183070637623976	0.17899446482726056	1.352823136794831	0.11299605079001185	0.0	-1	1.2470218256999503	0.8853321701911562	1.0200907350897404	0.30008118303174025
b0515_1-261	-1	-1	-1	-1	-1	-1	-1	-1	-1	-1
Ecoli9000q_46390_1-262	1.2051911193237106	1.426016290527211	0.10580131109488056	1.3600178764899622	1.2470218256999503	-1	0.0	2.1323539958911066	2.2671125607896907	1.5471030087316906
STMMW_05941_1-261	0.9271628765673959	0.7063377053638956	2.238155306985987	0.7723361194011443	0.8853321701911562	-1	2.1323539958911066	0.0	0.1347585648985843	0.5852509871594159
CS17_00541_1-262	1.06192144146598	0.8410962702624799	2.3729138718845713	0.9070946842997286	1.0200907350897404	-1	2.2671125607896907	0.1347585648985843	0.0	0.7200095520580002
SL1344_0519_1-261	0.34191188940798	0.12108671820447969	1.6529043198265712	0.1870851322417284	0.30008118303174025	-1	1.5471030087316906	0.5852509871594159	0.7200095520580002	0.0
