STM_MW19971_1-183	0.0	1.15352599999759	0.4015116287187699	1.2809145405093199	1.4891745808554	0.3543827401038899
ETEC_0295_1-168	1.15352599999759	0.0	0.7520143712788201	0.12738854051172988	0.3356485808578099	0.7991432598937
STMMW_19971_1-153	0.4015116287187699	0.7520143712788201	0.0	0.87940291179055	1.08766295213663	0.04712888861487996
SEN1934_1-170	1.2809145405093199	0.12738854051172988	0.87940291179055	0.0	0.20826004034608003	0.9265318004054299
ETEC_4341_1-174	1.4891745808554	0.3356485808578099	1.08766295213663	0.20826004034608003	0.0	1.13479184075151
SL1344_1943_1-172	0.3543827401038899	0.7991432598937	0.04712888861487996	0.9265318004054299	1.13479184075151	0.0
