ERS227112_05550_7-276	0.0	-1	0.022433037859596827	0.006164885716318569	0.05790022804599926	0.02668608414911333	0.4172148171922323	0.4266567699450645	0.5412002816887114	0.3103039346992226
b4104_2-265	-1	-1	-1	-1	-1	-1	-1	-1	-1	-1
ERS227112_02637_2-290	0.022433037859596827	-1	0.0	0.028597923575915396	0.03546719018640243	0.004253046289516504	0.3947817793326355	0.4042237320854677	0.5187672438291145	0.33273697255881945
ERS227112_02636_2-283	0.006164885716318569	-1	0.028597923575915396	0.0	0.06406511376231783	0.0328509698654319	0.42337970290855087	0.4328216556613831	0.5473651674050299	0.30413904898290406
BN373_07741_2-283	0.05790022804599926	-1	0.03546719018640243	0.06406511376231783	0.0	0.031214143896885926	0.35931458914623304	0.36875654189906526	0.4833000536427121	0.3682041627452219
Ecoli9000q_37640_10-280	0.02668608414911333	-1	0.004253046289516504	0.0328509698654319	0.031214143896885926	0.0	0.39052873304311897	0.3999706857959512	0.514514197539598	0.33699001884833596
NCTC13441_04360_2-259	0.4172148171922323	-1	0.3947817793326355	0.42337970290855087	0.35931458914623304	0.39052873304311897	0.0	0.009441952752832217	0.12398546449647907	0.727518751891455
CS17_04581_2-259	0.4266567699450645	-1	0.4042237320854677	0.4328216556613831	0.36875654189906526	0.3999706857959512	0.009441952752832217	0.0	0.11454351174364685	0.7369607046442872
ENC_05370_2-259	0.5412002816887114	-1	0.5187672438291145	0.5473651674050299	0.4833000536427121	0.514514197539598	0.12398546449647907	0.11454351174364685	0.0	0.851504216387934
BN373_07751_2-289	0.3103039346992226	-1	0.33273697255881945	0.30413904898290406	0.3682041627452219	0.33699001884833596	0.727518751891455	0.7369607046442872	0.851504216387934	0.0
