Ecoli9000q_32640_1-258	0.0	3.299553290243648	4.480405079243707	1.6932876864312378	4.452509539779707	1.3145296744070927	3.9637874461122657	4.421476863600943	2.887739933688928	-1	4.005084689062809	2.772034917387353	3.759109650633771	3.7734100824193115	1.3032797850577076	3.5743723238723932	3.7050294318786126	3.9931995662078856	4.211943280088061	3.616751306249356	3.9257060235464136	3.7162403334348957	3.2767989588988398	3.9861167612000292	4.099329120550033	3.712248873112701
STMMW_28501_1-253	3.299553290243648	0.0	1.1808517890000583	1.6062656038124106	1.152956249536059	1.9850236158365557	0.6642341558686173	1.1219235733572948	0.4118133565547206	-1	0.7055313988191599	0.5275183728562955	0.4595563603901225	0.47385679217566334	1.9962735051859408	0.27481903362874505	0.40547614163496426	0.6936462759642373	0.9123899898444122	0.31719801600570763	0.6261527333027651	0.4166870431912474	0.02275433134480842	0.6865634709563807	0.7997758303063847	0.4126955828690527
CS17_03207_1-254	4.480405079243707	1.1808517890000583	0.0	2.7871173928124686	0.027895539463999267	3.165875404836614	0.5166176331314408	0.0589282156427635	1.592665145554779	-1	0.4753203901808982	1.7083701618563538	0.7212954286099357	0.7069949968243948	3.177125294185999	0.9060327553713131	0.7753756473650939	0.4872055130358208	0.26846179915564594	0.8636537729943505	0.554699055697293	0.7641647458088108	1.2036061203448667	0.49428831804367745	0.38107595869367356	0.7681562061310054
SEN2729_1-253	1.6932876864312378	1.6062656038124106	2.7871173928124686	0.0	2.7592218533484694	0.37875801202414516	2.270499759681028	2.728189177169705	1.19445224725769	-1	2.3117970026315704	1.078747230956115	2.065821964202533	2.0801223959880737	0.39000790137353025	1.8810846374411556	2.0117417454473747	2.299911879776648	2.5186555936568227	1.923463619818118	2.232418337115176	2.022952647003658	1.5835112724676021	2.2928290747687914	2.4060414341187952	2.018961186681463
STMMW_14261_1-254	4.452509539779707	1.152956249536059	0.027895539463999267	2.7592218533484694	0.0	3.1379798653726145	0.48872209366744157	0.031032676178764235	1.5647696060907794	-1	0.44742485071689897	1.6804746223923543	0.6933998891459364	0.6790994573603956	3.1492297547219996	0.8781372159073139	0.7474801079010946	0.4593099735718216	0.2405662596916467	0.8357582335303513	0.5268035162332938	0.7362692063448115	1.1757105808808674	0.4663927785796782	0.3531804192296743	0.7402606666670062
STM_MW28501_1-253	1.3145296744070927	1.9850236158365557	3.165875404836614	0.37875801202414516	3.1379798653726145	0.0	2.649257771705173	3.1069471891938503	1.573210259281835	-1	2.6905550146557156	1.4575052429802602	2.444579976226678	2.4588804080122193	0.01124988934938509	2.259842649465301	2.39049975747152	2.678669891800793	2.897413605680968	2.3022216318422632	2.611176349139321	2.401710659027803	1.9622692844917473	2.6715870867929365	2.7847994461429404	2.3977191987056083
STMMW_19611_1-264	3.9637874461122657	0.6642341558686173	0.5166176331314408	2.270499759681028	0.48872209366744157	2.649257771705173	0.0	0.4576894174886773	1.076047512423338	-1	0.0412972429505426	1.1917525287249129	0.20467779547849485	0.190377363692954	2.660507661054558	0.3894151222398723	0.2587580142336531	0.029412120095619998	0.24815583397579488	0.3470361398629097	0.03808142256585223	0.24754711267736995	0.6869884872134258	0.02232931508776337	0.13554167443776727	0.2515385729995646
SL1344_1355_1-254	4.421476863600943	1.1219235733572948	0.0589282156427635	2.728189177169705	0.031032676178764235	3.1069471891938503	0.4576894174886773	0.0	1.5337369299120154	-1	0.4163921745381347	1.6494419462135903	0.6623672129671722	0.6480667811816313	3.1181970785432354	0.8471045397285496	0.7164474317223304	0.4282772973930573	0.20953358351288245	0.804725557351587	0.49577084005452954	0.7052365301660473	1.1446779047021032	0.43536010240091394	0.3221477430509101	0.7092279904882419
t0896_1-264	2.887739933688928	0.4118133565547206	1.592665145554779	1.19445224725769	1.5647696060907794	1.573210259281835	1.076047512423338	1.5337369299120154	0.0	-1	1.1173447553738804	0.11570501630157493	0.8713697169448431	0.885670148730384	1.5844601486312202	0.6866323901834657	0.8172894981896849	1.1054596325189578	1.3242033463991327	0.7290113725604283	1.0379660898574858	0.828500399745968	0.3890590252099122	1.0983768275111014	1.2115891868611053	0.8245089394237733
b1950_1-261	-1	-1	-1	-1	-1	-1	-1	-1	-1	-1	-1	-1	-1	-1	-1	-1	-1	-1	-1	-1	-1	-1	-1	-1	-1	-1
NCTC13441_01874_1-262	4.005084689062809	0.7055313988191599	0.4753203901808982	2.3117970026315704	0.44742485071689897	2.6905550146557156	0.0412972429505426	0.4163921745381347	1.1173447553738804	-1	0.0	1.2330497716754554	0.24597503842903745	0.2316746066434966	2.7018049040051006	0.4307123651904149	0.3000552571841957	0.011885122854922603	0.20685859102525228	0.3883333828134523	0.07937866551639483	0.28884435562791255	0.7282857301639684	0.018967927862779232	0.09424443148722467	0.2928358159501072
SL1344_2867_1-253	2.772034917387353	0.5275183728562955	1.7083701618563538	1.078747230956115	1.6804746223923543	1.4575052429802602	1.1917525287249129	1.6494419462135903	0.11570501630157493	-1	1.2330497716754554	0.0	0.987074733246418	1.001375165031959	1.4687551323296453	0.8023374064850406	0.9329945144912598	1.2211646488205328	1.4399083627007077	0.8447163888620032	1.1536711061590608	0.9442054160475429	0.5047640415114871	1.2140818438126764	1.3272942031626802	0.9402139557253483
SEN1624_1-254	3.759109650633771	0.4595563603901225	0.7212954286099357	2.065821964202533	0.6933998891459364	2.444579976226678	0.20467779547849485	0.6623672129671722	0.8713697169448431	-1	0.24597503842903745	0.987074733246418	0.0	0.014300431785540857	2.4558298655760633	0.18473732676137744	0.05408021875515823	0.23408991557411485	0.45283362945428973	0.14235834438441486	0.16659637291264262	0.0428693171988751	0.4823106917349309	0.22700711056625822	0.3402194699162621	0.04686077752106976
SL1344_1910_1-264	3.7734100824193115	0.47385679217566334	0.7069949968243948	2.0801223959880737	0.6790994573603956	2.4588804080122193	0.190377363692954	0.6480667811816313	0.885670148730384	-1	0.2316746066434966	1.001375165031959	0.014300431785540857	0.0	2.470130297361604	0.1990377585469183	0.06838065054069908	0.219789483788574	0.4385331976687489	0.15665877616995572	0.15229594112710176	0.05716974898441596	0.49661112352047176	0.21270667878071736	0.32591903813072126	0.06116120930661062
t2790_1-253	1.3032797850577076	1.9962735051859408	3.177125294185999	0.39000790137353025	3.1492297547219996	0.01124988934938509	2.660507661054558	3.1181970785432354	1.5844601486312202	-1	2.7018049040051006	1.4687551323296453	2.4558298655760633	2.470130297361604	0.0	2.2710925388146856	2.401749646820905	2.689919781150178	2.908663495030353	2.3134715211916483	2.622426238488706	2.412960548377188	1.9735191738411324	2.6828369761423216	2.7960493354923255	2.4089690880549934
SEN1028_1-264	3.5743723238723932	0.27481903362874505	0.9060327553713131	1.8810846374411556	0.8781372159073139	2.259842649465301	0.3894151222398723	0.8471045397285496	0.6866323901834657	-1	0.4307123651904149	0.8023374064850406	0.18473732676137744	0.1990377585469183	2.2710925388146856	0.0	0.1306571080062192	0.4188272423354923	0.6375709562156672	0.04237898237696258	0.35133369967402006	0.14186800956250234	0.29757336497355347	0.41174443732763566	0.5249567966776396	0.13787654924030768
ETEC_2053_1-261	3.7050294318786126	0.40547614163496426	0.7753756473650939	2.0117417454473747	0.7474801079010946	2.39049975747152	0.2587580142336531	0.7164474317223304	0.8172894981896849	-1	0.3000552571841957	0.9329945144912598	0.05408021875515823	0.06838065054069908	2.401749646820905	0.1306571080062192	0.0	0.2881701343292731	0.506913848209448	0.08827812562925663	0.22067659166780085	0.011210901556283126	0.4282304729797727	0.28108732932141645	0.39429968867142035	0.007219441234088464
ROD_02291_1-260	3.9931995662078856	0.6936462759642373	0.4872055130358208	2.299911879776648	0.4593099735718216	2.678669891800793	0.029412120095619998	0.4282772973930573	1.1054596325189578	-1	0.011885122854922603	1.2211646488205328	0.23408991557411485	0.219789483788574	2.689919781150178	0.4188272423354923	0.2881701343292731	0.0	0.21874371388017488	0.3764482599585297	0.06749354266147223	0.27695923277298995	0.7164006073090458	0.00708280500785663	0.10612955434214727	0.2809506930951846
ETEC_3053_1-254	4.211943280088061	0.9123899898444122	0.26846179915564594	2.5186555936568227	0.2405662596916467	2.897413605680968	0.24815583397579488	0.20953358351288245	1.3242033463991327	-1	0.20685859102525228	1.4399083627007077	0.45283362945428973	0.4385331976687489	2.908663495030353	0.6375709562156672	0.506913848209448	0.21874371388017488	0.0	0.5951919738387046	0.2862372565416471	0.49570294665316483	0.9351443211892206	0.2258265188880315	0.11261415953802761	0.4996944069753595
ROD_20301_1-264	3.616751306249356	0.31719801600570763	0.8636537729943505	1.923463619818118	0.8357582335303513	2.3022216318422632	0.3470361398629097	0.804725557351587	0.7290113725604283	-1	0.3883333828134523	0.8447163888620032	0.14235834438441486	0.15665877616995572	2.3134715211916483	0.04237898237696258	0.08827812562925663	0.3764482599585297	0.5951919738387046	0.0	0.3089547172970575	0.09948902718553976	0.33995234735051605	0.3693654549506731	0.482577814300677	0.0954975668633451
STM_MW14261_1-254	3.9257060235464136	0.6261527333027651	0.554699055697293	2.232418337115176	0.5268035162332938	2.611176349139321	0.03808142256585223	0.49577084005452954	1.0379660898574858	-1	0.07937866551639483	1.1536711061590608	0.16659637291264262	0.15229594112710176	2.622426238488706	0.35133369967402006	0.22067659166780085	0.06749354266147223	0.2862372565416471	0.3089547172970575	0.0	0.20946569011151772	0.6489070646475735	0.0604107376536156	0.1736230970036195	0.21345715043371238
ROD_30091_1-258	3.7162403334348957	0.4166870431912474	0.7641647458088108	2.022952647003658	0.7362692063448115	2.401710659027803	0.24754711267736995	0.7052365301660473	0.828500399745968	-1	0.28884435562791255	0.9442054160475429	0.0428693171988751	0.05716974898441596	2.412960548377188	0.14186800956250234	0.011210901556283126	0.27695923277298995	0.49570294665316483	0.09948902718553976	0.20946569011151772	0.0	0.4394413745360558	0.2698764277651333	0.3830887871151372	0.003991460322194662
t1289_1-254	3.2767989588988398	0.02275433134480842	1.2036061203448667	1.5835112724676021	1.1757105808808674	1.9622692844917473	0.6869884872134258	1.1446779047021032	0.3890590252099122	-1	0.7282857301639684	0.5047640415114871	0.4823106917349309	0.49661112352047176	1.9735191738411324	0.29757336497355347	0.4282304729797727	0.7164006073090458	0.9351443211892206	0.33995234735051605	0.6489070646475735	0.4394413745360558	0.0	0.7093178023011891	0.8225301616511931	0.43544991421386114
CS17_02185_1-262	3.9861167612000292	0.6865634709563807	0.49428831804367745	2.2928290747687914	0.4663927785796782	2.6715870867929365	0.02232931508776337	0.43536010240091394	1.0983768275111014	-1	0.018967927862779232	1.2140818438126764	0.22700711056625822	0.21270667878071736	2.6828369761423216	0.41174443732763566	0.28108732932141645	0.00708280500785663	0.2258265188880315	0.3693654549506731	0.0604107376536156	0.2698764277651333	0.7093178023011891	0.0	0.1132123593500039	0.273867888087328
STM_MW19611_1-264	4.099329120550033	0.7997758303063847	0.38107595869367356	2.4060414341187952	0.3531804192296743	2.7847994461429404	0.13554167443776727	0.3221477430509101	1.2115891868611053	-1	0.09424443148722467	1.3272942031626802	0.3402194699162621	0.32591903813072126	2.7960493354923255	0.5249567966776396	0.39429968867142035	0.10612955434214727	0.11261415953802761	0.482577814300677	0.1736230970036195	0.3830887871151372	0.8225301616511931	0.1132123593500039	0.0	0.3870802474373319
NCTC13441_03749_1-260	3.712248873112701	0.4126955828690527	0.7681562061310054	2.018961186681463	0.7402606666670062	2.3977191987056083	0.2515385729995646	0.7092279904882419	0.8245089394237733	-1	0.2928358159501072	0.9402139557253483	0.04686077752106976	0.06116120930661062	2.4089690880549934	0.13787654924030768	0.007219441234088464	0.2809506930951846	0.4996944069753595	0.0954975668633451	0.21345715043371238	0.003991460322194662	0.43544991421386114	0.273867888087328	0.3870802474373319	0.0
