STMMW_23261_1-111	0.0	-1	0.6550817734088752	0.6202501374049625	0.29430591319087135	0.05624977727696856	0.05508811991315268	0.6870720746130521	0.5906448503391832	0.355875931050303
b4544_1-111	-1	-1	-1	-1	-1	-1	-1	-1	-1	-1
BN373_44771_1-112	0.6550817734088752	-1	0.0	0.8690173508454963	0.756593247061952	0.6744833468333928	0.6349731293891413	0.8920654549246941	0.15741080360924495	0.7778298684332111
ERS227112_00743_1-113	0.6202501374049625	-1	0.8690173508454963	0.0	0.46187750514940945	0.5976161345961503	0.6411698433726012	0.17596303195861343	0.8445474381637338	0.41043988122621416
NCTC13441_01450_1-112	0.29430591319087135	-1	0.756593247061952	0.46187750514940945	0.0	0.2522448526973929	0.3331812736670154	0.5565671709084528	0.7111204914794957	0.08724746176891907
ETEC_2392_1-111	0.05624977727696856	-1	0.6744833468333928	0.5976161345961503	0.2522448526973929	0.0	0.10823920271439946	0.6684208195638383	0.6136709863347843	0.31748459132418955
CS17_02506_1-112	0.05508811991315268	-1	0.6349731293891413	0.6411698433726012	0.3331812736670154	0.10823920271439946	0.0	0.7043106856909425	0.5667795502547892	0.3913595149995518
t0561_1-111	0.6870720746130521	-1	0.8920654549246941	0.17596303195861343	0.5565671709084528	0.6684208195638383	0.7043106856909425	0.0	0.8719013422701771	0.5141806672475298
ENC_26890_1-107	0.5906448503391832	-1	0.15741080360924495	0.8445474381637338	0.7111204914794957	0.6136709863347843	0.5667795502547892	0.8719013422701771	0.0	0.7363244953549626
SEN2284_1-111	0.355875931050303	-1	0.7778298684332111	0.41043988122621416	0.08724746176891907	0.31748459132418955	0.3913595149995518	0.5141806672475298	0.7363244953549626	0.0
