STM_MW41261_4-466	0.0	0.08331549202667471	0.5086436393120661	0.1230239163134523	0.07875822114818386	0.059088110114144096	-1	0.08674347792858149	0.19878208458722793	0.010419940401778861	0.31327462850434135	0.4861824198347137	0.13166657860909126
SEN3959_4-465	0.08331549202667471	0.0	0.46398531183399044	0.04331743794227302	0.15551193322875198	0.13748064717373257	-1	0.16283189441153142	0.2655359494304297	0.09286728996699074	0.2508596299789963	0.4394826402147096	0.2040122048554807
t3458_4-465	0.5086436393120661	0.46398531183399044	0.0	0.4397152102228179	0.5473419922296933	0.5376769580576799	-1	0.5512655989404681	0.6063164809648075	0.5137635433064693	0.28449365483937106	0.043714384918723516	0.573338850201661
ERS227112_01856_4-463	0.1230239163134523	0.04331743794227302	0.4397152102228179	0.0	0.19209299265410562	0.1748427757137939	-1	0.1990958718726102	0.2973510503618075	0.13216195483925156	0.2169394533441909	0.41410308704731225	0.23849235677446012
BN373_50001_4-463	0.07875822114818386	0.15551193322875198	0.5473419922296933	0.19209299265410562	0.0	0.020905369828439498	-1	0.008667927316920003	0.13028486787543989	0.06905785952695023	0.36735989718066514	0.526649778443196	0.05743156538867506
SL1344_4112_4-465	0.059088110114144096	0.13748064717373257	0.5376769580576799	0.1748427757137939	0.020905369828439498	0.0	-1	0.029392090919153253	0.14846658435789392	0.04918062893478772	0.35385193287345335	0.5165429295901033	0.0771363071028381
b4003_4-465	-1	-1	-1	-1	-1	-1	-1	-1	-1	-1	-1	-1	-1
CS17_04469_4-458	0.08674347792858149	0.16283189441153142	0.5512655989404681	0.1990958718726102	0.008667927316920003	0.029392090919153253	-1	0.0	0.12268032469620271	0.07712719833682856	0.37284357560967196	0.5307527437590984	0.049190013533784216
STMMW_41261_4-465	0.19878208458722793	0.2655359494304297	0.6063164809648075	0.2973510503618075	0.13028486787543989	0.14846658435789392	-1	0.12268032469620271	0.0	0.1903455332981607	0.4497833293891869	0.5883201495175344	0.07729232150321946
ETEC_4262A_4-458	0.010419940401778861	0.09286728996699074	0.5137635433064693	0.13216195483925156	0.06905785952695023	0.04918062893478772	-1	0.07712719833682856	0.1903455332981607	0.0	0.32043026594771556	0.49153636839742226	0.12252332394060131
ROD_37491_1-467	0.31327462850434135	0.2508596299789963	0.28449365483937106	0.2169394533441909	0.36735989718066514	0.35385193287345335	-1	0.37284357560967196	0.4497833293891869	0.32043026594771556	0.0	0.25178593730094256	0.4036934086132319
Ecoli9000q_36280_4-458	0.4861824198347137	0.4394826402147096	0.043714384918723516	0.41410308704731225	0.526649778443196	0.5165429295901033	-1	0.5307527437590984	0.5883201495175344	0.49153636839742226	0.25178593730094256	0.0	0.5538350226442794
NCTC13441_04491_4-458	0.13166657860909126	0.2040122048554807	0.573338850201661	0.23849235677446012	0.05743156538867506	0.0771363071028381	-1	0.049190013533784216	0.07729232150321946	0.12252332394060131	0.4036934086132319	0.5538350226442794	0.0
