STMMW_37141_1-159	0.0	1.0	0.5519136911654282	0.1694624638303257	0.6907262380307081	0.6558403323316621	0.8814925437265756	0.8219870772013009	0.6330126777380809	1.0	1.0	-1	0.41923063217044226
STM_MW37141_1-159	1.0	0	1.0	1.0	1.0	1.0	1.0	1.0	1.0	0	0	-1	1.0
SEN3547_1-159	0.5519136911654282	1.0	0.0	0.46048638463580505	0.30978975284095983	0.23193442673251227	0.735525379961618	0.6027262621308535	0.18098965528222288	1.0	1.0	-1	0.22846084236647496
CS17_04081_1-159	0.1694624638303257	1.0	0.46048638463580505	0.0	0.6276221741938116	0.5856181657296847	0.8573123415710209	0.7856654093929694	0.5581327679006365	1.0	1.0	-1	0.30073074059001986
ERS227112_00603_1-159	0.6907262380307081	1.0	0.30978975284095983	0.6276221741938116	0.0	0.10136546776499449	0.6168202064124949	0.4244163434194776	0.15726309000788039	1.0	1.0	-1	0.467475767316887
BN373_46171_1-159	0.6558403323316621	1.0	0.23193442673251227	0.5856181657296847	0.10136546776499449	0.0	0.6556614054275864	0.4827606500066482	0.06220284246573765	1.0	1.0	-1	0.407407334593892
SL1344_3691_1-159	0.8814925437265756	1.0	0.735525379961618	0.8573123415710209	0.6168202064124949	0.6556614054275864	0.0	0.33427610529469687	0.6770802447806477	1.0	1.0	-1	0.7959474744401402
NCTC13441_00049_1-159	0.8219870772013009	1.0	0.6027262621308535	0.7856654093929694	0.4244163434194776	0.4827606500066482	0.33427610529469687	0.0	0.5149344078113651	1.0	1.0	-1	0.6934877549345169
ENC_02530_1-159	0.6330126777380809	1.0	0.18098965528222288	0.5581327679006365	0.15726309000788039	0.06220284246573765	0.6770802447806477	0.5149344078113651	0.0	1.0	1.0	-1	0.3681014485433033
ROD_41821_1-159	1.0	0	1.0	1.0	1.0	1.0	1.0	1.0	1.0	0	0	-1	1.0
t3793_1-159	1.0	0	1.0	1.0	1.0	1.0	1.0	1.0	1.0	0	0	-1	1.0
b3634_1-159	-1	-1	-1	-1	-1	-1	-1	-1	-1	-1	-1	-1	-1
ETEC_3875_1-159	0.41923063217044226	1.0	0.22846084236647496	0.30073074059001986	0.467475767316887	0.407407334593892	0.7959474744401402	0.6934877549345169	0.3681014485433033	1.0	1.0	-1	0.0
