ETEC_2804_1-245	0.0	0.0463395812619285	0.7003130230356095	0.2394723834276435	0.031037995209181796	0.0463395812619285	0.0463395812619285	0.0463395812619285	0.005300841070416999	0.026738097597512098	0.012229103535991097	0.0463395812619285	0.025433928899766006
ROD_25371_1-245	0.0463395812619285	0.0	0.746652604297538	0.285811964689572	0.0153015860527467	0.0	0.0	0.0	0.0516404223323455	0.0196014836644164	0.0341104777259374	0.0	0.0717735101616945
SEN2586_1-245	0.7003130230356095	0.746652604297538	0.0	0.460840639607966	0.7313510182447913	0.746652604297538	0.746652604297538	0.746652604297538	0.6950121819651925	0.7270511206331216	0.7125421265716005	0.746652604297538	0.6748790941358435
STMMW_26791_1-245	0.2394723834276435	0.285811964689572	0.460840639607966	0.0	0.2705103786368253	0.285811964689572	0.285811964689572	0.285811964689572	0.23417154235722648	0.2662104810251556	0.2517014869636346	0.285811964689572	0.21403845452787748
ERS227112_01726_1-245	0.031037995209181796	0.0153015860527467	0.7313510182447913	0.2705103786368253	0.0	0.0153015860527467	0.0153015860527467	0.0153015860527467	0.036338836279598795	0.0042998976116697	0.0188088916731907	0.0153015860527467	0.0564719241089478
STM_MW26791_1-245	0.0463395812619285	0.0	0.746652604297538	0.285811964689572	0.0153015860527467	0.0	0.0	0.0	0.0516404223323455	0.0196014836644164	0.0341104777259374	0.0	0.0717735101616945
b2595_1-245	0.0463395812619285	0.0	0.746652604297538	0.285811964689572	0.0153015860527467	0.0	0.0	0.0	0.0516404223323455	0.0196014836644164	0.0341104777259374	0.0	0.0717735101616945
BN373_35721_1-245	0.0463395812619285	0.0	0.746652604297538	0.285811964689572	0.0153015860527467	0.0	0.0	0.0	0.0516404223323455	0.0196014836644164	0.0341104777259374	0.0	0.0717735101616945
CS17_02883_1-245	0.005300841070416999	0.0516404223323455	0.6950121819651925	0.23417154235722648	0.036338836279598795	0.0516404223323455	0.0516404223323455	0.0516404223323455	0.0	0.0320389386679291	0.017529944606408096	0.0516404223323455	0.020133087829349007
NCTC13441_01145_1-245	0.026738097597512098	0.0196014836644164	0.7270511206331216	0.2662104810251556	0.0042998976116697	0.0196014836644164	0.0196014836644164	0.0196014836644164	0.0320389386679291	0.0	0.014508994061521	0.0196014836644164	0.052172026497278104
ENC_27930_1-245	0.012229103535991097	0.0341104777259374	0.7125421265716005	0.2517014869636346	0.0188088916731907	0.0341104777259374	0.0341104777259374	0.0341104777259374	0.017529944606408096	0.014508994061521	0.0	0.0341104777259374	0.0376630324357571
t2619_1-245	0.0463395812619285	0.0	0.746652604297538	0.285811964689572	0.0153015860527467	0.0	0.0	0.0	0.0516404223323455	0.0196014836644164	0.0341104777259374	0.0	0.0717735101616945
SL1344_2623_1-245	0.025433928899766006	0.0717735101616945	0.6748790941358435	0.21403845452787748	0.0564719241089478	0.0717735101616945	0.0717735101616945	0.0717735101616945	0.020133087829349007	0.052172026497278104	0.0376630324357571	0.0717735101616945	0.0
