STM_MW29271_1-149	0.0	0.3215303400790829	0.20300843473008845	0.8441634967563317	0.1162756314001373	0.876274760952107	0.3632566155819107	0.19885303883384153	0.2335310654470576	0.5609164266861045	0.10028774801907714	0.12240333734716968	0.3498461155397238	0.4673569614284384	0.008667977166859298	0.3112539776053096	0.6265254896320042	1.1244083069926374	-1	0.26580430870963345	0.43321923046994326	0.1772801662389184	-1	1.6494693391728026	0.3112539776053096	0.5297056611700454	0.8654791950236954
ETEC_2980_1-149	0.3215303400790829	0.0	0.11852190534899443	0.5226331566772489	0.20525470867894557	0.5547444208730241	0.041726275502827814	0.12267730124524134	0.08799927463202528	0.23938608660702165	0.22124259206000574	0.1991270027319132	0.028315775460640902	0.14582662134935553	0.3128623629122236	0.010276362473773282	0.3049951495529213	0.8028779669135546	-1	0.055726031369449425	0.11168889039086038	0.14425017384016448	-1	1.3279389990937196	0.010276362473773282	0.20817532109096248	0.5439488549446125
SEN3689_1-147	0.20300843473008845	0.11852190534899443	0.0	0.6411550620262433	0.08673280332995115	0.6732663262220185	0.16024818085182224	0.004155395896246916	0.030522630716969146	0.3579079919560161	0.10272068671101131	0.08060509738291877	0.14683768080963533	0.26434852669834996	0.19434045756322915	0.10824554287522115	0.4235170549019157	0.921399872262549	-1	0.062795873979545	0.2302107957398548	0.025728268491170048	-1	1.4464609044427141	0.10824554287522115	0.3266972264399569	0.662470760293607
ENC_04280_1-147	0.8441634967563317	0.5226331566772489	0.6411550620262433	0.0	0.7278878653561944	0.03211126419577526	0.48090688117442104	0.6453104579224902	0.6106324313092741	0.2832470700702272	0.7438757487372546	0.721760159409162	0.49431738121660795	0.3768065353278933	0.8354955195894724	0.5329095191510221	0.21763800712432757	0.28024481023630576	-1	0.5783591880466983	0.41094426628638847	0.6668833305174133	-1	0.8053058424164707	0.5329095191510221	0.31445783558628637	0.02131569826736368
NCTC13441_00986_1-149	0.1162756314001373	0.20525470867894557	0.08673280332995115	0.7278878653561944	0.0	0.7599991295519697	0.2469809841817734	0.08257740743370423	0.11725543404692029	0.4446407952859672	0.015987883381060164	0.00612770594703238	0.23357048413958648	0.3510813300283011	0.107607654233278	0.1949783462051723	0.5102498582318669	1.0081326755925002	-1	0.14952867730949615	0.31694359906980596	0.0610045348387811	-1	1.5331937077726652	0.1949783462051723	0.41343002976990806	0.7492035636235581
ETEC_4033_1-147	0.876274760952107	0.5547444208730241	0.6732663262220185	0.03211126419577526	0.7599991295519697	0.0	0.5130181453701963	0.6774217221182655	0.6427436955050494	0.31535833426600246	0.7759870129330299	0.7538714236049373	0.5264286454123832	0.4089177995236686	0.8676067837852477	0.5650207833467974	0.24974927132010283	0.2481335460405305	-1	0.6104704522424735	0.44305553048216373	0.6989945947131886	-1	0.7731945782206955	0.5650207833467974	0.34656909978206163	0.010795565928411577
STMMW_38591_1-147	0.3632566155819107	0.041726275502827814	0.16024818085182224	0.48090688117442104	0.2469809841817734	0.5130181453701963	0.0	0.16440357674806916	0.1297255501348531	0.19765981110419384	0.26296886756283355	0.240853278234741	0.013410500042186912	0.10410034584652772	0.3545886384150514	0.052002637976601096	0.26326887405009347	0.7611516914107268	-1	0.09745230687227724	0.06996261488803257	0.1859764493429923	-1	1.2862127235908918	0.052002637976601096	0.16644904558813467	0.5022225794417847
t2872_1-149	0.19885303883384153	0.12267730124524134	0.004155395896246916	0.6453104579224902	0.08257740743370423	0.6774217221182655	0.16440357674806916	0.0	0.03467802661321606	0.362063387852263	0.0985652908147644	0.07644970148667185	0.15099307670588225	0.2685039225945969	0.19018506166698224	0.11240093877146806	0.42767245079816263	0.925555268158796	-1	0.06695126987579192	0.23436619163610173	0.02157287259492313	-1	1.450616300338961	0.11240093877146806	0.3308526223362038	0.6666261561898539
STM_MW38591_1-147	0.2335310654470576	0.08799927463202528	0.030522630716969146	0.6106324313092741	0.11725543404692029	0.6427436955050494	0.1297255501348531	0.03467802661321606	0.0	0.32738536123904693	0.13324331742798046	0.11112772809988791	0.11631505009266618	0.23382589598138082	0.2248630882801983	0.077722912158252	0.39299442418494657	0.8908772415455799	-1	0.03227324326257586	0.19968816502288567	0.05625089920813919	-1	1.4159382737257449	0.077722912158252	0.29617459572298777	0.6319481295766378
CS17_03122_1-149	0.5609164266861045	0.23938608660702165	0.3579079919560161	0.2832470700702272	0.4446407952859672	0.31535833426600246	0.19765981110419384	0.362063387852263	0.32738536123904693	0.0	0.4606286786670274	0.43851308933893485	0.21107031114638075	0.09355946525766612	0.5522484495192452	0.24966244908079493	0.06560906294589963	0.563491880306533	-1	0.2951121179764711	0.12769719621616127	0.38363626044718613	-1	1.088552912486698	0.24966244908079493	0.03121076551605917	0.3045627683375909
SL1344_3842_1-147	0.10028774801907714	0.22124259206000574	0.10272068671101131	0.7438757487372546	0.015987883381060164	0.7759870129330299	0.26296886756283355	0.0985652908147644	0.13324331742798046	0.4606286786670274	0.0	0.022115589328092544	0.24955836752064664	0.3670692134093613	0.09161977085221784	0.21096622958623246	0.526237741612927	1.0241205589735602	-1	0.1655165606905563	0.3329314824508661	0.07699241821984126	-1	1.5491815911537254	0.21096622958623246	0.4294179131509682	0.7651914470046183
ROD_30231_1-149	0.12240333734716968	0.1991270027319132	0.08060509738291877	0.721760159409162	0.00612770594703238	0.7538714236049373	0.240853278234741	0.07644970148667185	0.11112772809988791	0.43851308933893485	0.022115589328092544	0.0	0.2274427781925541	0.34495362408126873	0.11373536018031039	0.1888506402581399	0.5041221522848345	1.0020049696454678	-1	0.14340097136246377	0.3108158931227736	0.05487682889174872	-1	1.5270660018256328	0.1888506402581399	0.4073023238228757	0.7430758576765257
SEN2808_1-149	0.3498461155397238	0.028315775460640902	0.14683768080963533	0.49431738121660795	0.23357048413958648	0.5264286454123832	0.013410500042186912	0.15099307670588225	0.11631505009266618	0.21107031114638075	0.24955836752064664	0.2274427781925541	0.0	0.11751084588871463	0.3411781383728645	0.038592137934414183	0.2766793740922804	0.7745621914529137	-1	0.08404180683009033	0.08337311493021948	0.17256594930080538	-1	1.2996232236330787	0.038592137934414183	0.17985954563032158	0.5156330794839716
STMMW_29271_1-149	0.4673569614284384	0.14582662134935553	0.26434852669834996	0.3768065353278933	0.3510813300283011	0.4089177995236686	0.10410034584652772	0.2685039225945969	0.23382589598138082	0.09355946525766612	0.3670692134093613	0.34495362408126873	0.11751084588871463	0.0	0.4586889842615791	0.15610298382312882	0.15916852820356575	0.6570513455641991	-1	0.20155265271880496	0.03413773095849515	0.29007679518952	-1	1.182112377744364	0.15610298382312882	0.06234869974160695	0.398122233595257
t3644_1-147	0.008667977166859298	0.3128623629122236	0.19434045756322915	0.8354955195894724	0.107607654233278	0.8676067837852477	0.3545886384150514	0.19018506166698224	0.2248630882801983	0.5522484495192452	0.09161977085221784	0.11373536018031039	0.3411781383728645	0.4586889842615791	0.0	0.3025860004384503	0.6178575124651449	1.1157403298257782	-1	0.25713633154277415	0.42455125330308396	0.1686121890720591	-1	1.6408013620059432	0.3025860004384503	0.5210376840031861	0.8568112178568361
ERS227112_00436_1-147	0.3112539776053096	0.010276362473773282	0.10824554287522115	0.5329095191510221	0.1949783462051723	0.5650207833467974	0.052002637976601096	0.11240093877146806	0.077722912158252	0.24966244908079493	0.21096622958623246	0.1888506402581399	0.038592137934414183	0.15610298382312882	0.3025860004384503	0.0	0.31527151202669457	0.8131543293873279	-1	0.04544966889567614	0.12196525286463367	0.1339738113663912	-1	1.3382153615674928	0.0	0.21845168356473577	0.5542252174183858
SL1344_2944_1-149	0.6265254896320042	0.3049951495529213	0.4235170549019157	0.21763800712432757	0.5102498582318669	0.24974927132010283	0.26326887405009347	0.42767245079816263	0.39299442418494657	0.06560906294589963	0.526237741612927	0.5041221522848345	0.2766793740922804	0.15916852820356575	0.6178575124651449	0.31527151202669457	0.0	0.49788281736063333	-1	0.3607211809223707	0.1933062591620609	0.44924532339308576	-1	1.0229438495407983	0.31527151202669457	0.0968198284619588	0.23895370539169125
BN373_47841_1-146	1.1244083069926374	0.8028779669135546	0.921399872262549	0.28024481023630576	1.0081326755925002	0.2481335460405305	0.7611516914107268	0.925555268158796	0.8908772415455799	0.563491880306533	1.0241205589735602	1.0020049696454678	0.7745621914529137	0.6570513455641991	1.1157403298257782	0.8131543293873279	0.49788281736063333	0.0	-1	0.858603998283004	0.6911890765226942	0.9471281407537191	-1	0.525061032180165	0.8131543293873279	0.5947026458225921	0.2589291119689421
b2790_1-149	-1	-1	-1	-1	-1	-1	-1	-1	-1	-1	-1	-1	-1	-1	-1	-1	-1	-1	-1	-1	-1	-1	-1	-1	-1	-1	-1
Ecoli9000q_33660_1-147	0.26580430870963345	0.055726031369449425	0.062795873979545	0.5783591880466983	0.14952867730949615	0.6104704522424735	0.09745230687227724	0.06695126987579192	0.03227324326257586	0.2951121179764711	0.1655165606905563	0.14340097136246377	0.08404180683009033	0.20155265271880496	0.25713633154277415	0.04544966889567614	0.3607211809223707	0.858603998283004	-1	0.0	0.1674149217603098	0.08852414247071505	-1	1.383665030463169	0.04544966889567614	0.2639013524604119	0.599674886314062
NCTC13441_04774_1-147	0.43321923046994326	0.11168889039086038	0.2302107957398548	0.41094426628638847	0.31694359906980596	0.44305553048216373	0.06996261488803257	0.23436619163610173	0.19968816502288567	0.12769719621616127	0.3329314824508661	0.3108158931227736	0.08337311493021948	0.03413773095849515	0.42455125330308396	0.12196525286463367	0.1933062591620609	0.6911890765226942	-1	0.1674149217603098	0.0	0.25593906423102486	-1	1.2162501087028592	0.12196525286463367	0.0964864307001021	0.43225996455375215
ROD_39981_1-130	0.1772801662389184	0.14425017384016448	0.025728268491170048	0.6668833305174133	0.0610045348387811	0.6989945947131886	0.1859764493429923	0.02157287259492313	0.05625089920813919	0.38363626044718613	0.07699241821984126	0.05487682889174872	0.17256594930080538	0.29007679518952	0.1686121890720591	0.1339738113663912	0.44924532339308576	0.9471281407537191	-1	0.08852414247071505	0.25593906423102486	0.0	-1	1.472189172933884	0.1339738113663912	0.35242549493112696	0.688199028784777
b3742_1-147	-1	-1	-1	-1	-1	-1	-1	-1	-1	-1	-1	-1	-1	-1	-1	-1	-1	-1	-1	-1	-1	-1	-1	-1	-1	-1	-1
CS17_04198_1-147	1.6494693391728026	1.3279389990937196	1.4464609044427141	0.8053058424164707	1.5331937077726652	0.7731945782206955	1.2862127235908918	1.450616300338961	1.4159382737257449	1.088552912486698	1.5491815911537254	1.5270660018256328	1.2996232236330787	1.182112377744364	1.6408013620059432	1.3382153615674928	1.0229438495407983	0.525061032180165	-1	1.383665030463169	1.2162501087028592	1.472189172933884	-1	0.0	1.3382153615674928	1.1197636780027571	0.7839901441491071
ERS227112_01527_1-147	0.3112539776053096	0.010276362473773282	0.10824554287522115	0.5329095191510221	0.1949783462051723	0.5650207833467974	0.052002637976601096	0.11240093877146806	0.077722912158252	0.24966244908079493	0.21096622958623246	0.1888506402581399	0.038592137934414183	0.15610298382312882	0.3025860004384503	0.0	0.31527151202669457	0.8131543293873279	-1	0.04544966889567614	0.12196525286463367	0.1339738113663912	-1	1.3382153615674928	0.0	0.21845168356473577	0.5542252174183858
ENC_30340_1-149	0.5297056611700454	0.20817532109096248	0.3266972264399569	0.31445783558628637	0.41343002976990806	0.34656909978206163	0.16644904558813467	0.3308526223362038	0.29617459572298777	0.03121076551605917	0.4294179131509682	0.4073023238228757	0.17985954563032158	0.06234869974160695	0.5210376840031861	0.21845168356473577	0.0968198284619588	0.5947026458225921	-1	0.2639013524604119	0.0964864307001021	0.35242549493112696	-1	1.1197636780027571	0.21845168356473577	0.0	0.33577353385365005
BN373_37771_1-147	0.8654791950236954	0.5439488549446125	0.662470760293607	0.02131569826736368	0.7492035636235581	0.010795565928411577	0.5022225794417847	0.6666261561898539	0.6319481295766378	0.3045627683375909	0.7651914470046183	0.7430758576765257	0.5156330794839716	0.398122233595257	0.8568112178568361	0.5542252174183858	0.23895370539169125	0.2589291119689421	-1	0.599674886314062	0.43225996455375215	0.688199028784777	-1	0.7839901441491071	0.5542252174183858	0.33577353385365005	0.0
