STMMW_35891_1-281	0.0	0.25419388218531935	1.328679529675128	3.05719825735395	0.1749785942162818	-1	1.2096807782292136	0.751931941376162	1.1405170185354567	0.6252459754598796
ROD_42961_1-282	0.25419388218531935	0.0	1.0744856474898086	3.311392139539269	0.07921528796903754	-1	1.463874660414533	0.4977380591908427	0.8863231363501374	0.37105209327456024
ETEC_3624_1-261	1.328679529675128	1.0744856474898086	0.0	4.385877787029077	1.153700935458846	-1	2.5383603079043415	0.5767475882989659	0.1881625111396712	0.7034335542152483
STM_MW35891_1-282	3.05719825735395	3.311392139539269	4.385877787029077	0.0	3.2321768515702316	-1	1.8475174791247362	3.809130198730112	4.197715275889406	3.6824442328138294
SL1344_3565_1-281	0.1749785942162818	0.07921528796903754	1.153700935458846	3.2321768515702316	0.0	-1	1.3846593724454954	0.5769533471598802	0.9655384243191749	0.4502673812435978
b3374_1-261	-1	-1	-1	-1	-1	-1	-1	-1	-1	-1
SEN3423_1-281	1.2096807782292136	1.463874660414533	2.5383603079043415	1.8475174791247362	1.3846593724454954	-1	0.0	1.9616127196053756	2.3501977967646703	1.8349267536890932
BN373_02711_1-276	0.751931941376162	0.4977380591908427	0.5767475882989659	3.809130198730112	0.5769533471598802	-1	1.9616127196053756	0.0	0.3885850771592947	0.12668596591628245
CS17_03795_1-246	1.1405170185354567	0.8863231363501374	0.1881625111396712	4.197715275889406	0.9655384243191749	-1	2.3501977967646703	0.3885850771592947	0.0	0.5152710430755771
ERS227112_02137_1-278	0.6252459754598796	0.37105209327456024	0.7034335542152483	3.6824442328138294	0.4502673812435978	-1	1.8349267536890932	0.12668596591628245	0.5152710430755771	0.0
