STMMW_25841_1-178	0.0	0.13094532066155423	0.6870720746130521	0.4505915206533538	0.47723263969299945	0.6128204214469615	0.37379832067742	0.831382171156884	0.022236952355417575	-1	0.6205233502015755	0.564155785550813
SL1344_2530_1-178	0.13094532066155423	0.0	0.6399214769487699	0.3678090776004166	0.3984643627890606	0.5544819126366446	0.2794450174305877	0.8059755814542374	0.11118068796730825	-1	0.5633454846738813	0.621227545970345
t0289_1-178	0.6870720746130521	0.6399214769487699	0.0	0.43042756500758744	0.4014011792871351	0.19177574768685562	0.5002761319237106	0.4611608131980763	0.6799552548638579	-1	0.17536974790629906	0.863612174180512
ERS227112_00029_1-167	0.4505915206533538	0.3678090776004166	0.43042756500758744	0.0	0.04849054945662129	0.2952792082614551	0.12263333445385845	0.6930920523038968	0.43809649927948946	-1	0.309299612103373	0.7605434929074386
SEN2548_1-178	0.47723263969299945	0.3984643627890606	0.4014011792871351	0.04849054945662129	0.0	0.2593654310673427	0.16517732614111452	0.6774514982264893	0.465343508771026	-1	0.2741003386753662	0.7721548705073202
ETEC_2716_1-178	0.6128204214469615	0.5544819126366446	0.19177574768685562	0.2952792082614551	0.2593654310673427	0.0	0.381701468811316	0.5644971011299924	0.6040149200915818	-1	0.01989497685647893	0.8312500207347837
STM_MW25841_1-178	0.37379832067742	0.2794450174305877	0.5002761319237106	0.12263333445385845	0.16517732614111452	0.381701468811316	0.0	0.7307291973002603	0.35955681611092677	-1	0.3940025037797098	0.7270736209888885
CS17_02848_1-167	0.831382171156884	0.8059755814542374	0.4611608131980763	0.6930920523038968	0.6774514982264893	0.5644971011299924	0.7307291973002603	0.0	0.8275473497906124	-1	0.5556569055495648	0.9265088948457446
ROD_25031_1-180	0.022236952355417575	0.11118068796730825	0.6799552548638579	0.43809649927948946	0.465343508771026	0.6040149200915818	0.35955681611092677	0.8275473497906124	0.0	-1	0.6118930340918707	0.5738476325819041
b2559_1-167	-1	-1	-1	-1	-1	-1	-1	-1	-1	-1	-1	-1
NCTC13441_01180_1-167	0.6205233502015755	0.5633454846738813	0.17536974790629906	0.309299612103373	0.2741003386753662	0.01989497685647893	0.3940025037797098	0.5556569055495648	0.6118930340918707	-1	0.0	0.8346072976667964
BN373_35421_1-178	0.564155785550813	0.621227545970345	0.863612174180512	0.7605434929074386	0.7721548705073202	0.8312500207347837	0.7270736209888885	0.9265088948457446	0.5738476325819041	-1	0.8346072976667964	0.0
