t3832_2-196	0.0	0.8658409169190949	0.28731808177266493	0.146584831998122	0.15569445766618506	0.14379774446793492	0.413047788810326	-1	0.15181930191622495	0.18142590553207494	0.18360088578816902	0.666985800710255	0.608212710825505	0.19065860259943512	0.30792132472604494	-1	0.30405173101343197	0.8044789216750851
ENC_47650_2-196	0.8658409169190949	0.0	0.57852283514643	1.012425748917217	0.7101464592529099	0.72204317245116	1.278888705729421	-1	0.71402161500287	0.68441501138702	1.049441802707264	0.1988551162088399	0.25762820609358994	0.6751823143196598	0.55791959219305	-1	1.169892647932527	0.06136199524400987
ROD_42201_1-195	0.28731808177266493	0.57852283514643	0.0	0.43390291377078694	0.13162362410647988	0.14352033730473002	0.7003658705829909	-1	0.13549877985644	0.10589217624059	0.47091896756083396	0.3796677189375901	0.32089462905284005	0.09665947917322981	0.020603242953380008	-1	0.5913698127860969	0.5171608399024201
ETEC_3122_1-168	0.146584831998122	1.012425748917217	0.43390291377078694	0.0	0.30227928966430706	0.2903825764660569	0.266462956812204	-1	0.29840413391434695	0.32801073753019694	0.03701605379004702	0.813570632708377	0.754797542823627	0.3372434345975571	0.45450615672416694	-1	0.15746689901530997	0.9510637536732071
ERS227112_00634_1-195	0.15569445766618506	0.7101464592529099	0.13162362410647988	0.30227928966430706	0.0	0.011896713198250142	0.5687422464765111	-1	0.003875155749960113	0.025731447865889878	0.3392953434543541	0.51129134304407	0.4525182531593199	0.03496414493325006	0.15222686705985988	-1	0.45974618867961703	0.6487844640089
STMMW_36751_2-196	0.14379774446793492	0.72204317245116	0.14352033730473002	0.2903825764660569	0.011896713198250142	0.0	0.5568455332782609	-1	0.008021557448290029	0.03762816106414002	0.32739863025610394	0.5231880562423201	0.46441496635757007	0.046860858131500205	0.16412358025811002	-1	0.4478494754813669	0.6606811772071501
NCTC13441_00822_1-168	0.413047788810326	1.278888705729421	0.7003658705829909	0.266462956812204	0.5687422464765111	0.5568455332782609	0.0	-1	0.564867090726551	0.5944736943424009	0.22944690302215698	1.080033589520581	1.021260499635831	0.6037063914097611	0.7209691135363709	-1	0.10899605779689403	1.217526710485411
b3601_1-195	-1	-1	-1	-1	-1	-1	-1	-1	-1	-1	-1	-1	-1	-1	-1	-1	-1	-1
SL1344_3652_2-196	0.15181930191622495	0.71402161500287	0.13549877985644	0.29840413391434695	0.003875155749960113	0.008021557448290029	0.564867090726551	-1	0.0	0.02960660361584999	0.33542018770439397	0.5151664987940301	0.45639340890928004	0.038839300683210176	0.15610202280982	-1	0.4558710329296569	0.6526596197588601
STM_MW36751_2-196	0.18142590553207494	0.68441501138702	0.10589217624059	0.32801073753019694	0.025731447865889878	0.03762816106414002	0.5944736943424009	-1	0.02960660361584999	0.0	0.36502679132024396	0.4855598951781801	0.42678680529343005	0.009232697067360185	0.12649541919397	-1	0.4854776365455069	0.6230530161430101
NCTC13441_00085_1-195	0.18360088578816902	1.049441802707264	0.47091896756083396	0.03701605379004702	0.3392953434543541	0.32739863025610394	0.22944690302215698	-1	0.33542018770439397	0.36502679132024396	0.0	0.8505866864984241	0.791813596613674	0.37425948838760414	0.49152221051421396	-1	0.12045084522526295	0.9880798074632541
CS17_04047_1-195	0.666985800710255	0.1988551162088399	0.3796677189375901	0.813570632708377	0.51129134304407	0.5231880562423201	1.080033589520581	-1	0.5151664987940301	0.4855598951781801	0.8505866864984241	0.0	0.05877308988475005	0.4763271981108199	0.3590644759842101	-1	0.971037531723687	0.13749312096483002
ENC_31630_1-168	0.608212710825505	0.25762820609358994	0.32089462905284005	0.754797542823627	0.4525182531593199	0.46441496635757007	1.021260499635831	-1	0.45639340890928004	0.42678680529343005	0.791813596613674	0.05877308988475005	0.0	0.41755410822606986	0.30029138609946004	-1	0.912264441838937	0.19626621084958007
SEN3509_2-196	0.19065860259943512	0.6751823143196598	0.09665947917322981	0.3372434345975571	0.03496414493325006	0.046860858131500205	0.6037063914097611	-1	0.038839300683210176	0.009232697067360185	0.37425948838760414	0.4763271981108199	0.41755410822606986	0.0	0.11726272212660982	-1	0.4947103336128671	0.6138203190756499
ETEC_3843_1-195	0.30792132472604494	0.55791959219305	0.020603242953380008	0.45450615672416694	0.15222686705985988	0.16412358025811002	0.7209691135363709	-1	0.15610202280982	0.12649541919397	0.49152221051421396	0.3590644759842101	0.30029138609946004	0.11726272212660982	0.0	-1	0.6119730557394769	0.4965575969490401
b2929_1-168	-1	-1	-1	-1	-1	-1	-1	-1	-1	-1	-1	-1	-1	-1	-1	-1	-1	-1
CS17_03293_1-168	0.30405173101343197	1.169892647932527	0.5913698127860969	0.15746689901530997	0.45974618867961703	0.4478494754813669	0.10899605779689403	-1	0.4558710329296569	0.4854776365455069	0.12045084522526295	0.971037531723687	0.912264441838937	0.4947103336128671	0.6119730557394769	-1	0.0	1.108530652688517
BN373_45861_1-195	0.8044789216750851	0.06136199524400987	0.5171608399024201	0.9510637536732071	0.6487844640089	0.6606811772071501	1.217526710485411	-1	0.6526596197588601	0.6230530161430101	0.9880798074632541	0.13749312096483002	0.19626621084958007	0.6138203190756499	0.4965575969490401	-1	1.108530652688517	0.0
