BN373_35841_1-248	0	1.0	1.0	1.0	1.0	1.0	-1	1.0	1.0	1.0	1.0	1.0	0
SL1344_2647_1-248	1.0	0.0	0.5596608439853591	0.24893787953737845	0.20657613988485435	0.3118345389823809	-1	0.1837898977605609	0.7392703219918514	0.5005931954985728	0.09110733820088279	0.14674631483134415	1.0
STM_MW26881_1-248	1.0	0.5596608439853591	0.0	0.4137114041333743	0.6506244070750182	0.36012604386815217	-1	0.6405907324492616	0.40788895457782187	0.7800916291978728	0.5997789723954763	0.6242789924064519	1.0
NCTC13441_01134_1-248	1.0	0.24893787953737845	0.4137114041333743	0.0	0.4040893931962803	0.08374361817936023	-1	0.38697550986903373	0.6528520465823114	0.6249144664376962	0.3173651501562387	0.3591534779246832	1.0
SEN2595_1-248	1.0	0.20657613988485435	0.6506244070750182	0.4040893931962803	0.0	0.45399310352148187	-1	0.027917128275887222	0.7931308524281957	0.37056744874177244	0.12704338646040514	0.07011962103824271	1.0
ENC_28060_1-248	1.0	0.3118345389823809	0.36012604386815217	0.08374361817936023	0.45399310352148187	0.0	-1	0.43831239870515837	0.6211235628963466	0.6563254861449394	0.37453146237747953	0.4128202843809295	1.0
b2607_1-248	-1	-1	-1	-1	-1	-1	-1	-1	-1	-1	-1	-1	-1
ETEC_2814_1-248	1.0	0.1837898977605609	0.6405907324492616	0.38697550986903373	0.027917128275887222	0.43831239870515837	-1	0.0	0.7871898028561131	0.38813939801626735	0.10197305298539504	0.043414500954536916	1.0
ROD_25571_1-248	1.0	0.7392703219918514	0.40788895457782187	0.6528520465823114	0.7931308524281957	0.6211235628963466	-1	0.7871898028561131	0.0	0.8697898246672644	0.7630247089451471	0.7775314414067102	1.0
CS17_02948_1-248	1.0	0.5005931954985728	0.7800916291978728	0.6249144664376962	0.37056744874177244	0.6563254861449394	-1	0.38813939801626735	0.8697898246672644	0.0	0.4505326916020302	0.4147030207051336	1.0
t2629_1-248	1.0	0.09110733820088279	0.5997789723954763	0.3173651501562387	0.12704338646040514	0.37453146237747953	-1	0.10197305298539504	0.7630247089451471	0.4505326916020302	0.0	0.061216223839156314	1.0
STMMW_26881_1-248	1.0	0.14674631483134415	0.6242789924064519	0.3591534779246832	0.07011962103824271	0.4128202843809295	-1	0.043414500954536916	0.7775314414067102	0.4147030207051336	0.061216223839156314	0.0	1.0
ERS227112_01713_1-248	0	1.0	1.0	1.0	1.0	1.0	-1	1.0	1.0	1.0	1.0	1.0	0
