BN373_41101_1-945	0.0	0.05680857941727302	-1	0.28598349195094364	0.1204772734713242	0.2514199475084533	0.03396158696300655	0.27531897048104703	0.47169272359039793	0.24362882978881384	0.19071011525420212	0.2467807866297158	0.06417315752373676
ETEC_3324_1-946	0.05680857941727302	0.0	-1	0.34279207136821666	0.06366869405405118	0.1946113680911803	0.09077016638027957	0.33212754989832005	0.4148841441731249	0.30043740920608686	0.1339015358369291	0.30358936604698883	0.007364578106463737
b3053_1-946	-1	-1	-1	-1	-1	-1	-1	-1	-1	-1	-1	-1	-1
ENC_32910_1-945	0.28598349195094364	0.34279207136821666	-1	0.0	0.40646076542226783	0.537403439459397	0.2520219049879371	0.010664521469896604	0.7576762155413416	0.0423546621621298	0.47669360720514575	0.039202705321227826	0.3501566494746804
NCTC13441_00639_1-946	0.1204772734713242	0.06366869405405118	-1	0.40646076542226783	0.0	0.13094267403712911	0.15443886043433075	0.39579624395237123	0.35121545011907374	0.36410610326013804	0.07023284178287792	0.36725806010104	0.05630411594758744
ERS227112_01149_1-946	0.2514199475084533	0.1946113680911803	-1	0.537403439459397	0.13094267403712911	0.0	0.28538153447145986	0.5267389179895003	0.22027277608194462	0.49504877729726715	0.060709832254251195	0.4982007341381691	0.18724678998471656
STM_MW31621_1-947	0.03396158696300655	0.09077016638027957	-1	0.2520219049879371	0.15443886043433075	0.28538153447145986	0.0	0.24135738351804048	0.5056543105534045	0.2096672428258073	0.22467170221720867	0.21281919966670926	0.09813474448674331
SL1344_3174_1-947	0.27531897048104703	0.33212754989832005	-1	0.010664521469896604	0.39579624395237123	0.5267389179895003	0.24135738351804048	0.0	0.747011694071445	0.03169014069223319	0.46602908573524915	0.028538183851331222	0.3394921280047838
t3121_1-947	0.47169272359039793	0.4148841441731249	-1	0.7576762155413416	0.35121545011907374	0.22027277608194462	0.5056543105534045	0.747011694071445	0.0	0.7153215533792118	0.2809826083361958	0.7184735102201137	0.4075195660666612
STMMW_31621_1-947	0.24362882978881384	0.30043740920608686	-1	0.0423546621621298	0.36410610326013804	0.49504877729726715	0.2096672428258073	0.03169014069223319	0.7153215533792118	0.0	0.43433894504301596	0.0031519568409019705	0.3078019873125506
ROD_35961_1-943	0.19071011525420212	0.1339015358369291	-1	0.47669360720514575	0.07023284178287792	0.060709832254251195	0.22467170221720867	0.46602908573524915	0.2809826083361958	0.43433894504301596	0.0	0.4374909018839179	0.12653695773046536
CS17_03483_1-946	0.2467807866297158	0.30358936604698883	-1	0.039202705321227826	0.36725806010104	0.4982007341381691	0.21281919966670926	0.028538183851331222	0.7184735102201137	0.0031519568409019705	0.4374909018839179	0.0	0.31095394415345257
SEN3043_1-947	0.06417315752373676	0.007364578106463737	-1	0.3501566494746804	0.05630411594758744	0.18724678998471656	0.09813474448674331	0.3394921280047838	0.4075195660666612	0.3078019873125506	0.12653695773046536	0.31095394415345257	0.0
