STM_MW12841_1-115	0.0	0.10648496056925943	0.4012810051244407	0.30430831506660866	0.7204617658016279	-1	0.5098762736049176	0.31371394835424476	0.639334112988019	0.14302771878579096	0.5447928008047935	0.3251420482217288	0.3141490854646319
STMMW_12841_1-115	0.10648496056925943	0.0	0.29479604455518127	0.19782335449734922	0.6139768052323684	-1	0.4033913130356582	0.20722898778498533	0.5328491524187595	0.03654275821653152	0.43830784023553404	0.21865708765246938	0.20766412489537245
BN373_17961_1-115	0.4012810051244407	0.29479604455518127	0.0	0.09697269005783204	0.31918076067718715	-1	0.10859526848047696	0.08756705677019594	0.23805310786357825	0.25825328633864975	0.14351179568035277	0.07613895690271189	0.08713191965980882
SEN1774_1-115	0.30430831506660866	0.19782335449734922	0.09697269005783204	0.0	0.4161534507350192	-1	0.205567958538309	0.009405633287636106	0.3350257979214103	0.1612805962808177	0.24048448573818482	0.02083373315512016	0.009840770398023224
ENC_14900_1-114	0.7204617658016279	0.6139768052323684	0.31918076067718715	0.4161534507350192	0.0	-1	0.2105854921967102	0.4067478174473831	0.0811276528136089	0.5774340470158369	0.17566896499683438	0.39531971757989903	0.40631268033699597
b1792_1-115	-1	-1	-1	-1	-1	-1	-1	-1	-1	-1	-1	-1	-1
CS17_01978_1-115	0.5098762736049176	0.4033913130356582	0.10859526848047696	0.205567958538309	0.2105854921967102	-1	0.0	0.1961623252506729	0.1294578393831013	0.3668485548191267	0.03491652719987581	0.18473422538318884	0.19572718814028578
ERS227112_03640_1-114	0.31371394835424476	0.20722898778498533	0.08756705677019594	0.009405633287636106	0.4067478174473831	-1	0.1961623252506729	0.0	0.3256201646337742	0.1706862295684538	0.2310788524505487	0.011428099867484054	0.0004351371103871182
SL1344_1213_1-115	0.639334112988019	0.5328491524187595	0.23805310786357825	0.3350257979214103	0.0811276528136089	-1	0.1294578393831013	0.3256201646337742	0.0	0.496306394202228	0.09454131218322548	0.31419206476629014	0.32518502752338707
ETEC_1824_1-115	0.14302771878579096	0.03654275821653152	0.25825328633864975	0.1612805962808177	0.5774340470158369	-1	0.3668485548191267	0.1706862295684538	0.496306394202228	0.0	0.4017650820190025	0.18211432943593786	0.17112136667884092
t1157_1-115	0.5447928008047935	0.43830784023553404	0.14351179568035277	0.24048448573818482	0.17566896499683438	-1	0.03491652719987581	0.2310788524505487	0.09454131218322548	0.4017650820190025	0.0	0.21965075258306466	0.2306437153401616
NCTC13441_02089_1-115	0.3251420482217288	0.21865708765246938	0.07613895690271189	0.02083373315512016	0.39531971757989903	-1	0.18473422538318884	0.011428099867484054	0.31419206476629014	0.18211432943593786	0.21965075258306466	0.0	0.010992962757096936
ROD_12611_1-115	0.3141490854646319	0.20766412489537245	0.08713191965980882	0.009840770398023224	0.40631268033699597	-1	0.19572718814028578	0.0004351371103871182	0.32518502752338707	0.17112136667884092	0.2306437153401616	0.010992962757096936	0.0
