b4537_1-83	-1	-1	-1	-1	-1	-1	-1
CS17_02090_1-83	-1	0.0	0.04504517755533055	0.02299542179085079	0.23827541701147636	0.15819138291767298	0.02257873091825846
NCTC13441_01981_1-83	-1	0.04504517755533055	0.0	0.06804059934618134	0.2833205945668069	0.11314620536234243	0.02246644663707209
ERS227112_04262_1-83	-1	0.02299542179085079	0.06804059934618134	0.0	0.21527999522062558	0.18118680470852377	0.04557415270910925
BN373_29851_1-83	-1	0.23827541701147636	0.2833205945668069	0.21527999522062558	0.0	0.39646679992914935	0.2608541479297348
ROD_19561_1-83	-1	0.15819138291767298	0.11314620536234243	0.18118680470852377	0.39646679992914935	0.0	0.13561265199941452
ETEC_1933_1-83	-1	0.02257873091825846	0.02246644663707209	0.04557415270910925	0.2608541479297348	0.13561265199941452	0.0
