t0359_1-208	0.0	0.40350531054371797	0.2059824710679381	0.5602823421262692	0.6271328257981491	0.5158892776281491	0.33522132904747914	0.21169520266605502	1.0467302731800192	0.9778030946934891	1.3209859522900094	-1
STM_MW25151_1-208	0.40350531054371797	0.0	0.6094877816116561	0.9637876526699871	1.030638136341867	0.919394588171867	0.7387266395911971	0.615200513209773	1.450235583723737	1.381308405237207	1.7244912628337272	-1
STMMW_25151_1-208	0.2059824710679381	0.6094877816116561	0.0	0.35429987105833105	0.421150354730211	0.30990680656021097	0.12923885797954104	0.005712731598116916	0.840747802112081	0.771820623625551	1.1150034812220713	-1
ETEC_2603_1-208	0.5602823421262692	0.9637876526699871	0.35429987105833105	0.0	0.06685048367187996	0.04439306449812008	0.22506101307879	0.34858713946021413	0.48644793105374995	0.41752075256722	0.7607036101637401	-1
ROD_24411_1-208	0.6271328257981491	1.030638136341867	0.421150354730211	0.06685048367187996	0.0	0.11124354817000004	0.29191149675066996	0.4154376231320941	0.41959744738187	0.35067026889534003	0.6938531264918602	-1
SL1344_2461_1-208	0.5158892776281491	0.919394588171867	0.30990680656021097	0.04439306449812008	0.11124354817000004	0.0	0.18066794858066992	0.30419407496209405	0.53084099555187	0.46191381706534007	0.8050966746618602	-1
NCTC13441_01242_1-208	0.33522132904747914	0.7387266395911971	0.12923885797954104	0.22506101307879	0.29191149675066996	0.18066794858066992	0.0	0.12352612638142413	0.71150894413254	0.64258176564601	0.9857646232425301	-1
SEN2479_1-208	0.21169520266605502	0.615200513209773	0.005712731598116916	0.34858713946021413	0.4154376231320941	0.30419407496209405	0.12352612638142413	0.0	0.8350350705139641	0.7661078920274341	1.1092907496239541	-1
BN373_34801_1-208	1.0467302731800192	1.450235583723737	0.840747802112081	0.48644793105374995	0.41959744738187	0.53084099555187	0.71150894413254	0.8350350705139641	0.0	0.06892717848652996	0.27425567910999016	-1
ERS227112_03758_1-208	0.9778030946934891	1.381308405237207	0.771820623625551	0.41752075256722	0.35067026889534003	0.46191381706534007	0.64258176564601	0.7661078920274341	0.06892717848652996	0.0	0.3431828575965201	-1
CS17_02783_1-208	1.3209859522900094	1.7244912628337272	1.1150034812220713	0.7607036101637401	0.6938531264918602	0.8050966746618602	0.9857646232425301	1.1092907496239541	0.27425567910999016	0.3431828575965201	0.0	-1
b2498_1-208	-1	-1	-1	-1	-1	-1	-1	-1	-1	-1	-1	-1
