BN373_23171_3-366	0.0	0.9336609306919299	0.5554776593776721	0.12776569615846012	0.4305750993896561	0.21105888348486013	0.07573978273712001	0.4256569495912411	0.36268362948366994	0.581561929368773	0.514166598463698	0.62057462568587	-1	-1	1.27934370367816	1.1784907319077798	0.16056021523486996	0.5324906293801799	0.4608980498669599	0.10436555719111018	0.17853407265589993	0.042731801070339914	0.09988657292814995
STMMW_38431_42-457	0.9336609306919299	0.0	1.4891385900696021	1.06142662685039	1.3642360300815861	1.14471981417679	0.8579211479548099	1.3593178802831711	0.57097730120826	1.515222860060703	1.447827529155628	0.31308630500605994	-1	-1	0.3456827729862302	0.24482980121584985	0.7731007154570599	0.40117030131175	0.47276288082497	1.03802648788304	0.75512685803603	0.89092912962159	0.83377435776378
ROD_28041_1-415	0.5554776593776721	1.4891385900696021	0.0	0.427711963219212	0.12490255998801603	0.344418775892812	0.6312174421147921	0.129820709786431	0.9181612888613421	0.026084269991100917	0.041311060913974074	1.176052285063542	-1	-1	1.8348213630558323	1.733968391285452	0.7160378746125421	1.087968288757852	1.016375709244632	0.45111210218656195	0.7340117320335721	0.598209460448012	0.6553642323058221
SEN3905_1-359	0.12776569615846012	1.06142662685039	0.427711963219212	0.0	0.302809403231196	0.08329318732640001	0.20350547889558013	0.297891253432781	0.49044932564213006	0.4537962332103129	0.38640090230523794	0.7483403218443301	-1	-1	1.4071093998366202	1.3062564280662399	0.2883259113933301	0.66025632553864	0.58866374602542	0.023400138967349937	0.30629976881436005	0.17049749722880003	0.22765226908661007
t3665_42-457	0.4305750993896561	1.3642360300815861	0.12490255998801603	0.302809403231196	0.0	0.21951621590479597	0.5063148821267761	0.0049181497984149836	0.793258728873326	0.15098682997911694	0.08359149907404195	1.051149725075526	-1	-1	1.7099188030678163	1.609065831297436	0.5911353146245261	0.963065728769836	0.891473149256616	0.3262095421985459	0.609109172045556	0.473306900459996	0.530461672317806
ENC_21000_1-416	0.21105888348486013	1.14471981417679	0.344418775892812	0.08329318732640001	0.21951621590479597	0.0	0.28679866622198014	0.214598066106381	0.5737425129685301	0.3705030458839129	0.3031077149788379	0.8316335091707301	-1	-1	1.4904025871630202	1.3895496153926399	0.3716190987197301	0.74354951286504	0.67195693335182	0.10669332629374995	0.38959295614076006	0.25379068455520004	0.3109454564130101
CS17_04408_1-359	0.07573978273712001	0.8579211479548099	0.6312174421147921	0.20350547889558013	0.5063148821267761	0.28679866622198014	0.0	0.5013967323283611	0.28694384674654994	0.657301712105893	0.5899063812008181	0.54483484294875	-1	-1	1.20360392094104	1.1027509491706597	0.08482043249774995	0.45675084664305987	0.3851582671298399	0.1801053399282302	0.10279428991877992	0.033007981666780095	0.024146790191029943
ETEC_2505_1-415	0.4256569495912411	1.3593178802831711	0.129820709786431	0.297891253432781	0.0049181497984149836	0.214598066106381	0.5013967323283611	0.0	0.7883405790749111	0.15590497977753193	0.08850964887245694	1.046231575277111	-1	-1	1.7050006532694013	1.604147681499021	0.5862171648261111	0.958147578971421	0.886554999458201	0.32129139240013094	0.604191022247141	0.46838875066158103	0.5255435225193911
STMMW_40771_1-359	0.36268362948366994	0.57097730120826	0.9181612888613421	0.49044932564213006	0.793258728873326	0.5737425129685301	0.28694384674654994	0.7883405790749111	0.0	0.944245558852443	0.876850227947368	0.2578909962022	-1	-1	0.9166600741944901	0.8158071024241098	0.20212341424879998	0.16980699989650994	0.09821442038328998	0.4670491866747801	0.18414955682777	0.31995182841333003	0.26279705655552
CS17_02676_1-415	0.581561929368773	1.515222860060703	0.026084269991100917	0.4537962332103129	0.15098682997911694	0.3705030458839129	0.657301712105893	0.15590497977753193	0.944245558852443	0.0	0.06739533090507499	1.202136555054643	-1	-1	1.8609056330469331	1.7600526612765528	0.742122144603643	1.114052558748953	1.042459979235733	0.47719637217766286	0.760096002024673	0.624293730439113	0.681448502296923
NCTC13441_01330_1-415	0.514166598463698	1.447827529155628	0.041311060913974074	0.38640090230523794	0.08359149907404195	0.3031077149788379	0.5899063812008181	0.08850964887245694	0.876850227947368	0.06739533090507499	0.0	1.134741224149568	-1	-1	1.7935103021418581	1.6926573303714778	0.674726813698568	1.046657227843878	0.975064648330658	0.4098010412725879	0.692700671119598	0.556898399534038	0.614053171391848
STM_MW38431_42-458	0.62057462568587	0.31308630500605994	1.176052285063542	0.7483403218443301	1.051149725075526	0.8316335091707301	0.54483484294875	1.046231575277111	0.2578909962022	1.202136555054643	1.134741224149568	0.0	-1	-1	0.6587690779922901	0.5579161062219098	0.460014410451	0.08808399630569008	0.15967657581891004	0.7249401828769801	0.44204055302997003	0.57784282461553	0.52068805275772
b2386_1-415	-1	-1	-1	-1	-1	-1	-1	-1	-1	-1	-1	-1	-1	-1	-1	-1	-1	-1	-1	-1	-1	-1	-1
b3949_1-359	-1	-1	-1	-1	-1	-1	-1	-1	-1	-1	-1	-1	-1	-1	-1	-1	-1	-1	-1	-1	-1	-1	-1
SL1344_3825_42-457	1.27934370367816	0.3456827729862302	1.8348213630558323	1.4071093998366202	1.7099188030678163	1.4904025871630202	1.20360392094104	1.7050006532694013	0.9166600741944901	1.8609056330469331	1.7935103021418581	0.6587690779922901	-1	-1	0.0	0.10085297177038033	1.1187834884432901	0.7468530742979802	0.8184456538112002	1.3837092608692703	1.1008096310222601	1.2366119026078202	1.1794571307500101
ERS227112_04925_3-366	1.1784907319077798	0.24482980121584985	1.733968391285452	1.3062564280662399	1.609065831297436	1.3895496153926399	1.1027509491706597	1.604147681499021	0.8158071024241098	1.7600526612765528	1.6926573303714778	0.5579161062219098	-1	-1	0.10085297177038033	0.0	1.0179305166729098	0.6460001025275999	0.7175926820408198	1.28285628909889	0.9999566592518798	1.1357589308374398	1.0786041589796298
STM_MW40771_1-359	0.16056021523486996	0.7731007154570599	0.7160378746125421	0.2883259113933301	0.5911353146245261	0.3716190987197301	0.08482043249774995	0.5862171648261111	0.20212341424879998	0.742122144603643	0.674726813698568	0.460014410451	-1	-1	1.1187834884432901	1.0179305166729098	0.0	0.3719304141453099	0.30033783463208996	0.26492577242598014	0.01797385742102997	0.11782841416453005	0.06067364230672001
SEN3672_42-457	0.5324906293801799	0.40117030131175	1.087968288757852	0.66025632553864	0.963065728769836	0.74354951286504	0.45675084664305987	0.958147578971421	0.16980699989650994	1.114052558748953	1.046657227843878	0.08808399630569008	-1	-1	0.7468530742979802	0.6460001025275999	0.3719304141453099	0.0	0.07159257951321996	0.6368561865712901	0.35395655672427995	0.48975882830983997	0.43260405645202993
SL1344_4061_1-359	0.4608980498669599	0.47276288082497	1.016375709244632	0.58866374602542	0.891473149256616	0.67195693335182	0.3851582671298399	0.886554999458201	0.09821442038328998	1.042459979235733	0.975064648330658	0.15967657581891004	-1	-1	0.8184456538112002	0.7175926820408198	0.30033783463208996	0.07159257951321996	0.0	0.5652636070580701	0.28236397721106	0.41816624879662	0.36101147693880997
ROD_37961_1-359	0.10436555719111018	1.03802648788304	0.45111210218656195	0.023400138967349937	0.3262095421985459	0.10669332629374995	0.1801053399282302	0.32129139240013094	0.4670491866747801	0.47719637217766286	0.4098010412725879	0.7249401828769801	-1	-1	1.3837092608692703	1.28285628909889	0.26492577242598014	0.6368561865712901	0.5652636070580701	0.0	0.2828996298470101	0.1470973582614501	0.20425213011926013
NCTC13441_04550_1-359	0.17853407265589993	0.75512685803603	0.7340117320335721	0.30629976881436005	0.609109172045556	0.38959295614076006	0.10279428991877992	0.604191022247141	0.18414955682777	0.760096002024673	0.692700671119598	0.44204055302997003	-1	-1	1.1008096310222601	0.9999566592518798	0.01797385742102997	0.35395655672427995	0.28236397721106	0.2828996298470101	0.0	0.13580227158556002	0.07864749972774998
ETEC_4217_1-359	0.042731801070339914	0.89092912962159	0.598209460448012	0.17049749722880003	0.473306900459996	0.25379068455520004	0.033007981666780095	0.46838875066158103	0.31995182841333003	0.624293730439113	0.556898399534038	0.57784282461553	-1	-1	1.2366119026078202	1.1357589308374398	0.11782841416453005	0.48975882830983997	0.41816624879662	0.1470973582614501	0.13580227158556002	0.0	0.05715477185781004
NCTC13441_00024_1-359	0.09988657292814995	0.83377435776378	0.6553642323058221	0.22765226908661007	0.530461672317806	0.3109454564130101	0.024146790191029943	0.5255435225193911	0.26279705655552	0.681448502296923	0.614053171391848	0.52068805275772	-1	-1	1.1794571307500101	1.0786041589796298	0.06067364230672001	0.43260405645202993	0.36101147693880997	0.20425213011926013	0.07864749972774998	0.05715477185781004	0.0
