ETEC_2604_1-345	0.0	0.40454593252107907	0.2063345756860171	0.2695206132809881	0.03961937644144986	0.12792293227584806	-1	0.18553740444914502	0.16730467820598804	0.29525549126278006	0.5021245183858131	0.562168374816653
SEN2480_6-350	0.40454593252107907	0.0	0.19821135683506197	0.13502531924009098	0.4441653089625289	0.276623000245231	-1	0.21900852807193405	0.23724125431509102	0.6998014237838591	0.097578585864734	0.15762244229557398
STMMW_25161_1-345	0.2063345756860171	0.19821135683506197	0.0	0.06318603759497099	0.24595395212746696	0.07841164341016904	-1	0.02079717123687208	0.03902989748002905	0.5015900669487972	0.29578994269979597	0.35583379913063595
NCTC13441_01241_1-345	0.2695206132809881	0.13502531924009098	0.06318603759497099	0.0	0.30913998972243795	0.14159768100514003	-1	0.08398320883184307	0.10221593507500004	0.5647761045437681	0.23260390510482498	0.29264776153566496
BN373_34831_1-345	0.03961937644144986	0.4441653089625289	0.24595395212746696	0.30913998972243795	0.0	0.16754230871729792	-1	0.22515678089059488	0.2069240546474379	0.2556361148213302	0.5417438948272629	0.6017877512581029
ERS227112_03755_1-345	0.12792293227584806	0.276623000245231	0.07841164341016904	0.14159768100514003	0.16754230871729792	0.0	-1	0.05761447217329696	0.03938174593013999	0.4231784235386281	0.374201586109965	0.434245442540805
b2499_1-345	-1	-1	-1	-1	-1	-1	-1	-1	-1	-1	-1	-1
ROD_24421_1-345	0.18553740444914502	0.21900852807193405	0.02079717123687208	0.08398320883184307	0.22515678089059488	0.05761447217329696	-1	0.0	0.01823272624315697	0.4807928957119251	0.31658711393666805	0.37663097036750803
SL1344_2462_6-350	0.16730467820598804	0.23724125431509102	0.03902989748002905	0.10221593507500004	0.2069240546474379	0.03938174593013999	-1	0.01823272624315697	0.0	0.4625601694687681	0.334819840179825	0.394863696610665
CS17_02784_1-345	0.29525549126278006	0.6998014237838591	0.5015900669487972	0.5647761045437681	0.2556361148213302	0.4231784235386281	-1	0.4807928957119251	0.4625601694687681	0.0	0.7973800096485931	0.8574238660794331
STM_MW25161_1-345	0.5021245183858131	0.097578585864734	0.29578994269979597	0.23260390510482498	0.5417438948272629	0.374201586109965	-1	0.31658711393666805	0.334819840179825	0.7973800096485931	0.0	0.06004385643083998
t0358_1-345	0.562168374816653	0.15762244229557398	0.35583379913063595	0.29264776153566496	0.6017877512581029	0.434245442540805	-1	0.37663097036750803	0.394863696610665	0.8574238660794331	0.06004385643083998	0.0
