STM_MW20191_1-309	0.0	0.7576953442842402	0.5688001188029416	0.7475993169627502	0.5072545560987917	0.2612562508802919	0.7126367935059774	0.672561276059784
ETEC_0277C_1-217	0.7576953442842402	0.0	0.4380688254294147	0.040000000000000056	0.508255918517757	0.6720044589148921	0.15680000000000013	0.26000000000000006
STMMW_20191_1-297	0.5688001188029416	0.4380688254294147	0.0	0.4146550264889736	0.12490336230585099	0.4163065586532827	0.3335730851866872	0.24063354787758742
ETEC_4321_1-217	0.7475993169627502	0.040000000000000056	0.4146550264889736	0.0	0.48776658178933013	0.6583379780363459	0.12166666666666674	0.22916666666666669
ROD_26161_1-293	0.5072545560987917	0.508255918517757	0.12490336230585099	0.48776658178933013	0.0	0.3329954473545569	0.4168120475779849	0.3354809709699418
SL1344_1962_1-297	0.2612562508802919	0.6720044589148921	0.4163065586532827	0.6583379780363459	0.3329954473545569	0.0	0.6110109806865418	0.5567627823174217
ETEC_0801_1-175	0.7126367935059774	0.15680000000000013	0.3335730851866872	0.12166666666666674	0.4168120475779849	0.6110109806865418	0.0	0.12239089184060714
ETEC_4689_1-217	0.672561276059784	0.26000000000000006	0.24063354787758742	0.22916666666666669	0.3354809709699418	0.5567627823174217	0.12239089184060714	0.0
