ERS227112_04235_23-303	0.0	0.184804860684039	0.12019501909724906	0.30176754144157913	0.37304749868588905	-1	0.21524961684015498	0.42246544791555907	0.4532454725269991	0.7068027424944591	0.13406657892400908	0.049542164149429024
CS17_02193_25-305	0.184804860684039	0.0	0.06460984158678995	0.11696268075754013	0.18824263800185004	-1	0.400054477524194	0.23766058723152006	0.2684406118429601	0.5219978818104201	0.050738281760029924	0.13526269653460998
ETEC_2060_25-305	0.12019501909724906	0.06460984158678995	0.0	0.18157252234433008	0.25285247958864	-1	0.33544463593740403	0.30227042881831	0.33305045342975004	0.58660772339721	0.013871559826760027	0.07065285494782003
SL1344_1917_23-303	0.30176754144157913	0.11696268075754013	0.18157252234433008	0.0	0.07127995724430991	-1	0.5170171582817341	0.12069790647397993	0.15147793108541996	0.40503520105287993	0.16770096251757005	0.2522253772921501
SEN1021_23-303	0.37304749868588905	0.18824263800185004	0.25285247958864	0.07127995724430991	0.0	-1	0.588297115526044	0.04941794922967002	0.08019797384111005	0.33375524380857	0.23898091976187996	0.32350533453646
b1958_25-305	-1	-1	-1	-1	-1	-1	-1	-1	-1	-1	-1	-1
NCTC13441_01866_25-305	0.21524961684015498	0.400054477524194	0.33544463593740403	0.5170171582817341	0.588297115526044	-1	0.0	0.637715064755714	0.6684950893671541	0.922052359334614	0.34931619576416406	0.264791780989584
STMMW_19681_23-303	0.42246544791555907	0.23766058723152006	0.30227042881831	0.12069790647397993	0.04941794922967002	-1	0.637715064755714	0.0	0.030780024611440027	0.2843372945789	0.28839886899155	0.37292328376613004
BN373_30081_23-303	0.4532454725269991	0.2684406118429601	0.33305045342975004	0.15147793108541996	0.08019797384111005	-1	0.6684950893671541	0.030780024611440027	0.0	0.25355726996746	0.31917889360299	0.40370330837757007
STM_MW19681_23-303	0.7068027424944591	0.5219978818104201	0.58660772339721	0.40503520105287993	0.33375524380857	-1	0.922052359334614	0.2843372945789	0.25355726996746	0.0	0.57273616357045	0.65726057834503
ROD_20371_1-281	0.13406657892400908	0.050738281760029924	0.013871559826760027	0.16770096251757005	0.23898091976187996	-1	0.34931619576416406	0.28839886899155	0.31917889360299	0.57273616357045	0.0	0.08452441477458006
ENC_42070_1-281	0.049542164149429024	0.13526269653460998	0.07065285494782003	0.2522253772921501	0.32350533453646	-1	0.264791780989584	0.37292328376613004	0.40370330837757007	0.65726057834503	0.08452441477458006	0.0
