STMMW_28281_1-251	0.0	0.5555174951037809	0.8177223622635316	1.3234652348483908	0.956164607292367	0.7698462409553644	0.7630217028409534	0.7977747047392655	0.9018045714102687	1.0247690947370567
SEN2708_1-251	0.5555174951037809	0.0	1.3732398573673126	0.76794773974461	1.511682102396148	1.3253637360591453	1.3185391979447343	1.3532921998430463	1.4573220665140496	0.4692515996332758
SEN2868_1-246	0.8177223622635316	1.3732398573673126	0.0	2.1411875971119225	0.1384422450288354	0.04787612130816721	0.05470065942257818	0.019947657524266083	0.08408220914673714	1.8424914570005884
t2768_1-251	1.3234652348483908	0.76794773974461	2.1411875971119225	0.0	2.279629842140758	2.0933114758037554	2.0864869376893442	2.121239939587656	2.2252698062586598	0.29869614011133416
STM_MW29861_1-233	0.956164607292367	1.511682102396148	0.1384422450288354	2.279629842140758	0.0	0.1863183663370026	0.19314290445141358	0.15838990255310148	0.05436003588209826	1.9809337020294238
t2935_1-252	0.7698462409553644	1.3253637360591453	0.04787612130816721	2.0933114758037554	0.1863183663370026	0.0	0.006824538114410972	0.027928463783901125	0.13195833045490435	1.794615335692421
STMMW_29861_1-232	0.7630217028409534	1.3185391979447343	0.05470065942257818	2.0864869376893442	0.19314290445141358	0.006824538114410972	0.0	0.0347530018983121	0.13878286856931532	1.78779079757801
SL1344_3003_1-232	0.7977747047392655	1.3532921998430463	0.019947657524266083	2.121239939587656	0.15838990255310148	0.027928463783901125	0.0347530018983121	0.0	0.10402986667100322	1.822543799476322
SL1344_2846_1-251	0.9018045714102687	1.4573220665140496	0.08408220914673714	2.2252698062586598	0.05436003588209826	0.13195833045490435	0.13878286856931532	0.10402986667100322	0.0	1.9265736661473254
STM_MW28281_1-252	1.0247690947370567	0.4692515996332758	1.8424914570005884	0.29869614011133416	1.9809337020294238	1.794615335692421	1.78779079757801	1.822543799476322	1.9265736661473254	0.0
