b2699_1-353	-1	-1	-1	-1	-1	-1	-1	-1	-1	-1	-1	-1	-1
BN373_36641_1-352	-1	0.0	0.17602592013768736	0.05522833690454354	0.2555770234360033	0.5567458101816647	0.21734004312051536	0.238835963476349	0.4528455351163765	0.3790675484316844	0.0869221945774209	0.19126219359181557	0.409489974329687
ENC_29440_1-352	-1	0.17602592013768736	0.0	0.2312542570422309	0.07955110329831594	0.3807198900439773	0.041314122982827994	0.06281004333866164	0.6288714552540638	0.20304162829399702	0.26294811471510826	0.015236273454128202	0.23346405419199961
SL1344_2809_1-353	-1	0.05522833690454354	0.2312542570422309	0.0	0.31080536034054684	0.6119741470862082	0.2725683800250589	0.29406430038089254	0.39761719821183295	0.4342958853362279	0.03169385767287736	0.2464905304963591	0.4647183112342305
NCTC13441_01078_1-353	-1	0.2555770234360033	0.07955110329831594	0.31080536034054684	0.0	0.3011687867456614	0.038236980315487945	0.016741059959654303	0.7084225585523798	0.12349052499568108	0.3424992180134242	0.06431482984418774	0.15391295089368368
t2730_1-353	-1	0.5567458101816647	0.3807198900439773	0.6119741470862082	0.3011687867456614	0.0	0.33940576706114933	0.3179098467053157	1.0095913452980412	0.1776782617499803	0.6436680047590856	0.3654836165898491	0.1472558358519777
ETEC_2890_1-353	-1	0.21734004312051536	0.041314122982827994	0.2725683800250589	0.038236980315487945	0.33940576706114933	0.0	0.021495920355833642	0.6701855782368918	0.16172750531116903	0.30426223769793626	0.026077849528699792	0.19214993120917162
ROD_31151_1-353	-1	0.238835963476349	0.06281004333866164	0.29406430038089254	0.016741059959654303	0.3179098467053157	0.021495920355833642	0.0	0.6916814985927255	0.1402315849553354	0.3257581580537699	0.047573769884533434	0.17065401085333798
CS17_03017_1-353	-1	0.4528455351163765	0.6288714552540638	0.39761719821183295	0.7084225585523798	1.0095913452980412	0.6701855782368918	0.6916814985927255	0.0	0.8319130835480608	0.3659233405389556	0.644107728708192	0.8623355094460634
STM_MW27911_1-353	-1	0.3790675484316844	0.20304162829399702	0.4342958853362279	0.12349052499568108	0.1776782617499803	0.16172750531116903	0.1402315849553354	0.8319130835480608	0.0	0.4659897430091053	0.18780535483986882	0.030422425898002592
STMMW_27911_1-353	-1	0.0869221945774209	0.26294811471510826	0.03169385767287736	0.3424992180134242	0.6436680047590856	0.30426223769793626	0.3257581580537699	0.3659233405389556	0.4659897430091053	0.0	0.27818438816923646	0.4964121689071079
SEN2670_1-353	-1	0.19126219359181557	0.015236273454128202	0.2464905304963591	0.06431482984418774	0.3654836165898491	0.026077849528699792	0.047573769884533434	0.644107728708192	0.18780535483986882	0.27818438816923646	0.0	0.2182277807378714
ERS227112_01630_1-352	-1	0.409489974329687	0.23346405419199961	0.4647183112342305	0.15391295089368368	0.1472558358519777	0.19214993120917162	0.17065401085333798	0.8623355094460634	0.030422425898002592	0.4964121689071079	0.2182277807378714	0.0
