b0162_1-385	-1	-1	-1	-1	-1	-1	-1	-1	-1	-1	-1	-1	-1	-1	-1	-1
ROD_01661_1-385	-1	0.0	0.09009500931432934	0.1636683355517874	0.405599177564841	0.5827642556119378	0.5951359730544904	0.16722128929474087	0.3770803078860168	0.41105766849924097	0.30336978892055944	0.17720179199957473	0.13432674357155353	0.48413087862425547	0.07639790841922992	0.2938866429549082
t0211_1-385	-1	0.09009500931432934	0.0	0.23901764465011768	0.45915172519858166	0.6203551138888513	0.631612201333183	0.2422504949925064	0.4332022633491053	0.4641184333414047	0.3661326942764049	0.09573173416666826	0.04861137669317845	0.5306081119195781	0.014830088649600686	0.35750393243485806
SEN2473_1-380	-1	0.1636683355517874	0.23901764465011768	0.0	0.28927619543458577	0.5011121040558206	0.5159049404010942	0.004248259266014537	0.2551762433567937	0.29580290148487187	0.16704073193371557	0.3118678051979977	0.27601004458289297	0.3831763840771233	0.22756232546040406	0.15570175438596487
BN373_06681_1-385	-1	0.405599177564841	0.45915172519858166	0.28927619543458577	0.0	0.2980565829658203	0.31887034528846964	0.2862439747868001	0.045782578460540485	0.00918318200172985	0.1467484283891095	0.5109280684663722	0.4854431044188091	0.13211909892332166	0.4510101571615572	0.15820764965758738
ROD_39701_1-379	-1	0.5827642556119378	0.6203551138888513	0.5011121040558206	0.2980565829658203	0.0	0.02965162407333438	0.49898365673311235	0.33019336253104753	0.2915507646990655	0.40106567623366746	0.6566991772037789	0.6388101744572393	0.19119845112000905	0.6146401938009262	0.40910940116741357
CS17_00172_1-385	-1	0.5951359730544904	0.631612201333183	0.5159049404010942	0.31887034528846964	0.02965162407333438	0.0	0.5138396049982588	0.3500542171471011	0.31255743509925005	0.4188250516466035	0.6668786041453989	0.6495200393833465	0.21518073059732912	0.626066737907314	0.4266302670724649
BN373_22701_1-372	-1	0.16722128929474087	0.2422504949925064	0.004248259266014537	0.2862439747868001	0.49898365673311235	0.5138396049982588	0.0	0.25199853922004284	0.2927985262711642	0.16348700786373113	0.31479116917080824	0.2790857416194952	0.3805447776890597	0.23084384096868563	0.1520996538839203
NCTC13441_03814_1-385	-1	0.3770803078860168	0.4332022633491053	0.2551762433567937	0.045782578460540485	0.33019336253104753	0.3500542171471011	0.25199853922004284	0.0	0.05454533071175872	0.10581010957196593	0.487462793600438	0.4607550816342829	0.17185292437126926	0.4246700694766758	0.11781913498882582
SL1344_0211_1-385	-1	0.41105766849924097	0.4641184333414047	0.29580290148487187	0.00918318200172985	0.2915507646990655	0.31255743509925005	0.2927985262711642	0.05454533071175872	0.0	0.15458399286447433	0.5154193050255831	0.49016837404117625	0.12407532319642806	0.4560516308054437	0.1659379820184457
ERS227112_02518_16-403	-1	0.30336978892055944	0.3661326942764049	0.16704073193371557	0.1467484283891095	0.40106567623366746	0.4188250516466035	0.16348700786373113	0.10581010957196593	0.15458399286447433	0.0	0.42681391068487834	0.39694585664842463	0.2594792571852484	0.35659087998867534	0.013430061718894368
ERS227112_04978_1-372	-1	0.17720179199957473	0.09573173416666826	0.3118678051979977	0.5109280684663722	0.6566991772037789	0.6668786041453989	0.31479116917080824	0.487462793600438	0.5154193050255831	0.42681391068487834	0.0	0.04952798080526717	0.5755438113692836	0.10914211271199725	0.419011195178134
Ecoli9000q_42160_1-385	-1	0.13432674357155353	0.04861137669317845	0.27601004458289297	0.4854431044188091	0.6388101744572393	0.6495200393833465	0.2790857416194952	0.4607550816342829	0.49016837404117625	0.39694585664842463	0.04952798080526717	0.0	0.5534258978077777	0.06272055431704017	0.38873655079915304
STMMW_02161_1-385	-1	0.48413087862425547	0.5306081119195781	0.3831763840771233	0.13211909892332166	0.19119845112000905	0.21518073059732912	0.3805447776890597	0.17185292437126926	0.12407532319642806	0.2594792571852484	0.5755438113692836	0.5534258978077777	0.0	0.5235422005154282	0.26942449646537203
STM_MW02161_1-385	-1	0.07639790841922992	0.014830088649600686	0.22756232546040406	0.4510101571615572	0.6146401938009262	0.626066737907314	0.23084384096868563	0.4246700694766758	0.4560516308054437	0.35659087998867534	0.10914211271199725	0.06272055431704017	0.5235422005154282	0.0	0.3478322265400341
SEN0215_1-385	-1	0.2938866429549082	0.35750393243485806	0.15570175438596487	0.15820764965758738	0.40910940116741357	0.4266302670724649	0.1520996538839203	0.11781913498882582	0.1659379820184457	0.013430061718894368	0.419011195178134	0.38873655079915304	0.26942449646537203	0.3478322265400341	0.0
