b3014_1-75	0.0	6.176190136812782	6.531112871073844	6.165223690980401	6.254764341718754	6.2098952666461535	0.0	6.47435302813868	4.2303845016774595	6.679283276429187	6.272153610807989	6.459254382934921	5.2192018586423	6.093564872859349	6.74823843714661	6.437250212237175	6.326962404887852	6.022887223430887
NCTC13441_00693_1-75	6.176190136812782	0.0	0.354922734261062	0.010966445832380933	0.078574204905972	0.03370512983337204	6.176190136812782	0.298162891325898	1.9458056351353221	0.5030931396164051	0.0959634739952071	0.2830642461221391	0.956988278170482	0.08262526395343295	0.572048300333828	0.261060075424393	0.15077226807507005	0.15330291338189495
SL1344_1310_1-79	6.531112871073844	0.354922734261062	0.0	0.36588918009344296	0.27634852935509	0.32121760442769	6.531112871073844	0.05675984293516401	2.300728369396384	0.14817040535534304	0.2589592602658549	0.07185848813892293	1.311911012431544	0.43754799821449497	0.217125566072766	0.093862658836669	0.20415046618599197	0.508225647642957
ROD_13731_1-78	6.165223690980401	0.010966445832380933	0.36588918009344296	0.0	0.08954065073835293	0.04467157566575297	6.165223690980401	0.30912933715827895	1.934839189302941	0.5140595854487859	0.10692991982758804	0.29403069195452003	0.9460218323381011	0.07165881812105201	0.583014746166209	0.27202652125677396	0.16173871390745098	0.142336467549514
ENC_13630_1-78	6.254764341718754	0.078574204905972	0.27634852935509	0.08954065073835293	0.0	0.04486907507259996	6.254764341718754	0.21958868641992602	2.024379840041294	0.42451893471043306	0.017389269089235104	0.2044900412161671	1.035562483076454	0.16119946885940495	0.49347409542785603	0.18248587051842102	0.07219806316909805	0.23187711828786695
SEN1668_1-78	6.2098952666461535	0.03370512983337204	0.32121760442769	0.04467157566575297	0.04486907507259996	0.0	6.2098952666461535	0.264457761492526	1.979510764968694	0.469388009783033	0.062258344161835066	0.24935911628876706	0.9906934080038541	0.11633039378680499	0.538343170500456	0.22735494559102098	0.11706713824169801	0.18700804321526698
b1677_1-78	0.0	6.176190136812782	6.531112871073844	6.165223690980401	6.254764341718754	6.2098952666461535	0.0	6.47435302813868	4.2303845016774595	6.679283276429187	6.272153610807989	6.459254382934921	5.2192018586423	6.093564872859349	6.74823843714661	6.437250212237175	6.326962404887852	6.022887223430887
t1244_1-79	6.47435302813868	0.298162891325898	0.05675984293516401	0.30912933715827895	0.21958868641992602	0.264457761492526	6.47435302813868	0.0	2.24396852646122	0.20493024829050704	0.2021994173306909	0.01509864520375892	1.2551511694963802	0.38078815527933096	0.27388540900793	0.03710281590150499	0.14739062325082797	0.45146580470779296
CS17_01857_1-78	4.2303845016774595	1.9458056351353221	2.300728369396384	1.934839189302941	2.024379840041294	1.979510764968694	4.2303845016774595	2.24396852646122	0.0	2.448898774751727	2.041769109130529	2.228869881257461	0.98881735696484	1.863180371181889	2.51785393546915	2.206865710559715	2.096577903210392	1.792502721753427
SEN1669_1-80	6.679283276429187	0.5030931396164051	0.14817040535534304	0.5140595854487859	0.42451893471043306	0.469388009783033	6.679283276429187	0.20493024829050704	2.448898774751727	0.0	0.40712966562119796	0.22002889349426596	1.460081417786887	0.585718403569838	0.06895516071742297	0.24203306419201204	0.352320871541335	0.6563960529983
ETEC_1710_1-78	6.272153610807989	0.0959634739952071	0.2589592602658549	0.10692991982758804	0.017389269089235104	0.062258344161835066	6.272153610807989	0.2021994173306909	2.041769109130529	0.40712966562119796	0.0	0.187100772126932	1.052951752165689	0.17858873794864005	0.4760848263386209	0.16509660142918592	0.054808794079862944	0.24926638737710205
SL1344_1311_1-78	6.459254382934921	0.2830642461221391	0.07185848813892293	0.29403069195452003	0.2044900412161671	0.24935911628876706	6.459254382934921	0.01509864520375892	2.228869881257461	0.22002889349426596	0.187100772126932	0.0	1.2400525242926212	0.36568951007557204	0.28898405421168893	0.022004170697746073	0.13229197804706905	0.43636715950403404
BN373_27191_1-78	5.2192018586423	0.956988278170482	1.311911012431544	0.9460218323381011	1.035562483076454	0.9906934080038541	5.2192018586423	1.2551511694963802	0.98881735696484	1.460081417786887	1.052951752165689	1.2400525242926212	0.0	0.8743630142170491	1.52903657850431	1.2180483535948752	1.1077605462455522	0.8036853647885871
CS17_03436_1-75	6.093564872859349	0.08262526395343295	0.43754799821449497	0.07165881812105201	0.16119946885940495	0.11633039378680499	6.093564872859349	0.38078815527933096	1.863180371181889	0.585718403569838	0.17858873794864005	0.36568951007557204	0.8743630142170491	0.0	0.654673564287261	0.34368533937782597	0.233397532028503	0.070677649428462
NCTC13441_02204_1-78	6.74823843714661	0.572048300333828	0.217125566072766	0.583014746166209	0.49347409542785603	0.538343170500456	6.74823843714661	0.27388540900793	2.51785393546915	0.06895516071742297	0.4760848263386209	0.28898405421168893	1.52903657850431	0.654673564287261	0.0	0.310988224909435	0.421276032258758	0.725351213715723
t1245_1-78	6.437250212237175	0.261060075424393	0.093862658836669	0.27202652125677396	0.18248587051842102	0.22735494559102098	6.437250212237175	0.03710281590150499	2.206865710559715	0.24203306419201204	0.16509660142918592	0.022004170697746073	1.2180483535948752	0.34368533937782597	0.310988224909435	0.0	0.11028780734932297	0.41436298880628797
ERS227112_04543_1-78	6.326962404887852	0.15077226807507005	0.20415046618599197	0.16173871390745098	0.07219806316909805	0.11706713824169801	6.326962404887852	0.14739062325082797	2.096577903210392	0.352320871541335	0.054808794079862944	0.13229197804706905	1.1077605462455522	0.233397532028503	0.421276032258758	0.11028780734932297	0.0	0.304075181456965
ETEC_3286_1-75	6.022887223430887	0.15330291338189495	0.508225647642957	0.142336467549514	0.23187711828786695	0.18700804321526698	6.022887223430887	0.45146580470779296	1.792502721753427	0.6563960529983	0.24926638737710205	0.43636715950403404	0.8036853647885871	0.070677649428462	0.725351213715723	0.41436298880628797	0.304075181456965	0.0
