BN373_25631_1-78	0.0	0.2368836627040658	-1	0.058169511303350574	0.36408265442725124	0.10359455597878497	0.04262582726799591	0.0473970009976763	0.15853227357629995	0.10354088283090679	0.49344224204173154	0.5244608199716421
ETEC_1678_1-78	0.2368836627040658	0.0	-1	0.17871415140071523	0.6009663171313171	0.13328910672528083	0.2795094899720617	0.1894866617063895	0.39541593628036575	0.3404245455349726	0.7303259047457973	0.28757715726757627
b1643_1-78	-1	-1	-1	-1	-1	-1	-1	-1	-1	-1	-1	-1
ENC_13160_1-90	0.058169511303350574	0.17871415140071523	-1	0.0	0.4222521657306018	0.0454250446754344	0.10079533857134648	0.010772510305674277	0.21670178487965053	0.16171039413425736	0.5516117533450822	0.4662913086682915
NCTC13441_02238_1-79	0.36408265442725124	0.6009663171313171	-1	0.4222521657306018	0.0	0.4676772104060362	0.32145682715925533	0.41147965542492754	0.2055503808509513	0.26054177159634445	0.1293595876144803	0.8885434743988934
SEN1604_1-78	0.10359455597878497	0.13328910672528083	-1	0.0454250446754344	0.4676772104060362	0.0	0.14622038324678088	0.05619755498110868	0.26212682955508493	0.20713543880969176	0.5970367980205165	0.4208662639928571
ERS227112_04692_1-79	0.04262582726799591	0.2795094899720617	-1	0.10079533857134648	0.32145682715925533	0.14622038324678088	0.0	0.0900228282656722	0.11590644630830405	0.06091505556291088	0.45081641477373563	0.567086647239638
CS17_01822_1-79	0.0473970009976763	0.1894866617063895	-1	0.010772510305674277	0.41147965542492754	0.05619755498110868	0.0900228282656722	0.0	0.20592927457397625	0.15093788382858309	0.5408392430394078	0.47706381897396577
STMMW_14461_1-78	0.15853227357629995	0.39541593628036575	-1	0.21670178487965053	0.2055503808509513	0.26212682955508493	0.11590644630830405	0.20592927457397625	0.0	0.054991390745393165	0.3349099684654316	0.682993093547942
SL1344_1375_1-78	0.10354088283090679	0.3404245455349726	-1	0.16171039413425736	0.26054177159634445	0.20713543880969176	0.06091505556291088	0.15093788382858309	0.054991390745393165	0.0	0.38990135921082475	0.6280017028025489
STM_MW14461_1-79	0.49344224204173154	0.7303259047457973	-1	0.5516117533450822	0.1293595876144803	0.5970367980205165	0.45081641477373563	0.5408392430394078	0.3349099684654316	0.38990135921082475	0.0	1.0179030620133735
t1311_1-78	0.5244608199716421	0.28757715726757627	-1	0.4662913086682915	0.8885434743988934	0.4208662639928571	0.567086647239638	0.47706381897396577	0.682993093547942	0.6280017028025489	1.0179030620133735	0.0
