CS17_01875_1-252	0.0	0.5330829935789249	0.41860425204678486	0.07089630860034501	0.10951962545942595	0.554986521970605	6.238621335554205	0.2117725424869209	0.4962857734353149	0.41630260508277506	0.7877847717217848	0.6068072121815921
SL1344_1292_1-252	0.5330829935789249	0.0	0.11447874153214	0.6039793021792699	0.4235633681194989	0.021903528391680194	5.70553834197528	0.32131045109200396	0.03679722014360998	0.1167803884961498	0.25470177814286	1.139890205760517
SEN1686_1-252	0.41860425204678486	0.11447874153214	0.0	0.4895005606471299	0.3090846265873589	0.1363822699238202	5.82001708350742	0.20683170955986396	0.07768152138853002	0.002301646964009807	0.369180519675	1.025411464228377
ETEC_1726_1-252	0.07089630860034501	0.6039793021792699	0.4895005606471299	0.0	0.18041593405977097	0.6258828305709501	6.30951764415455	0.2826688510872659	0.5671820820356599	0.48719891368312007	0.8586810803221299	0.535910903581247
NCTC13441_02186_1-252	0.10951962545942595	0.4235633681194989	0.3090846265873589	0.18041593405977097	0.0	0.4454668965111791	6.129101710094779	0.10225291702749495	0.38676614797588893	0.3067829796233491	0.6782651462623589	0.716326837641018
ERS227112_02409_2-252	0.554986521970605	0.021903528391680194	0.1363822699238202	0.6258828305709501	0.4454668965111791	0.0	5.6836348135836	0.34321397948368415	0.05870074853529017	0.13868391688783	0.2327982497511798	1.161793734152197
b1693_1-252	6.238621335554205	5.70553834197528	5.82001708350742	6.30951764415455	6.129101710094779	5.6836348135836	0.0	6.026848793067284	5.74233556211889	5.82231873047143	5.45083656383242	6.845428547735797
ROD_13551_1-252	0.2117725424869209	0.32131045109200396	0.20683170955986396	0.2826688510872659	0.10225291702749495	0.34321397948368415	6.026848793067284	0.0	0.284513230948394	0.20453006259585416	0.576012229234864	0.818579754668513
STM_MW13651_1-252	0.4962857734353149	0.03679722014360998	0.07768152138853002	0.5671820820356599	0.38676614797588893	0.05870074853529017	5.74233556211889	0.284513230948394	0.0	0.07998316835253982	0.29149899828646997	1.103092985616907
STMMW_13651_1-252	0.41630260508277506	0.1167803884961498	0.002301646964009807	0.48719891368312007	0.3067829796233491	0.13868391688783	5.82231873047143	0.20453006259585416	0.07998316835253982	0.0	0.3714821666390098	1.0231098172643671
BN373_05611_2-251	0.7877847717217848	0.25470177814286	0.369180519675	0.8586810803221299	0.6782651462623589	0.2327982497511798	5.45083656383242	0.576012229234864	0.29149899828646997	0.3714821666390098	0.0	1.394591983903377
t1231_1-252	0.6068072121815921	1.139890205760517	1.025411464228377	0.535910903581247	0.716326837641018	1.161793734152197	6.845428547735797	0.818579754668513	1.103092985616907	1.0231098172643671	1.394591983903377	0.0
