b1111_2-200	-1	-1	-1	-1	-1	-1	-1	-1	-1	-1	-1	-1	-1	-1
ERS227112_03587_3-202	-1	0.0	0.2503235412295277	0.5038613906500431	0.13711995948142036	0.1383002857944408	0.03983617573538706	0.11164980213760622	0.37922389428050446	0.10123264468121912	0.1172925963005454	0.017182481268150196	0.09669500677637932	0.19149355937233387
Ecoli9000q_54720_1-183	-1	0.2503235412295277	0.0	0.7541849318795709	0.38744350071094813	0.3886238270239686	0.21048736549414068	0.36197334336713394	0.6295474355100322	0.3515561859107469	0.36761613753007316	0.26750602249767796	0.34701854800590703	0.44181710060186163
SL1344_1150_2-200	-1	0.5038613906500431	0.7541849318795709	0.0	0.3667414311686228	0.36556110485560234	0.5436975663854302	0.3922115885124369	0.12463749636953869	0.40262874596882403	0.38656879434949776	0.48667890938189295	0.40716638387366383	0.3123678312777093
STMMW_12221_2-200	-1	0.13711995948142036	0.38744350071094813	0.3667414311686228	0.0	0.0011803263130204522	0.17695613521680742	0.025470157343814137	0.2421039347990841	0.03588731480020124	0.01982736318087497	0.11993747821327017	0.04042495270504104	0.054373599890913504
ENC_15270_3-203	-1	0.1383002857944408	0.3886238270239686	0.36556110485560234	0.0011803263130204522	0.0	0.17813646152982787	0.02665048365683459	0.24092360848606365	0.037067641113221694	0.02100768949389542	0.12111780452629062	0.04160527901806149	0.05319327357789305
STM_MW12221_2-198	-1	0.03983617573538706	0.21048736549414068	0.5436975663854302	0.17695613521680742	0.17813646152982787	0.0	0.15148597787299328	0.4190600700158915	0.14106882041660618	0.15712877203593245	0.057018657003537254	0.13653118251176638	0.23132973510772092
SEN1836_2-200	-1	0.11164980213760622	0.36197334336713394	0.3922115885124369	0.025470157343814137	0.02665048365683459	0.15148597787299328	0.0	0.26757409214289823	0.010417157456387105	0.005642794162939169	0.09446732086945603	0.014954795361226902	0.07984375723472764
CS17_01249_22-220	-1	0.37922389428050446	0.6295474355100322	0.12463749636953869	0.2421039347990841	0.24092360848606365	0.4190600700158915	0.26757409214289823	0.0	0.27799124959928534	0.26193129797995907	0.36204141301235426	0.28252888750412514	0.1877303349081706
ROD_11751_6-202	-1	0.10123264468121912	0.3515561859107469	0.40262874596882403	0.03588731480020124	0.037067641113221694	0.14106882041660618	0.010417157456387105	0.27799124959928534	0.0	0.016059951619326274	0.08405016341306892	0.0045376379048397975	0.09026091469111475
ETEC_1176_2-200	-1	0.1172925963005454	0.36761613753007316	0.38656879434949776	0.01982736318087497	0.02100768949389542	0.15712877203593245	0.005642794162939169	0.26193129797995907	0.016059951619326274	0.0	0.1001101150323952	0.02059758952416607	0.07420096307178847
NCTC13441_02801_2-202	-1	0.017182481268150196	0.26750602249767796	0.48667890938189295	0.11993747821327017	0.12111780452629062	0.057018657003537254	0.09446732086945603	0.36204141301235426	0.08405016341306892	0.1001101150323952	0.0	0.07951252550822913	0.17431107810418367
BN373_17231_3-202	-1	0.09669500677637932	0.34701854800590703	0.40716638387366383	0.04042495270504104	0.04160527901806149	0.13653118251176638	0.014954795361226902	0.28252888750412514	0.0045376379048397975	0.02059758952416607	0.07951252550822913	0.0	0.09479855259595454
t1707_2-199	-1	0.19149355937233387	0.44181710060186163	0.3123678312777093	0.054373599890913504	0.05319327357789305	0.23132973510772092	0.07984375723472764	0.1877303349081706	0.09026091469111475	0.07420096307178847	0.17431107810418367	0.09479855259595454	0.0
