STMMW_22081_1-214	0.0	0.17282882539246402	0.35309747315778395	0.6159117304255801	0.508533421056278	0.462455985211914
STM_MW22081_1-214	0.17282882539246402	0.0	0.18026864776531992	0.7887405558180441	0.33570459566381394	0.28962715981945
SEN2169_1-214	0.35309747315778395	0.18026864776531992	0.0	0.9690092035833641	0.15543594789849402	0.10935851205413005
SL1344_2153_1-214	0.6159117304255801	0.7887405558180441	0.9690092035833641	0.0	1.124445151481858	1.0783677156374942
t0679_1-214	0.508533421056278	0.33570459566381394	0.15543594789849402	1.124445151481858	0.0	0.04607743584436397
ROD_22641_1-214	0.462455985211914	0.28962715981945	0.10935851205413005	1.0783677156374942	0.04607743584436397	0.0
