BN373_49561_1-546	0.0	0.028972363138583358	0.05120527217719306	0.013909920226160312	0.039403128754049485	0.024811537485902736	0.07659726214527256	0.017327637635411584	0.007341432450067291	-1	0.025696799801877907	0.00304632671705736	0.0016719031360587777	0.03502636936151178
STM_MW39431_1-546	0.028972363138583358	0.0	0.08017763531577642	0.015062442912423046	0.010430765615466126	0.004160825652680621	0.10556962528385591	0.011644725503171773	0.021630930688516067	-1	0.0032755633367054504	0.025926036421525998	0.02730046000252458	0.0060540062229284194
Ecoli9000q_34520_1-546	0.05120527217719306	0.08017763531577642	0.0	0.06511519240335337	0.09060840093124255	0.07601680966309579	0.025391989968079495	0.06853290981260465	0.05854670462726035	-1	0.07690207197907097	0.05425159889425042	0.05287717531325184	0.08623164153870484
ETEC_4112_1-546	0.013909920226160312	0.015062442912423046	0.06511519240335337	0.0	0.025493208527889173	0.010901617259742424	0.09050718237143288	0.0034177174092512724	0.006568487776093021	-1	0.011786879575717595	0.010863593509102952	0.012238017090101534	0.021116449135351465
NCTC13441_04664_1-546	0.039403128754049485	0.010430765615466126	0.09060840093124255	0.025493208527889173	0.0	0.014591591268146747	0.11600039089932204	0.0220754911186379	0.032061696303982194	-1	0.013706328952171576	0.036356802036992125	0.03773122561799071	0.004376759392537706
ENC_01760_1-546	0.024811537485902736	0.004160825652680621	0.07601680966309579	0.010901617259742424	0.014591591268146747	0.0	0.1014087996311753	0.007483899850491152	0.017470105035835445	-1	0.0008852623159751709	0.021765210768845376	0.02313963434984396	0.01021483187560904
SEN3767_1-546	0.07659726214527256	0.10556962528385591	0.025391989968079495	0.09050718237143288	0.11600039089932204	0.1014087996311753	0.0	0.09392489978068413	0.08393869459533984	-1	0.10229406194715046	0.07964358886232992	0.07826916528133133	0.11162363150678434
ERS227112_01803_1-546	0.017327637635411584	0.011644725503171773	0.06853290981260465	0.0034177174092512724	0.0220754911186379	0.007483899850491152	0.09392489978068413	0.0	0.009986205185344293	-1	0.008369162166466323	0.014281310918354224	0.015655734499352807	0.017698731726100193
CS17_04288_1-546	0.007341432450067291	0.021630930688516067	0.05854670462726035	0.006568487776093021	0.032061696303982194	0.017470105035835445	0.08393869459533984	0.009986205185344293	0.0	-1	0.018355367351810616	0.004295105733009931	0.005669529314008513	0.027684936911444486
b3835_1-546	-1	-1	-1	-1	-1	-1	-1	-1	-1	-1	-1	-1	-1	-1
SL1344_3926_1-546	0.025696799801877907	0.0032755633367054504	0.07690207197907097	0.011786879575717595	0.013706328952171576	0.0008852623159751709	0.10229406194715046	0.008369162166466323	0.018355367351810616	-1	0.0	0.022650473084820547	0.02402489666581913	0.00932956955963387
ROD_39191_1-546	0.00304632671705736	0.025926036421525998	0.05425159889425042	0.010863593509102952	0.036356802036992125	0.021765210768845376	0.07964358886232992	0.014281310918354224	0.004295105733009931	-1	0.022650473084820547	0.0	0.0013744235809985822	0.03198004264445442
STMMW_39431_1-546	0.0016719031360587777	0.02730046000252458	0.05287717531325184	0.012238017090101534	0.03773122561799071	0.02313963434984396	0.07826916528133133	0.015655734499352807	0.005669529314008513	-1	0.02402489666581913	0.0013744235809985822	0.0	0.033354466225453
t3325_1-546	0.03502636936151178	0.0060540062229284194	0.08623164153870484	0.021116449135351465	0.004376759392537706	0.01021483187560904	0.11162363150678434	0.017698731726100193	0.027684936911444486	-1	0.00932956955963387	0.03198004264445442	0.033354466225453	0.0
