STM_MW22191_1-412	0.0	-1	0.17319024716160802	0.3445899443619771	0.24698297313806195	0.19751090961426898	0.11323906565793296	0.05357067224058698
b2147_1-411	-1	-1	-1	-1	-1	-1	-1	-1
ETEC_2282_1-411	0.17319024716160802	-1	0.0	0.17139969720036907	0.42017322029966997	0.024320662452660957	0.286429312819541	0.11961957492102104
SEN2180_1-411	0.3445899443619771	-1	0.17139969720036907	0.0	0.591572917500039	0.14707903474770812	0.45782901001991005	0.2910192721213901
NCTC13441_01562_1-412	0.24698297313806195	-1	0.42017322029966997	0.591572917500039	0.0	0.4444938827523309	0.133743907480129	0.3005536453786489
SL1344_2164_1-411	0.19751090961426898	-1	0.024320662452660957	0.14707903474770812	0.4444938827523309	0.0	0.31074997527220194	0.143940237373682
CS17_02397_1-412	0.11323906565793296	-1	0.286429312819541	0.45782901001991005	0.133743907480129	0.31074997527220194	0.0	0.16680973789851994
STMMW_22191_1-411	0.05357067224058698	-1	0.11961957492102104	0.2910192721213901	0.3005536453786489	0.143940237373682	0.16680973789851994	0.0
