ERS227112_00077_1-450	0.0	0.1544757226104252	0.3198501920446757	0.4554346675410301	0.11205193247265394	0.29358239969891037	-1	0.4612534766605527	0.263033198281429	0.15239821955717184	0.29896029390159046	0.1341329215026034
STM_MW25291_1-449	0.1544757226104252	0.0	0.42491682511191636	0.5395567907812159	0.24921835184447133	0.40270676897014374	-1	0.5444767351572681	0.3768766775167992	0.28333211707696065	0.40725390907974235	0.2678883641380665
STMMW_25291_1-449	0.3198501920446757	0.42491682511191636	0.0	0.19934501768654514	0.23402073518857253	0.037184510032832505	-1	0.20790020516357346	0.07709573027000971	0.1975597224442106	0.02979845215807621	0.21448704443684505
CS17_02795_1-457	0.4554346675410301	0.5395567907812159	0.19934501768654514	0.0	0.38671488527993336	0.22911698090921712	-1	0.010685236045504316	0.26107209824232264	0.3575221937659656	0.22320329687213797	0.3710751384565925
BN373_34951_1-457	0.11205193247265394	0.24921835184447133	0.23402073518857253	0.38671488527993336	0.0	0.20443815788885183	-1	0.39326798149391146	0.17003389199236624	0.04543766528696833	0.2104946992557989	0.024867432947332183
ETEC_2666_1-456	0.29358239969891037	0.40270676897014374	0.037184510032832505	0.22911698090921712	0.20443815788885183	0.0	-1	0.23735404793167314	0.041452615431579944	0.1665689990268509	0.0076129108340277675	0.18415006431819939
b2509_1-456	-1	-1	-1	-1	-1	-1	-1	-1	-1	-1	-1	-1
SL1344_2473_1-449	0.4612534766605527	0.5444767351572681	0.20790020516357346	0.010685236045504316	0.39326798149391146	0.23735404793167314	-1	0.0	0.26896771729321267	0.3643872207795741	0.2315035530044287	0.37779534905706996
NCTC13441_01230_1-456	0.263033198281429	0.3768766775167992	0.07709573027000971	0.26107209824232264	0.17003389199236624	0.041452615431579944	-1	0.26896771729321267	0.0	0.13052707211923992	0.048749951200489854	0.14886843486706508
SEN2492_1-449	0.15239821955717184	0.28333211707696065	0.1975597224442106	0.3575221937659656	0.04543766528696833	0.1665689990268509	-1	0.3643872207795741	0.13052707211923992	0.0	0.172913834923574	0.021094806013719294
ROD_24501_1-457	0.29896029390159046	0.40725390907974235	0.02979845215807621	0.22320329687213797	0.2104946992557989	0.0076129108340277675	-1	0.2315035530044287	0.048749951200489854	0.172913834923574	0.0	0.1903610571324922
t0345_1-449	0.1341329215026034	0.2678883641380665	0.21448704443684505	0.3710751384565925	0.024867432947332183	0.18415006431819939	-1	0.37779534905706996	0.14886843486706508	0.021094806013719294	0.1903610571324922	0.0
