NCTC13441_00701_1-141	0.0	0.732034302017148	1.0869846916547918	0.675737700175302	0.02141511929496101	0.157309313542762	0.552210395527169	0.40155828738379296	0.07233576447262399	0.318732698739168	0.474968913993399	0.578901394802675	0.750132995657327	0.41575235129933596	0.789207589713452	6.754347240692682	0.63072671995647	0.35479177755159896	6.754347240692682	0.18150491462914198	1.167998435025452	0.363118894802008	0.272567332608708	0.26618518694152404	0.49208669861486	0.615649690673015
ROD_07321_1-142	0.732034302017148	0.0	0.3549503896376439	0.05629660184184604	0.753449421312109	0.574724988474386	0.17982390648997904	0.3304760146333551	0.804370066489772	0.41330160327798005	0.257065388023749	0.15313290721447304	0.01809869364017902	0.31628195071781207	0.05717328769630392	6.022312938675534	0.10130758206067803	0.37724252446554907	6.022312938675534	0.550529387388006	0.43596413300830406	0.36891540721514005	0.45946696940844	0.465849115075624	0.23994760340228805	0.11638461134413303
ROD_35541_1-141	1.0869846916547918	0.3549503896376439	0.0	0.41124699147948995	1.108399810949753	0.9296753781120299	0.534774296127623	0.685426404270999	1.159320456127416	0.768251992915624	0.6120157776613929	0.508083296852117	0.3368516959974649	0.671232340355456	0.29777710194134	5.66736254903789	0.45625797169832194	0.732192914103193	5.66736254903789	0.90547977702565	0.08101374337066014	0.723865796852784	0.8144173590460839	0.8207995047132679	0.594897993039932	0.47133500098177694
SEN0696_1-142	0.675737700175302	0.05629660184184604	0.41124699147948995	0.0	0.697152819470263	0.51842838663254	0.123527304648133	0.27417941279150904	0.748073464647926	0.357005001436134	0.20076878618190297	0.096836305372627	0.07439529548202506	0.259985348875966	0.11346988953814996	6.07860954051738	0.045010980218831986	0.32094592262370303	6.07860954051738	0.49423278554616	0.4922607348501501	0.312618805373294	0.40317036756659397	0.40955251323377795	0.183651001560442	0.06008800950228699
STM_MW08031_1-143	0.02141511929496101	0.753449421312109	1.108399810949753	0.697152819470263	0.0	0.17872443283772302	0.57362551482213	0.42297340667875394	0.05092064517766298	0.34014781803412897	0.49638403328836	0.600316514097636	0.771548114952288	0.43716747059429695	0.8106227090084129	6.775762359987643	0.652141839251431	0.37620689684655995	6.775762359987643	0.202920033924103	1.1894135543204132	0.38453401409696897	0.293982451903669	0.287600306236485	0.513501817909821	0.637064809967976
t2130_1-142	0.157309313542762	0.574724988474386	0.9296753781120299	0.51842838663254	0.17872443283772302	0.0	0.394901081984407	0.24424897384103095	0.229645078015386	0.16142338519640598	0.317659600450637	0.421592081259913	0.592823682114565	0.25844303775657396	0.6318982761706899	6.59703792714992	0.473417406413708	0.19748246400883696	6.59703792714992	0.02419560108637997	1.01068912148269	0.20580958125924598	0.11525801906594602	0.10887587339876204	0.334777385072098	0.458340377130253
SL1344_3132_1-141	0.552210395527169	0.17982390648997904	0.534774296127623	0.123527304648133	0.57362551482213	0.394901081984407	0.0	0.15065210814337604	0.624546159999793	0.233477696788001	0.07724148153376997	0.026690999275506	0.19792260013015806	0.13645804422783303	0.23699719418628296	6.202136845165513	0.07851632442930101	0.19741861797557003	6.202136845165513	0.370705480898027	0.6157880394982831	0.189091500725161	0.27964306291846097	0.28602520858564495	0.06012369691230901	0.06343929514584601
BN373_40781_1-141	0.40155828738379296	0.3304760146333551	0.685426404270999	0.27417941279150904	0.42297340667875394	0.24424897384103095	0.15065210814337604	0.0	0.473894051856417	0.08282558864462497	0.07341062660960607	0.17734310741888204	0.3485747082735341	0.01419406391554301	0.387649302329659	6.352788953308889	0.22916843257267705	0.04676650983219399	6.352788953308889	0.22005337275465098	0.7664401476416591	0.03843939258178497	0.12899095477508493	0.1353731004422689	0.09052841123106703	0.21409140328922205
STM_MW31181_1-141	0.07233576447262399	0.804370066489772	1.159320456127416	0.748073464647926	0.05092064517766298	0.229645078015386	0.624546159999793	0.473894051856417	0.0	0.391068463211792	0.547304678466023	0.651237159275299	0.8224687601299511	0.48808811577196	0.861543354186076	6.826683005165306	0.703062484429094	0.427127542024223	6.826683005165306	0.253840679101766	1.240334199498076	0.435454659274632	0.34490309708133204	0.33852095141414806	0.564422463087484	0.687985455145639
NCTC13441_03256_1-143	0.318732698739168	0.41330160327798005	0.768251992915624	0.357005001436134	0.34014781803412897	0.16142338519640598	0.233477696788001	0.08282558864462497	0.391068463211792	0.0	0.15623621525423104	0.260168696063507	0.43140029691815907	0.09701965256016798	0.47047489097428397	6.435614541953514	0.311994021217302	0.03605907881243098	6.435614541953514	0.137227784110026	0.8492657362862841	0.04438619606284	0.04616536613045996	0.05254751179764394	0.173353999875692	0.296916991933847
SL1344_0728_1-142	0.474968913993399	0.257065388023749	0.6120157776613929	0.20076878618190297	0.49638403328836	0.317659600450637	0.07724148153376997	0.07341062660960607	0.547304678466023	0.15623621525423104	0.0	0.10393248080927597	0.27516408166392803	0.05921656269406306	0.31423867572005293	6.279378326699283	0.15575780596307098	0.12017713644180006	6.279378326699283	0.29346399936425704	0.6930295210320531	0.11185001919139104	0.202401581384691	0.20878372705187498	0.017117784621460963	0.14068077667961598
t3078_1-141	0.578901394802675	0.15313290721447304	0.508083296852117	0.096836305372627	0.600316514097636	0.421592081259913	0.026690999275506	0.17734310741888204	0.651237159275299	0.260168696063507	0.10393248080927597	0.0	0.17123160085465206	0.16314904350333903	0.21030619491077696	6.175445845890007	0.05182532515379501	0.22410961725107603	6.175445845890007	0.397396480173533	0.5890970402227771	0.215782500000667	0.30633406219396697	0.31271620786115095	0.08681469618781501	0.03674829587034001
CS17_03428_1-141	0.750132995657327	0.01809869364017902	0.3368516959974649	0.07439529548202506	0.771548114952288	0.592823682114565	0.19792260013015806	0.3485747082735341	0.8224687601299511	0.43140029691815907	0.27516408166392803	0.17123160085465206	0.0	0.3343806443579911	0.0390745940561249	6.004214245035355	0.11940627570085705	0.3953412181057281	6.004214245035355	0.5686280810281851	0.41786543936812504	0.38701410085531907	0.477565663048619	0.483947808715803	0.25804629704246707	0.13448330498431205
ETEC_0749_1-142	0.41575235129933596	0.31628195071781207	0.671232340355456	0.259985348875966	0.43716747059429695	0.25844303775657396	0.13645804422783303	0.01419406391554301	0.48808811577196	0.09701965256016798	0.05921656269406306	0.16314904350333903	0.3343806443579911	0.0	0.373455238414116	6.338594889393346	0.21497436865713404	0.060960573747737	6.338594889393346	0.234247436670194	0.7522460837261161	0.05263345649732798	0.14318501869062794	0.14956716435781192	0.07633434731552402	0.19989733937367904
ERS227112_01182_1-141	0.789207589713452	0.05717328769630392	0.29777710194134	0.11346988953814996	0.8106227090084129	0.6318982761706899	0.23699719418628296	0.387649302329659	0.861543354186076	0.47047489097428397	0.31423867572005293	0.21030619491077696	0.0390745940561249	0.373455238414116	0.0	5.96513965097923	0.15848086975698195	0.434415812161853	5.96513965097923	0.60770267508431	0.37879084531200014	0.42608869491144397	0.5166402571047439	0.5230224027719279	0.29712089109859197	0.17355789904043695
b0738_1-142	6.754347240692682	6.022312938675534	5.66736254903789	6.07860954051738	6.775762359987643	6.59703792714992	6.202136845165513	6.352788953308889	6.826683005165306	6.435614541953514	6.279378326699283	6.175445845890007	6.004214245035355	6.338594889393346	5.96513965097923	0.0	6.123620520736212	6.399555463141083	0.0	6.57284232606354	5.58634880566723	6.391228345890674	6.481779908083974	6.488162053751158	6.262260542077822	6.138697550019667
ENC_32440_1-141	0.63072671995647	0.10130758206067803	0.45625797169832194	0.045010980218831986	0.652141839251431	0.473417406413708	0.07851632442930101	0.22916843257267705	0.703062484429094	0.311994021217302	0.15575780596307098	0.05182532515379501	0.11940627570085705	0.21497436865713404	0.15848086975698195	6.123620520736212	0.0	0.27593494240487104	6.123620520736212	0.449221805327328	0.5372717150689821	0.267607825154462	0.358159387347762	0.36454153301494596	0.13864002134161002	0.015077029283455001
SEN3001_1-141	0.35479177755159896	0.37724252446554907	0.732192914103193	0.32094592262370303	0.37620689684655995	0.19748246400883696	0.19741861797557003	0.04676650983219399	0.427127542024223	0.03605907881243098	0.12017713644180006	0.22410961725107603	0.3953412181057281	0.060960573747737	0.434415812161853	6.399555463141083	0.27593494240487104	0.0	6.399555463141083	0.17328686292245699	0.8132066574738531	0.008327117250409022	0.08222444494289094	0.08860659061007492	0.13729492106326102	0.26085791312141604
b3005_1-141	6.754347240692682	6.022312938675534	5.66736254903789	6.07860954051738	6.775762359987643	6.59703792714992	6.202136845165513	6.352788953308889	6.826683005165306	6.435614541953514	6.279378326699283	6.175445845890007	6.004214245035355	6.338594889393346	5.96513965097923	0.0	6.123620520736212	6.399555463141083	0.0	6.57284232606354	5.58634880566723	6.391228345890674	6.481779908083974	6.488162053751158	6.262260542077822	6.138697550019667
STMMW_31181_1-141	0.18150491462914198	0.550529387388006	0.90547977702565	0.49423278554616	0.202920033924103	0.02419560108637997	0.370705480898027	0.22005337275465098	0.253840679101766	0.137227784110026	0.29346399936425704	0.397396480173533	0.5686280810281851	0.234247436670194	0.60770267508431	6.57284232606354	0.449221805327328	0.17328686292245699	6.57284232606354	0.0	0.9864935203963101	0.181613980172866	0.09106241797956605	0.08468027231238207	0.310581783985718	0.434144776043873
CS17_00737_1-143	1.167998435025452	0.43596413300830406	0.08101374337066014	0.4922607348501501	1.1894135543204132	1.01068912148269	0.6157880394982831	0.7664401476416591	1.240334199498076	0.8492657362862841	0.6930295210320531	0.5890970402227771	0.41786543936812504	0.7522460837261161	0.37879084531200014	5.58634880566723	0.5372717150689821	0.8132066574738531	5.58634880566723	0.9864935203963101	0.0	0.8048795402234441	0.8954311024167441	0.901813248083928	0.6759117364105921	0.5523487443524371
BN373_13151_1-142	0.363118894802008	0.36891540721514005	0.723865796852784	0.312618805373294	0.38453401409696897	0.20580958125924598	0.189091500725161	0.03843939258178497	0.435454659274632	0.04438619606284	0.11185001919139104	0.215782500000667	0.38701410085531907	0.05263345649732798	0.42608869491144397	6.391228345890674	0.267607825154462	0.008327117250409022	6.391228345890674	0.181613980172866	0.8048795402234441	0.0	0.09055156219329996	0.09693370786048394	0.128967803812852	0.252530795871007
STMMW_08031_1-142	0.272567332608708	0.45946696940844	0.8144173590460839	0.40317036756659397	0.293982451903669	0.11525801906594602	0.27964306291846097	0.12899095477508493	0.34490309708133204	0.04616536613045996	0.202401581384691	0.30633406219396697	0.477565663048619	0.14318501869062794	0.5166402571047439	6.481779908083974	0.358159387347762	0.08222444494289094	6.481779908083974	0.09106241797956605	0.8954311024167441	0.09055156219329996	0.0	0.0063821456671839805	0.21951936600615196	0.343082358064307
ETEC_3278_1-141	0.26618518694152404	0.465849115075624	0.8207995047132679	0.40955251323377795	0.287600306236485	0.10887587339876204	0.28602520858564495	0.1353731004422689	0.33852095141414806	0.05254751179764394	0.20878372705187498	0.31271620786115095	0.483947808715803	0.14956716435781192	0.5230224027719279	6.488162053751158	0.36454153301494596	0.08860659061007492	6.488162053751158	0.08468027231238207	0.901813248083928	0.09693370786048394	0.0063821456671839805	0.0	0.22590151167333594	0.34946450373149096
ENC_19990_1-142	0.49208669861486	0.23994760340228805	0.594897993039932	0.183651001560442	0.513501817909821	0.334777385072098	0.06012369691230901	0.09052841123106703	0.564422463087484	0.173353999875692	0.017117784621460963	0.08681469618781501	0.25804629704246707	0.07633434731552402	0.29712089109859197	6.262260542077822	0.13864002134161002	0.13729492106326102	6.262260542077822	0.310581783985718	0.6759117364105921	0.128967803812852	0.21951936600615196	0.22590151167333594	0.0	0.12356299205815502
ERS227112_03185_1-143	0.615649690673015	0.11638461134413303	0.47133500098177694	0.06008800950228699	0.637064809967976	0.458340377130253	0.06343929514584601	0.21409140328922205	0.687985455145639	0.296916991933847	0.14068077667961598	0.03674829587034001	0.13448330498431205	0.19989733937367904	0.17355789904043695	6.138697550019667	0.015077029283455001	0.26085791312141604	6.138697550019667	0.434144776043873	0.5523487443524371	0.252530795871007	0.343082358064307	0.34946450373149096	0.12356299205815502	0.0
