SEN4162_1-211	0.0	0.06060299583150286	0.05287048417300877	0.31926545767244696	0.7493241726488664	0.6138784960705501	-1	0.5496556061133349	0.3469274957174455	0.018836978757428513	0.41151609308618187	0.15821445288025537	0.29047069936369974	0.30034177091554703
STM_MW43401_1-211	0.06060299583150286	0.0	0.00773251165849409	0.2586624618409441	0.6887211768173636	0.5532755002390473	-1	0.6102586019448377	0.28632449988594266	0.041766017074074346	0.350913097254679	0.09761145704875251	0.3510736951952026	0.3609447667470499
ERS227112_02076_1-224	0.05287048417300877	0.00773251165849409	0.0	0.2663949734994382	0.6964536884758576	0.5610080118975413	-1	0.6025260902863436	0.29405701154443675	0.034033505415580256	0.3586456089131731	0.1053439687072466	0.3433411835367085	0.3532122550885558
NCTC13441_04239_1-212	0.31926545767244696	0.2586624618409441	0.2663949734994382	0.0	0.43005871497641945	0.29461303839810316	-1	0.8689210637857818	0.02766203804499856	0.30042847891501845	0.0922506354137349	0.1610510047921916	0.6097361570361467	0.619607228587994
BN373_02091_1-224	0.7493241726488664	0.6887211768173636	0.6964536884758576	0.43005871497641945	0.0	0.1354456765783163	-1	1.2989797787622013	0.4023966769314209	0.7304871938914379	0.33780807956268455	0.591109719768611	1.0397948720125663	1.0496659435644133
CS17_04692_1-212	0.6138784960705501	0.5532755002390473	0.5610080118975413	0.29461303839810316	0.1354456765783163	0.0	-1	1.163534102183885	0.2669510003531046	0.5950415173131216	0.20236240298436825	0.45566404319029474	0.9043491954342499	0.9142202669860972
b4206_1-212	-1	-1	-1	-1	-1	-1	-1	-1	-1	-1	-1	-1	-1	-1
t4447_1-211	0.5496556061133349	0.6102586019448377	0.6025260902863436	0.8689210637857818	1.2989797787622013	1.163534102183885	-1	0.0	0.8965831018307804	0.5684925848707634	0.9611716991995167	0.7078700589935902	0.2591849067496351	0.24931383519778783
ETEC_4559_1-212	0.3469274957174455	0.28632449988594266	0.29405701154443675	0.02766203804499856	0.4023966769314209	0.2669510003531046	-1	0.8965831018307804	0.0	0.328090516960017	0.06458859736873634	0.18871304283719015	0.6373981950811453	0.6472692666329926
STMMW_43401_1-211	0.018836978757428513	0.041766017074074346	0.034033505415580256	0.30042847891501845	0.7304871938914379	0.5950415173131216	-1	0.5684925848707634	0.328090516960017	0.0	0.39267911432875335	0.13937747412282686	0.30930767812112825	0.31917874967297555
ENC_43060_1-212	0.41151609308618187	0.350913097254679	0.3586456089131731	0.0922506354137349	0.33780807956268455	0.20236240298436825	-1	0.9611716991995167	0.06458859736873634	0.39267911432875335	0.0	0.2533016402059265	0.7019867924498816	0.7118578640017289
SL1344_4329_1-211	0.15821445288025537	0.09761145704875251	0.1053439687072466	0.1610510047921916	0.591109719768611	0.45566404319029474	-1	0.7078700589935902	0.18871304283719015	0.13937747412282686	0.2533016402059265	0.0	0.4486851522439551	0.4585562237958024
Ecoli9000q_38650_13-224	0.29047069936369974	0.3510736951952026	0.3433411835367085	0.6097361570361467	1.0397948720125663	0.9043491954342499	-1	0.2591849067496351	0.6373981950811453	0.30930767812112825	0.7019867924498816	0.4486851522439551	0.0	0.009871071551847299
ROD_32601_1-211	0.30034177091554703	0.3609447667470499	0.3532122550885558	0.619607228587994	1.0496659435644133	0.9142202669860972	-1	0.24931383519778783	0.6472692666329926	0.31917874967297555	0.7118578640017289	0.4585562237958024	0.009871071551847299	0.0
