ENC_40460_1-354	0.0	0.21338748765825055	0.04495798327311973	0.11386240044477458	0.3316157957112282	0.1466157233646057	-1	0.20413675816546084	0.19386270531482008	0.1370853578872221	0.18125861929463027	0.007072126767516118	0.3075790163702532
t0702_1-369	0.21338748765825055	0.0	0.16842950438513082	0.32724988810302513	0.5450032833694787	0.06677176429364484	-1	0.4175242458237114	0.40725019297307063	0.07630212977102846	0.3946461069528808	0.22045961442576667	0.09419152871200265
ETEC_2251_1-369	0.04495798327311973	0.16842950438513082	0.0	0.1588203837178943	0.3765737789843479	0.10165774009148598	-1	0.24909474143858057	0.2388206885879398	0.09212737461410236	0.22621660256775	0.052030110040635846	0.26262103309713347
BN373_31621_1-369	0.11386240044477458	0.32724988810302513	0.1588203837178943	0.0	0.2177533952664536	0.2604781238093803	-1	0.09027435772068626	0.0800003048700455	0.2509477583319967	0.0673962188498557	0.10679027367725846	0.4214414168150278
STM_MW21851_1-369	0.3316157957112282	0.5450032833694787	0.3765737789843479	0.2177533952664536	0.0	0.4782315190758339	-1	0.12747903754576734	0.1377530903964081	0.46870115359845027	0.1503571764165979	0.32454366894371206	0.6391948120814814
ROD_22351_1-369	0.1466157233646057	0.06677176429364484	0.10165774009148598	0.2604781238093803	0.4782315190758339	0.0	-1	0.35075248153006655	0.3404784286794258	0.009530365477383618	0.327874342659236	0.15368785013212183	0.1609632930056475
b2113_1-369	-1	-1	-1	-1	-1	-1	-1	-1	-1	-1	-1	-1	-1
ERS227112_04020_1-369	0.20413675816546084	0.4175242458237114	0.24909474143858057	0.09027435772068626	0.12747903754576734	0.35075248153006655	-1	0.0	0.010274052850640758	0.34122211605268293	0.022878138870830567	0.19706463139794472	0.511715774535714
NCTC13441_01597_1-369	0.19386270531482008	0.40725019297307063	0.2388206885879398	0.0800003048700455	0.1377530903964081	0.3404784286794258	-1	0.010274052850640758	0.0	0.3309480632020422	0.012604086020189809	0.18679057854730396	0.5014417216850733
SL1344_2131_1-369	0.1370853578872221	0.07630212977102846	0.09212737461410236	0.2509477583319967	0.46870115359845027	0.009530365477383618	-1	0.34122211605268293	0.3309480632020422	0.0	0.31834397718185237	0.1441574846547382	0.1704936584830311
STMMW_21851_1-369	0.18125861929463027	0.3946461069528808	0.22621660256775	0.0673962188498557	0.1503571764165979	0.327874342659236	-1	0.022878138870830567	0.012604086020189809	0.31834397718185237	0.0	0.17418649252711416	0.4888376356648835
SEN2147_1-369	0.007072126767516118	0.22045961442576667	0.052030110040635846	0.10679027367725846	0.32454366894371206	0.15368785013212183	-1	0.19706463139794472	0.18679057854730396	0.1441574846547382	0.17418649252711416	0.0	0.3146511431377693
CS17_02358_1-369	0.3075790163702532	0.09419152871200265	0.26262103309713347	0.4214414168150278	0.6391948120814814	0.1609632930056475	-1	0.511715774535714	0.5014417216850733	0.1704936584830311	0.4888376356648835	0.3146511431377693	0.0
