STMMW_05681_1-833	0.0	0.18604506678690458	0.287438549485421	0.20061804802929661	0.3063191327586883	0.035651581161129986	0.045469146029208485	0.36096036044922314	0.6188666807017185	0.16041680595880914	0.09899530825058589	0.3047086751808498	0.18085131773078922	0.663048024693843	0.2898920697438373	0.49974754858388093	0.5925777480634751	0.00877907899282293	0.25807259780021485	0.6279934336062716	0.6796807161559659	1.0461621782151436	0.9966603443138726	-1	0.5790530650367627	0.9487441544343975	0.2349059022769895	0.3701756439318945	0.08445097882581665	0.4320168622834033	0.9186628763457285	0.09323463515258656	0.510121350582728	0.513800282684693	0.28443445648608623	-1	1.234766301488668	0.011577414375797401
SEN0336_1-753	0.18604506678690458	0.0	0.4734836162723256	0.3866631148162012	0.49236419954559285	0.22169664794803456	0.23151421281611306	0.17491529366231856	0.804911747488623	0.02562826082809544	0.28504037503749047	0.11866360839394524	0.3668963845176938	0.8490930914807476	0.10384700295693272	0.6857926153707855	0.7786228148503797	0.1948241457797275	0.44411766458711943	0.8140385003931762	0.8657257829428705	1.2322072450020483	1.1827054111007773	-1	0.7650981318236673	1.1347892212213022	0.42095096906389406	0.18413057714498993	0.2704960456127212	0.6180619290703079	1.1047079431326332	0.27927970193949114	0.6961664173696326	0.6998453494715976	0.09838938969918165	-1	1.4208113682755728	0.17446765241110718
ERS227112_02131_115-748	0.287438549485421	0.4734836162723256	0.0	0.08682050145612441	0.01888058327326725	0.25178696832429104	0.24196940345621254	0.6483989099346441	0.33142813121629744	0.44785535544423016	0.18844324123483513	0.5921472246662709	0.1065872317546318	0.37560947520842203	0.5773306192292583	0.2123089990984599	0.30513919857805405	0.2786594704925981	0.02936595168520617	0.34055488412085055	0.3922421666705449	0.7587236287297225	0.7092217948284516	-1	0.29161451555134166	0.6613056049489765	0.05253264720843154	0.6576141934173155	0.20298757065960438	0.14457831279798228	0.6312243268603075	0.19420391433283446	0.22268280109730698	0.226361733199272	0.5718730059715073	-1	0.947327752003247	0.2990159638612184
ERS227112_02131_785-872	0.20061804802929661	0.3866631148162012	0.08682050145612441	0.0	0.10570108472939166	0.16496646686816663	0.15514890200008813	0.5615784084785198	0.41824863267242185	0.36103485398810575	0.10162273977871072	0.5053267232101464	0.019766730298507396	0.46242997666454644	0.4905101177731339	0.2991295005545843	0.39195970003417846	0.19183896903647368	0.05745454977091824	0.42737538557697496	0.4790626681266693	0.845544130185847	0.796042296284576	-1	0.37843501700746607	0.7481261064051009	0.03428785424769287	0.5707936919611911	0.11616706920347997	0.2313988142541067	0.7180448283164319	0.10738341287671005	0.3095033025534314	0.3131822346553964	0.48505250451538284	-1	1.0341482534593713	0.21219546240509402
SL1344_0348_1-753	0.3063191327586883	0.49236419954559285	0.01888058327326725	0.10570108472939166	0.0	0.2706675515975583	0.2608499867294798	0.6672794932079114	0.3125475479430302	0.4667359387174974	0.20732382450810238	0.6110278079395381	0.12546781502789905	0.3567288919351548	0.5962112025025256	0.19342841582519266	0.2862586153047868	0.29754005376586534	0.04824653495847342	0.3216743008475833	0.37336158339727765	0.7398430454564553	0.6903412115551844	-1	0.2727339322780744	0.6424250216757093	0.07141323048169879	0.6764947766905828	0.22186815393287163	0.12569772952471503	0.6123437435870402	0.2130844976061017	0.20380221782403973	0.20748114992600475	0.5907535892447745	-1	0.9284471687299798	0.3178965471344857
ROD_43521_9-732	0.035651581161129986	0.22169664794803456	0.25178696832429104	0.16496646686816663	0.2706675515975583	0.0	0.009817564868078499	0.3966119416103531	0.5832150995405885	0.19606838711993912	0.0633437270894559	0.3403602563419798	0.14519973656965923	0.6273964435327131	0.3255436509049673	0.46409596742275094	0.5569261669023451	0.026872502168307055	0.22242101663908487	0.5923418524451416	0.6440291349948359	1.0105105970540136	0.9610087631527426	-1	0.5434014838756327	0.9130925732732675	0.1992543211158595	0.4058272250930245	0.04879939766468666	0.3963652811222733	0.8830112951845985	0.05758305399145658	0.474469769421598	0.47814870152356304	0.3200860376472162	-1	1.199114720327538	0.04722899553692739
ERS227112_02817_1-833	0.045469146029208485	0.23151421281611306	0.24196940345621254	0.15514890200008813	0.2608499867294798	0.009817564868078499	0.0	0.4064295064784316	0.57339753467251	0.20588595198801762	0.053526162221377405	0.3501778212100583	0.13538217170158073	0.6175788786646346	0.3353612157730458	0.45427840255467244	0.5471086020342666	0.036690067036385554	0.21260345177100637	0.5825242875770631	0.6342115701267574	1.000693032185935	0.9511911982846641	-1	0.5335839190075542	0.903275008405189	0.189436756247781	0.415644789961103	0.03898183279660816	0.3865477162541948	0.87319373031652	0.04776548912337808	0.4646522045535195	0.46833113665548454	0.3299036025152947	-1	1.1892971554594596	0.057046560405005886
STM_MW05681_1-833	0.36096036044922314	0.17491529366231856	0.6483989099346441	0.5615784084785198	0.6672794932079114	0.3966119416103531	0.4064295064784316	0.0	0.9798270411509415	0.200543554490414	0.45995566869980903	0.05625168526837332	0.5418116781800124	1.0240083851430661	0.07106829070538584	0.860707909033104	0.9535381085126982	0.36973943944204607	0.619032958249438	0.9889537940554947	1.040641076605189	1.4071225386643667	1.3576207047630957	-1	0.9400134254859858	1.3097045148836206	0.5958662627262126	0.009215283482671366	0.4454113392750398	0.7929772227326264	1.2796232367949516	0.4541949956018097	0.8710817110319511	0.8747606431339161	0.07652590396313691	-1	1.5957266619378911	0.34938294607342574
ETEC_3715_9-732	0.6188666807017185	0.804911747488623	0.33142813121629744	0.41824863267242185	0.3125475479430302	0.5832150995405885	0.57339753467251	0.9798270411509415	0.0	0.7792834866605276	0.5198713724511326	0.9235753558825683	0.43801536297092925	0.04418134399212459	0.9087587504455558	0.11911913211783753	0.02628893263824339	0.6100876017088955	0.3607940829015036	0.009126752904553115	0.06081403545424746	0.4272954975134251	0.37779366361215416	-1	0.03981361566495578	0.32987747373267906	0.383960778424729	0.989042324633613	0.5344157018759018	0.18684981841831516	0.29979619564401006	0.5256320455491319	0.10874533011899046	0.10506639801702544	0.9033011371878047	-1	0.6158996207869496	0.6304440950775159
t3946_15-732	0.16041680595880914	0.02562826082809544	0.44785535544423016	0.36103485398810575	0.4667359387174974	0.19606838711993912	0.20588595198801762	0.200543554490414	0.7792834866605276	0.0	0.25941211420939503	0.14429186922204068	0.34126812368959836	0.8234648306526522	0.12947526378502816	0.6601643545426901	0.7529945540222842	0.16919588495163207	0.418489403759024	0.7884102395650807	0.8400975221147751	1.2065789841739527	1.1570771502726818	-1	0.7394698709955718	1.1091609603932067	0.3953227082357986	0.20975883797308537	0.24486778478462579	0.5924336682422124	1.0790796823045377	0.2536514411113957	0.6705381565415371	0.6742170886435022	0.12401765052727709	-1	1.3951831074474772	0.14883939158301174
ENC_22440_1-832	0.09899530825058589	0.28504037503749047	0.18844324123483513	0.10162273977871072	0.20732382450810238	0.0633437270894559	0.053526162221377405	0.45995566869980903	0.5198713724511326	0.25941211420939503	0.0	0.4037039834314357	0.08185600948020333	0.5640527164432572	0.3888873779944232	0.40075224033329504	0.4935824398128892	0.09021622925776296	0.15907728954962896	0.5289981253556857	0.58068540790538	0.9471668699645577	0.8976650360632867	-1	0.4800577567861768	0.8497488461838116	0.1359105940264036	0.4691709521824804	0.014544329424769242	0.3330215540328174	0.8196675680951426	0.005760673097999325	0.4111260423321421	0.41480497443410713	0.3834297647366721	-1	1.1357709932380822	0.11057272262638329
STM_MW04231_1-753	0.3047086751808498	0.11866360839394524	0.5921472246662709	0.5053267232101464	0.6110278079395381	0.3403602563419798	0.3501778212100583	0.05625168526837332	0.9235753558825683	0.14429186922204068	0.4037039834314357	0.0	0.48555999291163904	0.9677566998746929	0.01481660543701252	0.8044562237647308	0.897286423244325	0.31348775417367275	0.5627812729810646	0.9327021087871215	0.9843893913368158	1.3508708533959934	1.3013690194947225	-1	0.8837617402176126	1.2534528296152474	0.5396145774578394	0.06546696875104469	0.38915965400666647	0.7367255374642532	1.2233715515265784	0.3979433103334364	0.8148300257635779	0.8185089578655429	0.02027421869476359	-1	1.539474976669518	0.2931312608050524
ERS227112_00215_146-814	0.18085131773078922	0.3668963845176938	0.1065872317546318	0.019766730298507396	0.12546781502789905	0.14519973656965923	0.13538217170158073	0.5418116781800124	0.43801536297092925	0.34126812368959836	0.08185600948020333	0.48555999291163904	0.0	0.48219670696305383	0.4707433874746265	0.3188962308530917	0.41172643033268586	0.1720722387379663	0.07722128006942564	0.44714211587548236	0.4988293984251767	0.8653108604843543	0.8158090265830834	-1	0.39820174730597346	0.7678928367036083	0.05405458454620027	0.5510269616626837	0.09640033890497257	0.2511655445526141	0.7378115586149393	0.08761668257820265	0.3292700328519388	0.3329489649539038	0.46528577421687545	-1	1.053914983757879	0.19242873210658662
CS17_00516_1-834	0.663048024693843	0.8490930914807476	0.37560947520842203	0.46242997666454644	0.3567288919351548	0.6273964435327131	0.6175788786646346	1.0240083851430661	0.04418134399212459	0.8234648306526522	0.5640527164432572	0.9677566998746929	0.48219670696305383	0.0	0.9529400944376804	0.16330047610996212	0.07047027663036798	0.6542689457010201	0.4049754268936282	0.035054591087571474	0.016632691462122873	0.3831141535213005	0.3336123196200296	-1	0.08399495965708037	0.28569612974055447	0.42814212241685357	1.0332236686257374	0.5785970458680264	0.23103116241043975	0.25561485165188547	0.5698133895412565	0.15292667411111505	0.14924774200915003	0.9474824811799293	-1	0.571718276794825	0.6746254390696405
t2362_1-833	0.2898920697438373	0.10384700295693272	0.5773306192292583	0.4905101177731339	0.5962112025025256	0.3255436509049673	0.3353612157730458	0.07106829070538584	0.9087587504455558	0.12947526378502816	0.3888873779944232	0.01481660543701252	0.4707433874746265	0.9529400944376804	0.0	0.7896396183277182	0.8824698178073124	0.29867114873666023	0.5479646675440522	0.9178855033501089	0.9695727858998032	1.3360542479589808	1.2865524140577098	-1	0.8689451347806	1.2386362241782347	0.5247979720208268	0.0802835741880572	0.37434304856965395	0.7219089320272406	1.2085549460895657	0.38312670489642386	0.8000134203265653	0.8036923524285303	0.0054576132577510705	-1	1.5246583712325052	0.2783146553680399
ERS227112_00750_9-737	0.49974754858388093	0.6857926153707855	0.2123089990984599	0.2991295005545843	0.19342841582519266	0.46409596742275094	0.45427840255467244	0.860707909033104	0.11911913211783753	0.6601643545426901	0.40075224033329504	0.8044562237647308	0.3188962308530917	0.16330047610996212	0.7896396183277182	0.0	0.09283019947959414	0.490968469591058	0.24167495078366608	0.12824588502239065	0.179933167572085	0.5464146296312626	0.4969127957299917	-1	0.07930551645288175	0.4489966058505166	0.26484164630689144	0.8699231925157754	0.4152965697580643	0.06773068630047763	0.4189153277618476	0.40651291343129436	0.010373801998847076	0.014052734100812092	0.7841820050699672	-1	0.7350187529047871	0.5113249629596783
NCTC13441_00231_8-733	0.5925777480634751	0.7786228148503797	0.30513919857805405	0.39195970003417846	0.2862586153047868	0.5569261669023451	0.5471086020342666	0.9535381085126982	0.02628893263824339	0.7529945540222842	0.4935824398128892	0.897286423244325	0.41172643033268586	0.07047027663036798	0.8824698178073124	0.09283019947959414	0.0	0.5837986690706521	0.3345051502632602	0.035415685542796504	0.08710296809249085	0.4535844301516685	0.40408259625039755	-1	0.013524683026712392	0.35616640637092245	0.3576718457864856	0.9627533919953696	0.5081267692376584	0.16056088578007177	0.32608512828225344	0.4993431129108885	0.08245639748074707	0.07877746537878205	0.8770122045495613	-1	0.642188553425193	0.6041551624392725
SEN0479_1-833	0.00877907899282293	0.1948241457797275	0.2786594704925981	0.19183896903647368	0.29754005376586534	0.026872502168307055	0.036690067036385554	0.36973943944204607	0.6100876017088955	0.16919588495163207	0.09021622925776296	0.31348775417367275	0.1720722387379663	0.6542689457010201	0.29867114873666023	0.490968469591058	0.5837986690706521	0.0	0.24929351880739192	0.6192143546134486	0.670901637163143	1.0373830992223207	0.9878812653210497	-1	0.5702739860439398	0.9399650754415746	0.22612682328416656	0.37895472292471744	0.07567189983299372	0.42323778329058037	0.9098837973529056	0.08445555615976363	0.5013422715899051	0.5050212036918701	0.29321353547890916	-1	1.2259872224958452	0.020356493368620332
ETEC_0536_1-834	0.25807259780021485	0.44411766458711943	0.02936595168520617	0.05745454977091824	0.04824653495847342	0.22242101663908487	0.21260345177100637	0.619032958249438	0.3607940829015036	0.418489403759024	0.15907728954962896	0.5627812729810646	0.07722128006942564	0.4049754268936282	0.5479646675440522	0.24167495078366608	0.3345051502632602	0.24929351880739192	0.0	0.3699208358060567	0.42160811835575107	0.7880895804149287	0.7385877465136578	-1	0.32098046723654783	0.6906715566341827	0.023166695523225367	0.6282482417321094	0.1736216189743982	0.17394426448318845	0.6605902785455137	0.1648379626476283	0.25204875278251315	0.25572768488447817	0.5425070542863011	-1	0.9766937036884532	0.26965001217601225
SL1344_3541_15-732	0.6279934336062716	0.8140385003931762	0.34055488412085055	0.42737538557697496	0.3216743008475833	0.5923418524451416	0.5825242875770631	0.9889537940554947	0.009126752904553115	0.7884102395650807	0.5289981253556857	0.9327021087871215	0.44714211587548236	0.035054591087571474	0.9178855033501089	0.12824588502239065	0.035415685542796504	0.6192143546134486	0.3699208358060567	0.0	0.05168728254969435	0.418168744608872	0.36866691070760105	-1	0.048940368569508896	0.32075072082812595	0.3930875313292821	0.9981690775381661	0.5435424547804549	0.19597657132286828	0.29066944273945694	0.534758798453685	0.11787208302354357	0.11419315092157856	0.9124278900923578	-1	0.6067728678823965	0.639570847982069
BN373_44701_9-736	0.6796807161559659	0.8657257829428705	0.3922421666705449	0.4790626681266693	0.37336158339727765	0.6440291349948359	0.6342115701267574	1.040641076605189	0.06081403545424746	0.8400975221147751	0.58068540790538	0.9843893913368158	0.4988293984251767	0.016632691462122873	0.9695727858998032	0.179933167572085	0.08710296809249085	0.670901637163143	0.42160811835575107	0.05168728254969435	0.0	0.36648146205917764	0.3169796281579067	-1	0.10062765111920324	0.2690634382784316	0.44477481387897644	1.0498563600878605	0.5952297373301493	0.24766385387256262	0.2389821601897626	0.5864460810033794	0.16955936557323792	0.1658804334712729	0.9641151726420522	-1	0.5550855853327021	0.6912581305317633
ENC_26610_11-141	1.0461621782151436	1.2322072450020483	0.7587236287297225	0.845544130185847	0.7398430454564553	1.0105105970540136	1.000693032185935	1.4071225386643667	0.4272954975134251	1.2065789841739527	0.9471668699645577	1.3508708533959934	0.8653108604843543	0.3831141535213005	1.3360542479589808	0.5464146296312626	0.4535844301516685	1.0373830992223207	0.7880895804149287	0.418168744608872	0.36648146205917764	0.0	0.04950183390127094	-1	0.4671091131783809	0.09741802378074604	0.8112562759381541	1.416337822147038	0.9617111993893269	0.6141453159317403	0.12749930186941505	0.952927543062557	0.5360408276324156	0.5323618955304505	1.3305966347012297	-1	0.1886041232735245	1.057739592590941
ENC_26610_149-723	0.9966603443138726	1.1827054111007773	0.7092217948284516	0.796042296284576	0.6903412115551844	0.9610087631527426	0.9511911982846641	1.3576207047630957	0.37779366361215416	1.1570771502726818	0.8976650360632867	1.3013690194947225	0.8158090265830834	0.3336123196200296	1.2865524140577098	0.4969127957299917	0.40408259625039755	0.9878812653210497	0.7385877465136578	0.36866691070760105	0.3169796281579067	0.04950183390127094	0.0	-1	0.41760727927710994	0.0479161898794751	0.7617544420368831	1.366835988245767	0.912209365488056	0.5646434820304693	0.07799746796814411	0.9034257091612861	0.4865389937311446	0.4828600616291796	1.2810948007999587	-1	0.23810595717479544	1.00823775868967
b0484_1-834	-1	-1	-1	-1	-1	-1	-1	-1	-1	-1	-1	-1	-1	-1	-1	-1	-1	-1	-1	-1	-1	-1	-1	-1	-1	-1	-1	-1	-1	-1	-1	-1	-1	-1	-1	-1	-1	-1
BN373_02651_115-748	0.5790530650367627	0.7650981318236673	0.29161451555134166	0.37843501700746607	0.2727339322780744	0.5434014838756327	0.5335839190075542	0.9400134254859858	0.03981361566495578	0.7394698709955718	0.4800577567861768	0.8837617402176126	0.39820174730597346	0.08399495965708037	0.8689451347806	0.07930551645288175	0.013524683026712392	0.5702739860439398	0.32098046723654783	0.048940368569508896	0.10062765111920324	0.4671091131783809	0.41760727927710994	-1	0.0	0.36969108939763484	0.3441471627597732	0.9492287089686572	0.49460208621094603	0.14703620275335938	0.33960981130896584	0.4858184298841761	0.06893171445403468	0.06525278235206966	0.8634875215228489	-1	0.6557132364519054	0.5906304794125601
BN373_02651_785-875	0.9487441544343975	1.1347892212213022	0.6613056049489765	0.7481261064051009	0.6424250216757093	0.9130925732732675	0.903275008405189	1.3097045148836206	0.32987747373267906	1.1091609603932067	0.8497488461838116	1.2534528296152474	0.7678928367036083	0.28569612974055447	1.2386362241782347	0.4489966058505166	0.35616640637092245	0.9399650754415746	0.6906715566341827	0.32075072082812595	0.2690634382784316	0.09741802378074604	0.0479161898794751	-1	0.36969108939763484	0.0	0.713838252157408	1.318919798366292	0.8642931756085809	0.5167272921509942	0.030081278088669006	0.855509519281811	0.4386228038516695	0.4349438717497045	1.2331786109204836	-1	0.28602214705427054	0.9603215688101949
SEN3399_15-732	0.2349059022769895	0.42095096906389406	0.05253264720843154	0.03428785424769287	0.07141323048169879	0.1992543211158595	0.189436756247781	0.5958662627262126	0.383960778424729	0.3953227082357986	0.1359105940264036	0.5396145774578394	0.05405458454620027	0.42814212241685357	0.5247979720208268	0.26484164630689144	0.3576718457864856	0.22612682328416656	0.023166695523225367	0.3930875313292821	0.44477481387897644	0.8112562759381541	0.7617544420368831	-1	0.3441471627597732	0.713838252157408	0.0	0.605081546208884	0.15045492345117284	0.19711096000641382	0.683756974068739	0.14167126712440292	0.2752154483057385	0.27889438040770353	0.5193403587630757	-1	0.9998603992116786	0.2464833166527869
Ecoli9000q_46000_1-834	0.3701756439318945	0.18413057714498993	0.6576141934173155	0.5707936919611911	0.6764947766905828	0.4058272250930245	0.415644789961103	0.009215283482671366	0.989042324633613	0.20975883797308537	0.4691709521824804	0.06546696875104469	0.5510269616626837	1.0332236686257374	0.0802835741880572	0.8699231925157754	0.9627533919953696	0.37895472292471744	0.6282482417321094	0.9981690775381661	1.0498563600878605	1.416337822147038	1.366835988245767	-1	0.9492287089686572	1.318919798366292	0.605081546208884	0.0	0.45462662275771115	0.8021925062152978	1.288838520277623	0.46341027908448107	0.8802969945146225	0.8839759266165875	0.08574118744580828	-1	1.6049419454205625	0.3585982295560971
NCTC13441_03491_1-834	0.08445097882581665	0.2704960456127212	0.20298757065960438	0.11616706920347997	0.22186815393287163	0.04879939766468666	0.03898183279660816	0.4454113392750398	0.5344157018759018	0.24486778478462579	0.014544329424769242	0.38915965400666647	0.09640033890497257	0.5785970458680264	0.37434304856965395	0.4152965697580643	0.5081267692376584	0.07567189983299372	0.1736216189743982	0.5435424547804549	0.5952297373301493	0.9617111993893269	0.912209365488056	-1	0.49460208621094603	0.8642931756085809	0.15045492345117284	0.45462662275771115	0.0	0.34756588345758666	0.8342118975199119	0.008783656326769917	0.42567037175691136	0.4293493038588764	0.3688854353119029	-1	1.1503153226628515	0.09602839320161405
ETEC_0224_146-814	0.4320168622834033	0.6180619290703079	0.14457831279798228	0.2313988142541067	0.12569772952471503	0.3963652811222733	0.3865477162541948	0.7929772227326264	0.18684981841831516	0.5924336682422124	0.3330215540328174	0.7367255374642532	0.2511655445526141	0.23103116241043975	0.7219089320272406	0.06773068630047763	0.16056088578007177	0.42323778329058037	0.17394426448318845	0.19597657132286828	0.24766385387256262	0.6141453159317403	0.5646434820304693	-1	0.14703620275335938	0.5167272921509942	0.19711096000641382	0.8021925062152978	0.34756588345758666	0.0	0.4866460140623252	0.33878222713081674	0.0781044882993247	0.08178342040128972	0.7164513187694895	-1	0.8027494392052648	0.4435942766592007
STMMW_35651_15-732	0.9186628763457285	1.1047079431326332	0.6312243268603075	0.7180448283164319	0.6123437435870402	0.8830112951845985	0.87319373031652	1.2796232367949516	0.29979619564401006	1.0790796823045377	0.8196675680951426	1.2233715515265784	0.7378115586149393	0.25561485165188547	1.2085549460895657	0.4189153277618476	0.32608512828225344	0.9098837973529056	0.6605902785455137	0.29066944273945694	0.2389821601897626	0.12749930186941505	0.07799746796814411	-1	0.33960981130896584	0.030081278088669006	0.683756974068739	1.288838520277623	0.8342118975199119	0.4866460140623252	0.0	0.825428241193142	0.4085415257630005	0.4048625936610355	1.2030973328318146	-1	0.31610342514293954	0.9302402907215259
BN373_09531_1-833	0.09323463515258656	0.27927970193949114	0.19420391433283446	0.10738341287671005	0.2130844976061017	0.05758305399145658	0.04776548912337808	0.4541949956018097	0.5256320455491319	0.2536514411113957	0.005760673097999325	0.3979433103334364	0.08761668257820265	0.5698133895412565	0.38312670489642386	0.40651291343129436	0.4993431129108885	0.08445555615976363	0.1648379626476283	0.534758798453685	0.5864460810033794	0.952927543062557	0.9034257091612861	-1	0.4858184298841761	0.855509519281811	0.14167126712440292	0.46341027908448107	0.008783656326769917	0.33878222713081674	0.825428241193142	0.0	0.41688671543014144	0.42056564753210646	0.3776690916386728	-1	1.1415316663360815	0.10481204952838397
SL1344_0491_1-833	0.510121350582728	0.6961664173696326	0.22268280109730698	0.3095033025534314	0.20380221782403973	0.474469769421598	0.4646522045535195	0.8710817110319511	0.10874533011899046	0.6705381565415371	0.4111260423321421	0.8148300257635779	0.3292700328519388	0.15292667411111505	0.8000134203265653	0.010373801998847076	0.08245639748074707	0.5013422715899051	0.25204875278251315	0.11787208302354357	0.16955936557323792	0.5360408276324156	0.4865389937311446	-1	0.06893171445403468	0.4386228038516695	0.2752154483057385	0.8802969945146225	0.42567037175691136	0.0781044882993247	0.4085415257630005	0.41688671543014144	0.0	0.0036789321019650156	0.7945558070688142	-1	0.72464495090594	0.5216987649585254
STM_MW35651_15-733	0.513800282684693	0.6998453494715976	0.226361733199272	0.3131822346553964	0.20748114992600475	0.47814870152356304	0.46833113665548454	0.8747606431339161	0.10506639801702544	0.6742170886435022	0.41480497443410713	0.8185089578655429	0.3329489649539038	0.14924774200915003	0.8036923524285303	0.014052734100812092	0.07877746537878205	0.5050212036918701	0.25572768488447817	0.11419315092157856	0.1658804334712729	0.5323618955304505	0.4828600616291796	-1	0.06525278235206966	0.4349438717497045	0.27889438040770353	0.8839759266165875	0.4293493038588764	0.08178342040128972	0.4048625936610355	0.42056564753210646	0.0036789321019650156	0.0	0.7982347391707793	-1	0.720966018803975	0.5253776970604904
ROD_05411_1-833	0.28443445648608623	0.09838938969918165	0.5718730059715073	0.48505250451538284	0.5907535892447745	0.3200860376472162	0.3299036025152947	0.07652590396313691	0.9033011371878047	0.12401765052727709	0.3834297647366721	0.02027421869476359	0.46528577421687545	0.9474824811799293	0.0054576132577510705	0.7841820050699672	0.8770122045495613	0.29321353547890916	0.5425070542863011	0.9124278900923578	0.9641151726420522	1.3305966347012297	1.2810948007999587	-1	0.8634875215228489	1.2331786109204836	0.5193403587630757	0.08574118744580828	0.3688854353119029	0.7164513187694895	1.2030973328318146	0.3776690916386728	0.7945558070688142	0.7982347391707793	0.0	-1	1.5192007579747542	0.2728570421102888
b3469_8-732	-1	-1	-1	-1	-1	-1	-1	-1	-1	-1	-1	-1	-1	-1	-1	-1	-1	-1	-1	-1	-1	-1	-1	-1	-1	-1	-1	-1	-1	-1	-1	-1	-1	-1	-1	-1	-1	-1
CS17_03889_8-733	1.234766301488668	1.4208113682755728	0.947327752003247	1.0341482534593713	0.9284471687299798	1.199114720327538	1.1892971554594596	1.5957266619378911	0.6158996207869496	1.3951831074474772	1.1357709932380822	1.539474976669518	1.053914983757879	0.571718276794825	1.5246583712325052	0.7350187529047871	0.642188553425193	1.2259872224958452	0.9766937036884532	0.6067728678823965	0.5550855853327021	0.1886041232735245	0.23810595717479544	-1	0.6557132364519054	0.28602214705427054	0.9998603992116786	1.6049419454205625	1.1503153226628515	0.8027494392052648	0.31610342514293954	1.1415316663360815	0.72464495090594	0.720966018803975	1.5192007579747542	-1	0.0	1.2463437158644655
STMMW_04231_1-753	0.011577414375797401	0.17446765241110718	0.2990159638612184	0.21219546240509402	0.3178965471344857	0.04722899553692739	0.057046560405005886	0.34938294607342574	0.6304440950775159	0.14883939158301174	0.11057272262638329	0.2931312608050524	0.19242873210658662	0.6746254390696405	0.2783146553680399	0.5113249629596783	0.6041551624392725	0.020356493368620332	0.26965001217601225	0.639570847982069	0.6912581305317633	1.057739592590941	1.00823775868967	-1	0.5906304794125601	0.9603215688101949	0.2464833166527869	0.3585982295560971	0.09602839320161405	0.4435942766592007	0.9302402907215259	0.10481204952838397	0.5216987649585254	0.5253776970604904	0.2728570421102888	-1	1.2463437158644655	0.0
