ENC_14380_1-105	0.0	0.10789434158810374	0.11785965411693455	-1	0.31716590469355055	0.9368654460000694	1.5034276278013605	1.2046044859498002	0.07098691107336497	0.5567732016084415	0.5176188069551599	0.23514373212623663	0.9615726355096652	0.06769104961419514	0.12764096964796012	1.1302035340708971	0.3630668846630495	0.09364344120336798	0.4402262864717298	0.03349066378893184	0.4326084189515751	0.5395048634011497	0.06888788688321212	0.31123154090833927	0.08593083002981872
BN373_46971_1-104	0.10789434158810374	0.0	0.009965312528830816	-1	0.2092715631054468	1.0447597875881731	1.6113219693894643	1.312498827537904	0.1788812526614687	0.6646675431965452	0.6255131485432637	0.1272493905381329	1.069466977097769	0.040203291973908595	0.019746628059856386	1.0223091924827934	0.25517254307494575	0.014250900384735754	0.33233194488362605	0.0744036777991719	0.5405027605396788	0.6473992049892534	0.03900645470489161	0.419125882496443	0.02196351155828502
BN373_02591_1-91	0.11785965411693455	0.009965312528830816	0.0	-1	0.199306250576616	1.054725100117004	1.621287281918295	1.3224641400667347	0.18884656519029952	0.674632855725376	0.6354784610720945	0.11728407800930207	1.0794322896265998	0.05016860450273941	0.00978131553102557	1.0123438799539626	0.24520723054611493	0.02421621291356657	0.32236663235479524	0.08436899032800271	0.5504680730685096	0.6573645175180842	0.04897176723372243	0.4290911950252738	0.03192882408711584
b1738_1-106	-1	-1	-1	-1	-1	-1	-1	-1	-1	-1	-1	-1	-1	-1	-1	-1	-1	-1	-1	-1	-1	-1	-1	-1	-1
BN373_37061_1-104	0.31716590469355055	0.2092715631054468	0.199306250576616	-1	0.0	1.2540313506936198	1.820593532494911	1.5217703906433506	0.3881528157669155	0.873939106301992	0.8347847116487105	0.08202217256731392	1.2787385402032156	0.2494748550793554	0.18952493504559043	0.8130376293773467	0.045900979969498934	0.22352246349018257	0.12306038177817924	0.2836752409046187	0.7497743236451256	0.8566707680947002	0.24827801781033842	0.6283974456018898	0.23123507466373183
ERS227112_05503_1-106	0.9368654460000694	1.0447597875881731	1.054725100117004	-1	1.2540313506936198	0.0	0.5665621818012911	0.2677390399497308	0.8658785349267044	0.3800922443916279	0.41924663904490944	1.172009178126306	0.02470718950959583	1.0045564956142645	1.0645064156480295	2.0670689800709665	1.2999323306631188	1.0305088872034374	1.3770917324717993	0.9703561097890012	0.5042570270484943	0.3973605825989197	1.0057533328832815	0.6256339050917301	1.022796276029888
BN373_49841_1-101	1.5034276278013605	1.6113219693894643	1.621287281918295	-1	1.820593532494911	0.5665621818012911	0.0	0.29882314185156034	1.4324407167279956	0.9466544261929191	0.9858088208462006	1.7385713599275971	0.5418549922916953	1.5711186774155557	1.6310685974493206	2.6336311618722577	1.86649451246441	1.5970710690047285	1.9436539142730904	1.5369182915902924	1.0708192088497854	0.9639227644002109	1.5723155146845726	1.1921960868930213	1.5893584578311792
ROD_13181_1-111	1.2046044859498002	1.312498827537904	1.3224641400667347	-1	1.5217703906433506	0.2677390399497308	0.29882314185156034	0.0	1.1336175748764352	0.6478312843413587	0.6869856789946402	1.4397482180760368	0.24303185044013498	1.2722955355639953	1.3322454555977603	2.3348080200206973	1.5676713706128496	1.2982479271531682	1.64483077242153	1.238095149738732	0.7719960669982251	0.6650996225486505	1.2734923728330123	0.8933729450414609	1.290535315979619
SEN1731_1-106	0.07098691107336497	0.1788812526614687	0.18884656519029952	-1	0.3881528157669155	0.8658785349267044	1.4324407167279956	1.1336175748764352	0.0	0.4857862905350765	0.44663189588179497	0.3061306431996016	0.8905857244363002	0.1386779606875601	0.1986278807213251	1.201190445144262	0.43405379573641445	0.16463035227673295	0.5112131975450948	0.10447757486229681	0.3616215078782101	0.4685179523277847	0.1398747979565771	0.2402446298349743	0.15691774110318368
BN373_18531_1-106	0.5567732016084415	0.6646675431965452	0.674632855725376	-1	0.873939106301992	0.3800922443916279	0.9466544261929191	0.6478312843413587	0.4857862905350765	0.0	0.03915439465328152	0.7919169337346781	0.40479943390122375	0.6244642512226366	0.6844141712564016	1.6869767356793386	0.9198400862714909	0.6504166428118094	0.9969994880801712	0.5902638653973733	0.12416478265686637	0.01726833820729179	0.6256610884916536	0.2455416607001022	0.6427040316382602
ENC_01360_1-91	0.5176188069551599	0.6255131485432637	0.6354784610720945	-1	0.8347847116487105	0.41924663904490944	0.9858088208462006	0.6869856789946402	0.44663189588179497	0.03915439465328152	0.0	0.7527625390813966	0.44395382855450527	0.5853098565693551	0.6452597766031201	1.647822341026057	0.8806856916182094	0.6112622481585279	0.9578450934268897	0.5511094707440918	0.08501038800358485	0.021886056445989732	0.5865066938383721	0.20638726604682067	0.6035496369849787
SL1344_1247_1-106	0.23514373212623663	0.1272493905381329	0.11728407800930207	-1	0.08202217256731392	1.172009178126306	1.7385713599275971	1.4397482180760368	0.3061306431996016	0.7919169337346781	0.7527625390813966	0.0	1.1967163676359018	0.16745268251204148	0.1075027624782765	0.8950598019446606	0.12792315253681286	0.14150029092286864	0.20508255434549316	0.20165306833730479	0.6677521510778117	0.7746485955273863	0.1662558452430245	0.5463752730345759	0.1492129020964179
t1191_1-106	0.9615726355096652	1.069466977097769	1.0794322896265998	-1	1.2787385402032156	0.02470718950959583	0.5418549922916953	0.24303185044013498	0.8905857244363002	0.40479943390122375	0.44395382855450527	1.1967163676359018	0.0	1.0292636851238604	1.0892136051576253	2.0917761695805623	1.3246395201727146	1.0552160767130332	1.401798921981395	0.995063299298597	0.5289642165580901	0.42206777210851554	1.0304605223928773	0.6503410946013259	1.047503465539484
ERS227112_00524_1-105	0.06769104961419514	0.040203291973908595	0.05016860450273941	-1	0.2494748550793554	1.0045564956142645	1.5711186774155557	1.2722955355639953	0.1386779606875601	0.6244642512226366	0.5853098565693551	0.16745268251204148	1.0292636851238604	0.0	0.05994992003376498	1.062512484456702	0.29537583504885434	0.02595239158917284	0.37253523685753465	0.0342003858252633	0.5002994685657702	0.6071959130153448	0.0011968372690169815	0.3789225905225344	0.018239780415623574
NCTC13441_02142_1-106	0.12764096964796012	0.019746628059856386	0.00978131553102557	-1	0.18952493504559043	1.0645064156480295	1.6310685974493206	1.3322454555977603	0.1986278807213251	0.6844141712564016	0.6452597766031201	0.1075027624782765	1.0892136051576253	0.05994992003376498	0.0	1.002562564422937	0.23542591501508936	0.03399752844459214	0.31258531682376967	0.09415030585902828	0.5602493885995352	0.6671458330491098	0.058753082764748	0.4388725105562994	0.041710139618141406
CS17_01702_1-104	1.1302035340708971	1.0223091924827934	1.0123438799539626	-1	0.8130376293773467	2.0670689800709665	2.6336311618722577	2.3348080200206973	1.201190445144262	1.6869767356793386	1.647822341026057	0.8950598019446606	2.0917761695805623	1.062512484456702	1.002562564422937	0.0	0.7671366494078478	1.0365600928675291	0.6899772475991675	1.0967128702819653	1.5628119530224722	1.6697083974720468	1.061315647187685	1.4414350749792364	1.0442727040410784
ERS227112_02124_1-103	0.3630668846630495	0.25517254307494575	0.24520723054611493	-1	0.045900979969498934	1.2999323306631188	1.86649451246441	1.5676713706128496	0.43405379573641445	0.9198400862714909	0.8806856916182094	0.12792315253681286	1.3246395201727146	0.29537583504885434	0.23542591501508936	0.7671366494078478	0.0	0.2694234434596815	0.0771594018086803	0.32957622087411764	0.7956753036146246	0.9025717480641992	0.29417899777983736	0.6742984255713887	0.27713605463323077
STMMW_13191_1-106	0.09364344120336798	0.014250900384735754	0.02421621291356657	-1	0.22352246349018257	1.0305088872034374	1.5970710690047285	1.2982479271531682	0.16463035227673295	0.6504166428118094	0.6112622481585279	0.14150029092286864	1.0552160767130332	0.02595239158917284	0.03399752844459214	1.0365600928675291	0.2694234434596815	0.0	0.3465828452683618	0.06015277741443614	0.5262518601549431	0.6331483046045177	0.02475555432015586	0.40487498211170725	0.007712611173549266
ERS227112_01587_1-105	0.4402262864717298	0.33233194488362605	0.32236663235479524	-1	0.12306038177817924	1.3770917324717993	1.9436539142730904	1.64483077242153	0.5112131975450948	0.9969994880801712	0.9578450934268897	0.20508255434549316	1.401798921981395	0.37253523685753465	0.31258531682376967	0.6899772475991675	0.0771594018086803	0.3465828452683618	0.0	0.40673562268279795	0.8728347054233049	0.9797311498728795	0.37133839958851766	0.751457827380069	0.35429545644191107
STM_MW13191_1-106	0.03349066378893184	0.0744036777991719	0.08436899032800271	-1	0.2836752409046187	0.9703561097890012	1.5369182915902924	1.238095149738732	0.10447757486229681	0.5902638653973733	0.5511094707440918	0.20165306833730479	0.995063299298597	0.0342003858252633	0.09415030585902828	1.0967128702819653	0.32957622087411764	0.06015277741443614	0.40673562268279795	0.0	0.46609908274050693	0.5729955271900815	0.03539722309428028	0.3447222046972711	0.052440166240886876
ENC_03450_1-104	0.4326084189515751	0.5405027605396788	0.5504680730685096	-1	0.7497743236451256	0.5042570270484943	1.0708192088497854	0.7719960669982251	0.3616215078782101	0.12416478265686637	0.08501038800358485	0.6677521510778117	0.5289642165580901	0.5002994685657702	0.5602493885995352	1.5628119530224722	0.7956753036146246	0.5262518601549431	0.8728347054233049	0.46609908274050693	0.0	0.10689644444957458	0.5014963058347872	0.12137687804323583	0.5185392489813938
ERS227112_01839_1-102	0.5395048634011497	0.6473992049892534	0.6573645175180842	-1	0.8566707680947002	0.3973605825989197	0.9639227644002109	0.6650996225486505	0.4685179523277847	0.01726833820729179	0.021886056445989732	0.7746485955273863	0.42206777210851554	0.6071959130153448	0.6671458330491098	1.6697083974720468	0.9025717480641992	0.6331483046045177	0.9797311498728795	0.5729955271900815	0.10689644444957458	0.0	0.6083927502843618	0.2282733224928104	0.6254356934309684
CS17_01925_1-106	0.06888788688321212	0.03900645470489161	0.04897176723372243	-1	0.24827801781033842	1.0057533328832815	1.5723155146845726	1.2734923728330123	0.1398747979565771	0.6256610884916536	0.5865066938383721	0.1662558452430245	1.0304605223928773	0.0011968372690169815	0.058753082764748	1.061315647187685	0.29417899777983736	0.02475555432015586	0.37133839958851766	0.03539722309428028	0.5014963058347872	0.6083927502843618	0.0	0.3801194277915514	0.017042943146606593
ROD_41181_1-104	0.31123154090833927	0.419125882496443	0.4290911950252738	-1	0.6283974456018898	0.6256339050917301	1.1921960868930213	0.8933729450414609	0.2402446298349743	0.2455416607001022	0.20638726604682067	0.5463752730345759	0.6503410946013259	0.3789225905225344	0.4388725105562994	1.4414350749792364	0.6742984255713887	0.40487498211170725	0.751457827380069	0.3447222046972711	0.12137687804323583	0.2282733224928104	0.3801194277915514	0.0	0.397162370938158
ETEC_1770_1-106	0.08593083002981872	0.02196351155828502	0.03192882408711584	-1	0.23123507466373183	1.022796276029888	1.5893584578311792	1.290535315979619	0.15691774110318368	0.6427040316382602	0.6035496369849787	0.1492129020964179	1.047503465539484	0.018239780415623574	0.041710139618141406	1.0442727040410784	0.27713605463323077	0.007712611173549266	0.35429545644191107	0.052440166240886876	0.5185392489813938	0.6254356934309684	0.017042943146606593	0.397162370938158	0.0
