ROD_37301_1-308	0.0	0.06591202232017257	0.16326513349313898	0.840210497044658	0.4769237986891466	0.08796131714183342	0.10405127519789725
SL1344_4130_1-308	0.06591202232017257	0.0	0.22917715581331155	0.7742984747244854	0.411011776368974	0.022049294821660848	0.16996329751806982
STM_MW41451_1-308	0.16326513349313898	0.22917715581331155	0.0	1.003475630537797	0.6401889321822856	0.2512264506349724	0.05921385829524173
BN373_00181_1-308	0.840210497044658	0.7742984747244854	1.003475630537797	0.0	0.3632866983555114	0.7522491799028246	0.9442617722425553
ENC_04540_1-308	0.4769237986891466	0.411011776368974	0.6401889321822856	0.3632866983555114	0.0	0.38896248154731317	0.5809750738870438
ERS227112_01881_1-308	0.08796131714183342	0.022049294821660848	0.2512264506349724	0.7522491799028246	0.38896248154731317	0.0	0.19201259233973067
STMMW_41441_1-308	0.10405127519789725	0.16996329751806982	0.05921385829524173	0.9442617722425553	0.5809750738870438	0.19201259233973067	0.0
