CS17_04469_1-458	0.0	0.539957933189129	0.010975814653580107	0.03727003392128991	0.61295740552374	0.2992247480824599	0.42552097447940995	0.13785727825237992	0.07054642301760006	-1	0.05847597524496995	0.40826664443474003	0.3105950190220399
NCTC13441_04418_13-607	0.539957933189129	0.0	0.5509337478427091	0.5026878992678391	0.07299947233461102	0.24073318510666908	0.11443695870971904	0.40210065493674907	0.610504356206729	-1	0.48148195794415904	0.13169128875438896	0.2293629141670891
ERS227112_01856_4-464	0.010975814653580107	0.5509337478427091	0.0	0.04824584857487002	0.6239332201773201	0.31020056273604	0.43649678913299006	0.14883309290596003	0.05957060836401995	-1	0.06945178989855005	0.41924245908832014	0.32157083367562
SL1344_4112_3-465	0.03727003392128991	0.5026878992678391	0.04824584857487002	0.0	0.5756873716024501	0.26195471416117	0.38825094055812004	0.10058724433109001	0.10781645693888997	-1	0.021205941323680033	0.3709966105134501	0.27332498510075
t3458_3-465	0.61295740552374	0.07299947233461102	0.6239332201773201	0.5756873716024501	0.0	0.3137326574412801	0.18743643104433005	0.4751001272713601	0.6835038285413401	-1	0.5544814302787701	0.20469076108899997	0.3023623865017001
SEN3959_4-465	0.2992247480824599	0.24073318510666908	0.31020056273604	0.26195471416117	0.3137326574412801	0.0	0.12629622639695004	0.16136746983008	0.36977117110005997	-1	0.24074877283748997	0.10904189635228012	0.011370270939579985
ROD_37491_1-467	0.42552097447940995	0.11443695870971904	0.43649678913299006	0.38825094055812004	0.18743643104433005	0.12629622639695004	0.0	0.28766369622703003	0.49606739749701	-1	0.36704499923444	0.01725433004466992	0.11492595545737005
ETEC_4262A_1-458	0.13785727825237992	0.40210065493674907	0.14883309290596003	0.10058724433109001	0.4751001272713601	0.16136746983008	0.28766369622703003	0.0	0.20840370126997998	-1	0.07938130300740998	0.2704093661823601	0.17273774076965998
NCTC13441_04491_1-458	0.07054642301760006	0.610504356206729	0.05957060836401995	0.10781645693888997	0.6835038285413401	0.36977117110005997	0.49606739749701	0.20840370126997998	0.0	-1	0.12902239826257	0.4788130674523401	0.38114144203963995
b4003_1-465	-1	-1	-1	-1	-1	-1	-1	-1	-1	-1	-1	-1	-1
STMMW_41261_3-465	0.05847597524496995	0.48148195794415904	0.06945178989855005	0.021205941323680033	0.5544814302787701	0.24074877283748997	0.36704499923444	0.07938130300740998	0.12902239826257	-1	0.0	0.3497906691897701	0.25211904377706995
STM_MW41261_3-466	0.40826664443474003	0.13169128875438896	0.41924245908832014	0.3709966105134501	0.20469076108899997	0.10904189635228012	0.01725433004466992	0.2704093661823601	0.4788130674523401	-1	0.3497906691897701	0.0	0.09767162541270014
BN373_50001_4-463	0.3105950190220399	0.2293629141670891	0.32157083367562	0.27332498510075	0.3023623865017001	0.011370270939579985	0.11492595545737005	0.17273774076965998	0.38114144203963995	-1	0.25211904377706995	0.09767162541270014	0.0
