ETEC_4088_1-274	0.0	0.5825808731437979	1.0	0.2168295086255728	0.25710945749447117	0.8593750172789864	0.6615212774962312	0.6081336958481725	0.8912824369505145	0.3321917345313679	0.2079324748914637	-1	0.7222150383333391	0.5362761016084869
STMMW_39181_2-275	0.5825808731437979	0.0	1.0	0.6730896573109438	0.43811489987692837	0.941300442498426	0.18911544601938587	0.06121622383915634	0.9546192097579497	0.37494165849642536	0.6693758652580418	-1	0.8840472438473189	0.8064327752310605
NCTC13441_04710_1-274	1.0	1.0	0	1.0	1.0	1.0	1.0	1.0	1.0	1.0	1.0	-1	1.0	1.0
ROD_39421_1-274	0.2168295086255728	0.6730896573109438	1.0	0.0	0.41819004878853017	0.8204414182227124	0.734913452576935	0.6931018740243324	0.8611827638466161	0.4769922725890275	0.01123267076615717	-1	0.645307165264665	0.40788895457782187
CS17_04263_1-274	0.25710945749447117	0.43811489987692837	1.0	0.41819004878853017	0.0	0.8955310302965556	0.5443760511983503	0.4725113839379491	0.9192347506062886	0.10106775189743106	0.4115805265711079	-1	0.7936361791275768	0.6555039015511501
BN373_49331_2-275	0.8593750172789864	0.941300442498426	1.0	0.8204414182227124	0.8955310302965556	0.0	0.9524014354964768	0.9448938077497018	0.22689723443258497	0.9060894742075235	0.8224583406550547	-1	0.49376315450163866	0.6967484677654318
Ecoli9000q_34230_2-275	0.6615212774962312	0.18911544601938587	1.0	0.734913452576935	0.5443760511983503	0.9524014354964768	0.0	0.13623927620828027	0.9632014181452873	0.4931498455380115	0.7319019959645409	-1	0.9059757010443102	0.8430393272779731
t3350_1-274	0.6081336958481725	0.06121622383915634	1.0	0.6931018740243324	0.4725113839379491	0.9448938077497018	0.13623927620828027	0.0	0.9573972503714049	0.41320536984244	0.6896154262970329	-1	0.8911454337227285	0.8182822297904402
ERS227112_01780_1-274	0.8912824369505145	0.9546192097579497	1.0	0.8611827638466161	0.9192347506062886	0.22689723443258497	0.9632014181452873	0.9573972503714049	0.0	0.9273975127939464	0.862742052156995	-1	0.6086268947130927	0.7655554017668992
SL1344_3901_2-275	0.3321917345313679	0.37494165849642536	1.0	0.4769922725890275	0.10106775189743106	0.9060894742075235	0.4931498455380115	0.41320536984244	0.9273975127939464	0.0	0.47105075992323614	-1	0.8144929065761167	0.6903213477588115
SEN3744_2-275	0.2079324748914637	0.6693758652580418	1.0	0.01123267076615717	0.4115805265711079	0.8224583406550547	0.7319019959645409	0.6896154262970329	0.862742052156995	0.47105075992323614	0.0	-1	0.6492913131003619	0.41453994300805436
b3809_1-274	-1	-1	-1	-1	-1	-1	-1	-1	-1	-1	-1	-1	-1	-1
ENC_01980_5-278	0.7222150383333391	0.8840472438473189	1.0	0.645307165264665	0.7936361791275768	0.49376315450163866	0.9059757010443102	0.8911454337227285	0.6086268947130927	0.8144929065761167	0.6492913131003619	-1	0.0	0.4009690623446531
STM_MW39181_2-275	0.5362761016084869	0.8064327752310605	1.0	0.40788895457782187	0.6555039015511501	0.6967484677654318	0.8430393272779731	0.8182822297904402	0.7655554017668992	0.6903213477588115	0.41453994300805436	-1	0.4009690623446531	0.0
