ROD_02671_1-181	0.0	3.020260173126298	0.8947560026602042	2.573868965272913	1.2257301385142023	1.8693504674016062	1.9609922634810695	2.7192132605987984	0.31615307977623264	0.1288180253558946	0.6693185213809798
STM_MW00151_1-178	3.020260173126298	0.0	2.125504170466094	0.44639120785338493	1.7945300346120958	1.150909705724692	1.0592679096452287	0.3010469125274997	3.3364132529025308	3.1490781984821927	2.3509416517453183
SL1344_0016_1-177	0.8947560026602042	2.125504170466094	0.0	1.679112962612709	0.33097413585399815	0.974594464741402	1.0662362608208653	1.8244572579385943	1.2109090824364368	1.0235740280160988	0.22543748127922436
t0016_1-177	2.573868965272913	0.44639120785338493	1.679112962612709	0.0	1.3481388267587109	0.704518497871307	0.6128767017918437	0.14534429532588522	2.890022045049146	2.702686990628808	1.9045504438919334
STMMW_00151_1-177	1.2257301385142023	1.7945300346120958	0.33097413585399815	1.3481388267587109	0.0	0.6436203288874038	0.7352621249668672	1.493483122084596	1.541883218290435	1.354548163870097	0.5564116171332225
SEN0015_1-177	1.8693504674016062	1.150909705724692	0.974594464741402	0.704518497871307	0.6436203288874038	0.0	0.09164179607946332	0.8498627931971923	2.185503547177839	1.9981684927575007	1.2000319460206263
ROD_00131_1-177	1.9609922634810695	1.0592679096452287	1.0662362608208653	0.6128767017918437	0.7352621249668672	0.09164179607946332	0.0	0.758220997117729	2.277145343257302	2.089810288836964	1.2916737421000897
t1109_1-180	2.7192132605987984	0.3010469125274997	1.8244572579385943	0.14534429532588522	1.493483122084596	0.8498627931971923	0.758220997117729	0.0	3.035366340375031	2.848031285954693	2.0498947392178186
SEN1395_1-181	0.31615307977623264	3.3364132529025308	1.2109090824364368	2.890022045049146	1.541883218290435	2.185503547177839	2.277145343257302	3.035366340375031	0.0	0.18733505442033804	0.9854716011572124
ERS227112_05412_1-180	0.1288180253558946	3.1490781984821927	1.0235740280160988	2.702686990628808	1.354548163870097	1.9981684927575007	2.089810288836964	2.848031285954693	0.18733505442033804	0.0	0.7981365467368744
ROD_36701_1-181	0.6693185213809798	2.3509416517453183	0.22543748127922436	1.9045504438919334	0.5564116171332225	1.2000319460206263	1.2916737421000897	2.0498947392178186	0.9854716011572124	0.7981365467368744	0.0
