ERS227112_03302_1-303	0.0	0.7330788518113845	0.39773998402959515	-1	0.1439350876742258	0.33580521975567384	0.6937883544858496	0.37817917916109256	0.43878008103600724	0.43251896900988274	0.8137695185780268	0.36527560601936854	-1	0.48800860153820963	0.17671680981824966	0.3103431575965697	0.2314849246413994	0.7223986935360013	0.7131607427240988	0.6065394147278144	0.6796056484575985	0.2962312360268285	0.05545246099606569	0.4935984626407349	0.529777836013803	0.5286100038575287	0.17855408501405215	0.6476497362084868	0.0531540122544329	0.14914815438768445	0.02636681072456907	0.01682870627333767	0.3428602428056257	0.19033918382786633	0.6119879906675976	0.1696351238520802	0.21440609034280048	0.4716885021888394	0.48133088548423764	0.584631098507172	0.37045930966077784	0.5973952145002547	0.3778281965036755	0.6787976094906788	0.5160192173864179	0.6541968198963427	0.4832349168670944	-1	0.05610561056105617	0.5367517019412614	0.5412131069439067	0.36226726893405686	0.038635727171336905	0.2866439652478586	0.37606137915118776	0.32105714806786917	0.5216372741953199	0.6120223225361217	0.26975146494241264	0.631023102310231	0.6550733468909983	0.4293819009834487	0.6600501686945969	0.4150309213880726	0.4676663481275564	-1	0.14289624965781547	0.2338931283928994	-1	0.6542876832534857	0.3122492876775907	0.007685772065015367	0.2659409711102507	0.12839554572281583	0.05205267589699021	0.461582165432492	0.3201877053355805	0.46012101210121015	0.5118801065887227	-1	0.06534101485297698	0.08227180870364223	0.17972124317086216	0.21257796257796255	-1	0.24399768056158924	0.19815688356090463	0.6669723065091963	0.5415319945999256	0.41521410038562834	0.35567072647689346	0.47763818311475253	0.2909090909090909	0.4296880970452431	0.41284019355004553	0.09820092123476046	0.675447277330644	0.230105741480699	0.026479256745410733
BN373_45351_1-300	0.7330788518113845	0.0	0.5568008150789607	-1	0.6881998732275585	0.5981282055688126	0.1283115711016261	0.5707426653412662	0.5243911715012722	0.5296386423297663	0.3023015123163772	0.5794692141661085	-1	0.4786608740097112	0.7802483055923009	0.612965272325285	0.6526793595245142	0.9259023405399698	0.0694399688398549	0.3216063865610161	0.1668980838655929	0.6207260653603108	0.7478802863703388	0.47290612587684727	0.4323509850623486	0.43375729147221415	0.6750593760111625	0.2424550919406901	0.718094440232933	0.6862895114289543	0.7258504012304102	0.7375707894123927	0.5938137279530581	0.6703296703296703	0.3120801888377911	0.6785495679599691	0.7903083716243169	0.49476558944014565	0.48537296569544675	0.3573877408026795	0.8319622761032012	0.3370144672838611	0.5709848201274323	0.16899389271242196	0.44848812643511604	0.2281125115488997	0.4834768119966676	-1	0.7172129094365367	0.42380544233587086	0.87754007573158	0.8297756471864168	0.7223517081581968	0.6258233824553564	0.5721996695356134	0.8187757944078226	0.44201098081040313	0.31201931530334875	0.6344790364179695	0.2765911636748615	0.22615099244225506	0.5322245322245323	0.21482194250945313	0.5437004143501184	0.4985829897288281	-1	0.7712208828418956	0.651587581209549	-1	0.2279096368315699	0.6118925892678886	0.7310114672606469	0.8040641211705281	0.7673503382980223	0.746972811828099	0.5042490589060376	0.6073605165961619	0.5055907820612298	0.45316478227672924	-1	0.7505197505197505	0.7091501048784716	0.7810502523924364	0.7898204056622908	-1	0.6469307813937722	0.6671154958915336	0.19850164594198744	0.4177976542644644	0.8439082762304194	0.5857379772160184	0.48901098901098894	0.6235727397340038	0.5319733871839065	0.5454028949930072	0.7040126182496339	0.17757230322006481	0.6533015472774514	0.7258187357197258
BN373_27911_1-302	0.39773998402959515	0.5568008150789607	0.0	-1	0.2964785645352841	0.09324789371445887	0.49156238602232294	0.031457301224029205	0.06814348606603966	0.057747458004910365	0.6907805989379766	0.051147203917323	-1	0.14988313206077142	0.5041694527329732	0.12672509146498206	0.21633285373174843	0.8328118327355869	0.5237285397176417	0.3466931643499302	0.4680132450331126	0.1442359382784944	0.4311367840746839	0.15916460676321947	0.21923728702371006	0.2172982040274852	0.2668293736895539	0.4149532520039853	0.36393032893936506	0.2921681734885485	0.38143027312102895	0.4078752409385367	0.08351304364580797	0.25615763546798026	0.3557400474158833	0.2747043700062293	0.5268681994236022	0.12278503669232145	0.13879536950490526	0.3103163243809974	0.6208528137822804	0.33151002088186216	0.03200368035649385	0.466671567110799	0.19639230601460844	0.4258241109589947	0.14195684682760096	-1	0.36194131175163397	0.23081678050248877	0.7236909984610248	0.6159190752033752	0.37353609553395456	0.1557371261607639	0.03474477160736676	0.5910998671523627	0.2057205972176195	0.35579705247617904	0.1752670672281312	0.387346182868795	0.42727950725197833	0.052538631346578414	0.43554308389931656	0.028710086839514076	0.11610660220451606	-1	0.48380068163062206	0.213869450476258	-1	0.4259749816041207	0.12430477325616707	0.3930752991179884	0.5579055975376397	0.47506748744714705	0.42908922944661876	0.10600434979903103	0.1140789587106502	0.10357823268593079	0.18951967511111764	-1	0.4370922646784715	0.34374902974303445	0.5059789028118996	0.525767191166755	-1	0.20336221135169524	0.24890542348859834	0.4470366873779501	0.23875403772014053	0.6478068347589809	0.06529155089085527	0.13266396069215988	0.15065895183660857	0.05304704308515458	0.02507257516692324	0.33215720646440366	0.46110863404004465	0.21773670954670926	0.38135882553772615
b3478_1-277	-1	-1	-1	-1	-1	-1	-1	-1	-1	-1	-1	-1	-1	-1	-1	-1	-1	-1	-1	-1	-1	-1	-1	-1	-1	-1	-1	-1	-1	-1	-1	-1	-1	-1	-1	-1	-1	-1	-1	-1	-1	-1	-1	-1	-1	-1	-1	-1	-1	-1	-1	-1	-1	-1	-1	-1	-1	-1	-1	-1	-1	-1	-1	-1	-1	-1	-1	-1	-1	-1	-1	-1	-1	-1	-1	-1	-1	-1	-1	-1	-1	-1	-1	-1	-1	-1	-1	-1	-1	-1	-1	-1	-1	-1	-1	-1	-1	-1	-1
ROD_08371_1-303	0.1439350876742258	0.6881998732275585	0.2964785645352841	-1	0.0	0.2241303542743873	0.6423032399701696	0.2736288897187337	0.34441896767003416	0.337105139085337	0.7824575230913057	0.25855576505734873	-1	0.40192456075462557	0.29521614797777623	0.1943872100425693	0.10227009156270224	0.7623552619203765	0.6649328185912788	0.5403846371845517	0.6257359144974793	0.17790257042405988	0.19140599383507118	0.4084542771605213	0.4507166954095945	0.44935250895660517	0.040439687272981174	0.5884070720358798	0.09587734076577958	0.00608956942213142	0.12075212538425276	0.15834155263466682	0.2323715786819905	0.054206282123593845	0.5467493133455924	0.03002113018279426	0.3274806186056473	0.38286046980265387	0.3941240821252307	0.5147927505119378	0.4610723041192464	0.5297029702970297	0.2732188943406222	0.6247920153196419	0.4346447615769072	0.5960549543326426	0.3963482491894827	-1	0.09305011036814825	0.45886311728373924	0.6072486386197211	0.4540593854927568	0.10953117718121778	0.1667033370003666	0.2711550118860924	0.41878084698650936	0.4412074143944824	0.5467894176274405	0.1469706040472637	0.5689849071289171	0.5970788568218524	0.33344061787758045	0.6028924601268605	0.31667672604093566	0.378162047985136	-1	0.26626355310922556	0.10508320037819775	-1	0.5961610950654711	0.1966138286711057	0.1373046075261327	0.3715978217915538	0.2538500092664481	0.18849555710230467	0.37105489687140225	0.20588697787239996	0.36934807147738846	0.42980971841826415	-1	0.19987123782561664	0.0671912223634317	0.2977881379523691	0.32591562257092105	-1	0.1168866886688667	0.06333841640509244	0.6109784565448111	0.4644471478751543	0.49938531011727394	0.24733596220807608	0.3898105045958671	0.17168558262195702	0.3337982964337107	0.3141176586075149	0.050714363671878475	0.6208783726603108	0.10065901845265807	0.12065056830340053
STM_MW17391_1-303	0.33580521975567384	0.5981282055688126	0.09324789371445887	-1	0.2241303542743873	0.0	0.5389731226109464	0.06379748932960792	0.15503714323447973	0.14561052289304716	0.7196146567826568	0.044370096152899434	-1	0.22915473940723727	0.45317960241838456	0.03691990072971613	0.13574267891309363	0.8156186612576065	0.5681398502252811	0.40761265072355735	0.5176198894177647	0.056231514887685435	0.3726364549009628	0.23757073614311802	0.2920417654995357	0.2902834979084463	0.1914321221553725	0.46950762897910747	0.29851867268744653	0.2193766944627847	0.31781826301688226	0.34698275862068967	0.010621918840368848	0.1796629317144594	0.41581593099892933	0.20011696144285418	0.47821262581395535	0.20458348435556878	0.21910088735571168	0.37462787446171547	0.581862359525279	0.3938453034038511	0.06326905600273361	0.5164033201357501	0.27132703085147963	0.4793648032336953	0.22196756357703995	-1	0.2963251104404516	0.30254149560113797	0.695276140387631	0.576421248835042	0.30911226990988805	0.06891545331202886	0.060608966816489494	0.5490497016624823	0.2797854785478548	0.4158676204574214	0.09045379982590751	0.4444748608924031	0.4806844868878384	0.1408874083493284	0.4881775024182643	0.11928082542782904	0.19852779981706126	-1	0.43071616289488496	0.13302594603934093	-1	0.47950160550893994	0.03425068365038705	0.33066083147218217	0.5124418246202095	0.42108487103138986	0.3703783353842044	0.18936756117015954	0.022973274450416904	0.1871676743677605	0.2650952583040162	-1	0.37920438075688817	0.2762619841653739	0.45517513136878174	0.4769983928949303	-1	0.12143817133032475	0.17166492219332335	0.4985993515813261	0.30973862030137383	0.6115882579156519	0.02990915814471168	0.2135412195002571	0.06331505350159138	0.14134841176414262	0.11598250405706906	0.26347808964968755	0.5113591188567181	0.1372909034005025	0.3177394679605405
STMMW_36191_1-300	0.6937883544858496	0.1283115711016261	0.49156238602232294	-1	0.6423032399701696	0.5389731226109464	0.0	0.5075564611988455	0.4543820788125011	0.46040197153394713	0.3918243014262914	0.5175675483436764	-1	0.40192033218893475	0.747901099610307	0.5559941891578813	0.601554145998675	0.9149952471507811	0.06326470113741613	0.22174759816838793	0.044266404697756306	0.5648973623304722	0.7107685438152642	0.3953184915058633	0.3487936788893283	0.35040699204485887	0.6272284761201977	0.13094532066155423	0.6765982541223649	0.6401116750310566	0.6854958839868326	0.6989415003256827	0.5340235586696112	0.6218025630018265	0.21081915469316126	0.6312324204575311	0.7594419962179743	0.42039564389037304	0.409620436335342	0.26279592811683444	0.8072273092931127	0.2394237313049921	0.5078342609012829	0.04667071428515981	0.3673061895958904	0.11449152832440421	0.4074451709126089	-1	0.6755869629692743	0.33899024174002773	0.8595141105369691	0.8047188110220644	0.6814821871701444	0.5707449988552422	0.5092279347965718	0.7920997920997922	0.35987561531042167	0.21074932064188304	0.5806747554926591	0.1701061843400041	0.11224127577817786	0.46336850155664555	0.09924460224527412	0.4765336208184548	0.42477496127273956	-1	0.7375448502313701	0.6003016591251885	-1	0.11425879067342244	0.5547636083427246	0.6914166532194347	0.7752225768591506	0.7331045658183204	0.7097274900256818	0.4312750695561203	0.5495644195942239	0.4328142928734332	0.37267124399671964	-1	0.7137965341635444	0.6663373225120129	0.7488210920910481	0.7588822022068931	-1	0.594959383535203	0.6181152656469692	0.08052197610224841	0.3320981139197709	0.8209317474056105	0.5247590663701714	0.4137939726528309	0.5681630640185059	0.46308038824425124	0.4784867047260161	0.660443603542575	0.05651185731660295	0.6022679190996023	0.6854595573480536
STMMW_17391_1-302	0.37817917916109256	0.5707426653412662	0.031457301224029205	-1	0.2736288897187337	0.06379748932960792	0.5075564611988455	0.0	0.09745717712243401	0.08738818004755712	0.7005078067814987	0.02032941110203772	-1	0.17662551445116398	0.48806537089830965	0.09836199308646981	0.19088012613317107	0.8273817277486032	0.538710754508152	0.3672444342706918	0.48474811263129974	0.11644157474625856	0.4126606739752036	0.18561501900809393	0.24379797487029548	0.24191989019198124	0.24301672271442887	0.4333572437858346	0.3432714201815884	0.26917850146823846	0.3613397451029161	0.38864361910963624	0.05374646103632395	0.23199837707508802	0.37600672681090064	0.25114749106013806	0.5115013502509137	0.15037985203131682	0.16588654298191824	0.33201191151424	0.6085384911817724	0.3525389115202264	0.0005641249819498383	0.483448640275534	0.22167163531025438	0.4438861348561324	0.16894856876016093	-1	0.34121780169863997	0.2550132087346906	0.714716757569728	0.603444509692737	0.35318917249826903	0.12831630974431754	0.0033942441437968766	0.5778191985088537	0.23070648364698687	0.37606193864584336	0.1484805638262996	0.40661861854034265	0.4452957483095273	0.08234320901844008	0.4532993751370823	0.05926424621366465	0.14391150306889927	-1	0.46703504241811683	0.18833671399594298	-1	0.4440322595179288	0.09586306535527762	0.37336298993422423	0.5435468121115649	0.4580182027945134	0.4105466168142206	0.13412704026037475	0.0853051265484082	0.13177724224410609	0.21501519882729625	-1	0.41880958265141793	0.32243465250801506	0.48993359011178694	0.5103645823435837	-1	0.1774882102202792	0.22451062048103476	0.46443142086893896	0.26270078126115404	0.6363679518867724	0.0349331523634273	0.15994801174312306	0.12307320138102798	0.08283562749581001	0.055741160841464424	0.310466338366284	0.47806070206607554	0.19232957778536464	0.36126597697334056
t3887_1-300	0.43878008103600724	0.5243911715012722	0.06814348606603966	-1	0.34441896767003416	0.15503714323447973	0.4543820788125011	0.09745717712243401	0.0	0.011033165311623508	0.6681684396274581	0.11580534120590567	-1	0.08771698729631304	0.5379570747217807	0.1862330880265601	0.2697346649938921	0.8442046172819762	0.48890043353164647	0.2989190654556406	0.4291108695253605	0.20255068469423132	0.46990110670257323	0.09767718456237608	0.16214277487829878	0.16006189336142362	0.31679017604756937	0.37217078032093215	0.4072743337063159	0.340402301695531	0.42358177068548003	0.4482246862069987	0.14596565978583695	0.30684564727079794	0.3086275161995866	0.32412854266246927	0.5591090496835802	0.05863730071017584	0.07581841451169233	0.2598821113484433	0.6466892247832857	0.2826256305318771	0.09796632407609877	0.42767107927627	0.1376272183870334	0.383836588084744	0.0792110798796137	-1	0.40542085508360204	0.17456903718975086	0.7425196570573173	0.6420916883504856	0.41622552987881334	0.2132681415403025	0.10052062781351209	0.6189637476574674	0.14763765568454223	0.30868868984536074	0.23146724434067506	0.3425449004538234	0.3853984125407855	0.01647017518153761	0.39426627634146055	0.04059900004336812	0.051470495104437824	-1	0.5189763026892249	0.2674391266238172	-1	0.3839984913851664	0.1839776987378829	0.434433264015677	0.5880314512917078	0.5108382188019036	0.4679930795847751	0.0406294994635564	0.17444870684336236	0.03802596868728048	0.13025201544460072	-1	0.47545076009682	0.388468258590565	0.5396432225644665	0.558083067967542	-1	0.2576478874021316	0.300087626297381	0.40660036781023373	0.18308671893470485	0.6718065048071367	0.1289858430685338	0.06923863670141467	0.20853601171744615	0.015942125604706914	0.04417858170980353	0.3776663425600016	0.42170134789856073	0.2710428571796874	0.42351519178957453
ROD_17081_1-296	0.43251896900988274	0.5296386423297663	0.057747458004910365	-1	0.337105139085337	0.14561052289304716	0.46040197153394713	0.08738818004755712	0.011033165311623508	0.0	0.6718295920886623	0.10594104091194917	-1	0.09778235658645874	0.5328024064388276	0.17715449757234994	0.26158763935070223	0.8424665244036065	0.4945394795391909	0.306654207303296	0.4354095836764962	0.19365413749486857	0.4639871887468694	0.10763266134954894	0.17138699215060466	0.1693290693434991	0.3091681136428502	0.37909772388911894	0.40066173555713624	0.33304366216455755	0.4171511024470812	0.44206894059610624	0.1364378356699198	0.29911264117606634	0.3162555431052643	0.3165883489404396	0.5541903582081754	0.06902351098963659	0.08601506272234315	0.26804795436402573	0.642747599996068	0.29054054054054057	0.087903007174015	0.43398567887123796	0.14714191984681385	0.390634820867379	0.08937029625241322	-1	0.3987875790559247	0.1836761534557689	0.7396471409237755	0.6380987722785554	0.40971279354869966	0.20449116101290013	0.09048580737299051	0.6147128104021838	0.15704191033477763	0.31631604181209194	0.22289329762864127	0.3497987112520863	0.3921794134560092	0.005497666533607577	0.40094943664941046	0.029895678696910805	0.06193577793490296	-1	0.513609880090321	0.2592664913712574	-1	0.3907949378619233	0.174873946587657	0.4281236577943151	0.5834354254780408	0.505381005671205	0.4620578751937012	0.05121439279106997	0.16523864683817338	0.048639587200242605	0.13984808873765178	-1	0.4695987554845907	0.38164585508863025	0.5345073653753092	0.5531529303794035	-1	0.2493660185967879	0.29227922600340644	0.41314744404804	0.192099858209959	0.6681450947783532	0.1192685878026205	0.07950788068836002	0.19970623834727058	0.0049637259015164244	0.03351519508601534	0.37072343013798253	0.428081812526685	0.26291042606094367	0.4170837807800947
ENC_01500_1-285	0.8137695185780268	0.3023015123163772	0.6907805989379766	-1	0.7824575230913057	0.7196146567826568	0.3918243014262914	0.7005078067814987	0.6681684396274581	0.6718295920886623	0.0	0.7065963066992884	-1	0.6362624802262737	0.8466795751458347	0.7299664558203086	0.7576749143989463	0.9483021750538408	0.3507496735607418	0.5266858018493927	0.4187460530266958	0.7353811493840716	0.8240964570853573	0.6322474011569745	0.6039521407429025	0.6049333185982854	0.7732894180560154	0.4714620632945904	0.8033149172809122	0.781124666553491	0.8087262395393852	0.8169035366490195	0.716604452275	0.7699895095548496	0.5200393881045234	0.7757245197004233	0.8536984680023696	0.6474987158266631	0.6409454964446053	0.5516503985910732	0.8827603341634053	0.5374359964678288	0.7006767578095922	0.4202082956896024	0.6152109998742191	0.4614552666457574	0.6396225528765513	-1	0.80269987457742	0.5979899285062031	0.9145598960360725	0.8812347264750396	0.8062852066740328	0.7389375398125289	0.7015243564044434	0.8735601458266719	0.6106919051673503	0.5199969167316031	0.7449765764921568	0.49527874891898144	0.46008671773148896	0.6736337635575569	0.45218245672648083	0.6816404691614139	0.6501621102349598	-1	0.8403811559451962	0.7569131823197093	-1	0.4613137212622872	0.7292180464733993	0.8123271075035167	0.8632958336577159	0.8376806828704237	0.8234633134696253	0.6541153181310095	0.7260560262242631	0.6550514363472772	0.6184738955823293	-1	0.825938007230697	0.7970744680307694	0.847239092215492	0.853358014888623	-1	0.7536641401307965	0.7677469849102103	0.44079581049281175	0.5937983038544591	0.8910950403860338	0.7109700131988576	0.6434837398100168	0.737367269789525	0.673458540042523	0.6828282873312681	0.7934900513793344	0.4261934397275141	0.7581090138532258	0.808704146560469
ETEC_2316_2-339	0.36527560601936854	0.5794692141661085	0.051147203917323	-1	0.25855576505734873	0.044370096152899434	0.5175675483436764	0.02032941110203772	0.11580534120590567	0.10594104091194917	0.7065963066992884	0.0	-1	0.19336423285881507	0.47744207603744754	0.07965185733728257	0.17408985935056695	0.8237996789864068	0.5480884932167046	0.38010798229350534	0.4952228800707189	0.09810661331819508	0.40047263571983094	0.20217098608200357	0.2591711167153507	0.25733121239254636	0.2273083566414845	0.4448767573249041	0.32964346662976807	0.2540130255886652	0.34808673228057513	0.3759571964101908	0.034110496235145005	0.21606136631207648	0.38869214258646795	0.2356078487747081	0.5013643817779591	0.1676521292999463	0.18284357835538068	0.3455917159763313	0.6004151668382889	0.3657014141605045	0.01977644250535925	0.49394982522268926	0.23749459260840897	0.45519160224018523	0.18584335495277246	-1	0.3275472329505897	0.270158351479911	0.7087967673387144	0.5952154787525562	0.33976702492484473	0.11022776417505292	0.016992844822265266	0.5690584097598966	0.24634576779905945	0.38874623199732045	0.1308104521831363	0.41868171258433107	0.4565725590821911	0.10099863117288091	0.46441347688966145	0.0783888500907724	0.16131527806273718	-1	0.4559753414855305	0.1714936681756444	-1	0.4553347562736598	0.07710107367641628	0.3603594747386632	0.534074827741943	0.44677139096809526	0.39831470918315587	0.15172972762105977	0.0663240442070044	0.14942769961467056	0.23097347755918748	-1	0.4067491420740038	0.3083743095174649	0.4793490631764397	0.5002040244903032	-1	0.1604200441446654	0.20841822924242503	0.47531921468742855	0.2776896401841073	0.6288221242588495	0.014906787472121033	0.17702577395948127	0.10487585464269923	0.10148103907259015	0.07493738696945121	0.29615763763064806	0.48867142062408325	0.17556938896860322	0.34801143336845963
b0832_1-303	-1	-1	-1	-1	-1	-1	-1	-1	-1	-1	-1	-1	-1	-1	-1	-1	-1	-1	-1	-1	-1	-1	-1	-1	-1	-1	-1	-1	-1	-1	-1	-1	-1	-1	-1	-1	-1	-1	-1	-1	-1	-1	-1	-1	-1	-1	-1	-1	-1	-1	-1	-1	-1	-1	-1	-1	-1	-1	-1	-1	-1	-1	-1	-1	-1	-1	-1	-1	-1	-1	-1	-1	-1	-1	-1	-1	-1	-1	-1	-1	-1	-1	-1	-1	-1	-1	-1	-1	-1	-1	-1	-1	-1	-1	-1	-1	-1	-1	-1
BN373_31391_1-301	0.48800860153820963	0.4786608740097112	0.14988313206077142	-1	0.40192456075462557	0.22915473940723727	0.40192033218893475	0.17662551445116398	0.08771698729631304	0.09778235658645874	0.6362624802262737	0.19336423285881507	-1	0.0	0.5784860881287616	0.2576142699062942	0.3337913401075606	0.8578705188886773	0.4397576636293669	0.2315093838406556	0.37421926910298997	0.27250053615436093	0.5163997845917332	0.010917880884950947	0.0815819066513294	0.07930094615124496	0.376719283495921	0.3118043294279895	0.4592664434467976	0.39826022461838145	0.47414344118362506	0.4966247543973985	0.22087897915701776	0.36764705882352944	0.24215131250616212	0.38341395069968603	0.5977826755715451	0.030891054646710856	0.012874713120727115	0.18871898484867455	0.6776805815646206	0.21364931772424786	0.17709000056796217	0.37264104148169136	0.05470915318570268	0.32459181708408263	0.009237630070078655	-1	0.4575755463848864	0.09520296737307297	0.7651050570282709	0.673486327176691	0.46743246765834534	0.2822778899744165	0.17942024847688987	0.6523870997636321	0.06568210473485124	0.24221836806339853	0.29888062230564455	0.27932988952878757	0.3263038126318379	0.10274244833068366	0.33602433102052714	0.12475476536863402	0.038213352357306093	-1	0.5611702522354597	0.3316971594475318	-1	0.3247692875599852	0.25555671657120016	0.4840430742112311	0.6241680912452335	0.5537460165490988	0.514659123864388	0.04908165073496329	0.24686357913763793	0.051655259904702086	0.04662481659307539	-1	0.5214626391096979	0.4421099805830686	0.5800243321625509	0.5968466898806588	-1	0.32276477823227	0.36148183108998594	0.3495443585744978	0.10453963332688765	0.7005946494557017	0.20538858080700004	0.01985294117647057	0.2779608483231162	0.10226071767187564	0.1280203569155086	0.43225557608373394	0.3660973140477922	0.3349847816160134	0.47408270238788586
t1608_1-296	0.17671680981824966	0.7802483055923009	0.5041694527329732	-1	0.29521614797777623	0.45317960241838456	0.747901099610307	0.48806537089830965	0.5379570747217807	0.5328024064388276	0.8466795751458347	0.47744207603744754	-1	0.5784860881287616	0.0	0.4322171146554313	0.367294457056003	0.662811885661464	0.7638500612005322	0.6760705141463363	0.7362247161459585	0.42059900684590007	0.12838353160081534	0.5830881268099214	0.6128739967392777	0.6119125401560631	0.323717386548602	0.7099159507643417	0.22047761459803902	0.2995079781722627	0.19842416186649128	0.16262486971000142	0.45898788430175474	0.3334198602966461	0.6805562351279886	0.31637455575006657	0.04577924215388199	0.5650500246723289	0.5729884367527196	0.6580337656766952	0.23532910929440576	0.6685422478113303	0.48777641277641287	0.7355594712474817	0.6015467573032299	0.7153060547092667	0.5745559937838041	-1	0.22290761586805088	0.6186154633279354	0.442735016908568	0.22537865624930897	0.20852495453885964	0.4127059679738535	0.4863218217499883	0.17532282933865628	0.606172009035485	0.680584499978232	0.3987986564322397	0.6962275225666016	0.7160276846497071	0.5302197110662077	0.7201250183811398	0.5184047908026933	0.5617386528453534	-1	0.039459120493793055	0.36927709072314563	-1	0.7153808609838059	0.4337863995094356	0.1830443767629453	0.10837602705370879	0.0554394414327613	0.13150955833882672	0.5567296475065121	0.4403219653239006	0.5555267045305897	0.5981390969611878	-1	0.11916195824913953	0.24444980694980695	0.003649331588987309	0.04355870882265443	-1	0.3775959986679425	0.33985604107274486	0.7258238980840209	0.6225509979179628	0.2896904654578546	0.4695345401664072	0.5699482969655781	0.41621737423475885	0.5304717971367829	0.5166012013993824	0.25756397753119004	0.7328011990985996	0.3661589987436167	0.19851673678525303
CS17_01478_1-296	0.3103431575965697	0.612965272325285	0.12672509146498206	-1	0.1943872100425693	0.03691990072971613	0.5559941891578813	0.09836199308646981	0.1862330880265601	0.17715449757234994	0.7299664558203086	0.07965185733728257	-1	0.2576142699062942	0.4322171146554313	0.0	0.10261117248529435	0.8085503595369716	0.5840840840840841	0.4294835328523833	0.5354293152144504	0.02005192940088941	0.3485863267506158	0.26571954887814464	0.31817951323807797	0.3164861607119078	0.16043548355191717	0.48909335465507053	0.2716272220305883	0.18945131757090014	0.29166666666666663	0.3219491900267746	0.047149659380939464	0.14821511844435187	0.4373839488343305	0.16945325818360366	0.45820978485445013	0.23395018315193788	0.2479316050744622	0.3977165512557205	0.5658329553361764	0.4162244746290321	0.09785306946556598	0.5342576615495586	0.2982295645368705	0.4985866030147035	0.2506924438942748	-1	0.26934956906210006	0.32829159434664024	0.6835944799988545	0.5601832583957457	0.2826269272788518	0.03322210956965618	0.09529119050801017	0.5317624165641069	0.306375727183968	0.4374337299231463	0.05558613363182716	0.46498479388111735	0.49985756407934095	0.17260575994872035	0.5070739382202174	0.15179688992379115	0.22811807388544253	-1	0.408892533926871	0.09979029302177812	-1	0.49871835456352653	0.0027638819247818125	0.3050015579857071	0.4937511679981671	0.3988920242384322	0.34624164169433713	0.21929603034004494	0.01427455965593385	0.21717736314000707	0.2922278684132296	-1	0.3554060355795095	0.2485173181514236	0.4342891426746056	0.45694900403264194	-1	0.08775829826059875	0.13991050335865332	0.5171110137467588	0.335223001917404	0.5966984029899031	0.06572481572481569	0.2425771996043212	0.027407017123367607	0.17304974316322358	0.1486203422506143	0.23524335005118707	0.5293996916810091	0.10421874852033228	0.29158485098342135
SL1344_1675_1-302	0.2314849246413994	0.6526793595245142	0.21633285373174843	-1	0.10227009156270224	0.13574267891309363	0.601554145998675	0.19088012613317107	0.2697346649938921	0.26158763935070223	0.7576749143989463	0.17408985935056695	-1	0.3337913401075606	0.367294457056003	0.10261117248529435	0.0	0.786659211043174	0.6267617038715113	0.48802489646856817	0.5830994578825918	0.08424858986041037	0.27410097688261065	0.3410649269007891	0.3881419128092129	0.38662231717118406	0.0644361833952911	0.5415180845644422	0.18834204790957715	0.09676980860805594	0.21067288602751655	0.24441803911124124	0.14492275003487334	0.05081849089358114	0.4951146415034862	0.07448508790044409	0.3962592373185396	0.3125554530408625	0.32510222486690504	0.45951756209985767	0.5161884889226472	0.47612636575556583	0.19042342376171364	0.5820480289740011	0.3702390517352578	0.5500372195791992	0.32757977077837375	-1	0.18580395862358043	0.3972163814189592	0.6474153563094582	0.5098927821262105	0.20059950522462633	0.07177353102763952	0.18812442220775805	0.47822218298319524	0.3775493270818807	0.495159314496411	0.049792829741378254	0.5198833314784373	0.551177765838811	0.25750565302796125	0.5576536593679995	0.2388320055543841	0.30732178334426463	-1	0.3413028467156369	0.0031335803664961654	-1	0.5501554519471207	0.10509144924516338	0.22553254430515643	0.43586457009513313	0.33015883713827787	0.2714881907809916	0.2994049800307766	0.11542100283822154	0.29750371175624074	0.36485319668776417	-1	0.28170047959514244	0.1625896614628159	0.36960340938039593	0.3948542935715801	-1	0.016281731252117872	0.04156429156429156	0.5666608188064391	0.40343654913191346	0.550583220289214	0.1615918878072068	0.32029724122001685	0.07732335795750434	0.2579040786042605	0.2359814071624074	0.14779789261831353	0.5776885410895618	0.0017913929678510432	0.21058171519862193
STM_MW22491_2-341	0.7223986935360013	0.9259023405399698	0.8328118327355869	-1	0.7623552619203765	0.8156186612576065	0.9149952471507811	0.8273817277486032	0.8442046172819762	0.8424665244036065	0.9483021750538408	0.8237996789864068	-1	0.8578705188886773	0.662811885661464	0.8085503595369716	0.786659211043174	0.0	0.9203730474350468	0.8907748274863517	0.9110581094281437	0.8046328716724941	0.7061012865940648	0.8594222716336906	0.869465712949103	0.8691415212167907	0.771965540810386	0.9021871064385414	0.7371543167816352	0.7638024160507166	0.7297181546404307	0.7176470588235294	0.8175771448734068	0.7752370996379082	0.8922873592856039	0.7694896255395209	0.6466351087355904	0.8533400379876698	0.856016776187899	0.8846930502810749	0.5590415191202084	0.8882363855566128	0.827284294504358	0.9108337967552529	0.865646302443001	0.9040045854238193	0.8565453377873284	-1	0.7379736843277108	0.8714016672416703	0.3949231970973983	0.5647058823529413	0.733124021874951	0.8019714327788279	0.8267938236990242	0.5911271387952567	0.8672058823529412	0.8922968898571595	0.7972820526245926	0.897571531146287	0.9042479104626866	0.841595670221002	0.9056294826974042	0.8376118195362874	0.8522234827654582	-1	0.6761170320942231	0.7873277315508219	-1	0.9040298092104719	0.8090795037377534	0.724532273902434	0.621826998185874	0.6815054063781585	0.7071553456552266	0.8505345057005427	0.8112832188508683	0.8501288876268346	0.8644972798779617	-1	0.7029918816643786	0.7452374551172886	0.6615768674333444	0.6474555025500108	-1	0.7901327684340839	0.7774073032973429	0.9075510771982608	0.8727286827289957	0.5252941176470588	0.8211333518769864	0.8549916771857472	0.8031554372346191	0.8416806706477902	0.837003670626344	0.749659397566739	0.9099037401705389	0.7862763479959105	0.729749369802723
CS17_03898_1-277	0.7131607427240988	0.0694399688398549	0.5237285397176417	-1	0.6649328185912788	0.5681398502252811	0.06326470113741613	0.538710754508152	0.48890043353164647	0.4945394795391909	0.3507496735607418	0.5480884932167046	-1	0.4397576636293669	0.7638500612005322	0.5840840840840841	0.6267617038715113	0.9203730474350468	0.0	0.2709835037797411	0.10473060497154096	0.5924240006667363	0.7290666854503312	0.4335734864240668	0.38999205217319116	0.391503299554096	0.6508117551709925	0.185925805221974	0.6970581689226321	0.662879902353062	0.7053928928928929	0.7179878763324573	0.5635034189674549	0.6457291108244526	0.2607464450148718	0.6545623911664538	0.7746608264334575	0.4570641402575931	0.4469706229882247	0.3094349234018091	0.8194230159581395	0.28754136163619287	0.5389709792954388	0.10698280663145555	0.4073333744225994	0.17051295713961087	0.4449329750823554	-1	0.6961108568021047	0.3808088265452606	0.8684019083478719	0.8170732170805128	0.7016331214057686	0.5979016882144065	0.5402764828282592	0.8052525366190055	0.4003728931985802	0.26068102899397694	0.60720324176579	0.22260916856352367	0.16840506614820525	0.49731833292658817	0.15623062328214124	0.5096505648528605	0.4611664014345783	-1	0.7541489968434583	0.6255884552057546	-1	0.1702949435665619	0.5829313555964237	0.7109390864294908	0.789443053356595	0.7499896256967653	0.7280914936176147	0.46725528231005015	0.5780610919702539	0.46869712712420947	0.41235901026017424	-1	0.7319031108941804	0.6874463920840005	0.7647118506319306	0.7741364476231859	-1	0.6205841570843631	0.6422750892347552	0.13869247848656163	0.37435272713175316	0.8322604468891939	0.5548250420045292	0.45088012177790154	0.5954830987134727	0.4970484470167962	0.5114800874907138	0.681925537483752	0.11620135269016388	0.6274303203305286	0.7053588644480596
NCTC13441_04389_1-278	0.6065394147278144	0.3216063865610161	0.3466931643499302	-1	0.5403846371845517	0.40761265072355735	0.22174759816838793	0.3672444342706918	0.2989190654556406	0.306654207303296	0.5266858018493927	0.38010798229350534	-1	0.2315093838406556	0.6760705141463363	0.4294835328523833	0.48802489646856817	0.8907748274863517	0.2709835037797411	0.0	0.18570153266873965	0.44092348877367216	0.6283577724861094	0.22302647949299917	0.1632453435696931	0.16531833833557324	0.5210146181335427	0.10448396362810623	0.5844513359463958	0.5375686292493944	0.5958841691037715	0.6131608473474955	0.40125280662967916	0.5140426986051205	0.013847831634810667	0.5261594070579458	0.6908997605200138	0.2552488694599184	0.241403480059678	0.05274423805418335	0.7523005515264739	0.022712596960836214	0.3676013874927875	0.1836478607199707	0.1870326273133642	0.12112370832661752	0.23860841586506243	-1	0.5831518974214257	0.15064861129334137	0.8194854405429418	0.7490773063875645	0.5907268489243002	0.44843729343525457	0.3693921611441234	0.7328627481124169	0.1774848581474986	0.013935087817028645	0.46119633743440863	0.06222653170070264	0.12335144606570826	0.3104659912640223	0.13600029067654962	0.3273822503476116	0.2608759865392359	-1	0.6627634567513787	0.4864155382827936	-1	0.12135464214958275	0.4279023224221161	0.6034919441889078	0.711176704868707	0.6570580012942551	0.6270200910512275	0.2692281718560853	0.42122172787944007	0.2712059663526912	0.19392634763880445	-1	0.6322485286741453	0.5712667552291337	0.6772526402516665	0.6901804642997083	-1	0.47955108713890693	0.5093047789454069	0.15359325442871508	0.14179270824179116	0.7699097976788076	0.3893485808571204	0.2467661828379367	0.44511968743666125	0.31009578577321206	0.329891826807594	0.5636937378435567	0.1751328218941195	0.48894204506874916	0.5958374919092091
BN373_44871_1-277	0.6796056484575985	0.1668980838655929	0.4680132450331126	-1	0.6257359144974793	0.5176198894177647	0.044266404697756306	0.48474811263129974	0.4291108695253605	0.4354095836764962	0.4187460530266958	0.4952228800707189	-1	0.37421926910298997	0.7362247161459585	0.5354293152144504	0.5830994578825918	0.9110581094281437	0.10473060497154096	0.18570153266873965	0.0	0.544744853787493	0.6973723037398633	0.3673116530941756	0.31863196573650576	0.3203200021971477	0.6099629376720653	0.090693595359475	0.6616193597595973	0.6234428435518881	0.6709290982769024	0.6849974708913421	0.512441078119654	0.6042857142857143	0.17426692000162855	0.6141523314079497	0.7483001487397217	0.3935502958579882	0.3822760164897679	0.2286510848768163	0.7982987187492092	0.20419636556306123	0.4850387790929613	0.0025156692191438132	0.33800191443095096	0.07347771802919591	0.38	-1	0.660561228960323	0.30837446595049034	0.8530072709031399	0.7956740351727624	0.6667295003592223	0.5508633334072461	0.4864970033325813	0.7824705452208561	0.3302271806327539	0.17419385146911964	0.5612530033803694	0.1316682601310587	0.07112324126152016	0.4385135135135135	0.05752460499218024	0.45228839735825876	0.39813244867117	-1	0.7253887997045554	0.5817889599785285	-1	0.07323420074349438	0.5341417379845557	0.6771240978685299	0.7648116334450238	0.7207428560703928	0.6962830317976615	0.4049336203735471	0.528701740087593	0.40654413540082945	0.3436154603261673	-1	0.7005405405405406	0.6508831758891255	0.7371873196217211	0.7477144269299698	-1	0.5761992479329913	0.6004276335684708	0.03793480901236557	0.3011631176687788	0.8126379009019135	0.502747485318294	0.38664285714285707	0.5481618119273826	0.4382120557497491	0.454331941623273	0.6447164794389771	0.012812621298484449	0.5838462905820342	0.6708910891089109
ERS227112_03968_4-342	0.2962312360268285	0.6207260653603108	0.1442359382784944	-1	0.17790257042405988	0.056231514887685435	0.5648973623304722	0.11644157474625856	0.20255068469423132	0.19365413749486857	0.7353811493840716	0.09810661331819508	-1	0.27250053615436093	0.42059900684590007	0.02005192940088941	0.08424858986041037	0.8046328716724941	0.5924240006667363	0.44092348877367216	0.544744853787493	0.0	0.3352569459613002	0.2804432886444933	0.33185132950270807	0.33019193196184354	0.1432561156686614	0.49933801863797234	0.2567230858221838	0.1728656785521758	0.27717258231828573	0.3080747538400829	0.06625614714064629	0.13078569455737318	0.44866548617211166	0.15245841413961334	0.44712354521570136	0.2493109599969395	0.2630120274341493	0.409793496449265	0.5569489264891485	0.4279303002497379	0.11594285602587152	0.543596694039172	0.31230141576440856	0.5086409090517128	0.2657175061088598	-1	0.2543988269794721	0.3417606438747854	0.6771201153468216	0.5511836241124862	0.2679478696431659	0.013439671513118982	0.11343234768430627	0.5221812282873043	0.3202842321332183	0.44871426905404904	0.036261313529821246	0.4757128810226155	0.5098863848948109	0.18919661083693115	0.516958056810884	0.1688049988046541	0.24359579577371418	-1	0.39679715302491103	0.08136998889353299	-1	0.5087700187277804	0.022760390160443105	0.29078033534022685	0.48339218455491456	0.38659201053983544	0.33286428340434937	0.23495065122266046	0.03404025659437369	0.23287446738774173	0.3064200652277245	-1	0.34221620128666075	0.2331403016191025	0.42271343319290794	0.44583696599825634	-1	0.06909179260725082	0.12231114847186342	0.5267938696075759	0.3485530633502914	0.5884459502394545	0.08445883576090461	0.2577649881244793	0.0075055892686043246	0.18963169133136198	0.16569214704115837	0.2195947184412906	0.5388361358394583	0.0858890604968341	0.2770890925031618
NCTC13441_02589_1-303	0.05545246099606569	0.7478802863703388	0.4311367840746839	-1	0.19140599383507118	0.3726364549009628	0.7107685438152642	0.4126606739752036	0.46990110670257323	0.4639871887468694	0.8240964570853573	0.40047263571983094	-1	0.5163997845917332	0.12838353160081534	0.3485863267506158	0.27410097688261065	0.7061012865940648	0.7290666854503312	0.6283577724861094	0.6973723037398633	0.3352569459613002	0.0	0.5216796741394972	0.5558528122217332	0.5547497392325547	0.22410528257518791	0.6671884254683391	0.10565895245917525	0.1963299831699319	0.08035716717733996	0.03928486823117728	0.37930025956041086	0.2352368686566943	0.6335042114811077	0.21568089975917565	0.16828547297297305	0.5009846749149859	0.5100923643267868	0.6076643263161816	0.333500258755531	0.6197206406650086	0.4123291541699073	0.69660907252224	0.5428571428571429	0.6733724572533563	0.5118908124836505	-1	0.10844687737582444	0.5624399601208575	0.5142786634753147	0.3248272800133919	0.0919457420133794	0.3262013129412598	0.41066031118774554	0.28119779693872793	0.5481636645899756	0.6335366395630315	0.31024554335012766	0.6514837793378222	0.6742003786690287	0.46102407886281316	0.6789012234556789	0.447468896403705	0.4971855591949063	-1	0.09257743528077263	0.2763756398095101	-1	0.6734582820137314	0.3503867572276655	0.06271203808542114	0.2228458615605035	0.07722542457065924	0.003586470484836816	0.49143875940343285	0.3578849700901051	0.4900586306202632	0.5389475559395154	-1	0.010469090700653558	0.13316209543649343	0.13156434911242604	0.1663500195528458	-1	0.2859198696931829	0.24262105770020734	0.6854395116931048	0.5669551737873173	0.38088251203210655	0.39140037038555686	0.5066044313914158	0.3302299268881193	0.46131329559943374	0.4453996498156691	0.14820789947627788	0.6934445245256334	0.2727982728223355	0.08046337778959672
