CS17_02504_1-297	0.0	0.19391293156892997	1.03286912312363	0.21264824455163	0.37814965320692107	-1	0.9048693173550499	0.10307093038621706	0.45286163546599	0.7861066807460799	0.06153901133994988	0.15487803791204002
SEN2282_1-299	0.19391293156892997	0.0	1.2267820546925599	0.40656117612056	0.1842367216379911	-1	1.09878224892398	0.0908420011827129	0.64677456703492	0.9800196123150099	0.25545194290887985	0.34879096948097
SL1344_2269_1-299	1.03286912312363	1.2267820546925599	0.0	0.820220878572	1.411018776330551	-1	0.12799980576858005	1.135940053509847	0.58000748765764	0.24676244237755007	0.9713301117836801	0.87799108521159
BN373_44791_1-300	0.21264824455163	0.40656117612056	0.820220878572	0.0	0.5907978977585511	-1	0.6922210728034199	0.31571917493784707	0.24021339091436	0.5734584361944499	0.15110923321168013	0.05777020663958998
t0563_1-299	0.37814965320692107	0.1842367216379911	1.411018776330551	0.5907978977585511	0.0	-1	1.283018970561971	0.275078722820704	0.8310112886729111	1.164256333953001	0.43968866454687094	0.5330276911189611
b2256_1-296	-1	-1	-1	-1	-1	-1	-1	-1	-1	-1	-1	-1
ENC_26910_1-300	0.9048693173550499	1.09878224892398	0.12799980576858005	0.6922210728034199	1.283018970561971	-1	0.0	1.0079402477412671	0.45200768188905993	0.11876263660897002	0.8433303060151001	0.7499912794430099
ERS227112_00741_1-301	0.10307093038621706	0.0908420011827129	1.135940053509847	0.31571917493784707	0.275078722820704	-1	1.0079402477412671	0.0	0.5559325658522071	0.889177611132297	0.16460994172616694	0.2579489682982571
STM_MW23241_1-300	0.45286163546599	0.64677456703492	0.58000748765764	0.24021339091436	0.8310112886729111	-1	0.45200768188905993	0.5559325658522071	0.0	0.3332450452800899	0.39132262412604013	0.29798359755395
STMMW_23241_1-299	0.7861066807460799	0.9800196123150099	0.24676244237755007	0.5734584361944499	1.164256333953001	-1	0.11876263660897002	0.889177611132297	0.3332450452800899	0.0	0.72456766940613	0.6312286428340399
NCTC13441_01452_1-297	0.06153901133994988	0.25545194290887985	0.9713301117836801	0.15110923321168013	0.43968866454687094	-1	0.8433303060151001	0.16460994172616694	0.39132262412604013	0.72456766940613	0.0	0.09333902657209014
ETEC_2390_1-296	0.15487803791204002	0.34879096948097	0.87799108521159	0.05777020663958998	0.5330276911189611	-1	0.7499912794430099	0.2579489682982571	0.29798359755395	0.6312286428340399	0.09333902657209014	0.0
