SEN1085_1-288	0.0	0.0003809671412217108	0.002046575926458072	-1	0.22683038550592932	0.0068346468808185845	0.10844745999420069	0.18318128955468588	0.06713411050475038	0.7785391648034268	0.14014652806426775	0.249790237252852
ETEC_1917_1-286	0.0003809671412217108	0.0	0.0024275430676797827	-1	0.2264494183647076	0.007215614022040295	0.1088284271354224	0.18280032241346417	0.06675314336352867	0.7789201319446485	0.14052749520548946	0.2501712043940737
t0959_1-288	0.002046575926458072	0.0024275430676797827	0.0	-1	0.2288769614323874	0.004788070954360513	0.10640088406774262	0.18522786548114395	0.06918068643120845	0.7764925888769687	0.13809995213780968	0.24774366132639392
b1884_1-286	-1	-1	-1	-1	-1	-1	-1	-1	-1	-1	-1	-1
STM_MW19011_1-288	0.22683038550592932	0.2264494183647076	0.2288769614323874	-1	0.0	0.2336650323867479	0.33527784550013	0.043649095951243444	0.15969627500117894	1.005369550309356	0.36697691357019707	0.4766206227587813
CS17_02073_1-287	0.0068346468808185845	0.007215614022040295	0.004788070954360513	-1	0.2336650323867479	0.0	0.1016128131133821	0.19001593643550446	0.07396875738556896	0.7717045179226082	0.13331188118344917	0.2429555903720334
SL1344_1853_1-288	0.10844745999420069	0.1088284271354224	0.10640088406774262	-1	0.33527784550013	0.1016128131133821	0.0	0.29162874954888657	0.17558157049895107	0.6700917048092261	0.03169906807006706	0.1413427772586513
STMMW_19011_1-288	0.18318128955468588	0.18280032241346417	0.18522786548114395	-1	0.043649095951243444	0.19001593643550446	0.29162874954888657	0.0	0.1160471790499355	0.9617204543581126	0.32332781761895363	0.43297152680753787
NCTC13441_01998_1-287	0.06713411050475038	0.06675314336352867	0.06918068643120845	-1	0.15969627500117894	0.07396875738556896	0.17558157049895107	0.1160471790499355	0.0	0.8456732753081772	0.20728063856901813	0.31692434775760236
ENC_28750_7-283	0.7785391648034268	0.7789201319446485	0.7764925888769687	-1	1.005369550309356	0.7717045179226082	0.6700917048092261	0.9617204543581126	0.8456732753081772	0.0	0.638392636739159	0.5287489275505748
ROD_19321_1-288	0.14014652806426775	0.14052749520548946	0.13809995213780968	-1	0.36697691357019707	0.13331188118344917	0.03169906807006706	0.32332781761895363	0.20728063856901813	0.638392636739159	0.0	0.10964370918858424
ENC_06100_1-273	0.249790237252852	0.2501712043940737	0.24774366132639392	-1	0.4766206227587813	0.2429555903720334	0.1413427772586513	0.43297152680753787	0.31692434775760236	0.5287489275505748	0.10964370918858424	0.0
