CS17_04083_1-55	0.0	0.5680806015122791	0.9647750705318471	0.4512240573176904	1.0	0.5776967286505875	-1	0.5700439013087284	0.46538315939656993	0.7161514881150133	0.6934794876427838	0.7448246413817997	0.4684870674511484
SL1344_3693_1-55	0.5680806015122791	0.0	0.918445595193256	0.21294035526305474	1.0	0.022263707469442957	-1	0.004545523547502915	0.192095411734118	0.34282064459520606	0.2903293683255804	0.4092060705963989	0.18737744269651824
ERS227112_00601_1-55	0.9647750705318471	0.918445595193256	0.0	0.935811819126071	1.0	0.9165885470041553	-1	0.9180731949718287	0.9341118221633384	0.8759023634324149	0.8850813304556201	0.861957950568192	0.9337270510065803
BN373_46191_1-55	0.4512240573176904	0.21294035526305474	0.935811819126071	0.0	1.0	0.2304632209544818	-1	0.2165179534114958	0.02580124414651379	0.4827606500066482	0.4414468847540878	0.5350099398108579	0.03145730122402913
STM_MW37161_1-55	1.0	1.0	1.0	1.0	0	1.0	-1	1.0	1.0	1.0	1.0	1.0	1.0
ROD_41791_1-55	0.5776967286505875	0.022263707469442957	0.9165885470041553	0.2304632209544818	1.0	0.0	-1	0.01779909010513707	0.21008236315049036	0.32785623237540273	0.27416969473674274	0.39575329880154053	0.2054694335953936
b3636_1-55	-1	-1	-1	-1	-1	-1	-1	-1	-1	-1	-1	-1	-1
ETEC_3877_1-55	0.5700439013087284	0.004545523547502915	0.9180731949718287	0.2165179534114958	1.0	0.01779909010513707	-1	0.0	0.19576776106421623	0.3398197798589593	0.2870888137411626	0.40650834028190375	0.19107123766597325
t3791_1-55	0.46538315939656993	0.192095411734118	0.9341118221633384	0.02580124414651379	1.0	0.21008236315049036	-1	0.19576776106421623	0.0	0.4690617834548522	0.4266538405126896	0.5226948737152012	0.005805855369380062
NCTC13441_00047_1-55	0.7161514881150133	0.34282064459520606	0.8759023634324149	0.4827606500066482	1.0	0.32785623237540273	-1	0.3398197798589593	0.4690617834548522	0.0	0.07396568763987889	0.1010156899409939	0.4659612316039026
ENC_02550_1-55	0.6934794876427838	0.2903293683255804	0.8850813304556201	0.4414468847540878	1.0	0.27416969473674274	-1	0.2870888137411626	0.4266538405126896	0.07396568763987889	0.0	0.16750968261197038	0.42330563644555586
SEN3549_1-55	0.7448246413817997	0.4092060705963989	0.861957950568192	0.5350099398108579	1.0	0.39575329880154053	-1	0.40650834028190375	0.5226948737152012	0.1010156899409939	0.16750968261197038	0.0	0.519907526248673
STMMW_37161_1-55	0.4684870674511484	0.18737744269651824	0.9337270510065803	0.03145730122402913	1.0	0.2054694335953936	-1	0.19107123766597325	0.005805855369380062	0.4659612316039026	0.42330563644555586	0.519907526248673	0.0
