ERS227112_03348_1-114	0.0	0.041469172469363436	0.5246366522132949	0.6153582210901541	0.4509749684413179	0.010847830249502866	0.34165806117687264	0.07654390734666794	0.4647274479110274	0.19283632581325605	0.4233381494773173	0.930306267424796	0.701601558904701	0.04609958807801362	0.8815902848849347	0.33302868726312695	0.25151976576373536	0.9499235045180282	0.04806565473219848	0.7447232278119743
ETEC_2002_1-116	0.041469172469363436	0.0	0.4831674797439315	0.5738890486207907	0.40950579597195447	0.03062134221986057	0.3831272336462361	0.0350747348773045	0.42325827544166394	0.23430549828261948	0.38186897700795386	0.8888370949554326	0.6601323864353376	0.08756876054737706	0.8401211124155713	0.3744978597324904	0.2929889382330988	0.9084543320486648	0.08953482720156192	0.7032540553426109
STM_MW31881_16-132	0.5246366522132949	0.4831674797439315	0.0	0.09072156887685923	0.07366168377197702	0.513788821963792	0.8662947133901675	0.448092744866627	0.05990920430226754	0.717472978026551	0.10129850273597762	0.40566961521150113	0.17696490669140608	0.5707362402913085	0.3569536326716398	0.8576653394764219	0.7761564179770303	0.4252868523047333	0.5727023069454934	0.2200865755986794
CS17_02605_1-116	0.6153582210901541	0.5738890486207907	0.09072156887685923	0.0	0.16438325264883624	0.6045103908406513	0.9570162822670267	0.5388143137434862	0.15063077317912676	0.8081945469034102	0.19202007161283685	0.3149480463346419	0.08624333781454685	0.6614578091681678	0.2662320637947806	0.9483869083532811	0.8668779868538895	0.33456528342787406	0.6634238758223526	0.12936500672182016
ROD_36641_1-116	0.4509749684413179	0.40950579597195447	0.07366168377197702	0.16438325264883624	0.0	0.44012713819181504	0.7926330296181905	0.37443106109464996	0.013752479469709478	0.643811294254574	0.02763681896400061	0.47933129898347815	0.2506265904633831	0.4970745565193315	0.43061531644361684	0.7840036557044449	0.7024947342050533	0.4989485360767103	0.4990406231735164	0.2937482593706564
SL1344_2679_1-113	0.010847830249502866	0.03062134221986057	0.513788821963792	0.6045103908406513	0.44012713819181504	0.0	0.3525058914263755	0.06569607709716507	0.4538796176615245	0.20368415606275891	0.41249031922781443	0.9194584371752932	0.6907537286551981	0.056947418327516486	0.8707424546354319	0.3438765175126298	0.2623675960132382	0.9390756742685253	0.05891348498170135	0.7338753975624714
t1354_1-115	0.34165806117687264	0.3831272336462361	0.8662947133901675	0.9570162822670267	0.7926330296181905	0.3525058914263755	0.0	0.4182019685235406	0.8063855090879	0.1488217353636166	0.7649962106541899	1.2719643286016686	1.0432596200815736	0.295558473098859	1.2232483460618073	0.008629373913745686	0.09013829541313728	1.2915815656949008	0.29359240644467416	1.086381288988847
NCTC13441_03084_1-116	0.07654390734666794	0.0350747348773045	0.448092744866627	0.5388143137434862	0.37443106109464996	0.06569607709716507	0.4182019685235406	0.0	0.38818354056435944	0.269380233159924	0.34679424213064936	0.8537623600781281	0.6250576515580331	0.12264349542468156	0.8050463775382668	0.4095725946097949	0.3280636731104033	0.8733795971713603	0.12460956207886642	0.6681793204653064
NCTC13441_01963_11-126	0.4647274479110274	0.42325827544166394	0.05990920430226754	0.15063077317912676	0.013752479469709478	0.4538796176615245	0.8063855090879	0.38818354056435944	0.0	0.6575637737242834	0.04138929843371009	0.46557881951376867	0.23687411099367361	0.510827035989041	0.41686283697390736	0.7977561351741543	0.7162472136747627	0.4851960566070008	0.5127931026432259	0.27999577990094693
BN373_14791_1-114	0.19283632581325605	0.23430549828261948	0.717472978026551	0.8081945469034102	0.643811294254574	0.20368415606275891	0.1488217353636166	0.269380233159924	0.6575637737242834	0.0	0.6161744752905733	1.123142593238052	0.894437884717957	0.14673673773524243	1.0744266106981908	0.1401923614498709	0.05868343995047931	1.1427598303312843	0.14477067108105757	0.9375595536252304
STMMW_41521_5-119	0.4233381494773173	0.38186897700795386	0.10129850273597762	0.19202007161283685	0.02763681896400061	0.41249031922781443	0.7649962106541899	0.34679424213064936	0.04138929843371009	0.6161744752905733	0.0	0.5069681179474788	0.2782634094273837	0.4694377375553309	0.45825213540761744	0.7563668367404442	0.6748579152410527	0.5265853550407109	0.4714038042095158	0.321385078334657
SL1344_4138_5-119	0.930306267424796	0.8888370949554326	0.40566961521150113	0.3149480463346419	0.47933129898347815	0.9194584371752932	1.2719643286016686	0.8537623600781281	0.46557881951376867	1.123142593238052	0.5069681179474788	0.0	0.22870470852009506	0.9764058555028097	0.04871598253986131	1.263334954687923	1.1818260331885315	0.019617237093232154	0.9783719221569945	0.18558303961282174
CS17_02126_1-116	0.701601558904701	0.6601323864353376	0.17696490669140608	0.08624333781454685	0.2506265904633831	0.6907537286551981	1.0432596200815736	0.6250576515580331	0.23687411099367361	0.894437884717957	0.2782634094273837	0.22870470852009506	0.0	0.7477011469827146	0.17998872598023374	1.0346302461678278	0.9531213246684364	0.2483219456133272	0.7496672136368995	0.043121668907273314
NCTC13441_03028_1-115	0.04609958807801362	0.08756876054737706	0.5707362402913085	0.6614578091681678	0.4970745565193315	0.056947418327516486	0.295558473098859	0.12264349542468156	0.510827035989041	0.14673673773524243	0.4694377375553309	0.9764058555028097	0.7477011469827146	0.0	0.9276898729629484	0.28692909918511333	0.20542017768572174	0.9960230925960418	0.0019660666541848615	0.7908228158899879
STMMW_31881_1-115	0.8815902848849347	0.8401211124155713	0.3569536326716398	0.2662320637947806	0.43061531644361684	0.8707424546354319	1.2232483460618073	0.8050463775382668	0.41686283697390736	1.0744266106981908	0.45825213540761744	0.04871598253986131	0.17998872598023374	0.9276898729629484	0.0	1.2146189721480618	1.13311005064867	0.06833321963309347	0.9296559396171332	0.13686705707296043
t4308_1-113	0.33302868726312695	0.3744978597324904	0.8576653394764219	0.9483869083532811	0.7840036557044449	0.3438765175126298	0.008629373913745686	0.4095725946097949	0.7977561351741543	0.1401923614498709	0.7563668367404442	1.263334954687923	1.0346302461678278	0.28692909918511333	1.2146189721480618	0.0	0.0815089214993916	1.2829521917811553	0.2849630325309285	1.0777519150751012
ROD_09071_1-115	0.25151976576373536	0.2929889382330988	0.7761564179770303	0.8668779868538895	0.7024947342050533	0.2623675960132382	0.09013829541313728	0.3280636731104033	0.7162472136747627	0.05868343995047931	0.6748579152410527	1.1818260331885315	0.9531213246684364	0.20542017768572174	1.13311005064867	0.0815089214993916	0.0	1.2014432702817635	0.20345411103153688	0.9962429935757097
STM_MW41521_20-134	0.9499235045180282	0.9084543320486648	0.4252868523047333	0.33456528342787406	0.4989485360767103	0.9390756742685253	1.2915815656949008	0.8733795971713603	0.4851960566070008	1.1427598303312843	0.5265853550407109	0.019617237093232154	0.2483219456133272	0.9960230925960418	0.06833321963309347	1.2829521917811553	1.2014432702817635	0.0	0.9979891592502267	0.2052002767060539
t3430_1-114	0.04806565473219848	0.08953482720156192	0.5727023069454934	0.6634238758223526	0.4990406231735164	0.05891348498170135	0.29359240644467416	0.12460956207886642	0.5127931026432259	0.14477067108105757	0.4714038042095158	0.9783719221569945	0.7496672136368995	0.0019660666541848615	0.9296559396171332	0.2849630325309285	0.20345411103153688	0.9979891592502267	0.0	0.7927888825441728
CS17_02906_1-116	0.7447232278119743	0.7032540553426109	0.2200865755986794	0.12936500672182016	0.2937482593706564	0.7338753975624714	1.086381288988847	0.6681793204653064	0.27999577990094693	0.9375595536252304	0.321385078334657	0.18558303961282174	0.043121668907273314	0.7908228158899879	0.13686705707296043	1.0777519150751012	0.9962429935757097	0.2052002767060539	0.7927888825441728	0.0
