NCTC13441_04459_1-80	0.0	0.6006131905119698	0.10343083124817021	4.66526074902645	1.4530314671049402	0.6678235106507799	1.6947288975921277	0.9449830919648299	1.6072285578597558	0.5566763623310997	0.5150519885557698
t4128_2-81	0.6006131905119698	0.0	0.70404402176014	5.2658739395384195	2.05364465761691	0.06721032013881012	1.094115707080158	0.34436990145286006	1.006615367347786	0.04393682818087008	0.08556120195619998
ETEC_4281_1-80	0.10343083124817021	0.70404402176014	0.0	4.5618299177782795	1.34960063585677	0.7712543418989501	1.798159728840298	1.048413923213	1.710659389107926	0.66010719357927	0.61848281980394
b4026_1-80	4.66526074902645	5.2658739395384195	4.5618299177782795	0.0	3.21222928192151	5.33308425967723	6.359989646618578	5.61024384099128	6.2724893068862055	5.2219371113575495	5.18031273758222
ENC_04570_1-80	1.4530314671049402	2.05364465761691	1.34960063585677	3.21222928192151	0.0	2.1208549777557204	3.147760364697068	2.39801455906977	3.060260024964696	2.00970782943604	1.96808345566071
ROD_37241_1-80	0.6678235106507799	0.06721032013881012	0.7712543418989501	5.33308425967723	2.1208549777557204	0.0	1.026905386941348	0.27715958131404994	0.9394050472089759	0.1111471483196802	0.1527715220950101
STM_MW41711_2-81	1.6947288975921277	1.094115707080158	1.798159728840298	6.359989646618578	3.147760364697068	1.026905386941348	0.0	0.749745805627298	0.08750033973237203	1.138052535261028	1.179676909036358
SL1344_4158_1-80	0.9449830919648299	0.34436990145286006	1.048413923213	5.61024384099128	2.39801455906977	0.27715958131404994	0.749745805627298	0.0	0.6622454658949259	0.38830672963373014	0.42993110340906004
STMMW_41711_2-81	1.6072285578597558	1.006615367347786	1.710659389107926	6.2724893068862055	3.060260024964696	0.9394050472089759	0.08750033973237203	0.6622454658949259	0.0	1.050552195528656	1.092176569303986
SEN3988_1-80	0.5566763623310997	0.04393682818087008	0.66010719357927	5.2219371113575495	2.00970782943604	0.1111471483196802	1.138052535261028	0.38830672963373014	1.050552195528656	0.0	0.041624373775329904
CS17_04503_1-80	0.5150519885557698	0.08556120195619998	0.61848281980394	5.18031273758222	1.96808345566071	0.1527715220950101	1.179676909036358	0.42993110340906004	1.092176569303986	0.041624373775329904	0.0
