SL1344_0733_1-347	0.0	0.375386875621626	0.11854191853512996	0.633658107008758	0.666204129488272	0.1127547836026801	0.7879408523342291	5.69539905819338	0.696955986292393	0.44476701207413605	0.518550490425852	0.33789592858639106	0.754607284801475
ENC_19930_1-347	0.375386875621626	0.0	0.256844957086496	0.25827123138713204	0.29081725386664603	0.4881416592243061	0.4125539767126031	6.070785933815006	0.321569110670767	0.06938013645251007	0.143163614804226	0.03749094703523492	0.379220409179849
SEN0701_1-347	0.11854191853512996	0.256844957086496	0.0	0.5151161884736281	0.547662210953142	0.23129670213781006	0.6693989337990991	5.81394097672851	0.578414067757263	0.3262250935390061	0.40000857189072203	0.2193540100512611	0.636065366266345
STMMW_08081_1-347	0.633658107008758	0.25827123138713204	0.5151161884736281	0.0	0.03254602247951399	0.7464128906114381	0.15428274532547104	6.329057165202138	0.06329787928363495	0.18889109493462197	0.11510761658290602	0.29576217842236696	0.12094917779271697
CS17_00749_1-347	0.666204129488272	0.29081725386664603	0.547662210953142	0.03254602247951399	0.0	0.7789589130909521	0.12173672284595705	6.361603187681652	0.03075185680412096	0.22143711741413596	0.14765363906242002	0.32830820090188095	0.08840315531320297
ROD_07381_1-347	0.1127547836026801	0.4881416592243061	0.23129670213781006	0.7464128906114381	0.7789589130909521	0.0	0.9006956359369092	5.5826442745907	0.8097107698950731	0.5575217956768161	0.6313052740285321	0.45065071218907116	0.8673620684041551
NCTC13441_03244_1-347	0.7879408523342291	0.4125539767126031	0.6693989337990991	0.15428274532547104	0.12173672284595705	0.9006956359369092	0.0	6.483339910527609	0.09098486604183609	0.343173840260093	0.26939036190837706	0.450044923747838	0.03333356753275407
b0750_1-347	5.69539905819338	6.070785933815006	5.81394097672851	6.329057165202138	6.361603187681652	5.5826442745907	6.483339910527609	0.0	6.392355044485773	6.140166070267516	6.213949548619232	6.033294986779771	6.450006342994855
STM_MW08081_1-347	0.696955986292393	0.321569110670767	0.578414067757263	0.06329787928363495	0.03075185680412096	0.8097107698950731	0.09098486604183609	6.392355044485773	0.0	0.2521889742182569	0.17840549586654098	0.3590600577060019	0.057651298509082016
BN373_13201_2-348	0.44476701207413605	0.06938013645251007	0.3262250935390061	0.18889109493462197	0.22143711741413596	0.5575217956768161	0.343173840260093	6.140166070267516	0.2521889742182569	0.0	0.07378347835171595	0.10687108348774499	0.30984027272733894
t2122_1-347	0.518550490425852	0.143163614804226	0.40000857189072203	0.11510761658290602	0.14765363906242002	0.6313052740285321	0.26939036190837706	6.213949548619232	0.17840549586654098	0.07378347835171595	0.0	0.18065456183946094	0.236056794375623
ERS227112_03197_1-347	0.33789592858639106	0.03749094703523492	0.2193540100512611	0.29576217842236696	0.32830820090188095	0.45065071218907116	0.450044923747838	6.033294986779771	0.3590600577060019	0.10687108348774499	0.18065456183946094	0.0	0.41671135621508393
ETEC_0754_1-347	0.754607284801475	0.379220409179849	0.636065366266345	0.12094917779271697	0.08840315531320297	0.8673620684041551	0.03333356753275407	6.450006342994855	0.057651298509082016	0.30984027272733894	0.236056794375623	0.41671135621508393	0.0
