ETEC_0609_1-371	0.0	0.020547877312673286	0.06983314119750408	0.37292362988775474	0.19356135819158626	0.006606801558192164	0.4325116828146238	0.04710234117287524	-1	0.03627827984332496	0.057511550414154476	0.10175427559495204	0.2488605560048723	0.1959749830976951
SL1344_0571_1-371	0.020547877312673286	0.0	0.0503192169818435	0.3597682259427512	0.17664312207953076	0.02701892312301854	0.42060637366494624	0.0666823653579886	-1	0.056080715512662783	0.03773913215897048	0.08291002326838848	0.2331024390102669	0.17910738230236486
t2285_1-371	0.06983314119750408	0.0503192169818435	0.0	0.32584528874792607	0.13301722784809908	0.07597856904961912	0.3899069701150554	0.11364617792852091	-1	0.10357799480212757	0.01307346608731814	0.034317643222145616	0.1924680643189648	0.1356120578866753
Ecoli9000q_46820_1-371	0.37292362988775474	0.3597682259427512	0.32584528874792607	0.0	0.22241279422567614	0.3770665990269178	0.09502519273083587	0.4024603950142299	-1	0.39567288192582317	0.3346588275030858	0.3018877206149925	0.16516650120651521	0.22007853371502772
ROD_05731_1-371	0.19356135819158626	0.17664312207953076	0.13301722784809908	0.22241279422567614	0.0	0.19888933826687247	0.2963031683194134	0.2315465062330363	-1	0.2228175649155828	0.144351697718116	0.102207091113562	0.06857210821306789	0.0029929430225421
NCTC13441_03426_1-371	0.006606801558192164	0.02701892312301854	0.07597856904961912	0.3770665990269178	0.19888933826687247	0.0	0.43626096551286	0.04076486498820665	-1	0.02986881562273041	0.06373838457145636	0.10768880684659075	0.2538231852538789	0.20128701683219072
STM_MW06481_1-371	0.4325116828146238	0.42060637366494624	0.3899069701150554	0.09502519273083587	0.2963031683194134	0.43626096551286	0.0	0.4592417111423102	-1	0.4530991827932924	0.3978830006513654	0.368225974511316	0.24449671532752415	0.2941907213636733
CS17_00585_1-371	0.04710234117287524	0.0666823653579886	0.11364617792852091	0.4024603950142299	0.2315465062330363	0.04076486498820665	0.4592417111423102	0.0	-1	0.01123152161371913	0.1019049629180412	0.14406375216295506	0.28424098236433465	0.23384644375535424
b0581_1-371	-1	-1	-1	-1	-1	-1	-1	-1	-1	-1	-1	-1	-1	-1
ENC_21800_1-371	0.03627827984332496	0.056080715512662783	0.10357799480212757	0.39567288192582317	0.2228175649155828	0.02986881562273041	0.4530991827932924	0.01123152161371913	-1	0.0	0.09170341013733126	0.13434108535298853	0.27611060295548706	0.22514362766191098
STMMW_06481_1-371	0.057511550414154476	0.03773913215897048	0.01307346608731814	0.3346588275030858	0.144351697718116	0.06373838457145636	0.3978830006513654	0.1019049629180412	-1	0.09170341013733126	0.0	0.046942458764602346	0.20302530569451718	0.14691260433418057
BN373_11351_1-371	0.10175427559495204	0.08291002326838848	0.034317643222145616	0.3018877206149925	0.102207091113562	0.10768880684659075	0.368225974511316	0.14406375216295506	-1	0.13434108535298853	0.046942458764602346	0.0	0.16377064361464783	0.10489413413590144
ERS227112_03004_1-371	0.2488605560048723	0.2331024390102669	0.1924680643189648	0.16516650120651521	0.06857210821306789	0.2538231852538789	0.24449671532752415	0.28424098236433465	-1	0.27611060295548706	0.20302530569451718	0.16377064361464783	0.0	0.06577602909786477
SEN0552_1-371	0.1959749830976951	0.17910738230236486	0.1356120578866753	0.22007853371502772	0.0029929430225421	0.20128701683219072	0.2941907213636733	0.23384644375535424	-1	0.22514362766191098	0.14691260433418057	0.10489413413590144	0.06577602909786477	0.0
