ROD_01681_1-128	0.0	0.07211936106654004	0.0066528118774439315	0.0887083573622679	0.11118501137027192	0.01993829882171294	0.05963466972147191	0.08699087069258493	0.23340617298340194	0.133829509256711	0.157735322526811	-1	0.13872731193002907
SEN0217_1-128	0.07211936106654004	0.0	0.07877217294398398	0.16082771842880794	0.18330437243681197	0.09205765988825299	0.13175403078801196	0.15911023175912498	0.305525534049942	0.061710148190170955	0.22985468359335104	-1	0.06660795086348903
t0212_1-128	0.0066528118774439315	0.07877217294398398	0.0	0.08205554548482397	0.10453219949282799	0.01328548694426901	0.05298185784402798	0.080338058815141	0.226753361105958	0.14048232113415493	0.15108251064936706	-1	0.145380123807473
ERS227112_02519_1-128	0.0887083573622679	0.16082771842880794	0.08205554548482397	0.0	0.022476654008004027	0.06877005854055496	0.029073687640795987	0.001717486669682966	0.14469781562113404	0.2225378666189789	0.0690269651645431	-1	0.22743566929229697
SL1344_0212_1-128	0.11118501137027192	0.18330437243681197	0.10453219949282799	0.022476654008004027	0.0	0.09124671254855898	0.05155034164880001	0.024194140677686993	0.12222116161313001	0.24501452062698292	0.04655031115653907	-1	0.249912323300301
BN373_06691_1-128	0.01993829882171294	0.09205765988825299	0.01328548694426901	0.06877005854055496	0.09124671254855898	0.0	0.03969637089975897	0.06705257187087199	0.213467874161689	0.15376780807842394	0.13779702370509805	-1	0.15866561075174201
ETEC_0159_1-128	0.05963466972147191	0.13175403078801196	0.05298185784402798	0.029073687640795987	0.05155034164880001	0.03969637089975897	0.0	0.02735620097111302	0.17377150326193003	0.1934641789781829	0.09810065280533908	-1	0.19836198165150098
CS17_00173_1-128	0.08699087069258493	0.15911023175912498	0.080338058815141	0.001717486669682966	0.024194140677686993	0.06705257187087199	0.02735620097111302	0.0	0.146415302290817	0.22082037994929593	0.07074445183422606	-1	0.225718182622614
NCTC13441_03813_1-128	0.23340617298340194	0.305525534049942	0.226753361105958	0.14469781562113404	0.12222116161313001	0.213467874161689	0.17377150326193003	0.146415302290817	0.0	0.36723568224011294	0.07567085045659094	-1	0.372133484913431
STM_MW02171_1-128	0.133829509256711	0.061710148190170955	0.14048232113415493	0.2225378666189789	0.24501452062698292	0.15376780807842394	0.1934641789781829	0.22082037994929593	0.36723568224011294	0.0	0.291564831783522	-1	0.004897802673318075
ENC_46860_1-128	0.157735322526811	0.22985468359335104	0.15108251064936706	0.0690269651645431	0.04655031115653907	0.13779702370509805	0.09810065280533908	0.07074445183422606	0.07567085045659094	0.291564831783522	0.0	-1	0.29646263445684007
b0163_1-128	-1	-1	-1	-1	-1	-1	-1	-1	-1	-1	-1	-1	-1
STMMW_02171_1-128	0.13872731193002907	0.06660795086348903	0.145380123807473	0.22743566929229697	0.249912323300301	0.15866561075174201	0.19836198165150098	0.225718182622614	0.372133484913431	0.004897802673318075	0.29646263445684007	-1	0.0
