ERS227112_02732_9-390	0.0	0.4052449825702079	0.16201676739143012	0.12768993144625296	0.07091306649474494	0.1260235651370859	0.012648810788180143	0.009035544558139819	0.2953893298733201
ERS227112_04865_10-390	0.4052449825702079	0.0	0.567261749961638	0.27755505112395495	0.334331916075463	0.279221417433122	0.41789379335838805	0.3962094380120681	0.700634312443528
ENC_22000_8-388	0.16201676739143012	0.567261749961638	0.0	0.2897066988376831	0.23292983388617505	0.288040332528516	0.14936795660324997	0.17105231194956994	0.13337256248189
ERS227112_02928_3-388	0.12768993144625296	0.27755505112395495	0.2897066988376831	0.0	0.05677686495150802	0.0016663663091670555	0.1403387422344331	0.11865438688811314	0.4230792613195731
BN373_11101_1-383	0.07091306649474494	0.334331916075463	0.23292983388617505	0.05677686495150802	0.0	0.055110498642340966	0.08356187728292508	0.06187752193660512	0.36630239636806505
BN373_10681_3-388	0.1260235651370859	0.279221417433122	0.288040332528516	0.0016663663091670555	0.055110498642340966	0.0	0.13867237592526604	0.11698802057894608	0.421412895010406
ERS227112_02969_1-383	0.012648810788180143	0.41789379335838805	0.14936795660324997	0.1403387422344331	0.08356187728292508	0.13867237592526604	0.0	0.02168435534631996	0.28274051908514
BN373_23721_10-389	0.009035544558139819	0.3962094380120681	0.17105231194956994	0.11865438688811314	0.06187752193660512	0.11698802057894608	0.02168435534631996	0.0	0.30442487443145994
BN373_08701_9-390	0.2953893298733201	0.700634312443528	0.13337256248189	0.4230792613195731	0.36630239636806505	0.421412895010406	0.28274051908514	0.30442487443145994	0.0
