NCTC13441_00313_1-278	0.0	0.04073708127228004	0.5846703342496501	0.24027045480463005	0.627045067891523	1.78485798805713	0.9196499755438	0.036492698725866024	0.198545520108261	1.0662430959104499	0.17213662998232204	-1	0.39237020112719	0.5337176243503999	0.06159772349360504	0.41222075627148	0.7320783790814525	0.5796521491690799	0.09057077862944396	0.14422546138879	0.11956442540454004	0.7726173198720285	0.36548194982692006	0.32711421312931
ROD_26331_1-267	0.04073708127228004	0.0	0.54393325297737	0.19953337353235	0.6677821491638031	1.74412090678485	0.87891289427152	0.07722977999814606	0.23928260138054103	1.0255060146381698	0.131399548710042	-1	0.35163311985490997	0.4929805430781199	0.020860642221325	0.3714836749992	0.7728154603537325	0.5389150678967999	0.131307859901724	0.18496254266107004	0.07882734413226	0.8133544011443086	0.32474486855464	0.28637713185702995
CS17_02110_4-274	0.5846703342496501	0.54393325297737	0.0	0.34439987944502004	1.2117154021411731	1.20018765380748	0.3349796412941499	0.6211630329755161	0.7832158543579111	0.4815727616607999	0.41253370426732805	-1	0.19230013312246008	0.05095270989925016	0.523072610756045	0.17244957797817007	1.3167487133311024	0.00501818508057017	0.675241112879094	0.7288957956384401	0.46510590884511005	1.3572876541216785	0.21918838442273003	0.2575561211203401
t1926_20-292	0.24027045480463005	0.19953337353235	0.34439987944502004	0.0	0.8673155226961531	1.5445875332525	0.67937952073917	0.2767631535304961	0.43881597491289104	0.8259726411058199	0.06813382482230801	-1	0.15209974632255996	0.2934471695457699	0.178672731311025	0.17195030146684998	0.9723488338860824	0.33938169436444987	0.330841233434074	0.38449591619342005	0.12070602940009001	1.0128877746766585	0.12521149502229	0.08684375832467994
ENC_25840_1-270	0.627045067891523	0.6677821491638031	1.2117154021411731	0.8673155226961531	0.0	2.411903055948653	1.546695043435323	0.590552369165657	0.42849954778326205	1.693288163801973	0.7991816978738451	-1	1.019415269018713	1.160762692241923	0.6886427913851281	1.039265824163003	0.1050333111899294	1.206697217060603	0.5364742892620791	0.48281960650273303	0.7466094932960631	0.1455722519805055	0.9925270177184431	0.954159281020833
t3409_1-267	1.78485798805713	1.74412090678485	1.20018765380748	1.5445875332525	2.411903055948653	0.0	0.8652080125133301	1.821350686782996	1.9834035081653911	0.7186148921466802	1.612721358074808	-1	1.3924877869299401	1.2511403637067302	1.723260264563525	1.3726372317856501	2.5169363671385825	1.2052058388880502	1.875428766686574	1.9290834494459201	1.66529356265259	2.557475307929159	1.41937603823021	1.4577437749278201
NCTC13441_02999_1-254	0.9196499755438	0.87891289427152	0.3349796412941499	0.67937952073917	1.546695043435323	0.8652080125133301	0.0	0.956142674269666	1.118195495652061	0.14659312036664995	0.747513345561478	-1	0.52727977441661	0.3859323511934001	0.858052252050195	0.50742921927232	1.6517283546252524	0.3399978263747201	1.010220754173244	1.06387543693259	0.80008555013926	1.6922672954158284	0.55416802571688	0.59253576241449
t4022_1-278	0.036492698725866024	0.07722977999814606	0.6211630329755161	0.2767631535304961	0.590552369165657	1.821350686782996	0.956142674269666	0.0	0.16205282138239496	1.1027357946363159	0.20862932870818807	-1	0.42886289985305603	0.570210323076266	0.09809042221947106	0.44871345499734605	0.6955856803555864	0.616144847894946	0.054078079903577936	0.10773276266292398	0.15605712413040607	0.7361246211461625	0.4019746485527861	0.363606911855176
SL1344_2702_1-267	0.198545520108261	0.23928260138054103	0.7832158543579111	0.43881597491289104	0.42849954778326205	1.9834035081653911	1.118195495652061	0.16205282138239496	0.0	1.264788616018711	0.37068215009058303	-1	0.590915721235451	0.7322631444586609	0.260143243601866	0.610766276379741	0.5335328589731914	0.7781976692773409	0.10797474147881703	0.05432005871947099	0.31810994551280103	0.5740717997637675	0.564027469935181	0.525659733237571
t4329_1-265	1.0662430959104499	1.0255060146381698	0.4815727616607999	0.8259726411058199	1.693288163801973	0.7186148921466802	0.14659312036664995	1.1027357946363159	1.264788616018711	0.0	0.8941064659281279	-1	0.67387289478326	0.53252547156005	1.004645372416845	0.6540223396389699	1.7983214749919023	0.48659094674137005	1.156813874539894	1.21046855729924	0.9466786705059099	1.8388604157824784	0.7007611460835299	0.73912888278114
STM_MW34741_1-278	0.17213662998232204	0.131399548710042	0.41253370426732805	0.06813382482230801	0.7991816978738451	1.612721358074808	0.747513345561478	0.20862932870818807	0.37068215009058303	0.8941064659281279	0.0	-1	0.22023357114486797	0.3615809943680779	0.110538906488717	0.24008412628915798	0.9042150090637744	0.4075155191867579	0.262707408611766	0.31636209137111204	0.052572204577782	0.9447539498543506	0.19334531984459802	0.15497758314698795
b3387_1-278	-1	-1	-1	-1	-1	-1	-1	-1	-1	-1	-1	-1	-1	-1	-1	-1	-1	-1	-1	-1	-1	-1	-1	-1
BN373_33801_1-269	0.39237020112719	0.35163311985490997	0.19230013312246008	0.15209974632255996	1.019415269018713	1.3924877869299401	0.52727977441661	0.42886289985305603	0.590915721235451	0.67387289478326	0.22023357114486797	-1	0.0	0.14134742322320992	0.33077247763358497	0.019850555144290016	1.1244485802086424	0.1872819480418899	0.48294097975663397	0.53659566251598	0.27280577572264997	1.1649875209992184	0.02688825130026995	0.06525598799788002
BN373_43951_1-275	0.5337176243503999	0.4929805430781199	0.05095270989925016	0.2934471695457699	1.160762692241923	1.2511403637067302	0.3859323511934001	0.570210323076266	0.7322631444586609	0.53252547156005	0.3615809943680779	-1	0.14134742322320992	0.0	0.4721199008567949	0.1214968680789199	1.2657960034318523	0.04593452481867999	0.6242884029798439	0.6779430857391899	0.4141531989458599	1.3063349442224284	0.16823567452347987	0.20660341122108994
ETEC_3637_1-278	0.06159772349360504	0.020860642221325	0.523072610756045	0.178672731311025	0.6886427913851281	1.723260264563525	0.858052252050195	0.09809042221947106	0.260143243601866	1.004645372416845	0.110538906488717	-1	0.33077247763358497	0.4721199008567949	0.0	0.350623032777875	0.7936761025750574	0.5180544256754749	0.152168502123049	0.20582318488239504	0.057966701910935	0.8342150433656336	0.303884226333315	0.26551648963570496
STMMW_34741_1-278	0.41222075627148	0.3714836749992	0.17244957797817007	0.17195030146684998	1.039265824163003	1.3726372317856501	0.50742921927232	0.44871345499734605	0.610766276379741	0.6540223396389699	0.24008412628915798	-1	0.019850555144290016	0.1214968680789199	0.350623032777875	0.0	1.1442991353529324	0.1674313928975999	0.502791534900924	0.55644621766027	0.29265633086694	1.1848380761435084	0.046738806444559966	0.08510654314217003
CS17_03808_1-278	0.7320783790814525	0.7728154603537325	1.3167487133311024	0.9723488338860824	0.1050333111899294	2.5169363671385825	1.6517283546252524	0.6955856803555864	0.5335328589731914	1.7983214749919023	0.9042150090637744	-1	1.1244485802086424	1.2657960034318523	0.7936761025750574	1.1442991353529324	0.0	1.3117305282505323	0.6415076004520084	0.5878529176926623	0.8516428044859925	0.0405389407905761	1.0975603289083724	1.0591925922107623
ERS227112_03327_1-267	0.5796521491690799	0.5389150678967999	0.00501818508057017	0.33938169436444987	1.206697217060603	1.2052058388880502	0.3399978263747201	0.616144847894946	0.7781976692773409	0.48659094674137005	0.4075155191867579	-1	0.1872819480418899	0.04593452481867999	0.5180544256754749	0.1674313928975999	1.3117305282505323	0.0	0.6702229277985239	0.7238776105578699	0.4600877237645399	1.3522694690411083	0.21417019934215986	0.25253793603976993
ROD_09331_1-256	0.09057077862944396	0.131307859901724	0.675241112879094	0.330841233434074	0.5364742892620791	1.875428766686574	1.010220754173244	0.054078079903577936	0.10797474147881703	1.156813874539894	0.262707408611766	-1	0.48294097975663397	0.6242884029798439	0.152168502123049	0.502791534900924	0.6415076004520084	0.6702229277985239	0.0	0.05365468275934604	0.210135204033984	0.6820465412425846	0.456052728456364	0.41768499175875395
SEN1950_23-293	0.14422546138879	0.18496254266107004	0.7288957956384401	0.38449591619342005	0.48281960650273303	1.9290834494459201	1.06387543693259	0.10773276266292398	0.05432005871947099	1.21046855729924	0.31636209137111204	-1	0.53659566251598	0.6779430857391899	0.20582318488239504	0.55644621766027	0.5878529176926623	0.7238776105578699	0.05365468275934604	0.0	0.26378988679333004	0.6283918584832385	0.5097074112157101	0.4713396745181
SL1344_3451_1-278	0.11956442540454004	0.07882734413226	0.46510590884511005	0.12070602940009001	0.7466094932960631	1.66529356265259	0.80008555013926	0.15605712413040607	0.31810994551280103	0.9466786705059099	0.052572204577782	-1	0.27280577572264997	0.4141531989458599	0.057966701910935	0.29265633086694	0.8516428044859925	0.4600877237645399	0.210135204033984	0.26378988679333004	0.0	0.8921817452765686	0.24591752442238002	0.20754978772476995
ERS227112_00827_1-276	0.7726173198720285	0.8133544011443086	1.3572876541216785	1.0128877746766585	0.1455722519805055	2.557475307929159	1.6922672954158284	0.7361246211461625	0.5740717997637675	1.8388604157824784	0.9447539498543506	-1	1.1649875209992184	1.3063349442224284	0.8342150433656336	1.1848380761435084	0.0405389407905761	1.3522694690411083	0.6820465412425846	0.6283918584832385	0.8921817452765686	0.0	1.1380992696989485	1.0997315330013384
ROD_44361_1-278	0.36548194982692006	0.32474486855464	0.21918838442273003	0.12521149502229	0.9925270177184431	1.41937603823021	0.55416802571688	0.4019746485527861	0.564027469935181	0.7007611460835299	0.19334531984459802	-1	0.02688825130026995	0.16823567452347987	0.303884226333315	0.046738806444559966	1.0975603289083724	0.21417019934215986	0.456052728456364	0.5097074112157101	0.24591752442238002	1.1380992696989485	0.0	0.038367736697610066
SEN3310_1-278	0.32711421312931	0.28637713185702995	0.2575561211203401	0.08684375832467994	0.954159281020833	1.4577437749278201	0.59253576241449	0.363606911855176	0.525659733237571	0.73912888278114	0.15497758314698795	-1	0.06525598799788002	0.20660341122108994	0.26551648963570496	0.08510654314217003	1.0591925922107623	0.25253793603976993	0.41768499175875395	0.4713396745181	0.20754978772476995	1.0997315330013384	0.038367736697610066	0.0
