t2185_1-379	0.0	0.2996132016920836	0.46834043576328444	0.09312026005888219	0.1716613739757262	0.18325498732282028
STM_MW07481_1-379	0.2996132016920836	0.0	0.6276326600144648	0.22769605774477733	0.41984256180408036	0.4279625755370715
SL1344_0672_1-379	0.46834043576328444	0.6276326600144648	0.0	0.5178487126477994	0.35816156879163125	0.349050736785025
SEN0654_1-379	0.09312026005888219	0.22769605774477733	0.5178487126477994	0.0	0.24879648224792372	0.2593104953051143
STMMW_07481_1-379	0.1716613739757262	0.41984256180408036	0.35816156879163125	0.24879648224792372	0.0	0.013996224470104988
ROD_06881_1-379	0.18325498732282028	0.4279625755370715	0.349050736785025	0.2593104953051143	0.013996224470104988	0.0
