b3349_1-196	0.0	4.29706585883795	5.13256233686746	5.18279602549963	4.12143061172419	3.75082906075297	5.24763472929306	5.66665226106747	4.52248708315498	6.228235942296131	5.68413163234581	4.85629938376923	5.04437185878656
ENC_25480_1-196	4.29706585883795	0.0	0.83549647802951	0.8857301666616799	0.17563524711375988	0.5462367980849798	0.9505688704551101	1.36958640222952	0.22542122431703016	1.931170083458181	1.38706577350786	0.5592335249312801	0.74730599994861
NCTC13441_00346_1-196	5.13256233686746	0.83549647802951	0.0	0.050233688632169926	1.0111317251432699	1.3817332761144898	0.11507239242560008	0.5340899242000101	0.6100752537124798	1.0956736054286709	0.55156929547835	0.2762629530982299	0.08819047808089997
STM_MW34471_1-196	5.18279602549963	0.8857301666616799	0.050233688632169926	0.0	1.0613654137754398	1.4319669647466597	0.06483870379343015	0.4838562355678402	0.6603089423446498	1.045439916796501	0.5013356068461801	0.32649664173039983	0.1384241667130699
STMMW_34471_1-196	4.12143061172419	0.17563524711375988	1.0111317251432699	1.0613654137754398	0.0	0.37060155097121994	1.12620411756887	1.54522164934328	0.40105647143079004	2.106805330571941	1.5627010206216199	0.73486877204504	0.9229412470623699
CS17_03770_1-196	3.75082906075297	0.5462367980849798	1.3817332761144898	1.4319669647466597	0.37060155097121994	0.0	1.49680566854009	1.9158232003145	0.77165802240201	2.477406881543161	1.9333025715928398	1.10547032301626	1.2935427980335898
SEN3283_1-196	5.24763472929306	0.9505688704551101	0.11507239242560008	0.06483870379343015	1.12620411756887	1.49680566854009	0.0	0.41901753177441003	0.7251476461380799	0.9806012130030709	0.4364969030527499	0.39133534552383	0.20326287050650005
ROD_44701_1-200	5.66665226106747	1.36958640222952	0.5340899242000101	0.4838562355678402	1.54522164934328	1.9158232003145	0.41901753177441003	0.0	1.14416517791249	0.5615836812286609	0.017479371278339872	0.81035287729824	0.6222804022809101
SL1344_3422_1-196	4.52248708315498	0.22542122431703016	0.6100752537124798	0.6603089423446498	0.40105647143079004	0.77165802240201	0.7251476461380799	1.14416517791249	0.0	1.705748859141151	1.1616445491908298	0.33381230061424993	0.5218847756315799
t4050_1-196	6.228235942296131	1.931170083458181	1.0956736054286709	1.045439916796501	2.106805330571941	2.477406881543161	0.9806012130030709	0.5615836812286609	1.705748859141151	0.0	0.544104309950321	1.371936558526901	1.183864083509571
ERS227112_00852_1-195	5.68413163234581	1.38706577350786	0.55156929547835	0.5013356068461801	1.5627010206216199	1.9333025715928398	0.4364969030527499	0.017479371278339872	1.1616445491908298	0.544104309950321	0.0	0.8278322485765799	0.63975977355925
ETEC_3599_1-196	4.85629938376923	0.5592335249312801	0.2762629530982299	0.32649664173039983	0.73486877204504	1.10547032301626	0.39133534552383	0.81035287729824	0.33381230061424993	1.371936558526901	0.8278322485765799	0.0	0.18807247501732993
BN373_43711_1-195	5.04437185878656	0.74730599994861	0.08819047808089997	0.1384241667130699	0.9229412470623699	1.2935427980335898	0.20326287050650005	0.6222804022809101	0.5218847756315799	1.183864083509571	0.63975977355925	0.18807247501732993	0.0
