b2845_1-409	-1	-1	-1	-1	-1	-1	-1	-1	-1	-1
SEN2865_1-409	-1	0.0	0.2823178627791405	0.40429959431016727	0.4729942189913494	0.6456336667398763	0.01929846477254893	0.9421292494039775	0.835270371431392	1.2486474205400917
CS17_03182_1-410	-1	0.2823178627791405	0.0	0.6866174570893078	0.7553120817704899	0.9279515295190168	0.30161632755168943	1.224447112183118	0.5529525086522515	0.9663295577609512
STM_MW29841_1-410	-1	0.40429959431016727	0.6866174570893078	0.0	0.06869462468118215	0.24133407242970906	0.38500112953761834	0.5378296550938102	1.2395699657415593	1.652947014850259
ETEC_3032_1-409	-1	0.4729942189913494	0.7553120817704899	0.06869462468118215	0.0	0.1726394477485269	0.4536957542188005	0.46913503041262805	1.3082645904227415	1.7216416395314411
NCTC13441_00892_1-410	-1	0.6456336667398763	0.9279515295190168	0.24133407242970906	0.1726394477485269	0.0	0.6263352019673274	0.29649558266410114	1.4809040381712684	1.894281087279968
STMMW_29841_1-409	-1	0.01929846477254893	0.30161632755168943	0.38500112953761834	0.4536957542188005	0.6263352019673274	0.0	0.9228307846314285	0.854568836203941	1.2679458853126406
t2932_1-409	-1	0.9421292494039775	1.224447112183118	0.5378296550938102	0.46913503041262805	0.29649558266410114	0.9228307846314285	0.0	1.7773996208353695	2.190776669944069
SL1344_3000_1-409	-1	0.835270371431392	0.5529525086522515	1.2395699657415593	1.3082645904227415	1.4809040381712684	0.854568836203941	1.7773996208353695	0.0	0.41337704910869966
ROD_28991_1-409	-1	1.2486474205400917	0.9663295577609512	1.652947014850259	1.7216416395314411	1.894281087279968	1.2679458853126406	2.190776669944069	0.41337704910869966	0.0
