b2926_1-387	-1	-1	-1	-1	-1	-1	-1	-1	-1	-1	-1	-1	-1
BN373_40191_1-387	-1	0.0	0.004176363983033539	0.02043786857062857	0.011672188063456525	0.09822402503121787	0.012223372285445379	0.0020503517565578777	0.018099775859776148	0.020447287080786573	0.0011794045378399134	0.01729607748282008	0.06623718926790098
ENC_31600_1-387	-1	0.004176363983033539	0.0	0.01626150458759503	0.007495824080422986	0.10240038901425141	0.00804700830241184	0.006226715739591417	0.01392341187674261	0.016270923097753034	0.0029969594451936254	0.01311971349978654	0.07041355325093451
STM_MW30301_1-387	-1	0.02043786857062857	0.01626150458759503	0.0	0.008765680507172045	0.11866189360184644	0.008214496285183191	0.022488220327186448	0.002338092710852422	9.418510158003268e-06	0.019258464032788657	0.003141791087808491	0.08667505783852955
SL1344_3045_1-387	-1	0.011672188063456525	0.007495824080422986	0.008765680507172045	0.0	0.1098962130946744	0.0005511842219888541	0.013722539820014402	0.006427587796319623	0.008775099017330049	0.010492783525616611	0.005623889419363554	0.0779093773313575
CS17_03285_1-387	-1	0.09822402503121787	0.10240038901425141	0.11866189360184644	0.1098962130946744	0.0	0.11044739731666325	0.09617367327465999	0.11632380089099402	0.11867131211200443	0.09940342956905779	0.11552010251403795	0.03198683576331689
ERS227112_01310_1-387	-1	0.012223372285445379	0.00804700830241184	0.008214496285183191	0.0005511842219888541	0.11044739731666325	0.0	0.014273724042003257	0.005876403574330769	0.008223914795341195	0.011043967747605465	0.0050727051973747	0.07846056155334635
ETEC_3118_1-387	-1	0.0020503517565578777	0.006226715739591417	0.022488220327186448	0.013722539820014402	0.09617367327465999	0.014273724042003257	0.0	0.020150127616334026	0.02249763883734445	0.003229756294397791	0.019346429239377957	0.0641868375113431
NCTC13441_00830_1-387	-1	0.018099775859776148	0.01392341187674261	0.002338092710852422	0.006427587796319623	0.11632380089099402	0.005876403574330769	0.020150127616334026	0.0	0.0023475112210104253	0.016920371321936235	0.000803698376956069	0.08433696512767713
t2988_1-387	-1	0.020447287080786573	0.016270923097753034	9.418510158003268e-06	0.008775099017330049	0.11867131211200443	0.008223914795341195	0.02249763883734445	0.0023475112210104253	0.0	0.01926788254294666	0.0031512095979664943	0.08668447634868756
STMMW_30301_1-387	-1	0.0011794045378399134	0.0029969594451936254	0.019258464032788657	0.010492783525616611	0.09940342956905779	0.011043967747605465	0.003229756294397791	0.016920371321936235	0.01926788254294666	0.0	0.016116672944980166	0.06741659380574089
ROD_50671_1-387	-1	0.01729607748282008	0.01311971349978654	0.003141791087808491	0.005623889419363554	0.11552010251403795	0.0050727051973747	0.019346429239377957	0.000803698376956069	0.0031512095979664943	0.016116672944980166	0.0	0.08353326675072106
SEN2912_1-387	-1	0.06623718926790098	0.07041355325093451	0.08667505783852955	0.0779093773313575	0.03198683576331689	0.07846056155334635	0.0641868375113431	0.08433696512767713	0.08668447634868756	0.06741659380574089	0.08353326675072106	0.0
