SL1344_1663_1-212	0.0	0.24258944850073563	0.6797282449393022	0.3802387630854387	-1	0.6134193737154324	0.21494501584335052	0.20380784459856693	0.06481643362826467	0.6406239102080082	0.6507901079323857	0.22441669026212707	0.5521974684596873	0.15350095500948324
t1644_1-212	0.24258944850073563	0.0	0.5771490713633015	0.5305862997506758	-1	0.7071997546468747	0.40539107149266584	0.39695566047801256	0.1900942459480797	0.5255200906818357	0.5389423987078513	0.02343108472093149	0.6608296376232851	0.10524346603633844
CS17_01439_1-212	0.6797282449393022	0.5771490713633015	0.0	0.8015079809347845	-1	0.8761891443473778	0.7485690624050015	0.7450021410240232	0.65753059979094	0.10881173189325884	0.08286746069986295	0.5870569272965125	0.8565814973029606	0.621651368709712
STMMW_17271_1-212	0.3802387630854387	0.5305862997506758	0.8015079809347845	0.0	-1	0.3762426507841429	0.21055053541205915	0.22159338959816405	0.42040947616328256	0.7772726300729967	0.7835732453493749	0.5193235286265665	0.2774596007816384	0.47537270482968247
b1256_1-212	-1	-1	-1	-1	-1	-1	-1	-1	-1	-1	-1	-1	-1	-1
Ecoli9000q_2140_1-212	0.6134193737154324	0.7071997546468747	0.8761891443473778	0.3762426507841429	-1	0.0	0.5075750946287484	0.5144631560836503	0.6384761512209791	0.8610721661365128	0.8650022212197355	0.7001745183856752	0.13671630002885263	0.6727598690382777
SEN1302_1-212	0.21494501584335052	0.40539107149266584	0.7485690624050015	0.21055053541205915	-1	0.5075750946287484	0.0	0.013988044430264844	0.26582948011847835	0.7178700095220693	0.7258510337155138	0.3911244570615724	0.4295908686939074	0.33545170564635096
ERS227112_05485_1-212	0.20380784459856693	0.39695566047801256	0.7450021410240232	0.22159338959816405	-1	0.5144631560836503	0.013988044430264844	0.0	0.2554141805944889	0.7138675764687751	0.7219618233471844	0.3824866529264257	0.4375697769660458	0.32602410082374583
NCTC13441_02578_1-212	0.06481643362826467	0.1900942459480797	0.65753059979094	0.42040947616328256	-1	0.6384761512209791	0.26582948011847835	0.2554141805944889	0.0	0.6157159912611854	0.6265867957641127	0.17066195597626801	0.5812224315238389	0.09483113751163427
ETEC_1358_1-212	0.6406239102080082	0.5255200906818357	0.10881173189325884	0.7772726300729967	-1	0.8610721661365128	0.7178700095220693	0.7138675764687751	0.6157159912611854	0.0	0.02828846440580326	0.5366376696354496	0.8390704772160873	0.5754560009030869
ROD_17491_1-212	0.6507901079323857	0.5389423987078513	0.08286746069986295	0.7835732453493749	-1	0.8650022212197355	0.7258510337155138	0.7219618233471844	0.6265867957641127	0.02828846440580326	0.0	0.549745478424957	0.843622926293203	0.5874656987102372
ENC_08170_1-210	0.22441669026212707	0.02343108472093149	0.5870569272965125	0.5193235286265665	-1	0.7001745183856752	0.3911244570615724	0.3824866529264257	0.17066195597626801	0.5366376696354496	0.549745478424957	0.0	0.6526918304789661	0.08377532812625711
STM_MW17271_1-212	0.5521974684596873	0.6608296376232851	0.8565814973029606	0.2774596007816384	-1	0.13671630002885263	0.4295908686939074	0.4375697769660458	0.5812224315238389	0.8390704772160873	0.843622926293203	0.6526918304789661	0.0	0.6209355847067896
BN373_18711_1-212	0.15350095500948324	0.10524346603633844	0.621651368709712	0.47537270482968247	-1	0.6727598690382777	0.33545170564635096	0.32602410082374583	0.09483113751163427	0.5754560009030869	0.5874656987102372	0.08377532812625711	0.6209355847067896	0.0
