t2483_4-237	0.0	0.26157319250355504	0.39445360965547244	0.11527775057125167	0.06464524360664259	0.10056992571884438	0.06720872512044052	0.10979640526408208
BN373_08121_1-227	0.26157319250355504	0.0	0.6560268021590274	0.3768509430748067	0.19692794889691245	0.3621431182223994	0.32878191762399556	0.3713695977676371
STM_MW04511_4-237	0.39445360965547244	0.6560268021590274	0.0	0.27917585908422077	0.459098853262115	0.29388368393662806	0.3272448845350319	0.28465720439139036
SEN0364_4-237	0.11527775057125167	0.3768509430748067	0.27917585908422077	0.0	0.17992299417789426	0.014707824852407292	0.048069025450811154	0.005481345307169594
STMMW_04511_4-237	0.06464524360664259	0.19692794889691245	0.459098853262115	0.17992299417789426	0.0	0.16521516932548697	0.1318539687270831	0.17444164887072466
ERS227112_02674_1-227	0.10056992571884438	0.3621431182223994	0.29388368393662806	0.014707824852407292	0.16521516932548697	0.0	0.03336120059840386	0.009226479545237698
SL1344_0376_4-237	0.06720872512044052	0.32878191762399556	0.3272448845350319	0.048069025450811154	0.1318539687270831	0.03336120059840386	0.0	0.04258768014364156
ROD_04241_1-234	0.10979640526408208	0.3713695977676371	0.28465720439139036	0.005481345307169594	0.17444164887072466	0.009226479545237698	0.04258768014364156	0.0
