NCTC13441_00453_1-489	0.0	0.648969117766216	0.101763419365551	0.7485129410548961	0.220202959656146	6.182315238702156	0.013603925361393099	0.23226517170745797	0.354405437094526	0.6389100185147261	0.090439357474006	0.31823937001457603
ERS227112_00951_1-489	0.648969117766216	0.0	0.547205698400665	0.09954382328868006	0.869172077422362	5.53334612093594	0.6353651924048229	0.881234289473674	0.29456368067169003	0.010059099251489956	0.55852976029221	0.33072974775164
SEN3203_1-489	0.101763419365551	0.547205698400665	0.0	0.6467495216893451	0.321966379021697	6.0805518193366055	0.0881594940041579	0.334028591073009	0.252642017728975	0.5371465991491751	0.011324061891545001	0.21647595064902503
CS17_03683_1-489	0.7485129410548961	0.09954382328868006	0.6467495216893451	0.0	0.9687159007110421	5.43380229764726	0.734909015693503	0.980778112762354	0.3941075039603701	0.10960292254017001	0.6580735835808901	0.43027357104032005
STM_MW33681_1-489	0.220202959656146	0.869172077422362	0.321966379021697	0.9687159007110421	0.0	6.402518198358302	0.2338068850175391	0.012062212051311971	0.574608396750672	0.8591129781708721	0.310642317130152	0.538442329670722
b3247_1-489	6.182315238702156	5.53334612093594	6.0805518193366055	5.43380229764726	6.402518198358302	0.0	6.168711313340763	6.414580410409614	5.82790980160763	5.54340522018743	6.09187588122815	5.86407586868758
SL1344_3342_1-489	0.013603925361393099	0.6353651924048229	0.0881594940041579	0.734909015693503	0.2338068850175391	6.168711313340763	0.0	0.24586909706885107	0.3408015117331329	0.625306093153333	0.0768354321126129	0.30463544465318293
t3285_1-489	0.23226517170745797	0.881234289473674	0.334028591073009	0.980778112762354	0.012062212051311971	6.414580410409614	0.24586909706885107	0.0	0.586670608801984	0.871175190222184	0.322704529181464	0.550504541722034
ROD_45691_1-489	0.354405437094526	0.29456368067169003	0.252642017728975	0.3941075039603701	0.574608396750672	5.82790980160763	0.3408015117331329	0.586670608801984	0.0	0.2845045814202001	0.26396607962052	0.03616606707994996
BN373_42961_1-489	0.6389100185147261	0.010059099251489956	0.5371465991491751	0.10960292254017001	0.8591129781708721	5.54340522018743	0.625306093153333	0.871175190222184	0.2845045814202001	0.0	0.5484706610407201	0.32067064850015004
STMMW_33681_1-489	0.090439357474006	0.55852976029221	0.011324061891545001	0.6580735835808901	0.310642317130152	6.09187588122815	0.0768354321126129	0.322704529181464	0.26396607962052	0.5484706610407201	0.0	0.22780001254057003
ETEC_3507_1-489	0.31823937001457603	0.33072974775164	0.21647595064902503	0.43027357104032005	0.538442329670722	5.86407586868758	0.30463544465318293	0.550504541722034	0.03616606707994996	0.32067064850015004	0.22780001254057003	0.0
