ERS227112_04039_1-425	0.0	0.6470160781579601	0.08625452700244995	0.13674487339298014	0.22928612627699696	0.3082069273091801	0.33946087203923003	0.047795840448860094	0.027349658369510976
BN373_31511_2-426	0.6470160781579601	0.0	0.5607615511555102	0.51027120476498	0.8763022044349571	0.33880915084878005	0.3075552061187301	0.5992202377091	0.6743657365274711
SL1344_4364_1-408	0.08625452700244995	0.5607615511555102	0.0	0.05049034639053018	0.3155406532794469	0.22195240030673014	0.2532063450367801	0.03845868655358986	0.11360418537196093
ERS227112_04032_2-427	0.13674487339298014	0.51027120476498	0.05049034639053018	0.0	0.3660309996699771	0.17146205391619995	0.2027159986462499	0.08894903294412004	0.1640945317624911
ROD_22451_1-411	0.22928612627699696	0.8763022044349571	0.3155406532794469	0.3660309996699771	0.0	0.537493053586177	0.568746998316227	0.27708196672585705	0.20193646790748598
STM_MW43761_1-409	0.3082069273091801	0.33880915084878005	0.22195240030673014	0.17146205391619995	0.537493053586177	0.0	0.03125394473004994	0.26041108686032	0.33555658567869107
BN373_31441_1-425	0.33946087203923003	0.3075552061187301	0.2532063450367801	0.2027159986462499	0.568746998316227	0.03125394473004994	0.0	0.29166503159036994	0.366810530408741
ETEC_2235_1-423	0.047795840448860094	0.5992202377091	0.03845868655358986	0.08894903294412004	0.27708196672585705	0.26041108686032	0.29166503159036994	0.0	0.07514549881837107
STMMW_43761_1-408	0.027349658369510976	0.6743657365274711	0.11360418537196093	0.1640945317624911	0.20193646790748598	0.33555658567869107	0.366810530408741	0.07514549881837107	0.0
