t1048_1-322	0.0	0.005612576987050977	0.4762124130044991	0.013648609295158098	6.368251459528889	0.21746973506059109	0.16556218139592405	0.44032636687107907	0.6480928589215791	0.288086755119629	0.6624039584651791	0.23642145496286993	0.05983633521880194
SL1344_1759_1-322	0.005612576987050977	0.0	0.4818249899915501	0.019261186282209075	6.37386403651594	0.22308231204764206	0.17117475838297502	0.44593894385813004	0.6537054359086301	0.29369933210668	0.66801653545223	0.23080887797581895	0.05422375823175096
ROD_18551_1-322	0.4762124130044991	0.4818249899915501	0.0	0.462563803709341	5.89203904652439	0.25874267794390804	0.3106502316085751	0.03588604613342006	0.17188044591707996	0.18812565788487012	0.18619154546067995	0.712633867967369	0.5360487482233011
ERS227112_04333_1-323	0.013648609295158098	0.019261186282209075	0.462563803709341	0.0	6.354602850233731	0.203821125765433	0.15191357210076595	0.42667775757592097	0.634444249626421	0.2744381458244709	0.648755349170021	0.250070064258028	0.07348494451396004
b1817_1-323	6.368251459528889	6.37386403651594	5.89203904652439	6.354602850233731	0.0	6.150781724468298	6.202689278132965	5.92792509265781	5.72015860060731	6.08016470440926	5.70584750106371	6.604672914491759	6.428087794747691
NCTC13441_02069_1-323	0.21746973506059109	0.22308231204764206	0.25874267794390804	0.203821125765433	6.150781724468298	0.0	0.05190755366466704	0.22285663181048798	0.430623123860988	0.07061702005903792	0.444934223404588	0.453891190023461	0.277306070279393
ETEC_1849_1-323	0.16556218139592405	0.17117475838297502	0.3106502316085751	0.15191357210076595	6.202689278132965	0.05190755366466704	0.0	0.274764185475155	0.48253067752565504	0.12252457372370495	0.49684177706925503	0.40198363635879397	0.22539851661472599
STMMW_18221_1-322	0.44032636687107907	0.44593894385813004	0.03588604613342006	0.42667775757592097	5.92792509265781	0.22285663181048798	0.274764185475155	0.0	0.20776649205050002	0.15223961175145007	0.2220775915941	0.676747821833949	0.500162702089881
CS17_02004_1-323	0.6480928589215791	0.6537054359086301	0.17188044591707996	0.634444249626421	5.72015860060731	0.430623123860988	0.48253067752565504	0.20776649205050002	0.0	0.3600061038019501	0.014311099543599992	0.884514313884449	0.707929194140381
ENC_06790_1-298	0.288086755119629	0.29369933210668	0.18812565788487012	0.2744381458244709	6.08016470440926	0.07061702005903792	0.12252457372370495	0.15223961175145007	0.3600061038019501	0.0	0.3743172033455501	0.5245082100824989	0.34792309033843094
BN373_29161_1-323	0.6624039584651791	0.66801653545223	0.18619154546067995	0.648755349170021	5.70584750106371	0.444934223404588	0.49684177706925503	0.2220775915941	0.014311099543599992	0.3743172033455501	0.0	0.898825413428049	0.722240293683981
STM_MW18221_1-322	0.23642145496286993	0.23080887797581895	0.712633867967369	0.250070064258028	6.604672914491759	0.453891190023461	0.40198363635879397	0.676747821833949	0.884514313884449	0.5245082100824989	0.898825413428049	0.0	0.176585119744068
SEN1207_1-322	0.05983633521880194	0.05422375823175096	0.5360487482233011	0.07348494451396004	6.428087794747691	0.277306070279393	0.22539851661472599	0.500162702089881	0.707929194140381	0.34792309033843094	0.722240293683981	0.176585119744068	0.0
