NCTC13441_02341_1-380	0.0	1.043337269686683	1.4319313034011163	0.1625653281938526	0.6611203463687407	0.7550599533649919	0.43576167395170884	0.5230244794624762	0.22021686930921291	0.21641740399022857	1.564800550624322	0.2506650808788268	-1	0.7251677522094314	0.4113837614535659	0.12181131252191835	0.8111002913729118	0.19121866557125455	1.4291193296900757	1.6463479174384297	0.5131440360057206	0.5062557614774194	0.07731172082500992	0.41575848944970234	0.7702423709997517	1.0812866569974156	-1	0.8180063615670602	0.29797215029426705	0.054311644491241484	0.43684995704325646	0.30919318149340036	0.18172055344432436
SEN3761_19-416	1.043337269686683	0.0	0.3885940337144336	1.2059025978805353	1.7044576160554235	0.28827731632169096	0.607575595734974	0.5203127902242066	1.2635541389958957	0.8269198656964543	0.5214632809376394	0.7926721888078561	-1	0.3181695174772514	0.6319535082331169	0.9215259571647645	0.232236978313771	1.2345559352579374	0.385782060003393	0.603010647751747	0.5301932336809623	0.5370815082092635	1.1206489905116928	1.4590957591363851	1.8135796406864346	0.03794938731073283	-1	0.22533090811962264	0.7453651193924158	0.9890256251954413	1.4801872267299392	1.3525304511800833	0.8616167162423585
SL1344_3920_19-416	1.4319313034011163	0.3885940337144336	0.0	1.5944966315949691	2.093051649769857	0.6768713500361245	0.9961696294494076	0.9089068239386402	1.6521481727103293	1.2155138994108878	0.1328692472232058	1.1812662225222896	-1	0.706763551191685	1.0205475419475505	1.310119990879198	0.6208310120282046	1.623149968972371	0.002811973711040583	0.21441661403731338	0.9187872673953958	0.925675541923697	1.5092430242261263	1.8476897928508187	2.202173674400868	0.35064464640370074	-1	0.6139249418340562	1.1339591531068494	1.3776196589098748	1.868781260444373	1.7411244848945167	1.250210749956792
ETEC_4080_7-406	0.1625653281938526	1.2059025978805353	1.5944966315949691	0.0	0.4985550181748881	0.9176252815588445	0.5983270021455614	0.6855898076563288	0.057651541115360305	0.3789827321840812	1.727365878818175	0.4132304090726794	-1	0.887733080403284	0.5739490896474185	0.28437664071577096	0.9736656195667645	0.028653337377401944	1.5916846578839285	1.8089132456322825	0.6757093641995732	0.668821089671272	0.08525360736884269	0.25319316125584973	0.6076770428058991	1.2438519851912684	-1	0.9805716897609128	0.46053747848811966	0.2168769726850941	0.27428462884940386	0.14662785329954775	0.34428588163817697
ETEC_1567_1-380	0.6611203463687407	1.7044576160554235	2.093051649769857	0.4985550181748881	0.0	1.4161802997337325	1.0968820203204495	1.1841448258312168	0.4409034770595278	0.8775377503589693	2.225920896993063	0.9117854272475675	-1	1.386288098578172	1.0725041078223065	0.7829316588906591	1.4722206377416525	0.4699016807974862	2.0902396760588164	2.3074682638071704	1.1742643823744612	1.16737610784616	0.5838086255437308	0.24536185691903836	0.10912202463101103	1.7424070033661563	-1	1.4791267079358008	0.9590924966630078	0.7154319908599822	0.22427038932548424	0.35192716487534037	0.8428408998130651
STM_MW00371_4-396	0.7550599533649919	0.28827731632169096	0.6768713500361245	0.9176252815588445	1.4161802997337325	0.0	0.31929827941328304	0.23203547390251567	0.9752768226742048	0.5386425493747633	0.8097405972593303	0.5043948724861651	-1	0.02989220115556046	0.34367619191142595	0.6332486408430735	0.056040338007919965	0.9462786189362464	0.674059376325084	0.8912879640734379	0.24191591735927132	0.24880419188757252	0.8323716741900018	1.1708184428146942	1.5253023243647437	0.3262267036324238	-1	0.06294640820206832	0.45708780307072483	0.7007483088737504	1.1919099104082482	1.0642531348583923	0.5733393999206675
SEN0036_4-396	0.43576167395170884	0.607575595734974	0.9961696294494076	0.5983270021455614	1.0968820203204495	0.31929827941328304	0.0	0.08726280551076737	0.6559785432609218	0.21934426996148026	1.1290388766726134	0.18509659307288207	-1	0.2894060782577226	0.024377912498142917	0.3139503614297905	0.375338617421203	0.6269803395229634	0.993357655738367	1.210586243486721	0.07738236205401172	0.07049408752571051	0.5130733947767188	0.8515201634014111	1.2060040449514606	0.6455249830457068	-1	0.38224468761535135	0.1377895236574418	0.38145002946046735	0.8726116309949653	0.7449548554451092	0.2540411205073845
SL1344_3097_21-391	0.5230244794624762	0.5203127902242066	0.9089068239386402	0.6855898076563288	1.1841448258312168	0.23203547390251567	0.08726280551076737	0.0	0.7432413487716891	0.30660707547224764	1.041776071161846	0.27235939858364944	-1	0.2021432727469552	0.11164071800891029	0.40121316694055786	0.28807581191043563	0.7142431450337308	0.9060948502275996	1.1233234379759536	0.00988044345675565	0.016768717985056858	0.6003362002874861	0.9387829689121785	1.293266850462228	0.5582621775349395	-1	0.294981882104584	0.22505232916820916	0.4687128349712347	0.9598744365057327	0.8322176609558766	0.34130392601815185
Ecoli9000q_34120_7-406	0.22021686930921291	1.2635541389958957	1.6521481727103293	0.057651541115360305	0.4409034770595278	0.9752768226742048	0.6559785432609218	0.7432413487716891	0.0	0.4366342732994415	1.7850174199335351	0.4708819501880397	-1	0.9453846215186443	0.6316006307627788	0.34202818183113126	1.0313171606821248	0.02899820373795836	1.6493361989992887	1.8665647867476427	0.7333609053149335	0.7264726307866323	0.142905148484203	0.19554162014048942	0.5500255016905388	1.3015035263066286	-1	1.038223230876273	0.51818901960348	0.2745285138004544	0.21663308773404355	0.08897631218418744	0.4019374227535373
ERS227112_02955_22-387	0.21641740399022857	0.8269198656964543	1.2155138994108878	0.3789827321840812	0.8775377503589693	0.5386425493747633	0.21934426996148026	0.30660707547224764	0.4366342732994415	0.0	1.3483831466340936	0.0342476768885982	-1	0.5087503482192028	0.19496635746333735	0.09460609146831023	0.5946828873826833	0.4076360695614831	1.2127019256998472	1.4299305134482012	0.296726632015492	0.2898383574871908	0.2937291248152385	0.6321758934399309	0.9866597749899803	0.8648692530071871	-1	0.6015889575768316	0.08155474630403847	0.1621057594989871	0.653267361033485	0.5256105854836289	0.03469685054590421
STM_MW39371_19-416	1.564800550624322	0.5214632809376394	0.1328692472232058	1.727365878818175	2.225920896993063	0.8097405972593303	1.1290388766726134	1.041776071161846	1.7850174199335351	1.3483831466340936	0.0	1.3141354697454954	-1	0.8396327984148908	1.1534167891707563	1.4429892381024039	0.7537002592514104	1.7560192161955768	0.1356812209342464	0.08154736681410757	1.0516565146186017	1.0585447891469029	1.6421122714493321	1.9805590400740245	2.335042921624074	0.48351389362690655	-1	0.746794189057262	1.2668284003300552	1.5104889061330806	2.001650507667579	1.8739937321177225	1.3830799971799979
t0038_4-396	0.2506650808788268	0.7926721888078561	1.1812662225222896	0.4132304090726794	0.9117854272475675	0.5043948724861651	0.18509659307288207	0.27235939858364944	0.4708819501880397	0.0342476768885982	1.3141354697454954	0.0	-1	0.47450267133060464	0.16071868057473915	0.12885376835690843	0.5604352104940851	0.4418837464500813	1.178454248811249	1.395682836559603	0.2624789551268938	0.2555906805985926	0.3279768017038367	0.6664235703285291	1.0209074518785786	0.8306215761185889	-1	0.5673412806882334	0.04730706941544027	0.1963534363875853	0.6875150379220832	0.5598582623722271	0.06894452743450241
b3800_7-406	-1	-1	-1	-1	-1	-1	-1	-1	-1	-1	-1	-1	-1	-1	-1	-1	-1	-1	-1	-1	-1	-1	-1	-1	-1	-1	-1	-1	-1	-1	-1	-1	-1
STMMW_30831_21-391	0.7251677522094314	0.3181695174772514	0.706763551191685	0.887733080403284	1.386288098578172	0.02989220115556046	0.2894060782577226	0.2021432727469552	0.9453846215186443	0.5087503482192028	0.8396327984148908	0.47450267133060464	-1	0.0	0.3137839907558655	0.6033564396875131	0.08593253916348043	0.916386417780686	0.7039515774806444	0.9211801652289984	0.21202371620371085	0.21891199073201206	0.8024794730344413	1.1409262416591337	1.4954101232091832	0.35611890478798425	-1	0.09283860935762878	0.42719560191516437	0.6708561077181899	1.1620177092526878	1.0343609337028319	0.543447198765107
SL1344_0037_4-396	0.4113837614535659	0.6319535082331169	1.0205475419475505	0.5739490896474185	1.0725041078223065	0.34367619191142595	0.024377912498142917	0.11164071800891029	0.6316006307627788	0.19496635746333735	1.1534167891707563	0.16071868057473915	-1	0.3137839907558655	0.0	0.2895724489316476	0.3997165299193459	0.6026024270248205	1.01773556823651	1.2349641559848639	0.10176027455215464	0.09487200002385343	0.48869548227857584	0.8271422509032682	1.1816261324533177	0.6699028955438497	-1	0.40662260011349427	0.11341161115929888	0.35707211696232444	0.8482337184968224	0.7205769429469663	0.22966320800924156
BN373_10941_22-387	0.12181131252191835	0.9215259571647645	1.310119990879198	0.28437664071577096	0.7829316588906591	0.6332486408430735	0.3139503614297905	0.40121316694055786	0.34202818183113126	0.09460609146831023	1.4429892381024039	0.12885376835690843	-1	0.6033564396875131	0.2895724489316476	0.0	0.6892889788509935	0.3130299780931729	1.3073080171681575	1.5245366049165114	0.3913327234838022	0.384444448955501	0.19912303334692827	0.5375698019716206	0.89205368352167	0.9594753444754973	-1	0.6961950490451418	0.1761608377723487	0.06749966803067686	0.5586612695651748	0.4310044940153187	0.059909240922406015
STM_MW30831_21-391	0.8111002913729118	0.232236978313771	0.6208310120282046	0.9736656195667645	1.4722206377416525	0.056040338007919965	0.375338617421203	0.28807581191043563	1.0313171606821248	0.5946828873826833	0.7537002592514104	0.5604352104940851	-1	0.08593253916348043	0.3997165299193459	0.6892889788509935	0.0	1.0023189569441664	0.618019038317164	0.835247626065518	0.2979562553671913	0.3048445298954925	0.8884120121979218	1.2268587808226141	1.5813426623726636	0.2701863656245038	-1	0.0069060701941483504	0.5131281410786448	0.7567886468816704	1.2479502484161684	1.120293472866312	0.6293797379285875
SL1344_1222_3-390	0.19121866557125455	1.2345559352579374	1.623149968972371	0.028653337377401944	0.4699016807974862	0.9462786189362464	0.6269803395229634	0.7142431450337308	0.02899820373795836	0.4076360695614831	1.7560192161955768	0.4418837464500813	-1	0.916386417780686	0.6026024270248205	0.3130299780931729	1.0023189569441664	0.0	1.6203379952613304	1.8375665830096843	0.7043627015769751	0.6974744270486739	0.11390694474624463	0.2245398238784478	0.5790237054284971	1.2725053225686702	-1	1.0092250271383147	0.4891908158655216	0.24553031006249604	0.2456312914720019	0.1179745159221458	0.3729392190155789
Ecoli9000q_4990_1-380	1.4291193296900757	0.385782060003393	0.002811973711040583	1.5916846578839285	2.0902396760588164	0.674059376325084	0.993357655738367	0.9060948502275996	1.6493361989992887	1.2127019256998472	0.1356812209342464	1.178454248811249	-1	0.7039515774806444	1.01773556823651	1.3073080171681575	0.618019038317164	1.6203379952613304	0.0	0.21722858774835396	0.9159752936843553	0.9228635682126565	1.5064310505150857	1.844877819139778	2.1993617006898276	0.34783267269266016	-1	0.6111129681230156	1.1311471793958088	1.3748076851988342	1.8659692867333324	1.738312511183476	1.2473987762457515
STMMW_39371_19-416	1.6463479174384297	0.603010647751747	0.21441661403731338	1.8089132456322825	2.3074682638071704	0.8912879640734379	1.210586243486721	1.1233234379759536	1.8665647867476427	1.4299305134482012	0.08154736681410757	1.395682836559603	-1	0.9211801652289984	1.2349641559848639	1.5245366049165114	0.835247626065518	1.8375665830096843	0.21722858774835396	0.0	1.1332038814327092	1.1400921559610104	1.7236596382634397	2.062106406888132	2.4165902884381816	0.5650612604410141	-1	0.8283415558713696	1.3483757671441627	1.5920362729471882	2.0831978744816864	1.95554109893183	1.4646273639941054
BN373_34911_2-374	0.5131440360057206	0.5301932336809623	0.9187872673953958	0.6757093641995732	1.1742643823744612	0.24191591735927132	0.07738236205401172	0.00988044345675565	0.7333609053149335	0.296726632015492	1.0516565146186017	0.2624789551268938	-1	0.21202371620371085	0.10176027455215464	0.3913327234838022	0.2979562553671913	0.7043627015769751	0.9159752936843553	1.1332038814327092	0.0	0.006888274528301208	0.5904557568307305	0.9289025254554228	1.2833864070054724	0.5681426209916951	-1	0.30486232556133963	0.21517188571145351	0.4588323915144791	0.949993993048977	0.8223372174991209	0.3314234825613962
STMMW_00371_4-396	0.5062557614774194	0.5370815082092635	0.925675541923697	0.668821089671272	1.16737610784616	0.24880419188757252	0.07049408752571051	0.016768717985056858	0.7264726307866323	0.2898383574871908	1.0585447891469029	0.2555906805985926	-1	0.21891199073201206	0.09487200002385343	0.384444448955501	0.3048445298954925	0.6974744270486739	0.9228635682126565	1.1400921559610104	0.006888274528301208	0.0	0.5835674823024293	0.9220142509271216	1.2764981324771711	0.5750308955199963	-1	0.31175060008964084	0.2082836111831523	0.45194411698617787	0.9431057185206758	0.8154489429708197	0.324535208033095
t3331_19-416	0.07731172082500992	1.1206489905116928	1.5092430242261263	0.08525360736884269	0.5838086255437308	0.8323716741900018	0.5130733947767188	0.6003362002874861	0.142905148484203	0.2937291248152385	1.6421122714493321	0.3279768017038367	-1	0.8024794730344413	0.48869548227857584	0.19912303334692827	0.8884120121979218	0.11390694474624463	1.5064310505150857	1.7236596382634397	0.5904557568307305	0.5835674823024293	0.0	0.3384467686246924	0.6929306501747418	1.1585983778224256	-1	0.8953180823920701	0.37528387111927697	0.1316233653162514	0.35953823621824654	0.23188146066839044	0.2590322742693343
STM_MW12931_3-390	0.41575848944970234	1.4590957591363851	1.8476897928508187	0.25319316125584973	0.24536185691903836	1.1708184428146942	0.8515201634014111	0.9387829689121785	0.19554162014048942	0.6321758934399309	1.9805590400740245	0.6664235703285291	-1	1.1409262416591337	0.8271422509032682	0.5375698019716206	1.2268587808226141	0.2245398238784478	1.844877819139778	2.062106406888132	0.9289025254554228	0.9220142509271216	0.3384467686246924	0.0	0.3544838815500494	1.497045146447118	-1	1.2337648510167625	0.7137306397439693	0.4700701339409438	0.021091467593554125	0.10656530795630198	0.5974790428940266
CS17_01661_1-380	0.7702423709997517	1.8135796406864346	2.202173674400868	0.6076770428058991	0.10912202463101103	1.5253023243647437	1.2060040449514606	1.293266850462228	0.5500255016905388	0.9866597749899803	2.335042921624074	1.0209074518785786	-1	1.4954101232091832	1.1816261324533177	0.89205368352167	1.5813426623726636	0.5790237054284971	2.1993617006898276	2.4165902884381816	1.2833864070054724	1.2764981324771711	0.6929306501747418	0.3544838815500494	0.0	1.8515290279971675	-1	1.588248732566812	1.0682145212940188	0.8245540154909932	0.33339241395649527	0.4610491895063514	0.951962924444076
SEN2966_21-391	1.0812866569974156	0.03794938731073283	0.35064464640370074	1.2438519851912684	1.7424070033661563	0.3262267036324238	0.6455249830457068	0.5582621775349395	1.3015035263066286	0.8648692530071871	0.48351389362690655	0.8306215761185889	-1	0.35611890478798425	0.6699028955438497	0.9594753444754973	0.2701863656245038	1.2725053225686702	0.34783267269266016	0.5650612604410141	0.5681426209916951	0.5750308955199963	1.1585983778224256	1.497045146447118	1.8515290279971675	0.0	-1	0.26328029543035547	0.7833145067031486	1.026975012506174	1.5181366140406722	1.390479838490816	0.8995661035530913
b1497_1-380	-1	-1	-1	-1	-1	-1	-1	-1	-1	-1	-1	-1	-1	-1	-1	-1	-1	-1	-1	-1	-1	-1	-1	-1	-1	-1	-1	-1	-1	-1	-1	-1	-1
ERS227112_03747_2-374	0.8180063615670602	0.22533090811962264	0.6139249418340562	0.9805716897609128	1.4791267079358008	0.06294640820206832	0.38224468761535135	0.294981882104584	1.038223230876273	0.6015889575768316	0.746794189057262	0.5673412806882334	-1	0.09283860935762878	0.40662260011349427	0.6961950490451418	0.0069060701941483504	1.0092250271383147	0.6111129681230156	0.8283415558713696	0.30486232556133963	0.31175060008964084	0.8953180823920701	1.2337648510167625	1.588248732566812	0.26328029543035547	-1	0.0	0.5200342112727931	0.7636947170758187	1.2548563186103165	1.1271995430604607	0.6362858081227358
CS17_04252_7-406	0.29797215029426705	0.7453651193924158	1.1339591531068494	0.46053747848811966	0.9590924966630078	0.45708780307072483	0.1377895236574418	0.22505232916820916	0.51818901960348	0.08155474630403847	1.2668284003300552	0.04730706941544027	-1	0.42719560191516437	0.11341161115929888	0.1761608377723487	0.5131281410786448	0.4891908158655216	1.1311471793958088	1.3483757671441627	0.21517188571145351	0.2082836111831523	0.37528387111927697	0.7137306397439693	1.0682145212940188	0.7833145067031486	-1	0.5200342112727931	0.0	0.24366050580302556	0.7348221073375235	0.6071653317876674	0.11625159684994268
NCTC13441_04722_7-406	0.054311644491241484	0.9890256251954413	1.3776196589098748	0.2168769726850941	0.7154319908599822	0.7007483088737504	0.38145002946046735	0.4687128349712347	0.2745285138004544	0.1621057594989871	1.5104889061330806	0.1963534363875853	-1	0.6708561077181899	0.35707211696232444	0.06749966803067686	0.7567886468816704	0.24553031006249604	1.3748076851988342	1.5920362729471882	0.4588323915144791	0.45194411698617787	0.1316233653162514	0.4700701339409438	0.8245540154909932	1.026975012506174	-1	0.7636947170758187	0.24366050580302556	0.0	0.49116160153449795	0.36350482598464184	0.12740890895308288
STMMW_12931_3-390	0.43684995704325646	1.4801872267299392	1.868781260444373	0.27428462884940386	0.22427038932548424	1.1919099104082482	0.8726116309949653	0.9598744365057327	0.21663308773404355	0.653267361033485	2.001650507667579	0.6875150379220832	-1	1.1620177092526878	0.8482337184968224	0.5586612695651748	1.2479502484161684	0.2456312914720019	1.8659692867333324	2.0831978744816864	0.949993993048977	0.9431057185206758	0.35953823621824654	0.021091467593554125	0.33339241395649527	1.5181366140406722	-1	1.2548563186103165	0.7348221073375235	0.49116160153449795	0.0	0.1276567755498561	0.6185705104875808
SEN1765_3-390	0.30919318149340036	1.3525304511800833	1.7411244848945167	0.14662785329954775	0.35192716487534037	1.0642531348583923	0.7449548554451092	0.8322176609558766	0.08897631218418744	0.5256105854836289	1.8739937321177225	0.5598582623722271	-1	1.0343609337028319	0.7205769429469663	0.4310044940153187	1.120293472866312	0.1179745159221458	1.738312511183476	1.95554109893183	0.8223372174991209	0.8154489429708197	0.23188146066839044	0.10656530795630198	0.4610491895063514	1.390479838490816	-1	1.1271995430604607	0.6071653317876674	0.36350482598464184	0.1276567755498561	0.0	0.4909137349377247
ROD_40521_1-370	0.18172055344432436	0.8616167162423585	1.250210749956792	0.34428588163817697	0.8428408998130651	0.5733393999206675	0.2540411205073845	0.34130392601815185	0.4019374227535373	0.03469685054590421	1.3830799971799979	0.06894452743450241	-1	0.543447198765107	0.22966320800924156	0.059909240922406015	0.6293797379285875	0.3729392190155789	1.2473987762457515	1.4646273639941054	0.3314234825613962	0.324535208033095	0.2590322742693343	0.5974790428940266	0.951962924444076	0.8995661035530913	-1	0.6362858081227358	0.11625159684994268	0.12740890895308288	0.6185705104875808	0.4909137349377247	0.0
