b0150_1-747	-1	-1	-1	-1	-1	-1	-1	-1	-1	-1	-1	-1	-1	-1	-1	-1	-1	-1	-1	-1	-1	-1	-1	-1	-1
SL1344_0192_1-729	-1	0.0	0.2406642659964284	0.6101517843368685	0.5723352353865078	0.09987150880742983	0.546909523951961	0.6573704452879895	0.5304043725472368	0.2752582812173403	0.6235427746467611	0.6605799541723545	0.44278984656857845	0.4904693005059236	0.6180330134759585	0.3285889899070852	0.4546313199001756	0.5810901973477891	0.06620752425624239	0.4475775703860154	0.5444656986667036	0.5183164643796816	0.24641818726227788	0.11250536894376524	0.30316036687623427
ETEC_0146_1-747	-1	0.2406642659964284	0.0	0.4865930862917905	0.6752588620547492	0.15641406595458812	0.40330679071412195	0.5487772544227466	0.3815704879621082	0.045558260558233137	0.5042282240974212	0.5530039867371118	0.26618736814406174	0.32897837323209683	0.4969721963298979	0.11579163204538881	0.28178188424718703	0.44832070467232804	0.186826030699415	0.2724925156605547	0.40008841816055796	0.3656514318367997	0.007577572091217339	0.14440526462693898	0.08230364788747305
ERS227112_02965_1-733	-1	0.6101517843368685	0.4865930862917905	0.0	0.8332756546134369	0.566897149154088	0.13957976105902986	0.12112062862927858	0.16982145302801696	0.46208669163139227	0.03434924099143206	0.1293533426841723	0.30035694205792673	0.2348876798783273	0.020216147778653208	0.4193598111994298	0.2851657422062196	0.06937433023787926	0.5825108621135323	0.29429328940255867	0.14419569608240085	0.1906548868001478	0.4826730036824614	0.5607317475271245	0.440548158956552
CS17_00160_1-730	-1	0.5723352353865078	0.6752588620547492	0.8332756546134369	0.0	0.6150467606922316	0.8062291682123003	0.8534694121344624	0.7991704965218888	0.6900535034312361	0.8390025093322587	0.8548420059960193	0.7617008508925033	0.7820916733375178	0.8366461786180708	0.7128611684097066	0.7667650317975377	0.8208470378544577	0.6006498606631957	0.7637483916719218	0.8051840302469242	0.7940009241207419	0.6777196114385133	0.6204498175135973	0.7019862423267724
BN373_06561_1-735	-1	0.09987150880742983	0.15641406595458812	0.566897149154088	0.6150467606922316	0.0	0.49663800170601813	0.6193548387096774	0.47830156244626676	0.19484637374108948	0.5817739033518704	0.6229204506370511	0.38096598554148636	0.43393559421832667	0.5756528203901449	0.2540942580282401	0.39412129997432754	0.5346111063574912	0.036050820097232365	0.3862849192984812	0.49392302788931375	0.46487247061567705	0.16280639918495415	0.014035618536634644	0.22584426563308677
STMMW_04341_5-702	-1	0.546909523951961	0.40330679071412195	0.13957976105902986	0.8062291682123003	0.49663800170601813	0.0	0.24379440128491425	0.03514758323933599	0.37482490064310103	0.1691345432003188	0.2508779950791586	0.18685890187425858	0.11076903413685986	0.1569741437612046	0.32516674698954223	0.1692033433876232	0.07543895800670958	0.5147846145502979	0.17981158664277194	0.005364744824055289	0.05936067450480092	0.3987507814155099	0.48947243150214664	0.3497923273724508
BN373_11061_2-736	-1	0.6573704452879895	0.5487772544227466	0.12112062862927858	0.8534694121344624	0.6193548387096774	0.24379440128491425	0.0	0.27037320051180463	0.527239089689053	0.08985793966230045	0.009367285571913924	0.3850981490519814	0.32755856506347014	0.10298647055864077	0.48968731587437786	0.3717469168759461	0.18209229637801075	0.6330774089402369	0.37976892981802113	0.24785125135654262	0.2886832756889485	0.5453319746833382	0.6139361944035239	0.5083093176315416
ENC_21870_1-714	-1	0.5304043725472368	0.3815704879621082	0.16982145302801696	0.7991704965218888	0.47830156244626676	0.03514758323933599	0.27037320051180463	0.0	0.3520510613884108	0.1983374560038745	0.27720782310353215	0.15723784902179008	0.07837618436134582	0.18660446521627017	0.30058396363238504	0.13893913495947674	0.10793504419001597	0.4971092189635236	0.14993381463366384	0.029943477531381397	0.025095124233358364	0.3768485126429105	0.4708749653010487	0.32610660311085055
ENC_44390_2-696	-1	0.2752582812173403	0.045558260558233137	0.46208669163139227	0.6900535034312361	0.19484637374108948	0.37482490064310103	0.527239089689053	0.3520510613884108	0.0	0.48056360549304405	0.5316675761431736	0.23116037204624976	0.29694857314143686	0.4729612265654763	0.07358581313536613	0.24749925943841913	0.4219874587103266	0.2238728222719837	0.23776648246235618	0.37145290587320934	0.33537214274155946	0.03827068735946257	0.18338467251331741	0.038499350783560156
Ecoli9000q_42040_1-748	-1	0.6235427746467611	0.5042282240974212	0.03434924099143206	0.8390025093322587	0.5817739033518704	0.1691345432003188	0.08985793966230045	0.1983374560038745	0.48056360549304405	0.0	0.09838350025249379	0.32438915006316144	0.2611687073477003	0.014424705184451216	0.43930436097385117	0.30971975639610966	0.1013406156413512	0.5968512971220998	0.31853377927414095	0.1735919243591712	0.2184552771386874	0.5004427933503462	0.5758202785912006	0.4597649050676538
NCTC13441_01730_1-722	-1	0.6605799541723545	0.5530039867371118	0.1293533426841723	0.8548420059960193	0.6229204506370511	0.2508779950791586	0.009367285571913924	0.27720782310353215	0.5316675761431736	0.09838350025249379	0.0	0.39085811028851	0.3338575160149082	0.11138905245078841	0.4944675605175525	0.37763194291700447	0.18975387140930625	0.6365144776334802	0.3855788113729895	0.2548968434776436	0.29534638257764856	0.5495909799168975	0.6175525643195259	0.5129151246663363
ROD_01541_1-751	-1	0.44278984656857845	0.26618736814406174	0.30035694205792673	0.7617008508925033	0.38096598554148636	0.18685890187425858	0.3850981490519814	0.15723784902179008	0.23116037204624976	0.32438915006316144	0.39085811028851	0.0	0.08556817144074755	0.31450102950959247	0.17009083101823025	0.021251359578921485	0.24820141902929607	0.40328266943079777	0.008592312591493782	0.18247307855390477	0.13554422392699378	0.26058439307723325	0.37215377543380906	0.20037534183642594
ROD_07431_1-722	-1	0.4904693005059236	0.32897837323209683	0.2348876798783273	0.7820916733375178	0.43393559421832667	0.11076903413685986	0.32755856506347014	0.07837618436134582	0.29694857314143686	0.2611687073477003	0.3338575160149082	0.08556817144074755	0.0	0.25035530360917524	0.24110464106991067	0.06571330902095109	0.17785169162887507	0.4543426802746085	0.07764299170451774	0.10597280637730784	0.05465257324319823	0.323854834496365	0.42587742881591495	0.2687977616744158
t2500_1-696	-1	0.6180330134759585	0.4969721963298979	0.020216147778653208	0.8366461786180708	0.5756528203901449	0.1569741437612046	0.10298647055864077	0.18660446521627017	0.4729612265654763	0.014424705184451216	0.11138905245078841	0.31450102950959247	0.25035530360917524	0.0	0.4310981190624472	0.29961693719902255	0.08818799630439841	0.5909508842210277	0.30855996055238377	0.16149676236000646	0.20701672721252684	0.49313136268990354	0.569612059433587	0.451858120050126
SEN0196_1-747	-1	0.3285889899070852	0.11579163204538881	0.4193598111994298	0.7128611684097066	0.2540942580282401	0.32516674698954223	0.48968731587437786	0.30058396363238504	0.07358581313536613	0.43930436097385117	0.4944675605175525	0.17009083101823025	0.24110464106991067	0.4310981190624472	0.0	0.18772752918610575	0.3760754644249294	0.2809847717415566	0.17722167002066846	0.32152691200244654	0.28258022525776055	0.10904032084623327	0.24347597540522828	0.03649135586169303
SL1344_0359_5-702	-1	0.4546313199001756	0.28178188424718703	0.2851657422062196	0.7667650317975377	0.39412129997432754	0.1692033433876232	0.3717469168759461	0.13893913495947674	0.24749925943841913	0.30971975639610966	0.37763194291700447	0.021251359578921485	0.06571330902095109	0.29961693719902255	0.18772752918610575	0.0	0.231877777477919	0.41596372398969805	0.012768760166181347	0.16472229162496949	0.11677448082982886	0.2762979800182154	0.38549636131233345	0.21736845297523225
BN373_18731_8-761	-1	0.5810901973477891	0.44832070467232804	0.06937433023787926	0.8208470378544577	0.5346111063574912	0.07543895800670958	0.18209229637801075	0.10793504419001597	0.4219874587103266	0.1013406156413512	0.18975387140930625	0.24820141902929607	0.17785169162887507	0.08818799630439841	0.3760754644249294	0.231877777477919	0.0	0.5513887576374473	0.24168574591561764	0.08039899207126625	0.13032152508029285	0.44410839596787216	0.5279860993033237	0.39884331668344086
ENC_46710_1-736	-1	0.06620752425624239	0.186826030699415	0.5825108621135323	0.6006498606631957	0.036050820097232365	0.5147846145502979	0.6330774089402369	0.4971092189635236	0.2238728222719837	0.5968512971220998	0.6365144776334802	0.40328266943079777	0.4543426802746085	0.5909508842210277	0.2809847717415566	0.41596372398969805	0.5513887576374473	0.0	0.4084098512638101	0.5121675177662282	0.4841642569065877	0.19298791507449153	0.04958044307504942	0.2537532147399892
ERS227112_02506_1-736	-1	0.4475775703860154	0.2724925156605547	0.29429328940255867	0.7637483916719218	0.3862849192984812	0.17981158664277194	0.37976892981802113	0.14993381463366384	0.23776648246235618	0.31853377927414095	0.3855788113729895	0.008592312591493782	0.07764299170451774	0.30855996055238377	0.17722167002066846	0.012768760166181347	0.24168574591561764	0.4084098512638101	0.0	0.17538775235536783	0.12805217565676377	0.26693768310694277	0.37754842645467096	0.20724596685523375
STM_MW04341_5-703	-1	0.5444656986667036	0.40008841816055796	0.14419569608240085	0.8051840302469242	0.49392302788931375	0.005364744824055289	0.24785125135654262	0.029943477531381397	0.37145290587320934	0.1735919243591712	0.2548968434776436	0.18247307855390477	0.10597280637730784	0.16149676236000646	0.32152691200244654	0.16472229162496949	0.08039899207126625	0.5121675177662282	0.17538775235536783	0.0	0.05428716647611097	0.39550783520323446	0.48671880888884816	0.34628531489914705
SEN0347_5-702	-1	0.5183164643796816	0.3656514318367997	0.1906548868001478	0.7940009241207419	0.46487247061567705	0.05936067450480092	0.2886832756889485	0.025095124233358364	0.33537214274155946	0.2184552771386874	0.29534638257764856	0.13554422392699378	0.05465257324319823	0.20701672721252684	0.28258022525776055	0.11677448082982886	0.13032152508029285	0.4841642569065877	0.12805217565676377	0.05428716647611097	0.0	0.36080790767708676	0.45725470468812646	0.3087598455600953
NCTC13441_03826_1-750	-1	0.24641818726227788	0.007577572091217339	0.4826730036824614	0.6777196114385133	0.16280639918495415	0.3987507814155099	0.5453319746833382	0.3768485126429105	0.03827068735946257	0.5004427933503462	0.5495909799168975	0.26058439307723325	0.323854834496365	0.49313136268990354	0.10904032084623327	0.2762979800182154	0.44410839596787216	0.19298791507449153	0.26693768310694277	0.39550783520323446	0.36080790767708676	0.0	0.15088859541509436	0.0752966415256428
STMMW_01971_1-729	-1	0.11250536894376524	0.14440526462693898	0.5607317475271245	0.6204498175135973	0.014035618536634644	0.48947243150214664	0.6139361944035239	0.4708749653010487	0.18338467251331741	0.5758202785912006	0.6175525643195259	0.37215377543380906	0.42587742881591495	0.569612059433587	0.24347597540522828	0.38549636131233345	0.5279860993033237	0.04958044307504942	0.37754842645467096	0.48671880888884816	0.45725470468812646	0.15088859541509436	0.0	0.21482383246145906
STM_MW01971_1-730	-1	0.30316036687623427	0.08230364788747305	0.440548158956552	0.7019862423267724	0.22584426563308677	0.3497923273724508	0.5083093176315416	0.32610660311085055	0.038499350783560156	0.4597649050676538	0.5129151246663363	0.20037534183642594	0.2687977616744158	0.451858120050126	0.03649135586169303	0.21736845297523225	0.39884331668344086	0.2537532147399892	0.20724596685523375	0.34628531489914705	0.3087598455600953	0.0752966415256428	0.21482383246145906	0.0
