STMMW_03911_1-640	0.0	0.05025245436589021	1.5423163361215257	0.6624444106514498	0.9964731039181498	0.7731359843133498	0.29447956795261976
STM_MW03911_1-640	0.05025245436589021	0.0	1.592568790487416	0.71269686501734	1.04672555828404	0.82338843867924	0.34473202231850997
SL1344_2208_1-609	1.5423163361215257	1.592568790487416	0.0	0.879871925470076	0.5458432322033759	0.7691803518081759	1.247836768168906
STMMW_22611_1-609	0.6624444106514498	0.71269686501734	0.879871925470076	0.0	0.33402869326670004	0.11069157366190008	0.36796484269883
SEN2378_1-640	0.9964731039181498	1.04672555828404	0.5458432322033759	0.33402869326670004	0.0	0.22333711960479996	0.70199353596553
ENC_24170_1-618	0.7731359843133498	0.82338843867924	0.7691803518081759	0.11069157366190008	0.22333711960479996	0.0	0.4786564163607301
t0466_1-640	0.29447956795261976	0.34473202231850997	1.247836768168906	0.36796484269883	0.70199353596553	0.4786564163607301	0.0
