ROD_43741_1-122	0.0	0.5400690218984088	0.031229212123765393	0.9735521892145658	0.6740877994962047	0.6995629773186789
SL1344_3524_1-122	0.5400690218984088	0.0	0.5712982340221742	0.433483167316157	0.1340187775977959	0.15949395542027012
SEN3381_1-122	0.031229212123765393	0.5712982340221742	0.0	1.0047814013383312	0.7053170116199701	0.7307921894424443
ERS227112_00770_1-122	0.9735521892145658	0.433483167316157	1.0047814013383312	0.0	0.2994643897183611	0.2739892118958869
STM_MW35471_1-122	0.6740877994962047	0.1340187775977959	0.7053170116199701	0.2994643897183611	0.0	0.025475177822474215
STMMW_35471_1-122	0.6995629773186789	0.15949395542027012	0.7307921894424443	0.2739892118958869	0.025475177822474215	0.0
