b0407_1-110	-1	-1	-1	-1	-1	-1	-1	-1	-1	-1	-1	-1	-1
ROD_04551_1-110	-1	0.0	0.399367567674228	0.30055226770818594	0.07300466408293493	0.02586626864279895	0.13017270351679994	0.022589594599320084	0.18627642476344508	0.31108123644536695	0.14721975428184997	0.10331073706989602	0.17818863395113893
t2457_1-110	-1	0.399367567674228	0.0	0.09881529996604202	0.32636290359129305	0.37350129903142903	0.269194864157428	0.42195716227354807	0.5856439924376731	0.08828633122886101	0.252147813392378	0.502678304744124	0.22117893372308903
BN373_08471_1-110	-1	0.30055226770818594	0.09881529996604202	0.0	0.227547603625251	0.274685999065387	0.170379564191386	0.323141862307506	0.486828692471631	0.01052896873718101	0.15333251342633597	0.40386300477808196	0.12236363375704701
ERS227112_02709_1-110	-1	0.07300466408293493	0.32636290359129305	0.227547603625251	0.0	0.04713839544013598	0.057168039433865	0.09559425868225502	0.25928108884638	0.23807657236243202	0.07421509019891503	0.17631540115283095	0.105183969868204
ENC_23530_1-110	-1	0.02586626864279895	0.37350129903142903	0.274685999065387	0.04713839544013598	0.0	0.10430643487400099	0.048455863242119035	0.21214269340624403	0.285214967802568	0.12135348563905102	0.12917700571269497	0.15232236530833998
NCTC13441_03572_1-110	-1	0.13017270351679994	0.269194864157428	0.170379564191386	0.057168039433865	0.10430643487400099	0.0	0.15276229811612002	0.316449128280245	0.180908532928567	0.01704705076505003	0.23348344058669596	0.048015930434338994
SL1344_0401_1-110	-1	0.022589594599320084	0.42195716227354807	0.323141862307506	0.09559425868225502	0.048455863242119035	0.15276229811612002	0.0	0.163686830164125	0.33367083104468703	0.16980934888117005	0.08072114247057594	0.20077822855045901
SEN0389_1-110	-1	0.18627642476344508	0.5856439924376731	0.486828692471631	0.25928108884638	0.21214269340624403	0.316449128280245	0.163686830164125	0.0	0.49735766120881203	0.33349617904529505	0.08296568769354906	0.364465058714584
STM_MW04761_1-110	-1	0.31108123644536695	0.08828633122886101	0.01052896873718101	0.23807657236243202	0.285214967802568	0.180908532928567	0.33367083104468703	0.49735766120881203	0.0	0.16386148216351698	0.41439197351526297	0.13289260249422802
ETEC_0460_1-110	-1	0.14721975428184997	0.252147813392378	0.15333251342633597	0.07421509019891503	0.12135348563905102	0.01704705076505003	0.16980934888117005	0.33349617904529505	0.16386148216351698	0.0	0.250530491351746	0.030968879669288962
CS17_00437_1-110	-1	0.10331073706989602	0.502678304744124	0.40386300477808196	0.17631540115283095	0.12917700571269497	0.23348344058669596	0.08072114247057594	0.08296568769354906	0.41439197351526297	0.250530491351746	0.0	0.28149937102103495
STMMW_04761_1-110	-1	0.17818863395113893	0.22117893372308903	0.12236363375704701	0.105183969868204	0.15232236530833998	0.048015930434338994	0.20077822855045901	0.364465058714584	0.13289260249422802	0.030968879669288962	0.28149937102103495	0.0
