NCTC13441_00734_17-405	0.0	0.3717457666807049	0.24034850206311098	0.2597799502611451	0.19837292177111598	6.041039273169285	0.09233036099489511	0.059056745088286955	0.026866074532677975	0.001144002989435955	0.038367052146402014	0.15585092007358103	0.10696255362891494	0.2311190613400651	0.064394496829707	6.041039273169285	0.11783199604955497
ERS227112_03930_1-392	0.3717457666807049	0.0	0.6120942687438159	0.11196581641955983	0.5701186884518209	5.6692935064885805	0.2794154056858098	0.43080251176899187	0.34487969214802694	0.37288976967014087	0.41011281882710693	0.527596686754286	0.26478321305179	0.1406267053406398	0.4361402635104119	5.6692935064885805	0.4895777627302599
SL1344_2255_1-396	0.24034850206311098	0.6120942687438159	0.0	0.5001284523242561	0.041975580291994996	6.281387775232396	0.3326788630580061	0.18129175697482403	0.26721457659578896	0.23920449907367503	0.20198144991670897	0.08449758198952995	0.3473110556920259	0.4714675634031761	0.175954005233404	6.281387775232396	0.12251650601355601
BN373_32601_1-392	0.2597799502611451	0.11196581641955983	0.5001284523242561	0.0	0.45815287203226107	5.78125932290814	0.16744958926624998	0.31883669534943204	0.2329138757284671	0.26092395325058104	0.2981470024075471	0.4156308703347261	0.15281739663223015	0.028660888921079986	0.3241744470908521	5.78125932290814	0.37761194631070005
STM_MW23101_1-396	0.19837292177111598	0.5701186884518209	0.041975580291994996	0.45815287203226107	0.0	6.239412194940401	0.2907032827660111	0.13931617668282903	0.22523899630379396	0.19722891878168003	0.16000586962471397	0.04252200169753495	0.3053354754000309	0.4294919831111811	0.133978424941409	6.239412194940401	0.08054092572156102
b4467_17-405	6.041039273169285	5.6692935064885805	6.281387775232396	5.78125932290814	6.239412194940401	0.0	5.94870891217439	6.100096018257572	6.014173198636607	6.042183276158721	6.079406325315687	6.196890193242866	5.93407671954037	5.80992021182922	6.105433769998992	0.0	6.15887126921884
ENC_39540_1-396	0.09233036099489511	0.2794154056858098	0.3326788630580061	0.16744958926624998	0.2907032827660111	5.94870891217439	0.0	0.15138710608318207	0.06546428646221714	0.09347436398433107	0.13069741314129713	0.24818128106847615	0.014632192634019825	0.13878870034517	0.1567248578246021	5.94870891217439	0.21016235704445008
NCTC13441_01466_1-396	0.059056745088286955	0.43080251176899187	0.18129175697482403	0.31883669534943204	0.13931617668282903	6.100096018257572	0.15138710608318207	0.0	0.08592281962096493	0.057912742098851	0.02068969294188494	0.09679417498529408	0.1660192987172019	0.29017580642835206	0.005337751741420038	6.100096018257572	0.05877525096126801
CS17_03394_17-405	0.026866074532677975	0.34487969214802694	0.26721457659578896	0.2329138757284671	0.22523899630379396	6.014173198636607	0.06546428646221714	0.08592281962096493	0.0	0.02801007752211393	0.06523312667907999	0.182716994606259	0.08009647909623696	0.20425298680738713	0.09126057136238497	6.014173198636607	0.14469807058223294
ETEC_2376_1-396	0.001144002989435955	0.37288976967014087	0.23920449907367503	0.26092395325058104	0.19722891878168003	6.042183276158721	0.09347436398433107	0.057912742098851	0.02801007752211393	0.0	0.03722304915696606	0.15470691708414508	0.10810655661835089	0.23226306432950106	0.06325049384027104	6.042183276158721	0.11668799306011901
SEN2268_1-396	0.038367052146402014	0.41011281882710693	0.20198144991670897	0.2981470024075471	0.16000586962471397	6.079406325315687	0.13069741314129713	0.02068969294188494	0.06523312667907999	0.03722304915696606	0.0	0.11748386792717902	0.14532960577531695	0.2694861134864671	0.02602744468330498	6.079406325315687	0.07946494390315295
t0578_1-396	0.15585092007358103	0.527596686754286	0.08449758198952995	0.4156308703347261	0.04252200169753495	6.196890193242866	0.24818128106847615	0.09679417498529408	0.182716994606259	0.15470691708414508	0.11748386792717902	0.0	0.26281347370249597	0.38696998141364614	0.09145642324387404	6.196890193242866	0.03801892402402607
ETEC_3245_17-405	0.10696255362891494	0.26478321305179	0.3473110556920259	0.15281739663223015	0.3053354754000309	5.93407671954037	0.014632192634019825	0.1660192987172019	0.08009647909623696	0.10810655661835089	0.14532960577531695	0.26281347370249597	0.0	0.12415650771115017	0.17135705045862193	5.93407671954037	0.2247945496784699
ROD_26551_1-396	0.2311190613400651	0.1406267053406398	0.4714675634031761	0.028660888921079986	0.4294919831111811	5.80992021182922	0.13878870034517	0.29017580642835206	0.20425298680738713	0.23226306432950106	0.2694861134864671	0.38696998141364614	0.12415650771115017	0.0	0.2955135581697721	5.80992021182922	0.34895105738962007
CS17_02494_1-396	0.064394496829707	0.4361402635104119	0.175954005233404	0.3241744470908521	0.133978424941409	6.105433769998992	0.1567248578246021	0.005337751741420038	0.09126057136238497	0.06325049384027104	0.02602744468330498	0.09145642324387404	0.17135705045862193	0.2955135581697721	0.0	6.105433769998992	0.05343749921984797
b2243_1-396	6.041039273169285	5.6692935064885805	6.281387775232396	5.78125932290814	6.239412194940401	0.0	5.94870891217439	6.100096018257572	6.014173198636607	6.042183276158721	6.079406325315687	6.196890193242866	5.93407671954037	5.80992021182922	6.105433769998992	0.0	6.15887126921884
STMMW_23101_1-396	0.11783199604955497	0.4895777627302599	0.12251650601355601	0.37761194631070005	0.08054092572156102	6.15887126921884	0.21016235704445008	0.05877525096126801	0.14469807058223294	0.11668799306011901	0.07946494390315295	0.03801892402402607	0.2247945496784699	0.34895105738962007	0.05343749921984797	6.15887126921884	0.0
