CS17_00027_1-149	0.0	0.7335841070024758	0.7535099924943687	0.4893060962340689	0.48800189474766836	0.7019282577933134	-1	0.7040485477055486	0.5310974825919058	0.5911157111046811	0.21383633311332706	0.533264668690255	0.37879026255696613	0.6293995258946884
NCTC13441_03964_1-149	0.7335841070024758	0.0	0.07479240546688441	0.4783256838726002	0.4796545333576487	0.10620211421185938	-1	0.09979866315216258	0.43183096036642143	0.34843206199656396	0.6611190465560798	0.4291927884484075	0.5711337460772578	0.28112371242725875
t0050_1-149	0.7535099924943687	0.07479240546688441	0.0	0.5173429608460604	0.5185724224816186	0.17305140809117003	-1	0.16712688653951743	0.4743256895524264	0.39716439540493875	0.6864647682310618	0.4718848328581959	0.6032096848317112	0.3348901992079278
ENC_45450_1-149	0.4893060962340689	0.4783256838726002	0.5173429608460604	0.0	0.002547277954784195	0.41633972912411465	-1	0.4204915114277604	0.08183255380505065	0.19935545366775134	0.35039747411839034	0.08607616447353139	0.17790421980826937	0.27431976106930234
STMMW_00491_1-149	0.48800189474766836	0.4796545333576487	0.5185724224816186	0.002547277954784195	0.0	0.4178264740652002	-1	0.4219676806253108	0.08417138149954355	0.20139491787024166	0.34873853013339884	0.08840418251211977	0.17580476545687948	0.27616827034415303
Ecoli9000q_40780_1-149	0.7019282577933134	0.10620211421185938	0.17305140809117003	0.41633972912411465	0.4178264740652002	0.0	-1	0.007113354310402658	0.364320447980727	0.27101199458657144	0.6208528137822804	0.36136880537789445	0.5201753542473722	0.19570598789362265
b0028_1-149	-1	-1	-1	-1	-1	-1	-1	-1	-1	-1	-1	-1	-1	-1
STM_MW00491_1-149	0.7040485477055486	0.09979866315216258	0.16712688653951743	0.4204915114277604	0.4219676806253108	0.007113354310402658	-1	0.0	0.36884226186211816	0.2761975445571109	0.6235498220536393	0.36591161533891725	0.5235885169594741	0.20142721617147058
ETEC_0028_1-149	0.5310974825919058	0.43183096036642143	0.4743256895524264	0.08183255380505065	0.08417138149954355	0.364320447980727	-1	0.36884226186211816	0.0	0.12799724097139	0.40355610776949397	0.004621826537269449	0.24517841697371426	0.2096428141315108
ROD_00251_1-149	0.5911157111046811	0.34843206199656396	0.39716439540493875	0.19935545366775134	0.20139491787024166	0.27101199458657144	-1	0.2761975445571109	0.12799724097139	0.0	0.47989928036923585	0.12394828189262082	0.34179349702673584	0.09362994820231074
BN373_05041_1-149	0.21383633311332706	0.6611190465560798	0.6864647682310618	0.35039747411839034	0.34873853013339884	0.6208528137822804	-1	0.6235498220536393	0.40355610776949397	0.47989928036923585	0.0	0.4063127679785972	0.20982135958646062	0.5285962838082489
SL1344_0049_1-149	0.533264668690255	0.4291927884484075	0.4718848328581959	0.08607616447353139	0.08840418251211977	0.36136880537789445	-1	0.36591161533891725	0.004621826537269449	0.12394828189262082	0.4063127679785972	0.0	0.24866707139704888	0.20597295888156006
ERS227112_02358_1-149	0.37879026255696613	0.5711337460772578	0.6032096848317112	0.17790421980826937	0.17580476545687948	0.5201753542473722	-1	0.5235885169594741	0.24517841697371426	0.34179349702673584	0.20982135958646062	0.24866707139704888	0.0	0.40342133780654665
SEN0048_1-149	0.6293995258946884	0.28112371242725875	0.3348901992079278	0.27431976106930234	0.27616827034415303	0.19570598789362265	-1	0.20142721617147058	0.2096428141315108	0.09362994820231074	0.5285962838082489	0.20597295888156006	0.40342133780654665	0.0
