ETEC_2704_1-448	0.0	0.4488904488384042	0.3624805746988735	0.37015061897523993	0.22808722813790558	0.2754890453358462	0.36965212322452784
ERS227112_03299_7-287	0.4488904488384042	0.0	0.1355407705399969	0.12501374492907366	0.5745914987631778	0.2393357924904503	0.12570570717112256
ERS227112_03299_305-606	0.3624805746988735	0.1355407705399969	0.0	0.012031075402515811	0.5078906132998781	0.12006930854945058	0.011249145109997097
BN373_14281_7-287	0.37015061897523993	0.12501374492907366	0.012031075402515811	0.0	0.5138112184375531	0.13065582104728002	0.0007908264136021421
BN373_14281_305-606	0.22808722813790558	0.5745914987631778	0.5078906132998781	0.5138112184375531	0.0	0.4407407407407408	0.5134264232008594
BN373_24371_1-270	0.2754890453358462	0.2393357924904503	0.12006930854945058	0.13065582104728002	0.4407407407407408	0.0	0.1299677765843179
BN373_24371_272-537	0.36965212322452784	0.12570570717112256	0.011249145109997097	0.0007908264136021421	0.5134264232008594	0.1299677765843179	0.0
