b2775_1-424	0.0	5.93791934054777	0.0	4.746771763312029	5.85398403476954	6.566934506782585	6.553206020966073	6.227361104963951
NCTC13441_01005_1-425	5.93791934054777	0.0	5.93791934054777	1.19114757723574	0.08393530577822994	0.6290151662348151	0.615286680418303	0.2894417644161811
b3874_1-421	0.0	5.93791934054777	0.0	4.746771763312029	5.85398403476954	6.566934506782585	6.553206020966073	6.227361104963951
t3934_1-429	4.746771763312029	1.19114757723574	4.746771763312029	0.0	1.10721227145751	1.8201627434705552	1.806434257654043	1.4805893416519211
ETEC_4143_1-421	5.85398403476954	0.08393530577822994	5.85398403476954	1.10721227145751	0.0	0.7129504720130451	0.699221986196533	0.373377070194411
CS17_03101_1-425	6.566934506782585	0.6290151662348151	6.566934506782585	1.8201627434705552	0.7129504720130451	0.0	0.013728485816511982	0.339573401818634
CS17_04328_1-421	6.553206020966073	0.615286680418303	6.553206020966073	1.806434257654043	0.699221986196533	0.013728485816511982	0.0	0.325844916002122
ETEC_2967_1-424	6.227361104963951	0.2894417644161811	6.227361104963951	1.4805893416519211	0.373377070194411	0.339573401818634	0.325844916002122	0.0
