NCTC13441_03794_1-382	0.0	0.6551737666710988	0.6661946131277238	-1	0.4244163434194775	0.7351508414205691	0.7999543821001046	0.4314517872539975	0.6948349894879444	1.0	0.4179212893736382	0.693487754934517	0.5198973088395735	0.5605263925967701
BN373_06871_1-382	0.6551737666710988	0.0	0.03196058011663247	-1	0.40091031184332976	0.23193442673251233	0.4198654320215585	0.3934969355308633	0.11501799742427375	1.0	0.40759518079979	0.11111100189083807	0.2817656728908495	0.8484579713116799
SL1344_0230_1-382	0.6661946131277238	0.03196058011663247	0.0	-1	0.42005756581870934	0.20657613988485443	0.40071183459828735	0.4128811253138122	0.08579962303358298	1.0	0.42652878248531745	0.08176363498063116	0.3047208586449371	0.85330134246061
b0182_1-382	-1	-1	-1	-1	-1	-1	-1	-1	-1	-1	-1	-1	-1	-1
ERS227112_02537_1-382	0.4244163434194775	0.40091031184332976	0.42005756581870934	-1	0.0	0.5398598352273066	0.6524473625808909	0.012223147328950894	0.4698164080526426	1.0	0.011158377599569143	0.4674757673168871	0.16588547004155338	0.7470461740802159
SEN0236_1-382	0.7351508414205691	0.23193442673251233	0.20657613988485443	-1	0.5398598352273066	0.0	0.24468093849012681	0.5341658761000245	0.13211164630236	1.0	0.5449942529345683	0.13592633624523306	0.4483489398085221	0.8836057848613874
CS17_00192_1-382	0.7999543821001046	0.4198654320215585	0.40071183459828735	-1	0.6524473625808909	0.24468093849012681	0.0	0.6481466067165966	0.3444673831897497	1.0	0.6563254861449395	0.34734869121735173	0.5833274389352463	0.9120852306563249
STM_MW02351_1-382	0.4314517872539975	0.3934969355308633	0.4128811253138122	-1	0.012223147328950894	0.5341658761000245	0.6481466067165966	0.0	0.4632557034377886	1.0	0.02324513443516844	0.46088609867389263	0.15556380198329606	0.7501380659618553
STMMW_02351_1-382	0.6948349894879444	0.11501799742427375	0.08579962303358298	-1	0.4698164080526426	0.13211164630236	0.3444673831897497	0.4632557034377886	0.0	1.0	0.4757323967686871	0.004395369435043762	0.36437554687631474	0.8658880319770224
Ecoli9000q_42360_1-382	1.0	1.0	1.0	-1	1.0	1.0	1.0	1.0	1.0	0	1.0	1.0	1.0	1.0
ENC_47050_1-382	0.4179212893736382	0.40759518079979	0.42652878248531745	-1	0.011158377599569143	0.5449942529345683	0.6563254861449395	0.02324513443516844	0.4757323967686871	1.0	0.0	0.47341787378608613	0.17519283492811685	0.744191769248412
ETEC_0177_1-382	0.693487754934517	0.11111100189083807	0.08176363498063116	-1	0.4674757673168871	0.13592633624523306	0.34734869121735173	0.46088609867389263	0.004395369435043762	1.0	0.47341787378608613	0.0	0.36156940856833913	0.8652959579478093
ROD_01851_1-382	0.5198973088395735	0.2817656728908495	0.3047208586449371	-1	0.16588547004155338	0.4483489398085221	0.5833274389352463	0.15556380198329606	0.36437554687631474	1.0	0.17519283492811685	0.36156940856833913	0.0	0.7890075383917285
t0230_1-382	0.5605263925967701	0.8484579713116799	0.85330134246061	-1	0.7470461740802159	0.8836057848613874	0.9120852306563249	0.7501380659618553	0.8658880319770224	1.0	0.744191769248412	0.8652959579478093	0.7890075383917285	0.0
