NCTC13441_00120_1-114	0.0	0.7424330252789995	-1	0.897330084961093	2.7770126540059956	1.1635117062087832	2.987654929518763	0.48422703463694106	2.2184722697675854	-1	2.313482706140886	2.2540239857200968	2.432403844166206	0.5892262557877745	2.4823550205016196	3.3136589979779547
ETEC_3807_10-130	0.7424330252789995	0.0	-1	0.15489705968209355	2.034579628726996	0.42107868092978373	2.2452219042397634	0.2582059906420584	1.4760392444885857	-1	1.5710496808618861	1.5115909604410975	1.6899708188872065	1.331659281066774	1.7399219952226201	2.5712259726989553
b3562_10-130	-1	-1	-1	-1	-1	-1	-1	-1	-1	-1	-1	-1	-1	-1	-1	-1
SEN3481_6-115	0.897330084961093	0.15489705968209355	-1	0.0	1.8796825690449026	0.2661816212476902	2.09032484455767	0.41310305032415195	1.3211421848064921	-1	1.4161526211797926	1.356693900759004	1.535073759205113	1.4865563407488676	1.5850249355405266	2.416328913016862
BN373_45701_1-119	2.7770126540059956	2.034579628726996	-1	1.8796825690449026	0.0	1.6135009477972124	0.21064227551276715	2.2927856193690546	0.5585403842384105	-1	0.46352994786511004	0.5229886682858986	0.3446088098397897	3.36623890979377	0.294657633504376	0.5366463439719593
SL1344_3624_6-115	1.1635117062087832	0.42107868092978373	-1	0.2661816212476902	1.6135009477972124	0.0	1.8241432233099797	0.6792846715718421	1.054960563558802	-1	1.1499709999321024	1.0905122795113138	1.2688921379574227	1.7527379619965577	1.3188433142928364	2.150147291769172
CS17_04007_10-130	2.987654929518763	2.2452219042397634	-1	2.09032484455767	0.21064227551276715	1.8241432233099797	0.0	2.503427894881822	0.7691826597511776	-1	0.6741722233778772	0.7336309437986658	0.5552510853525569	3.5768811853065374	0.5052999090171432	0.32600406845919216
t3860_6-115	0.48422703463694106	0.2582059906420584	-1	0.41310305032415195	2.2927856193690546	0.6792846715718421	2.503427894881822	0.0	1.734245235130644	-1	1.8292556715039445	1.769796951083156	1.9481768095292649	1.0734532904247156	1.9981279858646785	2.8294319633410137
ERS227112_00652_1-119	2.2184722697675854	1.4760392444885857	-1	1.3211421848064921	0.5585403842384105	1.054960563558802	0.7691826597511776	1.734245235130644	0.0	-1	0.09501043637330042	0.03555171595251183	0.21393157439862076	2.8076985255553595	0.26388275073403444	1.0951867282103698
b3563_1-113	-1	-1	-1	-1	-1	-1	-1	-1	-1	-1	-1	-1	-1	-1	-1	-1
BN373_45691_10-130	2.313482706140886	1.5710496808618861	-1	1.4161526211797926	0.46352994786511004	1.1499709999321024	0.6741722233778772	1.8292556715039445	0.09501043637330042	-1	0.0	0.05945872042078859	0.11892113802532034	2.90270896192866	0.16887231436073402	1.0001762918370694
ETEC_3807A_3-98	2.2540239857200968	1.5115909604410975	-1	1.356693900759004	0.5229886682858986	1.0905122795113138	0.7336309437986658	1.769796951083156	0.03555171595251183	-1	0.05945872042078859	0.0	0.17837985844610893	2.8432502415078718	0.2283310347815226	1.059635012257858
ERS227112_00653_11-131	2.432403844166206	1.6899708188872065	-1	1.535073759205113	0.3446088098397897	1.2688921379574227	0.5552510853525569	1.9481768095292649	0.21393157439862076	-1	0.11892113802532034	0.17837985844610893	0.0	3.0216300999539802	0.04995117633541368	0.881255153811749
NCTC13441_00121_10-130	0.5892262557877745	1.331659281066774	-1	1.4865563407488676	3.36623890979377	1.7527379619965577	3.5768811853065374	1.0734532904247156	2.8076985255553595	-1	2.90270896192866	2.8432502415078718	3.0216300999539802	0.0	3.071581276289394	3.9028852537657297
ROD_42431_1-120	2.4823550205016196	1.7399219952226201	-1	1.5850249355405266	0.294657633504376	1.3188433142928364	0.5052999090171432	1.9981279858646785	0.26388275073403444	-1	0.16887231436073402	0.2283310347815226	0.04995117633541368	3.071581276289394	0.0	0.8313039774763353
CS17_04008_1-114	3.3136589979779547	2.5712259726989553	-1	2.416328913016862	0.5366463439719593	2.150147291769172	0.32600406845919216	2.8294319633410137	1.0951867282103698	-1	1.0001762918370694	1.059635012257858	0.881255153811749	3.9028852537657297	0.8313039774763353	0.0
