BN373_36131_3-321	0.0	0.08205148409651863	0.18094537336475552	0.07088636691207983	0.05881164272832967	0.07486311363459658
BN373_26191_1-329	0.08205148409651863	0.0	0.09889388926823689	0.15293785100859847	0.023239841368188963	0.007188370461922056
ERS227112_05014_1-343	0.18094537336475552	0.09889388926823689	0.0	0.25183174027683536	0.12213373063642585	0.10608225973015895
BN373_22341_1-342	0.07088636691207983	0.15293785100859847	0.25183174027683536	0.0	0.1296980096404095	0.1457494805466764
ERS227112_04641_1-330	0.05881164272832967	0.023239841368188963	0.12213373063642585	0.1296980096404095	0.0	0.016051470906266907
ERS227112_01689_5-324	0.07486311363459658	0.007188370461922056	0.10608225973015895	0.1457494805466764	0.016051470906266907	0.0
