BN373_06481_1-404	0.0	0.13714241633833857	0.903994974050615	0.45653398761868247	0.44425227217038255	0.11859792411906511	0.1607181443275434	0.15097290830960253	0.33016974704636803	1.0381430505946205	-1	0.15514288082305328	0.5075847356907388	0.06540958549494391	0.07705152645730995	0.3174763810121829	-1	0.40496247136557084	0.06363420796600772	0.4886083953549665	0.011487712790759108	0.014776490242188522	0.005413548926105571	1.6259460582589285	0.5689650085886848
NCTC13441_00745_1-408	0.13714241633833857	0.0	1.0411373903889536	0.593676403957021	0.307109855832044	0.018544492219273456	0.02357572798920482	0.013830491971263958	0.19302733070802947	1.175285466932959	-1	0.29228529716139184	0.37044231935240024	0.07173283084339466	0.21419394279564852	0.18033396467384433	-1	0.5421048877039094	0.07350820837233085	0.625750811693305	0.12565470354757946	0.12236592609615005	0.14255596526444414	1.763088474597267	0.43182259225034625
ETEC_3579_1-331	0.903994974050615	1.0411373903889536	0.0	0.44746098643193255	1.3482472462209976	1.0225928981696801	1.0647131183781584	1.0549678823602175	1.234164721096983	0.1341480765440055	-1	0.7488520932275617	1.4115797097413538	0.9694045595455589	0.8269434475933051	1.221471355062798	-1	0.4990325026850442	0.9676291820166227	0.41538657869564855	0.9154826868413741	0.9187714642928035	0.8985814251245094	0.7219510842083134	1.4729599826392998
SL1344_0142_1-400	0.45653398761868247	0.593676403957021	0.44746098643193255	0.0	0.900786259789065	0.5751319117377476	0.6172521319462259	0.607506895928285	0.7867037346650505	0.5816090629759381	-1	0.3013911067956292	0.9641187233094213	0.5219435731136264	0.3794824611613725	0.7740103686308654	-1	0.05157151625311163	0.5201681955846902	0.032074407736284005	0.4680217004094416	0.471310477860871	0.4511204386925769	1.169412070640246	1.0254989962073673
ROD_01101_1-400	0.44425227217038255	0.307109855832044	1.3482472462209976	0.900786259789065	0.0	0.32565434805131743	0.28353412784283916	0.29327936386078	0.11408252512401451	1.482395322765003	-1	0.5993951529934358	0.06333246352035626	0.37884268667543863	0.5213037986276925	0.12677589115819965	-1	0.8492147435359534	0.38061806420437483	0.932860667525349	0.43276455937962344	0.429475781928194	0.4496658210964881	2.070198330429311	0.12471273641830227
ERS227112_02445_1-401	0.11859792411906511	0.018544492219273456	1.0225928981696801	0.5751319117377476	0.32565434805131743	0.0	0.042120220208478276	0.032374984190537415	0.21157182292730292	1.1567409747136856	-1	0.2737408049421184	0.3889868115716737	0.0531883386241212	0.19564945057637506	0.19887845689311778	-1	0.523560395484636	0.054963716153057396	0.6072063194740316	0.107110211328306	0.10382143387687659	0.12401147304517068	1.7445439823779936	0.4503670844696197
STM_MW01481_1-400	0.1607181443275434	0.02357572798920482	1.0647131183781584	0.6172521319462259	0.28353412784283916	0.042120220208478276	0.0	0.009745236017940861	0.16945160271882465	1.198861194922164	-1	0.31586102515059666	0.3468665913631954	0.09530855883259948	0.23776967078485334	0.1567582366846395	-1	0.5656806156931142	0.09708393636153567	0.6493265396825099	0.14923043153678428	0.14594165408535487	0.16613169325364896	1.7866642025864719	0.40824686426114143
t4246_5-361	0.15097290830960253	0.013830491971263958	1.0549678823602175	0.607506895928285	0.29327936386078	0.032374984190537415	0.009745236017940861	0.0	0.1791968387367655	1.189115958904223	-1	0.3061157891326558	0.3566118273811363	0.08556332281465862	0.22802443476691248	0.16650347270258037	-1	0.5559353796751734	0.08733870034359481	0.639581303664569	0.13948519551884342	0.136196418067414	0.1563864572357081	1.776918966568531	0.4179921002790823
ERS227112_02499_1-405	0.33016974704636803	0.19302733070802947	1.234164721096983	0.7867037346650505	0.11408252512401451	0.21157182292730292	0.16945160271882465	0.1791968387367655	0.0	1.3683127976409886	-1	0.4853126278694213	0.17741498864437077	0.2647601615514241	0.407221273503678	0.012693366034185138	-1	0.7351322184119389	0.2665355390803603	0.8187781424013345	0.3186820342556089	0.3153932568041795	0.3355832959724736	1.9561158053052965	0.23879526154231678
ROD_46541_1-342	1.0381430505946205	1.175285466932959	0.1341480765440055	0.5816090629759381	1.482395322765003	1.1567409747136856	1.198861194922164	1.189115958904223	1.3683127976409886	0.0	-1	0.8830001697715673	1.5457277862853593	1.1035526360895644	0.9610915241373106	1.3556194316068035	-1	0.6331805792290497	1.1017772585606282	0.5495346552396541	1.0496307633853796	1.052919540836809	1.032729501668515	0.5878030076643079	1.6071080591833053
b0106_1-400	-1	-1	-1	-1	-1	-1	-1	-1	-1	-1	-1	-1	-1	-1	-1	-1	-1	-1	-1	-1	-1	-1	-1	-1	-1
SEN0146_1-400	0.15514288082305328	0.29228529716139184	0.7488520932275617	0.3013911067956292	0.5993951529934358	0.2737408049421184	0.31586102515059666	0.3061157891326558	0.4853126278694213	0.8830001697715673	-1	0.0	0.6627276165137921	0.2205524663179972	0.07809135436574333	0.47261926183523617	-1	0.24981959054251757	0.218777088789061	0.3334655145319132	0.16663059361381238	0.1699193710652418	0.1497293318969477	1.4708031774358752	0.7241078894117381
t0148_1-400	0.5075847356907388	0.37044231935240024	1.4115797097413538	0.9641187233094213	0.06333246352035626	0.3889868115716737	0.3468665913631954	0.3566118273811363	0.17741498864437077	1.5457277862853593	-1	0.6627276165137921	0.0	0.4421751501957949	0.5846362621480488	0.1901083546785559	-1	0.9125472070563097	0.4439505277247311	0.9961931310457053	0.4960970228999797	0.4928082454485503	0.5129982846168444	2.1335307939496673	0.06138027289794601
ETEC_0102_1-400	0.06540958549494391	0.07173283084339466	0.9694045595455589	0.5219435731136264	0.37884268667543863	0.0531883386241212	0.09530855883259948	0.08556332281465862	0.2647601615514241	1.1035526360895644	-1	0.2205524663179972	0.4421751501957949	0.0	0.14246111195225386	0.252066795517239	-1	0.47037205686051475	0.001775377528936195	0.5540179808499104	0.0539218727041848	0.05063309525275539	0.07082313442104948	1.6913556437538724	0.5035554230937409
CS17_00104_1-400	0.07705152645730995	0.21419394279564852	0.8269434475933051	0.3794824611613725	0.5213037986276925	0.19564945057637506	0.23776967078485334	0.22802443476691248	0.407221273503678	0.9610915241373106	-1	0.07809135436574333	0.5846362621480488	0.14246111195225386	0.0	0.39452790746949284	-1	0.3279109449082609	0.14068573442331767	0.4115568688976565	0.08853923924806906	0.09182801669949847	0.07163797753120438	1.5488945318016185	0.6460165350459948
ETEC_3235_1-407	0.3174763810121829	0.18033396467384433	1.221471355062798	0.7740103686308654	0.12677589115819965	0.19887845689311778	0.1567582366846395	0.16650347270258037	0.012693366034185138	1.3556194316068035	-1	0.47261926183523617	0.1901083546785559	0.252066795517239	0.39452790746949284	0.0	-1	0.7224388523777537	0.2538421730461752	0.8060847763671494	0.3059886682214238	0.3026998907699944	0.32288992993828847	1.9434224392711115	0.2514886275765019
b3327_1-398	-1	-1	-1	-1	-1	-1	-1	-1	-1	-1	-1	-1	-1	-1	-1	-1	-1	-1	-1	-1	-1	-1	-1	-1	-1
STMMW_01481_1-400	0.40496247136557084	0.5421048877039094	0.4990325026850442	0.05157151625311163	0.8492147435359534	0.523560395484636	0.5656806156931142	0.5559353796751734	0.7351322184119389	0.6331805792290497	-1	0.24981959054251757	0.9125472070563097	0.47037205686051475	0.3279109449082609	0.7224388523777537	-1	0.0	0.46859667933157856	0.08364592398939563	0.41645018415632995	0.41973896160775936	0.39954892243946527	1.2209835868933576	0.9739274799542557
BN373_05971_1-401	0.06363420796600772	0.07350820837233085	0.9676291820166227	0.5201681955846902	0.38061806420437483	0.054963716153057396	0.09708393636153567	0.08733870034359481	0.2665355390803603	1.1017772585606282	-1	0.218777088789061	0.4439505277247311	0.001775377528936195	0.14068573442331767	0.2538421730461752	-1	0.46859667933157856	0.0	0.5522426033209742	0.05214649517524861	0.048857717723819194	0.06904775689211329	1.6895802662249362	0.5053308006226771
ENC_46170_1-394	0.4886083953549665	0.625750811693305	0.41538657869564855	0.032074407736284005	0.932860667525349	0.6072063194740316	0.6493265396825099	0.639581303664569	0.8187781424013345	0.5495346552396541	-1	0.3334655145319132	0.9961931310457053	0.5540179808499104	0.4115568688976565	0.8060847763671494	-1	0.08364592398939563	0.5522426033209742	0.0	0.5000961081457256	0.503384885597155	0.4831948464288609	1.137337662903962	1.0575734039436513
ROD_44951_1-399	0.011487712790759108	0.12565470354757946	0.9154826868413741	0.4680217004094416	0.43276455937962344	0.107110211328306	0.14923043153678428	0.13948519551884342	0.3186820342556089	1.0496307633853796	-1	0.16663059361381238	0.4960970228999797	0.0539218727041848	0.08853923924806906	0.3059886682214238	-1	0.41645018415632995	0.05214649517524861	0.5000961081457256	0.0	0.0032887774514294144	0.01690126171686468	1.6374337710496876	0.5574772957979257
CS17_03383_1-408	0.014776490242188522	0.12236592609615005	0.9187714642928035	0.471310477860871	0.429475781928194	0.10382143387687659	0.14594165408535487	0.136196418067414	0.3153932568041795	1.052919540836809	-1	0.1699193710652418	0.4928082454485503	0.05063309525275539	0.09182801669949847	0.3026998907699944	-1	0.41973896160775936	0.048857717723819194	0.503384885597155	0.0032887774514294144	0.0	0.020190039168294094	1.640722548501117	0.5541885183464963
NCTC13441_03881_1-400	0.005413548926105571	0.14255596526444414	0.8985814251245094	0.4511204386925769	0.4496658210964881	0.12401147304517068	0.16613169325364896	0.1563864572357081	0.3355832959724736	1.032729501668515	-1	0.1497293318969477	0.5129982846168444	0.07082313442104948	0.07163797753120438	0.32288992993828847	-1	0.39954892243946527	0.06904775689211329	0.4831948464288609	0.01690126171686468	0.020190039168294094	0.0	1.620532509332823	0.5743785575147904
NCTC13441_00368_1-399	1.6259460582589285	1.763088474597267	0.7219510842083134	1.169412070640246	2.070198330429311	1.7445439823779936	1.7866642025864719	1.776918966568531	1.9561158053052965	0.5878030076643079	-1	1.4708031774358752	2.1335307939496673	1.6913556437538724	1.5488945318016185	1.9434224392711115	-1	1.2209835868933576	1.6895802662249362	1.137337662903962	1.6374337710496876	1.640722548501117	1.620532509332823	0.0	2.194911066847613
Ecoli9000q_41560_1-400	0.5689650085886848	0.43182259225034625	1.4729599826392998	1.0254989962073673	0.12471273641830227	0.4503670844696197	0.40824686426114143	0.4179921002790823	0.23879526154231678	1.6071080591833053	-1	0.7241078894117381	0.06138027289794601	0.5035554230937409	0.6460165350459948	0.2514886275765019	-1	0.9739274799542557	0.5053308006226771	1.0575734039436513	0.5574772957979257	0.5541885183464963	0.5743785575147904	2.194911066847613	0.0
