Ecoli9000q_47490_1-160	0.0	0.3663510998266476	0.4993924415894707	0.2616147760707356	0.6319005909905759	0.49722441262868466	-1	0.559413857263968	0.5902415743360065	0.8486689566909905	0.5430818905744534	0.6188296036510875	0.6821078200772618	0.824958610037435
t2214_1-157	0.3663510998266476	0.0	0.13304134176282312	0.10473632375591202	0.26554949116392834	0.13087331280203707	-1	0.19306275743732038	0.22389047450935895	0.4823178568643429	0.17673079074780584	0.2524785038244399	0.3157567202506142	0.4586075102107874
ETEC_0671_1-160	0.4993924415894707	0.13304134176282312	0.0	0.23777766551873514	0.13250814940110522	0.0021680289607860503	-1	0.06002141567449726	0.09084913274653583	0.3492765151015198	0.043689448984982726	0.11943716206161681	0.18271537848779107	0.32556616844796427
STM_MW07181_1-157	0.2616147760707356	0.10473632375591202	0.23777766551873514	0.0	0.37028581491984036	0.2356096365579491	-1	0.2977990811932324	0.32862679826527097	0.5870541806202549	0.28146711450371786	0.35721482758035195	0.4204930440065262	0.5633438339666994
ERS227112_03117_2-161	0.6319005909905759	0.26554949116392834	0.13250814940110522	0.37028581491984036	0.0	0.13467617836189127	-1	0.07248673372660797	0.04165901665456939	0.21676836570041458	0.0888187004161225	0.013070987339488416	0.050207229086685845	0.19305801904685904
SEN0622_1-157	0.49722441262868466	0.13087331280203707	0.0021680289607860503	0.2356096365579491	0.13467617836189127	0.0	-1	0.06218944463528331	0.09301716170732188	0.35144454406230585	0.045857477945768776	0.12160519102240286	0.18488340744857712	0.3277341974087503
b0643_1-160	-1	-1	-1	-1	-1	-1	-1	-1	-1	-1	-1	-1	-1	-1
NCTC13441_03352_1-160	0.559413857263968	0.19306275743732038	0.06002141567449726	0.2977990811932324	0.07248673372660797	0.06218944463528331	-1	0.0	0.030827717072038574	0.28925509942702254	0.016331966689514532	0.05941574638711955	0.12269396281329381	0.265544752773467
SL1344_0641_1-157	0.5902415743360065	0.22389047450935895	0.09084913274653583	0.32862679826527097	0.04165901665456939	0.09301716170732188	-1	0.030827717072038574	0.0	0.25842738235498397	0.047159683761553106	0.028588029315080976	0.09186624574125524	0.23471703570142843
BN373_12551_2-161	0.8486689566909905	0.4823178568643429	0.3492765151015198	0.5870541806202549	0.21676836570041458	0.35144454406230585	-1	0.28925509942702254	0.25842738235498397	0.0	0.3055870661165371	0.229839353039903	0.16656113661372873	0.023710346653555536
STMMW_07181_1-157	0.5430818905744534	0.17673079074780584	0.043689448984982726	0.28146711450371786	0.0888187004161225	0.045857477945768776	-1	0.016331966689514532	0.047159683761553106	0.3055870661165371	0.0	0.07574771307663408	0.13902592950280834	0.28187671946298154
ROD_06631_1-160	0.6188296036510875	0.2524785038244399	0.11943716206161681	0.35721482758035195	0.013070987339488416	0.12160519102240286	-1	0.05941574638711955	0.028588029315080976	0.229839353039903	0.07574771307663408	0.0	0.06327821642617426	0.20612900638634746
ENC_20670_2-161	0.6821078200772618	0.3157567202506142	0.18271537848779107	0.4204930440065262	0.050207229086685845	0.18488340744857712	-1	0.12269396281329381	0.09186624574125524	0.16656113661372873	0.13902592950280834	0.06327821642617426	0.0	0.1428507899601732
CS17_00649_1-160	0.824958610037435	0.4586075102107874	0.32556616844796427	0.5633438339666994	0.19305801904685904	0.3277341974087503	-1	0.265544752773467	0.23471703570142843	0.023710346653555536	0.28187671946298154	0.20612900638634746	0.1428507899601732	0.0
