ETEC_0442_1-63	0.0	0.5530288625061995	0.35229173421678506	-1	0.6813117014768547	0.7768463477691616	0.1470505937127966	0.7040346871245778	0.19072483015422548	0.3329649494495108	1.3526642400864903	0.7657348187338198	0.4536363864181281	0.775085162252361
Ecoli9000q_44930_1-63	0.5530288625061995	0.0	0.20073712828941448	-1	0.12828283897065518	0.22381748526296208	0.40597826879340293	0.1510058246183783	0.36230403235197406	0.2200639130566887	0.7996353775802907	1.3187636812400192	0.09939247608807145	0.22205629974616148
ENC_23720_1-63	0.35229173421678506	0.20073712828941448	0.0	-1	0.32901996726006966	0.42455461355237656	0.20524114050398845	0.3517429529077928	0.16156690406255958	0.01932678476727423	1.0003725058697053	1.1180265529506048	0.10134465220134303	0.42279342803557596
b0389_1-63	-1	-1	-1	-1	-1	-1	-1	-1	-1	-1	-1	-1	-1	-1
ERS227112_02683_1-63	0.6813117014768547	0.12828283897065518	0.32901996726006966	-1	0.0	0.0955346462923069	0.5342611077640581	0.022722985647723126	0.49058687132262924	0.3483467520273439	0.6713525386096355	1.4470465202106744	0.22767531505872662	0.0937734607755063
t2475_1-63	0.7768463477691616	0.22381748526296208	0.42455461355237656	-1	0.0955346462923069	0.0	0.629795754056365	0.07281166064458378	0.5861215176149361	0.4438813983196508	0.5758178923173287	1.5425811665029814	0.3232099613510335	0.0017611855168006008
NCTC13441_03589_1-63	0.1470505937127966	0.40597826879340293	0.20524114050398845	-1	0.5342611077640581	0.629795754056365	0.0	0.5569840934117812	0.04367423644142887	0.18591435573671422	1.2056136463736937	0.9127854124466164	0.3065857927053315	0.6280345685395644
SL1344_0384_1-63	0.7040346871245778	0.1510058246183783	0.3517429529077928	-1	0.022722985647723126	0.07281166064458378	0.5569840934117812	0.0	0.5133098569703524	0.371069737675067	0.6486295529619124	1.4697695058583977	0.25039830070644975	0.07105047512778317
BN373_08211_1-63	0.19072483015422548	0.36230403235197406	0.16156690406255958	-1	0.49058687132262924	0.5861215176149361	0.04367423644142887	0.5133098569703524	0.0	0.14224011929528535	1.1619394099322649	0.9564596488880452	0.2629115562639026	0.5843603320981355
SEN0372_1-63	0.3329649494495108	0.2200639130566887	0.01932678476727423	-1	0.3483467520273439	0.4438813983196508	0.18591435573671422	0.371069737675067	0.14224011929528535	0.0	1.0196992906369795	1.0986997681833306	0.12067143696861726	0.4421202128028502
STM_MW04591_1-63	1.3526642400864903	0.7996353775802907	1.0003725058697053	-1	0.6713525386096355	0.5758178923173287	1.2056136463736937	0.6486295529619124	1.1619394099322649	1.0196992906369795	0.0	2.11839905882031	0.8990278536683622	0.5775790778341292
CS17_00421_1-63	0.7657348187338198	1.3187636812400192	1.1180265529506048	-1	1.4470465202106744	1.5425811665029814	0.9127854124466164	1.4697695058583977	0.9564596488880452	1.0986997681833306	2.11839905882031	0.0	1.2193712051519479	1.5408199809861807
STMMW_04591_1-63	0.4536363864181281	0.09939247608807145	0.10134465220134303	-1	0.22767531505872662	0.3232099613510335	0.3065857927053315	0.25039830070644975	0.2629115562639026	0.12067143696861726	0.8990278536683622	1.2193712051519479	0.0	0.3214487758342329
ROD_04331_1-63	0.775085162252361	0.22205629974616148	0.42279342803557596	-1	0.0937734607755063	0.0017611855168006008	0.6280345685395644	0.07105047512778317	0.5843603320981355	0.4421202128028502	0.5775790778341292	1.5408199809861807	0.3214487758342329	0.0
