Ecoli9000q_52900_3-402	0.0	0.6608741607949684	0.3868080059755241	0.2563968091171622	0.03447750186588033	0.1729050666969566	0.1907247702600041	0.38022711899945794	0.7349531279740763	0.2237413886136313	0.20027380128186895	0.21311307902437768	0.2530164550684938	0.23175585545586316	0.2413199803765065	0.08840545179224021	0.17484450668491436	0.8310191894140795	0.23709825836129486	0.24836803246074984	1.458271480872666	0.19794706058970835	0.873554367868949	0.02036875600105348	0.014959992506502318	0.26983513322154107	0.2563968091171622	0.20421958577867114	0.40898667647632203	0.4669267642004369	0.23729570959043086	-1	0.40315056341898003	0.1605410677852978	0.2238040194621282	1.5656799586956107	-1
ROD_43251_1-409	0.6608741607949684	0.0	0.2740661548194443	0.9172709699121306	0.6263966589290881	0.4879690940980118	0.8515989310549725	0.2806470417955105	0.07407896717910789	0.8846155494085998	0.46060035951309947	0.8739872398193461	0.4078577057264746	0.8926300162508316	0.9021941411714749	0.7492796125872087	0.48602965411005405	0.17014502861911107	0.8979724191562632	0.9092421932557182	0.7973973200776976	0.8588212213846768	0.2126802070739806	0.6405054047939149	0.6758341533014707	0.39103902757342734	0.9172709699121306	0.8650937465736396	0.2518874843186464	0.19394739659453153	0.8981698703853993	-1	0.2577235973759884	0.5003330930096705	0.8846781802570967	0.9048057979006423	-1
ROD_11571_1-401	0.3868080059755241	0.2740661548194443	0.0	0.6432048150926863	0.3523305041096438	0.21390293927856752	0.5775327762355282	0.00658088697606618	0.3481451219985522	0.6105493945891555	0.18653420469365517	0.5999210849999018	0.13379155090703032	0.6185638614313873	0.6281279863520306	0.47521345776776436	0.21196349929060976	0.44421118343855537	0.623906264336819	0.6351760384362739	1.0714634748971419	0.5847550665652325	0.4867463618934249	0.36643924997447064	0.40176799848202643	0.11697287275398305	0.6432048150926863	0.5910275917541953	0.022178670500797915	0.08011875822491277	0.624103715565955	-1	0.01634255744345592	0.2262669381902263	0.6106120254376524	1.1788719527200866	-1
NCTC13441_01388_1-406	0.2563968091171622	0.9172709699121306	0.6432048150926863	0.0	0.29087431098304256	0.4293018758141188	0.06567203885715814	0.6366239281166202	0.9913499370912385	0.03265542050353092	0.4566706103990312	0.04328373009278454	0.509413264185656	0.02464095366129907	0.01507682874065571	0.167991357324922	0.4312413158020766	1.0874159985312417	0.019298550755867356	0.008028776656412388	1.7146682899898282	0.05844974852745388	1.1299511769861112	0.2767655651182157	0.2414368166106599	0.5262319423387033	0.0	0.0521772233384911	0.6653834855934843	0.7233235733175991	0.019101099526731363	-1	0.6595473725361423	0.41693787690246004	0.03259278965503404	1.822076767812773	-1
BN373_23521_1-424	0.03447750186588033	0.6263966589290881	0.3523305041096438	0.29087431098304256	0.0	0.13842756483107627	0.22520227212588442	0.3457496171335776	0.7004756261081959	0.25821889047951163	0.1657962994159886	0.247590580890258	0.21853895320261346	0.26623335732174347	0.27579748224238687	0.12288295365812055	0.14036700481903402	0.7965416875481992	0.2715757602271752	0.2828455343266302	1.4237939790067857	0.23242456245558868	0.8390768660030687	0.014108745864826855	0.04943749437238265	0.23535763135566073	0.29087431098304256	0.23869708764455147	0.3745091746104417	0.43244926233455655	0.27177321145631117	-1	0.3686730615530997	0.12606356591941748	0.2582815213280085	1.5312024568297304	-1
STMMW_12061_1-401	0.1729050666969566	0.4879690940980118	0.21390293927856752	0.4293018758141188	0.13842756483107627	0.0	0.3636298369569607	0.20732205230250134	0.5620480612771197	0.3966464553105879	0.027368734584912346	0.3860181457213343	0.0801113883715372	0.40466092215281974	0.41422504707346314	0.26131051848919684	0.0019394399879577584	0.6581141227171229	0.4100033250582515	0.42127309915770644	1.2853664141757095	0.37085212728666495	0.7006493011719924	0.15253631069590312	0.18786505920345892	0.09693006652458447	0.4293018758141188	0.3771246524756277	0.23608160977936543	0.2940216975034803	0.4102007762873875	-1	0.23024549672202343	0.012363998911658791	0.3967090861590848	1.3927748919986542	-1
STM_MW12061_1-402	0.1907247702600041	0.8515989310549725	0.5775327762355282	0.06567203885715814	0.22520227212588442	0.3636298369569607	0.0	0.570951889259462	0.9256778982340804	0.033016618353627215	0.390998571541873	0.022388308764373595	0.4437412253284979	0.04103108519585907	0.05059521011650243	0.10231931846776388	0.3655692769449185	1.0217439596740836	0.046373488101290786	0.057643262200745754	1.6489962511326701	0.007222290329704256	1.0642791381289531	0.21109352626105757	0.17576477775350177	0.4605599034815452	0.06567203885715814	0.01349481551866704	0.5997114467363261	0.657651534460441	0.046570939330426775	-1	0.5938753336789842	0.35126583804530187	0.0330792492021241	1.7564047289556148	-1
ENC_15440_1-401	0.38022711899945794	0.2806470417955105	0.00658088697606618	0.6366239281166202	0.3457496171335776	0.20732205230250134	0.570951889259462	0.0	0.35472600897461837	0.6039685076130893	0.179953317717589	0.5933401980238356	0.12721066393096414	0.6119829744553211	0.6215470993759644	0.4686325707916982	0.20538261231454358	0.45079207041462155	0.6173253773607528	0.6285951514602077	1.078044361873208	0.5781741795891663	0.4933272488694911	0.35985836299840446	0.39518711150596025	0.11039198577791687	0.6366239281166202	0.5844467047781291	0.028759557476864095	0.08669964520097895	0.6175228285898888	-1	0.0229234444195221	0.21968605121416013	0.6040311384615862	1.1854528396961528	-1
ETEC_3182_1-389	0.7349531279740763	0.07407896717910789	0.3481451219985522	0.9913499370912385	0.7004756261081959	0.5620480612771197	0.9256778982340804	0.35472600897461837	0.0	0.9586945165877077	0.5346793266922074	0.948066206998454	0.4819366729055825	0.9667089834299395	0.9762731083505828	0.8233585797663165	0.560108621289162	0.09606606144000318	0.9720513863353711	0.9833211604348261	0.7233183528985897	0.9329001885637846	0.13860123989487272	0.7145843719730228	0.7499131204805787	0.46511799475253524	0.9913499370912385	0.9391727137527475	0.3259664514977543	0.2680263637736394	0.9722488375645072	-1	0.33180256455509627	0.5744120601887786	0.9587571474362044	0.8307268307215344	-1
t0486_1-404	0.2237413886136313	0.8846155494085998	0.6105493945891555	0.03265542050353092	0.25821889047951163	0.3966464553105879	0.033016618353627215	0.6039685076130893	0.9586945165877077	0.0	0.42401518989550024	0.01062830958925362	0.4767578436821251	0.008014466842231852	0.017578591762875212	0.13533593682139108	0.39858589529854566	1.0547605780277107	0.013356869747663567	0.024626643847118535	1.6820128694862972	0.02579432802392296	1.0972957564825803	0.24411014461468478	0.20878139610712898	0.49357652183517237	0.03265542050353092	0.019521802834960175	0.6327280650899534	0.6906681528140682	0.01355432097679956	-1	0.6268919520326114	0.3842824563989291	6.263084849688488e-05	1.789421347309242	-1
ERS227112_03571_1-414	0.20027380128186895	0.46060035951309947	0.18653420469365517	0.4566706103990312	0.1657962994159886	0.027368734584912346	0.390998571541873	0.179953317717589	0.5346793266922074	0.42401518989550024	0.0	0.41338688030624665	0.05274265378662485	0.4320296567377321	0.4415937816583755	0.28867925307410913	0.025429294596954588	0.6307453881322105	0.43737205964316384	0.4486418337426188	1.257997679590797	0.3982208618715773	0.67328056658708	0.17990504528081547	0.21523379378837126	0.06956133193967212	0.4566706103990312	0.40449338706054005	0.20871287519445308	0.26665296291856794	0.4375695108722998	-1	0.2028767621371111	0.03973273349657114	0.42407782074399714	1.3654061574137417	-1
SL1344_2347_1-404	0.21311307902437768	0.8739872398193461	0.5999210849999018	0.04328373009278454	0.247590580890258	0.3860181457213343	0.022388308764373595	0.5933401980238356	0.948066206998454	0.01062830958925362	0.41338688030624665	0.0	0.4661295340928715	0.018642776431485472	0.028206901352128833	0.12470762723213746	0.38795758570929206	1.044132268438457	0.023985179336917187	0.03525495343637215	1.6713845598970436	0.015166018434669339	1.0866674468933266	0.23348183502543116	0.19815308651787536	0.4829482122459188	0.04328373009278454	0.008893493245706555	0.6220997555006997	0.6800398432248146	0.02418263056605318	-1	0.6162636424433577	0.3736541468096755	0.010690940437750505	1.7787930377199883	-1
BN373_17071_1-413	0.2530164550684938	0.4078577057264746	0.13379155090703032	0.509413264185656	0.21853895320261346	0.0801113883715372	0.4437412253284979	0.12721066393096414	0.4819366729055825	0.4767578436821251	0.05274265378662485	0.4661295340928715	0.0	0.48477231052435693	0.49433643544500033	0.34142190686073404	0.07817194838357944	0.5780027343455857	0.4901147134297887	0.5013844875292436	1.2052550258041723	0.45096351565820214	0.6205379128004552	0.23264769906744032	0.2679764475749961	0.016818678153047273	0.509413264185656	0.4572360408471649	0.15597022140782824	0.2139103091319431	0.4903121646589247	-1	0.15013410835048624	0.09247538728319599	0.476820474530622	1.312663503627117	-1
CS17_02625_1-406	0.23175585545586316	0.8926300162508316	0.6185638614313873	0.02464095366129907	0.26623335732174347	0.40466092215281974	0.04103108519585907	0.6119829744553211	0.9667089834299395	0.008014466842231852	0.4320296567377321	0.018642776431485472	0.48477231052435693	0.0	0.00956412492064336	0.14335040366362295	0.4066003621407775	1.0627750448699427	0.005342402905431715	0.016612177004886684	1.6900273363285292	0.03380879486615481	1.1053102233248122	0.2521246114569166	0.21679586294936085	0.5015909886774043	0.02464095366129907	0.027536269677192027	0.6407425319321852	0.6986826196563001	0.005539854134567708	-1	0.6349064188748432	0.39229692324116094	0.007951835993734967	1.797435814151474	-1
ETEC_2459_1-406	0.2413199803765065	0.9021941411714749	0.6281279863520306	0.01507682874065571	0.27579748224238687	0.41422504707346314	0.05059521011650243	0.6215470993759644	0.9762731083505828	0.017578591762875212	0.4415937816583755	0.028206901352128833	0.49433643544500033	0.00956412492064336	0.0	0.1529145285842663	0.4161644870614209	1.072339169790586	0.004221722015211645	0.007048052084243323	1.6995914612491725	0.04337291978679817	1.1148743482454555	0.26168873637756	0.2263599878700042	0.5111551135980476	0.01507682874065571	0.03710039459783539	0.6503066568528285	0.7082467445769434	0.004024270786075652	-1	0.6444705437954865	0.40186104816180435	0.017515960914378327	1.8069999390721172	-1
Ecoli9000q_54550_1-407	0.08840545179224021	0.7492796125872087	0.47521345776776436	0.167991357324922	0.12288295365812055	0.26131051848919684	0.10231931846776388	0.4686325707916982	0.8233585797663165	0.13533593682139108	0.28867925307410913	0.12470762723213746	0.34142190686073404	0.14335040366362295	0.1529145285842663	0.0	0.2632499584771546	0.9194246412063197	0.14869280656905465	0.15996258066850963	1.5466769326649061	0.10954160879746813	0.9619598196611893	0.10877420779329369	0.0734454592857379	0.3582405850137813	0.167991357324922	0.11581413398643092	0.4973921282685623	0.5553322159926771	0.14889025779819065	-1	0.4915560152112203	0.24894651957753802	0.13539856766988798	1.6540854104878508	-1
t1723_1-413	0.17484450668491436	0.48602965411005405	0.21196349929060976	0.4312413158020766	0.14036700481903402	0.0019394399879577584	0.3655692769449185	0.20538261231454358	0.560108621289162	0.39858589529854566	0.025429294596954588	0.38795758570929206	0.07817194838357944	0.4066003621407775	0.4161644870614209	0.2632499584771546	0.0	0.6561746827291651	0.41194276504620925	0.4232125391456642	1.2834269741877518	0.3727915672746227	0.6987098611840347	0.15447575068386088	0.18980449919141668	0.09499062653662671	0.4312413158020766	0.37906409246358547	0.23414216979140767	0.2920822575155225	0.41214021627534525	-1	0.22830605673406568	0.01430343889961655	0.39864852614704255	1.3908354520106965	-1
CS17_01233_1-414	0.8310191894140795	0.17014502861911107	0.44421118343855537	1.0874159985312417	0.7965416875481992	0.6581141227171229	1.0217439596740836	0.45079207041462155	0.09606606144000318	1.0547605780277107	0.6307453881322105	1.044132268438457	0.5780027343455857	1.0627750448699427	1.072339169790586	0.9194246412063197	0.6561746827291651	0.0	1.0681174477753743	1.0793872218748293	0.6272522914585865	1.028966250003788	0.04253517845486954	0.810650433413026	0.8459791819205817	0.5611840561925384	1.0874159985312417	1.0352387751927505	0.42203251293775745	0.3640924252136426	1.0683148990045104	-1	0.42786862599509945	0.6704781216287816	1.0548232088762077	0.7346607692815312	-1
ROD_27351_1-405	0.23709825836129486	0.8979724191562632	0.623906264336819	0.019298550755867356	0.2715757602271752	0.4100033250582515	0.046373488101290786	0.6173253773607528	0.9720513863353711	0.013356869747663567	0.43737205964316384	0.023985179336917187	0.4901147134297887	0.005342402905431715	0.004221722015211645	0.14869280656905465	0.41194276504620925	1.0681174477753743	0.0	0.011269774099454968	1.6953697392339608	0.03915119777158653	1.1106526262302439	0.25746701436234837	0.22213826585479254	0.5069333915828359	0.019298550755867356	0.03287867258262374	0.6460849348376169	0.7040250225617317	0.0001974512291359927	-1	0.6402488217802749	0.3976393261465927	0.013294238899166682	1.8027782170569056	-1
ERS227112_03866_1-406	0.24836803246074984	0.9092421932557182	0.6351760384362739	0.008028776656412388	0.2828455343266302	0.42127309915770644	0.057643262200745754	0.6285951514602077	0.9833211604348261	0.024626643847118535	0.4486418337426188	0.03525495343637215	0.5013844875292436	0.016612177004886684	0.007048052084243323	0.15996258066850963	0.4232125391456642	1.0793872218748293	0.011269774099454968	0.0	1.7066395133334158	0.0504209718710415	1.1219224003296988	0.2687367884618033	0.23340803995424753	0.5182031656822909	0.008028776656412388	0.04414844668207871	0.6573547089370718	0.7152947966611867	0.011072322870318976	-1	0.6515185958797298	0.40890910024604765	0.02456401299862165	1.8140479911563605	-1
ENC_26830_1-388	1.458271480872666	0.7973973200776976	1.0714634748971419	1.7146682899898282	1.4237939790067857	1.2853664141757095	1.6489962511326701	1.078044361873208	0.7233183528985897	1.6820128694862972	1.257997679590797	1.6713845598970436	1.2052550258041723	1.6900273363285292	1.6995914612491725	1.5466769326649061	1.2834269741877518	0.6272522914585865	1.6953697392339608	1.7066395133334158	0.0	1.6562185414623745	0.584717113003717	1.4379027248716125	1.4732314733791683	1.188436347651125	1.7146682899898282	1.662491066651337	1.0492848043963439	0.9913447166722291	1.695567190463097	-1	1.055120917453686	1.2977304130873681	1.6820755003347942	0.10740847782294471	-1
SEN2360_1-404	0.19794706058970835	0.8588212213846768	0.5847550665652325	0.05844974852745388	0.23242456245558868	0.37085212728666495	0.007222290329704256	0.5781741795891663	0.9329001885637846	0.02579432802392296	0.3982208618715773	0.015166018434669339	0.45096351565820214	0.03380879486615481	0.04337291978679817	0.10954160879746813	0.3727915672746227	1.028966250003788	0.03915119777158653	0.0504209718710415	1.6562185414623745	0.0	1.0715014284586575	0.21831581659076182	0.18298706808320603	0.4677821938112494	0.05844974852745388	0.006272525188962784	0.6069337370660304	0.6648738247901452	0.03934864900072252	-1	0.6010976240086884	0.35848812837500615	0.025856958872419844	1.7636270192853192	-1
ETEC_3185_1-409	0.873554367868949	0.2126802070739806	0.4867463618934249	1.1299511769861112	0.8390768660030687	0.7006493011719924	1.0642791381289531	0.4933272488694911	0.13860123989487272	1.0972957564825803	0.67328056658708	1.0866674468933266	0.6205379128004552	1.1053102233248122	1.1148743482454555	0.9619598196611893	0.6987098611840347	0.04253517845486954	1.1106526262302439	1.1219224003296988	0.584717113003717	1.0715014284586575	0.0	0.8531856118678955	0.8885143603754513	0.603719234647408	1.1299511769861112	1.07777395364762	0.464567691392627	0.40662760366851214	1.11085007745938	-1	0.470403804449969	0.7130133000836512	1.0973583873310773	0.6921255908266617	-1
ERS227112_04889_1-424	0.02036875600105348	0.6405054047939149	0.36643924997447064	0.2767655651182157	0.014108745864826855	0.15253631069590312	0.21109352626105757	0.35985836299840446	0.7145843719730228	0.24411014461468478	0.17990504528081547	0.23348183502543116	0.23264769906744032	0.2521246114569166	0.26168873637756	0.10877420779329369	0.15447575068386088	0.810650433413026	0.25746701436234837	0.2687367884618033	1.4379027248716125	0.21831581659076182	0.8531856118678955	0.0	0.035328748507555796	0.2494663772204876	0.2767655651182157	0.22458834177972462	0.38861792047526855	0.4465580081993834	0.25766446559148437	-1	0.38278180741792656	0.14017231178424433	0.24417277546318167	1.5453112026945572	-1
SEN1852_1-401	0.014959992506502318	0.6758341533014707	0.40176799848202643	0.2414368166106599	0.04943749437238265	0.18786505920345892	0.17576477775350177	0.39518711150596025	0.7499131204805787	0.20878139610712898	0.21523379378837126	0.19815308651787536	0.2679764475749961	0.21679586294936085	0.2263599878700042	0.0734454592857379	0.18980449919141668	0.8459791819205817	0.22213826585479254	0.23340803995424753	1.4732314733791683	0.18298706808320603	0.8885143603754513	0.035328748507555796	0.0	0.2847951257280434	0.2414368166106599	0.18925959327216882	0.42394666898282435	0.4818867567069392	0.22233571708392855	-1	0.41811055592548235	0.17550106029180013	0.20884402695562587	1.580639951202113	-1
SL1344_1134_1-413	0.26983513322154107	0.39103902757342734	0.11697287275398305	0.5262319423387033	0.23535763135566073	0.09693006652458447	0.4605599034815452	0.11039198577791687	0.46511799475253524	0.49357652183517237	0.06956133193967212	0.4829482122459188	0.016818678153047273	0.5015909886774043	0.5111551135980476	0.3582405850137813	0.09499062653662671	0.5611840561925384	0.5069333915828359	0.5182031656822909	1.188436347651125	0.4677821938112494	0.603719234647408	0.2494663772204876	0.2847951257280434	0.0	0.5262319423387033	0.4740547190002122	0.13915154325478096	0.19709163097889582	0.507130842811972	-1	0.13331543019743897	0.10929406543624326	0.49363915268366926	1.2958448254740698	-1
BN373_33231_1-406	0.2563968091171622	0.9172709699121306	0.6432048150926863	0.0	0.29087431098304256	0.4293018758141188	0.06567203885715814	0.6366239281166202	0.9913499370912385	0.03265542050353092	0.4566706103990312	0.04328373009278454	0.509413264185656	0.02464095366129907	0.01507682874065571	0.167991357324922	0.4312413158020766	1.0874159985312417	0.019298550755867356	0.008028776656412388	1.7146682899898282	0.05844974852745388	1.1299511769861112	0.2767655651182157	0.2414368166106599	0.5262319423387033	0.0	0.0521772233384911	0.6653834855934843	0.7233235733175991	0.019101099526731363	-1	0.6595473725361423	0.41693787690246004	0.03259278965503404	1.822076767812773	-1
STMMW_24001_1-404	0.20421958577867114	0.8650937465736396	0.5910275917541953	0.0521772233384911	0.23869708764455147	0.3771246524756277	0.01349481551866704	0.5844467047781291	0.9391727137527475	0.019521802834960175	0.40449338706054005	0.008893493245706555	0.4572360408471649	0.027536269677192027	0.03710039459783539	0.11581413398643092	0.37906409246358547	1.0352387751927505	0.03287867258262374	0.04414844668207871	1.662491066651337	0.006272525188962784	1.07777395364762	0.22458834177972462	0.18925959327216882	0.4740547190002122	0.0521772233384911	0.0	0.6132062622549932	0.671146349979108	0.033076123811759735	-1	0.6073701491976512	0.3647606535639689	0.01958443368345706	1.7698995444742818	-1
ROD_35111_1-417	0.40898667647632203	0.2518874843186464	0.022178670500797915	0.6653834855934843	0.3745091746104417	0.23608160977936543	0.5997114467363261	0.028759557476864095	0.3259664514977543	0.6327280650899534	0.20871287519445308	0.6220997555006997	0.15597022140782824	0.6407425319321852	0.6503066568528285	0.4973921282685623	0.23414216979140767	0.42203251293775745	0.6460849348376169	0.6573547089370718	1.0492848043963439	0.6069337370660304	0.464567691392627	0.38861792047526855	0.42394666898282435	0.13915154325478096	0.6653834855934843	0.6132062622549932	0.0	0.05794008772411485	0.6462823860667529	-1	0.005836113057341996	0.24844560869102422	0.6327906959384502	1.1566932822192886	-1
ROD_43281_1-389	0.4669267642004369	0.19394739659453153	0.08011875822491277	0.7233235733175991	0.43244926233455655	0.2940216975034803	0.657651534460441	0.08669964520097895	0.2680263637736394	0.6906681528140682	0.26665296291856794	0.6800398432248146	0.2139103091319431	0.6986826196563001	0.7082467445769434	0.5553322159926771	0.2920822575155225	0.3640924252136426	0.7040250225617317	0.7152947966611867	0.9913447166722291	0.6648738247901452	0.40662760366851214	0.4465580081993834	0.4818867567069392	0.19709163097889582	0.7233235733175991	0.671146349979108	0.05794008772411485	0.0	0.7042224737908678	-1	0.06377620078145685	0.3063856964151391	0.6907307836625651	1.0987531944951738	-1
ENC_38840_1-405	0.23729570959043086	0.8981698703853993	0.624103715565955	0.019101099526731363	0.27177321145631117	0.4102007762873875	0.046570939330426775	0.6175228285898888	0.9722488375645072	0.01355432097679956	0.4375695108722998	0.02418263056605318	0.4903121646589247	0.005539854134567708	0.004024270786075652	0.14889025779819065	0.41214021627534525	1.0683148990045104	0.0001974512291359927	0.011072322870318976	1.695567190463097	0.03934864900072252	1.11085007745938	0.25766446559148437	0.22233571708392855	0.507130842811972	0.019101099526731363	0.033076123811759735	0.6462823860667529	0.7042224737908678	0.0	-1	0.6404462730094109	0.39783677737572865	0.013491690128302675	1.8029756682860416	-1
b2323_1-406	-1	-1	-1	-1	-1	-1	-1	-1	-1	-1	-1	-1	-1	-1	-1	-1	-1	-1	-1	-1	-1	-1	-1	-1	-1	-1	-1	-1	-1	-1	-1	-1	-1	-1	-1	-1	-1
ETEC_1160_1-413	0.40315056341898003	0.2577235973759884	0.01634255744345592	0.6595473725361423	0.3686730615530997	0.23024549672202343	0.5938753336789842	0.0229234444195221	0.33180256455509627	0.6268919520326114	0.2028767621371111	0.6162636424433577	0.15013410835048624	0.6349064188748432	0.6444705437954865	0.4915560152112203	0.22830605673406568	0.42786862599509945	0.6402488217802749	0.6515185958797298	1.055120917453686	0.6010976240086884	0.470403804449969	0.38278180741792656	0.41811055592548235	0.13331543019743897	0.6595473725361423	0.6073701491976512	0.005836113057341996	0.06377620078145685	0.6404462730094109	-1	0.0	0.24260949563368223	0.6269545828811083	1.1625293952766307	-1
NCTC13441_02817_1-414	0.1605410677852978	0.5003330930096705	0.2262669381902263	0.41693787690246004	0.12606356591941748	0.012363998911658791	0.35126583804530187	0.21968605121416013	0.5744120601887786	0.3842824563989291	0.03973273349657114	0.3736541468096755	0.09247538728319599	0.39229692324116094	0.40186104816180435	0.24894651957753802	0.01430343889961655	0.6704781216287816	0.3976393261465927	0.40890910024604765	1.2977304130873681	0.35848812837500615	0.7130133000836512	0.14017231178424433	0.17550106029180013	0.10929406543624326	0.41693787690246004	0.3647606535639689	0.24844560869102422	0.3063856964151391	0.39783677737572865	-1	0.24260949563368223	0.0	0.384345087247426	1.4051388909103129	-1
STM_MW24001_1-405	0.2238040194621282	0.8846781802570967	0.6106120254376524	0.03259278965503404	0.2582815213280085	0.3967090861590848	0.0330792492021241	0.6040311384615862	0.9587571474362044	6.263084849688488e-05	0.42407782074399714	0.010690940437750505	0.476820474530622	0.007951835993734967	0.017515960914378327	0.13539856766988798	0.39864852614704255	1.0548232088762077	0.013294238899166682	0.02456401299862165	1.6820755003347942	0.025856958872419844	1.0973583873310773	0.24417277546318167	0.20884402695562587	0.49363915268366926	0.03259278965503404	0.01958443368345706	0.6327906959384502	0.6907307836625651	0.013491690128302675	-1	0.6269545828811083	0.384345087247426	0.0	1.789483978157739	-1
ENC_26860_1-409	1.5656799586956107	0.9048057979006423	1.1788719527200866	1.822076767812773	1.5312024568297304	1.3927748919986542	1.7564047289556148	1.1854528396961528	0.8307268307215344	1.789421347309242	1.3654061574137417	1.7787930377199883	1.312663503627117	1.797435814151474	1.8069999390721172	1.6540854104878508	1.3908354520106965	0.7346607692815312	1.8027782170569056	1.8140479911563605	0.10740847782294471	1.7636270192853192	0.6921255908266617	1.5453112026945572	1.580639951202113	1.2958448254740698	1.822076767812773	1.7698995444742818	1.1566932822192886	1.0987531944951738	1.8029756682860416	-1	1.1625293952766307	1.4051388909103129	1.789483978157739	0.0	-1
b1095_1-413	-1	-1	-1	-1	-1	-1	-1	-1	-1	-1	-1	-1	-1	-1	-1	-1	-1	-1	-1	-1	-1	-1	-1	-1	-1	-1	-1	-1	-1	-1	-1	-1	-1	-1	-1	-1	-1
