ROD_26761_1-334	0.0	0.21102836076116893	0.2255144433089351	0.4727041436363216	0.10402172541363974	0.297120231408058	0.46312395364166403
ENC_39360_1-334	0.21102836076116893	0.0	0.014486082547766177	0.2616757828751527	0.3150500861748087	0.08609187064688906	0.2520955928804951
STMMW_23371_1-333	0.2255144433089351	0.014486082547766177	0.0	0.24718970032738652	0.32953616872257485	0.07160578809912288	0.23760951033272892
STM_MW23371_1-334	0.4727041436363216	0.2616757828751527	0.24718970032738652	0.0	0.5767258690499614	0.17558391222826364	0.009580189994657595
SL1344_2283_1-333	0.10402172541363974	0.3150500861748087	0.32953616872257485	0.5767258690499614	0.0	0.40114195682169773	0.5671456790553038
SEN2296_1-333	0.297120231408058	0.08609187064688906	0.07160578809912288	0.17558391222826364	0.40114195682169773	0.0	0.16600372223360604
t0549_1-334	0.46312395364166403	0.2520955928804951	0.23760951033272892	0.009580189994657595	0.5671456790553038	0.16600372223360604	0.0
