b4479_1-229	0.0	5.75723528901961	6.073564420162693	5.76640895266539	5.90462077168065	5.93007721455709	6.138968232854455	5.93133515794782	5.64506350659256	5.92834304051527	0.0	6.064843492633555	5.62916929784201	6.105590108946744	5.55029500875112	6.028481873052895	4.82507055686737	6.086097892496619	5.99895236378084	6.189649835013641	5.85841154966335	5.44841655156448	5.90945048791325	6.0091672008579025	6.184644018267689
CS17_04211_1-231	5.75723528901961	0.0	0.31632913114308314	0.009173663645780206	0.14738548266104012	0.17284192553748	0.38173294383484513	0.17409986892821006	0.11217178242704984	0.17110775149566004	5.75723528901961	0.30760820361394514	0.12806599117759987	0.34835481992713413	0.20694028026848987	0.27124658403328505	0.9321647321522397	0.32886260347700913	0.24171707476123006	0.43241454599403106	0.10117626064374008	0.3088187374551299	0.15221519889364	0.2519319118382921	0.42740872924807904
ROD_40301_1-229	6.073564420162693	0.31632913114308314	0.0	0.30715546749730294	0.16894364848204302	0.14348720560560313	0.06540381269176199	0.1422292622148731	0.428500913570133	0.1452213796474231	6.073564420162693	0.008720927529138	0.444395122320683	0.03202568878405099	0.523269411411573	0.04508254710979809	1.2484938632953229	0.012533472333925988	0.07461205638185309	0.11608541485094792	0.21515287049934306	0.625147868598213	0.16411393224944315	0.06439721930479103	0.1110795981049959
ERS227112_00423_1-233	5.76640895266539	0.009173663645780206	0.30715546749730294	0.0	0.13821181901525992	0.1636682618916998	0.3725592801890649	0.16492620528242985	0.12134544607283004	0.16193408784987984	5.76640895266539	0.29843453996816494	0.13723965482338008	0.3391811562813539	0.21611394391427008	0.26207292038750485	0.9413383957980199	0.3196889398312289	0.23254341111544985	0.42324088234825086	0.09200259699795987	0.3179924011009101	0.14304153524785979	0.2427582481925119	0.41823506560229884
STM_MW38151_1-230	5.90462077168065	0.14738548266104012	0.16894364848204302	0.13821181901525992	0.0	0.02545644287643989	0.234347461173805	0.02671438626716993	0.25955726508808996	0.02372226883461992	5.90462077168065	0.16022272095290502	0.27545147383864	0.200969337266094	0.35432576292953	0.12386110137224493	1.0795502148132798	0.181477120815969	0.09433159210018993	0.28502906333299094	0.046209222017300045	0.45620422011617	0.004829716232599868	0.10454642917725199	0.2800232465870389
SEN3703_1-234	5.93007721455709	0.17284192553748	0.14348720560560313	0.1636682618916998	0.02545644287643989	0.0	0.20889101829736512	0.001257943390730043	0.28501370796452985	0.0017341740418199691	5.93007721455709	0.13476627807646513	0.3009079167150799	0.17551289438965412	0.3797822058059699	0.09840465849580504	1.1050066576897197	0.15602067793952912	0.06887514922375004	0.25957262045655105	0.07166566489373993	0.4816606629926099	0.02062672664384002	0.0790899863008121	0.25456680371059903
STM_MW38721_1-234	6.138968232854455	0.38173294383484513	0.06540381269176199	0.3725592801890649	0.234347461173805	0.20889101829736512	0.0	0.20763307490663507	0.49390472626189497	0.21062519233918509	6.138968232854455	0.07412474022089999	0.509798935012445	0.033378123907711	0.588673224103335	0.11048635980156007	1.3138976759870848	0.052870340357836	0.14001586907361507	0.050681602159185934	0.28055668319110505	0.690551681289975	0.22951774494120514	0.12980103199655302	0.045675785413233916
CS17_04146_1-230	5.93133515794782	0.17409986892821006	0.1422292622148731	0.16492620528242985	0.02671438626716993	0.001257943390730043	0.20763307490663507	0.0	0.2862716513552599	0.002992117432550012	5.93133515794782	0.13350833468573509	0.3021658601058099	0.17425495099892407	0.38104014919669993	0.097146715105075	1.1062646010804498	0.15476273454879907	0.06761720583302	0.258314677065821	0.07292360828446998	0.48291860638333994	0.021884670034570064	0.07783204291008206	0.253308860319869
NCTC13441_04821_1-230	5.64506350659256	0.11217178242704984	0.428500913570133	0.12134544607283004	0.25955726508808996	0.28501370796452985	0.49390472626189497	0.2862716513552599	0.0	0.2832795339227099	5.64506350659256	0.419779986040995	0.015894208750550032	0.46052660235418397	0.09476849784144004	0.3834183664603349	0.8199929497251899	0.44103438590405897	0.3538888571882799	0.5445863284210809	0.21334804307078992	0.19664695502808005	0.26438698132068983	0.36410369426534195	0.5395805116751289
STMMW_38721_1-234	5.92834304051527	0.17110775149566004	0.1452213796474231	0.16193408784987984	0.02372226883461992	0.0017341740418199691	0.21062519233918509	0.002992117432550012	0.2832795339227099	0.0	5.92834304051527	0.1365004521182851	0.2991737426732599	0.1772470684314741	0.3780480317641499	0.10013883253762501	1.1032724836478998	0.1577548519813491	0.07060932326557001	0.261306794498371	0.06993149085191996	0.47992648895078993	0.018892552602020052	0.08082416034263207	0.256300977752419
b3755_1-230	0.0	5.75723528901961	6.073564420162693	5.76640895266539	5.90462077168065	5.93007721455709	6.138968232854455	5.93133515794782	5.64506350659256	5.92834304051527	0.0	6.064843492633555	5.62916929784201	6.105590108946744	5.55029500875112	6.028481873052895	4.82507055686737	6.086097892496619	5.99895236378084	6.189649835013641	5.85841154966335	5.44841655156448	5.90945048791325	6.0091672008579025	6.184644018267689
BN373_47421_1-229	6.064843492633555	0.30760820361394514	0.008720927529138	0.29843453996816494	0.16022272095290502	0.13476627807646513	0.07412474022089999	0.13350833468573509	0.419779986040995	0.1365004521182851	6.064843492633555	0.0	0.435674194791545	0.04074661631318899	0.514548483882435	0.03636161958066009	1.2397729357661849	0.02125439986306399	0.06589112885271509	0.12480634238008592	0.20643194297020506	0.616426941069075	0.15539300472030515	0.05567629177565303	0.1198005256341339
BN373_47971_1-233	5.62916929784201	0.12806599117759987	0.444395122320683	0.13723965482338008	0.27545147383864	0.3009079167150799	0.509798935012445	0.3021658601058099	0.015894208750550032	0.2991737426732599	5.62916929784201	0.435674194791545	0.0	0.476420811104734	0.07887428909089	0.3993125752108849	0.8040987409746398	0.456928594654609	0.3697830659388299	0.5604805371716309	0.22924225182133995	0.18075274627753002	0.28028119007123986	0.379997903015892	0.5554747204256789
ERS227112_00477_1-230	6.105590108946744	0.34835481992713413	0.03202568878405099	0.3391811562813539	0.200969337266094	0.17551289438965412	0.033378123907711	0.17425495099892407	0.46052660235418397	0.1772470684314741	6.105590108946744	0.04074661631318899	0.476420811104734	0.0	0.555295100195624	0.07710823589384908	1.2805195520793737	0.019492216450125	0.10663774516590407	0.08405972606689693	0.24717855928339405	0.657173557382264	0.19613962103349414	0.09642290808884202	0.07905390932094492
ENC_03870_1-229	5.55029500875112	0.20694028026848987	0.523269411411573	0.21611394391427008	0.35432576292953	0.3797822058059699	0.588673224103335	0.38104014919669993	0.09476849784144004	0.3780480317641499	5.55029500875112	0.514548483882435	0.07887428909089	0.555295100195624	0.0	0.4781868643017749	0.7252244518837498	0.535802883745499	0.44865735502971993	0.6393548262625209	0.30811654091222995	0.10187845718664001	0.35915547916212986	0.458872192106782	0.6343490095165689
ETEC_4046_1-230	6.028481873052895	0.27124658403328505	0.04508254710979809	0.26207292038750485	0.12386110137224493	0.09840465849580504	0.11048635980156007	0.097146715105075	0.3834183664603349	0.10013883253762501	6.028481873052895	0.03636161958066009	0.3993125752108849	0.07710823589384908	0.4781868643017749	0.0	1.2034113161855249	0.057616019443724076	0.029529509272055	0.161167961960746	0.17007032338954498	0.5800653214884149	0.11903138513964506	0.019314672194992943	0.156162145214794
ENC_04410_1-235	4.82507055686737	0.9321647321522397	1.2484938632953229	0.9413383957980199	1.0795502148132798	1.1050066576897197	1.3138976759870848	1.1062646010804498	0.8199929497251899	1.1032724836478998	4.82507055686737	1.2397729357661849	0.8040987409746398	1.2805195520793737	0.7252244518837498	1.2034113161855249	0.0	1.2610273356292487	1.1738818069134698	1.364579278146271	1.0333409927959798	0.6233459946971098	1.0843799310458797	1.1840966439905318	1.3595734614003188
ETEC_3985_1-229	6.086097892496619	0.32886260347700913	0.012533472333925988	0.3196889398312289	0.181477120815969	0.15602067793952912	0.052870340357836	0.15476273454879907	0.44103438590405897	0.1577548519813491	6.086097892496619	0.02125439986306399	0.456928594654609	0.019492216450125	0.535802883745499	0.057616019443724076	1.2610273356292487	0.0	0.08714552871577907	0.10355194251702193	0.22768634283326905	0.637681340932139	0.17664740458336914	0.07693069163871702	0.09854612577106991
t3631_1-234	5.99895236378084	0.24171707476123006	0.07461205638185309	0.23254341111544985	0.09433159210018993	0.06887514922375004	0.14001586907361507	0.06761720583302	0.3538888571882799	0.07060932326557001	5.99895236378084	0.06589112885271509	0.3697830659388299	0.10663774516590407	0.44865735502971993	0.029529509272055	1.1738818069134698	0.08714552871577907	0.0	0.190697471232801	0.14054081411748998	0.5505358122163599	0.08950187586759006	0.010214837077062056	0.185691654486849
SL1344_3857_1-234	6.189649835013641	0.43241454599403106	0.11608541485094792	0.42324088234825086	0.28502906333299094	0.25957262045655105	0.050681602159185934	0.258314677065821	0.5445863284210809	0.261306794498371	6.189649835013641	0.12480634238008592	0.5604805371716309	0.08405972606689693	0.6393548262625209	0.161167961960746	1.364579278146271	0.10355194251702193	0.190697471232801	0.0	0.331238285350291	0.741233283449161	0.28019934710039107	0.18048263415573895	0.005005816745952019
SL1344_3797_1-229	5.85841154966335	0.10117626064374008	0.21515287049934306	0.09200259699795987	0.046209222017300045	0.07166566489373993	0.28055668319110505	0.07292360828446998	0.21334804307078992	0.06993149085191996	5.85841154966335	0.20643194297020506	0.22924225182133995	0.24717855928339405	0.30811654091222995	0.17007032338954498	1.0333409927959798	0.22768634283326905	0.14054081411748998	0.331238285350291	0.0	0.40999499809886997	0.05103893824989991	0.15075565119455203	0.32623246860433897
ROD_39841_1-234	5.44841655156448	0.3088187374551299	0.625147868598213	0.3179924011009101	0.45620422011617	0.4816606629926099	0.690551681289975	0.48291860638333994	0.19664695502808005	0.47992648895078993	5.44841655156448	0.616426941069075	0.18075274627753002	0.657173557382264	0.10187845718664001	0.5800653214884149	0.6233459946971098	0.637681340932139	0.5505358122163599	0.741233283449161	0.40999499809886997	0.0	0.4610339363487699	0.560750649293422	0.7362274667032089
SEN3647_1-229	5.90945048791325	0.15221519889364	0.16411393224944315	0.14304153524785979	0.004829716232599868	0.02062672664384002	0.22951774494120514	0.021884670034570064	0.26438698132068983	0.018892552602020052	5.90945048791325	0.15539300472030515	0.28028119007123986	0.19613962103349414	0.35915547916212986	0.11903138513964506	1.0843799310458797	0.17664740458336914	0.08950187586759006	0.28019934710039107	0.05103893824989991	0.4610339363487699	0.0	0.09971671294465212	0.27519353035443905
STMMW_38151_1-229	6.0091672008579025	0.2519319118382921	0.06439721930479103	0.2427582481925119	0.10454642917725199	0.0790899863008121	0.12980103199655302	0.07783204291008206	0.36410369426534195	0.08082416034263207	6.0091672008579025	0.05567629177565303	0.379997903015892	0.09642290808884202	0.458872192106782	0.019314672194992943	1.1840966439905318	0.07693069163871702	0.010214837077062056	0.18048263415573895	0.15075565119455203	0.560750649293422	0.09971671294465212	0.0	0.17547681740978693
NCTC13441_04761_1-231	6.184644018267689	0.42740872924807904	0.1110795981049959	0.41823506560229884	0.2800232465870389	0.25456680371059903	0.045675785413233916	0.253308860319869	0.5395805116751289	0.256300977752419	6.184644018267689	0.1198005256341339	0.5554747204256789	0.07905390932094492	0.6343490095165689	0.156162145214794	1.3595734614003188	0.09854612577106991	0.185691654486849	0.005005816745952019	0.32623246860433897	0.7362274667032089	0.27519353035443905	0.17547681740978693	0.0
