b3569_2-284	-1	-1	-1	-1	-1	-1	-1	-1	-1	-1	-1
b3569_284-360	-1	-1	-1	-1	-1	-1	-1	-1	-1	-1	-1
ERS227112_00646_6-330	-1	-1	0.0	0.5029684148297899	0.06967808484097993	0.18879622928298578	0.3857424270481925	0.13579408269664306	0.18127499842119843	0.06034377757365594	0.20950412821763742
ENC_47380_2-360	-1	-1	0.5029684148297899	0.0	0.43329032998881	0.6917646441127757	0.8887108418779824	0.3671743321331469	0.6842434132509884	0.5633121924034459	0.7124725430474274
NCTC13441_00114_2-284	-1	-1	0.06967808484097993	0.43329032998881	0.0	0.2584743141239657	0.45542051188917243	0.06611599785566313	0.25095308326217836	0.13002186241463587	0.27918221305861735
NCTC13441_00114_284-360	-1	-1	0.18879622928298578	0.6917646441127757	0.2584743141239657	0.0	0.19694619776520672	0.32459031197962884	0.0075212308617873536	0.12845245170932984	0.020707898934651636
CS17_04014_2-284	-1	-1	0.3857424270481925	0.8887108418779824	0.45542051188917243	0.19694619776520672	0.0	0.5215365097448356	0.20446742862699407	0.32539864947453656	0.17623829883055508
CS17_04014_284-360	-1	-1	0.13579408269664306	0.3671743321331469	0.06611599785566313	0.32459031197962884	0.5215365097448356	0.0	0.3170690811178415	0.196137860270299	0.3452982109142805
BN373_45761_6-330	-1	-1	0.18127499842119843	0.6842434132509884	0.25095308326217836	0.0075212308617873536	0.20446742862699407	0.3170690811178415	0.0	0.12093122084754249	0.02822912979643899
ETEC_3812_2-284	-1	-1	0.06034377757365594	0.5633121924034459	0.13002186241463587	0.12845245170932984	0.32539864947453656	0.196137860270299	0.12093122084754249	0.0	0.14916035064398148
ETEC_3812_284-360	-1	-1	0.20950412821763742	0.7124725430474274	0.27918221305861735	0.020707898934651636	0.17623829883055508	0.3452982109142805	0.02822912979643899	0.14916035064398148	0.0
