ERS227112_04443_1-117	0.0	0.32074181093550275	0.015098506539620749	0.06359412114239438	0.274468321916317	0.11387092299203116	0.35635475177861814	-1	0.2826248120430174	0.12805784188618202	0.053095484117316794	0.03543169858655448	0.22210153937182087	0.13114476202385006
Ecoli9000q_1800_1-117	0.32074181093550275	0.0	0.305643304395882	0.25714768979310837	0.046273489019185765	0.4346127339275339	0.03561294084311539	-1	0.03811699889248532	0.19268396904932072	0.37383729505281954	0.35617350952205723	0.5428433503073236	0.4518865729593528
SL1344_1697_1-117	0.015098506539620749	0.305643304395882	0.0	0.04849561460277363	0.25936981537669623	0.1289694295316519	0.3412562452389974	-1	0.2675263055033967	0.11295933534656127	0.06819399065693754	0.05053020512617523	0.23720004591144161	0.1462432685634708
ETEC_1326_1-117	0.06359412114239438	0.25714768979310837	0.04849561460277363	0.0	0.2108742007739226	0.17746504413442554	0.29276063063622376	-1	0.21903069090062305	0.06446372074378764	0.11668960525971117	0.09902581972894886	0.28569566051421524	0.19473888316624444
STM_MW17611_1-117	0.274468321916317	0.046273489019185765	0.25936981537669623	0.2108742007739226	0.0	0.38833924490834815	0.08188642986230116	-1	0.008156490126700444	0.14641048003013496	0.3275638060336338	0.30990002050287146	0.49656986128813785	0.40561308394016704
CS17_01401_1-117	0.11387092299203116	0.4346127339275339	0.1289694295316519	0.17746504413442554	0.38833924490834815	0.0	0.4702256747706493	-1	0.3964957350350486	0.2419287648782132	0.06077543887471437	0.07843922440547668	0.1082306163797897	0.017273839031818894
NCTC13441_02621_1-117	0.35635475177861814	0.03561294084311539	0.3412562452389974	0.29276063063622376	0.08188642986230116	0.4702256747706493	0.0	-1	0.07372993973560071	0.22829690989243612	0.40945023589593493	0.3917864503651726	0.578456291150439	0.4874995138024682
b1219_1-117	-1	-1	-1	-1	-1	-1	-1	-1	-1	-1	-1	-1	-1	-1
STMMW_17611_1-117	0.2826248120430174	0.03811699889248532	0.2675263055033967	0.21903069090062305	0.008156490126700444	0.3964957350350486	0.07372993973560071	-1	0.0	0.1545669701568354	0.3357202961603342	0.3180565106295719	0.5047263514148383	0.4137695740668675
ENC_07720_1-117	0.12805784188618202	0.19268396904932072	0.11295933534656127	0.06446372074378764	0.14641048003013496	0.2419287648782132	0.22829690989243612	-1	0.1545669701568354	0.0	0.18115332600349882	0.1634895404727365	0.3501593812580029	0.2592026039100321
SEN1270_1-117	0.053095484117316794	0.37383729505281954	0.06819399065693754	0.11668960525971117	0.3275638060336338	0.06077543887471437	0.40945023589593493	-1	0.3357202961603342	0.18115332600349882	0.0	0.01766378553076231	0.16900605525450407	0.07804927790653327
t1678_1-117	0.03543169858655448	0.35617350952205723	0.05053020512617523	0.09902581972894886	0.30990002050287146	0.07843922440547668	0.3917864503651726	-1	0.3180565106295719	0.1634895404727365	0.01766378553076231	0.0	0.18666984078526638	0.09571306343729558
ROD_17931_1-117	0.22210153937182087	0.5428433503073236	0.23720004591144161	0.28569566051421524	0.49656986128813785	0.1082306163797897	0.578456291150439	-1	0.5047263514148383	0.3501593812580029	0.16900605525450407	0.18666984078526638	0.0	0.09095677734797081
BN373_28191_1-117	0.13114476202385006	0.4518865729593528	0.1462432685634708	0.19473888316624444	0.40561308394016704	0.017273839031818894	0.4874995138024682	-1	0.4137695740668675	0.2592026039100321	0.07804927790653327	0.09571306343729558	0.09095677734797081	0.0
