Ecoli9000q_39840_1-384	0.0	-1	0.1875281626943024	0.09031125272163032	0.42682602792143143	0.2524682095899635	0.27241244766922346
b4335_1-383	-1	-1	-1	-1	-1	-1	-1
NCTC13441_04057_1-384	0.1875281626943024	-1	0.0	0.09721690997267207	0.23929786522712904	0.06494004689566113	0.08488428497492106
ETEC_4648_1-383	0.09031125272163032	-1	0.09721690997267207	0.0	0.3365147751998011	0.1621569568683332	0.18210119494759314
BN373_03901_1-383	0.42682602792143143	-1	0.23929786522712904	0.3365147751998011	0.0	0.1743578183314679	0.15441358025220797
CS17_04801_1-384	0.2524682095899635	-1	0.06494004689566113	0.1621569568683332	0.1743578183314679	0.0	0.019944238079259935
ERS227112_02237_1-384	0.27241244766922346	-1	0.08488428497492106	0.18210119494759314	0.15441358025220797	0.019944238079259935	0.0
