SEN0292_1-814	0.0	0.10575645316146494	0.16069754604564832	0.14741681320328953	0.20736416591832324	0.2895591480225458	0.32340288427419406	0.18825490382470733	0.07789808808659217	0.3036244103836545	0.01750890643452439	0.2985919655346375	-1	0.30274131269865373
NCTC13441_03757_1-814	0.10575645316146494	0.0	0.2494591967055743	0.23758298706400835	0.2911905203794808	0.3646928527086907	0.39495739545263253	0.09225501369834134	0.03021180708438752	0.3772706228097031	0.08982020020831824	0.2156409325568117	-1	0.22028099641713875
ERS227112_02575_1-814	0.16069754604564832	0.2494591967055743	0.0	0.015577052243144287	0.05560167214191542	0.15353416562738426	0.1938578130707992	0.31870034879466563	0.2260776025350774	0.17029244185407774	0.1753928141822018	0.4113065154499228	-1	0.4147890727069901
ETEC_0246_1-814	0.14741681320328953	0.23758298706400835	0.015577052243144287	0.0	0.07031261423329892	0.1667196081514432	0.20641513203199796	0.30791977903626677	0.21383141338952713	0.18321683983384845	0.16234461244856174	0.4019913027307043	-1	0.40552896635892716
BN373_07191_1-814	0.20736416591832324	0.2911905203794808	0.05560167214191542	0.07031261423329892	0.0	0.1036982919141564	0.14639600351945947	0.356581748631386	0.26910898194220717	0.12144321556803624	0.22124235257391053	0.444038857569958	-1	0.44732777882020236
ENC_24700_1-814	0.2895591480225458	0.3646928527086907	0.15353416562738426	0.1667196081514432	0.1036982919141564	0.0	0.047637655066494276	0.42330312228470457	0.3449011320901991	0.019797935777424974	0.30199819042708287	0.5016910784105963	-1	0.5046389441449503
CS17_00235_1-814	0.32340288427419406	0.39495739545263253	0.1938578130707992	0.20641513203199796	0.14639600351945947	0.047637655066494276	0.0	0.45077560922323007	0.3761085059941371	0.02840202067024797	0.3352493598673063	0.5254293469338291	-1	0.5282367832571475
ROD_02221_1-814	0.18825490382470733	0.09225501369834134	0.31870034879466563	0.30791977903626677	0.356581748631386	0.42330312228470457	0.45077560922323007	0.0	0.11967963010630706	0.4347205300327535	0.17378885010605344	0.13592575086662848	-1	0.14103738897022366
STMMW_03201_1-814	0.07789808808659217	0.03021180708438752	0.2260776025350774	0.21383141338952713	0.26910898194220717	0.3449011320901991	0.3761085059941371	0.11967963010630706	0.0	0.3578707374049412	0.06146537311897097	0.2393378373872954	-1	0.243837716533415
SL1344_0305_1-814	0.3036244103836545	0.3772706228097031	0.17029244185407774	0.18321683983384845	0.12144321556803624	0.019797935777424974	0.02840202067024797	0.4347205300327535	0.3578707374049412	0.0	0.3158171854255339	0.5115565664375412	-1	0.5144460705154059
t2541_1-814	0.01750890643452439	0.08982020020831824	0.1753928141822018	0.16234461244856174	0.22124235257391053	0.30199819042708287	0.3352493598673063	0.17378885010605344	0.06146537311897097	0.3158171854255339	0.0	0.28609222102976867	-1	0.29031551342518175
STM_MW03201_1-814	0.2985919655346375	0.2156409325568117	0.4113065154499228	0.4019913027307043	0.444038857569958	0.5016910784105963	0.5254293469338291	0.13592575086662848	0.2393378373872954	0.5115565664375412	0.28609222102976867	0.0	-1	0.005915739427163746
b0221_1-814	-1	-1	-1	-1	-1	-1	-1	-1	-1	-1	-1	-1	-1	-1
Ecoli9000q_43020_1-814	0.30274131269865373	0.22028099641713875	0.4147890727069901	0.40552896635892716	0.44732777882020236	0.5046389441449503	0.5282367832571475	0.14103738897022366	0.243837716533415	0.5144460705154059	0.29031551342518175	0.005915739427163746	-1	0.0
