ROD_13021_1-435	0.0	0.4460501402473563	0.37950016673822856	0.4730580218970928	0.04406560484616686	-1	0.34346675221568235	0.430251962411207
ETEC_1789_1-435	0.4460501402473563	0.0	0.1072522020824656	0.04875510152091449	0.47046027587180583	-1	0.15625010367391834	0.027728358491602868
ERS227112_05520_1-435	0.37950016673822856	0.1072522020824656	0.0	0.15077821160250784	0.40684286719785423	-1	0.05488437127008047	0.08179179582723221
NCTC13441_02123_1-435	0.4730580218970928	0.04875510152091449	0.15077821160250784	0.0	0.496278038881033	-1	0.1973872155275575	0.07513156107925094
ENC_14530_1-435	0.04406560484616686	0.47046027587180583	0.40684286719785423	0.496278038881033	0.0	-1	0.37239728688091667	0.4553582542974738
b1757_1-435	-1	-1	-1	-1	-1	-1	-1	-1
BN373_18361_1-435	0.34346675221568235	0.15625010367391834	0.05488437127008047	0.1973872155275575	0.37239728688091667	-1	0.0	0.13218707580828426
CS17_01944_1-435	0.430251962411207	0.027728358491602868	0.08179179582723221	0.07513156107925094	0.4553582542974738	-1	0.13218707580828426	0.0
