ETEC_0288_1-164	0.0	0.12906952267417537	0.014191606429808878	0.09704783906240255	0.11266432779888058	0.39190561537448343	0.3641545568164225
STMMW_20041_1-164	0.12906952267417537	0.0	0.1148779162443665	0.22611736173657793	0.016405194875294793	0.26283609270030805	0.23508503414224713
STM_MW20041_1-169	0.014191606429808878	0.1148779162443665	0.0	0.11123944549221143	0.0984727213690717	0.37771400894467455	0.3499629503866136
SEN1940_1-146	0.09704783906240255	0.22611736173657793	0.11123944549221143	0.0	0.20971216686128313	0.488953454436886	0.46120239587882506
BN373_33651_1-164	0.11266432779888058	0.016405194875294793	0.0984727213690717	0.20971216686128313	0.0	0.27924128757560285	0.2514902290175419
ETEC_4334_1-164	0.39190561537448343	0.26283609270030805	0.37771400894467455	0.488953454436886	0.27924128757560285	0.0	0.027751058558060926
SL1344_1951_1-167	0.3641545568164225	0.23508503414224713	0.3499629503866136	0.46120239587882506	0.2514902290175419	0.027751058558060926	0.0
