b1186_1-513	-1	-1	-1	-1	-1	-1	-1	-1	-1	-1	-1	-1
STM_MW17981_1-514	-1	0.0	0.133864837102059	0.19467174574230695	0.20848798104426802	0.30329913351416804	0.09381744085907295	0.04003475468616802	0.23608560302062698	0.21137385469596703	0.1807572492871069	0.18623022421855706
SL1344_1734_1-514	-1	0.133864837102059	0.0	0.06080690864024796	0.342352818146327	0.437163970616227	0.04004739624298603	0.09383008241589097	0.10222076591856799	0.07750901759390805	0.046892412185047916	0.052365387116498074
ETEC_1290_1-513	-1	0.19467174574230695	0.06080690864024796	0.0	0.40315972678657497	0.497970879256475	0.10085430488323399	0.15463699105613893	0.04141385727832003	0.01670210895366009	0.013914496455200043	0.008441521523749884
NCTC13441_02693_1-514	-1	0.20848798104426802	0.342352818146327	0.40315972678657497	0.0	0.09481115246990002	0.302305421903341	0.24852273573043604	0.444573584064895	0.41986183574023506	0.3892452303313749	0.3947182052628251
t1071_1-514	-1	0.30329913351416804	0.437163970616227	0.497970879256475	0.09481115246990002	0.0	0.397116574373241	0.34333388820033606	0.539384736534795	0.5146729882101351	0.48405638280127494	0.4895293577327251
ROD_18321_1-514	-1	0.09381744085907295	0.04004739624298603	0.10085430488323399	0.302305421903341	0.397116574373241	0.0	0.05378268617290494	0.14226816216155402	0.11755641383689408	0.08693980842803395	0.09241278335948411
SEN1231_1-514	-1	0.04003475468616802	0.09383008241589097	0.15463699105613893	0.24852273573043604	0.34333388820033606	0.05378268617290494	0.0	0.19605084833445896	0.17133910000979902	0.14072249460093889	0.14619546953238904
BN373_28951_1-514	-1	0.23608560302062698	0.10222076591856799	0.04141385727832003	0.444573584064895	0.539384736534795	0.14226816216155402	0.19605084833445896	0.0	0.024711748324659943	0.055328353733520075	0.049855378802069916
STMMW_17981_1-514	-1	0.21137385469596703	0.07750901759390805	0.01670210895366009	0.41986183574023506	0.5146729882101351	0.11755641383689408	0.17133910000979902	0.024711748324659943	0.0	0.03061660540886013	0.025143630477409973
ERS227112_04354_1-514	-1	0.1807572492871069	0.046892412185047916	0.013914496455200043	0.3892452303313749	0.48405638280127494	0.08693980842803395	0.14072249460093889	0.055328353733520075	0.03061660540886013	0.0	0.0054729749314501586
CS17_01362_1-514	-1	0.18623022421855706	0.052365387116498074	0.008441521523749884	0.3947182052628251	0.4895293577327251	0.09241278335948411	0.14619546953238904	0.049855378802069916	0.025143630477409973	0.0054729749314501586	0.0
