CS17_04801_1-384	0.0	0.16799995997059802	0.18450302945236807	6.2052899129418275	0.17444894333376493	0.13412653020493004
BN373_03901_1-383	0.16799995997059802	0.0	0.3525029894229661	6.03728995297123	0.006448983363166905	0.30212649017552806
NCTC13441_04057_1-384	0.18450302945236807	0.3525029894229661	0.0	6.389792942394196	0.358951972786133	0.050376499247438034
b4335_1-383	6.2052899129418275	6.03728995297123	6.389792942394196	0.0	6.030840969608063	6.339416443146758
ERS227112_02237_1-384	0.17444894333376493	0.006448983363166905	0.358951972786133	6.030840969608063	0.0	0.30857547353869497
ETEC_4648_1-383	0.13412653020493004	0.30212649017552806	0.050376499247438034	6.339416443146758	0.30857547353869497	0.0
