STM_MW09731_2-204	0.0	0.115340189372383	0.0	0.0	0.0367895195616406	0.0	0.0	0.0280865855876428	0.0196119638758903	0.0	0.0	0.0
SEN0866_2-204	0.115340189372383	0.0	0.115340189372383	0.115340189372383	0.0785506698107424	0.115340189372383	0.115340189372383	0.0872536037847402	0.0957282254964927	0.115340189372383	0.115340189372383	0.115340189372383
b0891_1-203	0.0	0.115340189372383	0.0	0.0	0.0367895195616406	0.0	0.0	0.0280865855876428	0.0196119638758903	0.0	0.0	0.0
t1973_2-204	0.0	0.115340189372383	0.0	0.0	0.0367895195616406	0.0	0.0	0.0280865855876428	0.0196119638758903	0.0	0.0	0.0
ROD_09551_1-203	0.0367895195616406	0.0785506698107424	0.0367895195616406	0.0367895195616406	0.0	0.0367895195616406	0.0367895195616406	0.008702933973997802	0.0171775556857503	0.0367895195616406	0.0367895195616406	0.0367895195616406
ERS227112_03410_1-203	0.0	0.115340189372383	0.0	0.0	0.0367895195616406	0.0	0.0	0.0280865855876428	0.0196119638758903	0.0	0.0	0.0
BN373_15391_1-203	0.0	0.115340189372383	0.0	0.0	0.0367895195616406	0.0	0.0	0.0280865855876428	0.0196119638758903	0.0	0.0	0.0
STMMW_09731_2-204	0.0280865855876428	0.0872536037847402	0.0280865855876428	0.0280865855876428	0.008702933973997802	0.0280865855876428	0.0280865855876428	0.0	0.008474621711752499	0.0280865855876428	0.0280865855876428	0.0280865855876428
ETEC_0959_2-204	0.0196119638758903	0.0957282254964927	0.0196119638758903	0.0196119638758903	0.0171775556857503	0.0196119638758903	0.0196119638758903	0.008474621711752499	0.0	0.0196119638758903	0.0196119638758903	0.0196119638758903
CS17_00953_1-203	0.0	0.115340189372383	0.0	0.0	0.0367895195616406	0.0	0.0	0.0280865855876428	0.0196119638758903	0.0	0.0	0.0
SL1344_0899_2-204	0.0	0.115340189372383	0.0	0.0	0.0367895195616406	0.0	0.0	0.0280865855876428	0.0196119638758903	0.0	0.0	0.0
NCTC13441_03102_1-203	0.0	0.115340189372383	0.0	0.0	0.0367895195616406	0.0	0.0	0.0280865855876428	0.0196119638758903	0.0	0.0	0.0
