BN373_32981_1-714	0.0	0.45160165301909694	-1	0.5915812815934122	0.2655935976467099	0.4103916387118948	0.12359345054809247	0.4965481235068946	0.3392333340915934	0.427407782162995	0.3311293059957547	0.6599234935040529	0.7914508379850544
NCTC13441_01413_1-714	0.45160165301909694	0.0	-1	0.2552517332427149	0.2532767344842765	0.06989387704267191	0.37426489187710454	0.08195952948297788	0.17005748734770418	0.04225323031370466	0.1801130593749374	0.3798732101069047	0.6197122709011231
b2297_1-714	-1	-1	-1	-1	-1	-1	-1	-1	-1	-1	-1	-1	-1
SEN2320_1-713	0.5915812815934122	0.2552517332427149	-1	0.0	0.44387914225982494	0.30730507702719156	0.5339848627762912	0.18876314206730152	0.3819017521940165	0.2867197532837428	0.3893906220325515	0.16733369170069415	0.4893741334173345
ROD_26991_1-713	0.2655935976467099	0.2532767344842765	-1	0.44387914225982494	0.0	0.1971633697652993	0.16202542893754315	0.314477821979938	0.10027109813982626	0.22033329774601218	0.08923629769436361	0.536936898417245	0.7160303050917278
ETEC_2432_1-714	0.4103916387118948	0.06989387704267191	-1	0.30730507702719156	0.1971633697652993	0.0	0.3272433191458484	0.1461249372494913	0.10769051813846367	0.028860078262671448	0.11850172750375733	0.4232162757105596	0.6462920546795969
CS17_02544_1-714	0.12359345054809247	0.37426489187710454	-1	0.5339848627762912	0.16202542893754315	0.3272433191458484	0.0	0.4255498469198373	0.24605005939122557	0.3466591296070343	0.23680317722117922	0.61196489607634	0.762040616714504
ERS227112_03891_1-714	0.4965481235068946	0.08195952948297788	-1	0.18876314206730152	0.314477821979938	0.1461249372494913	0.4255498469198373	0.0	0.23807918518260676	0.12074970492103541	0.24731060725780576	0.32451040034885154	0.5857614764143172
ENC_39140_1-708	0.3392333340915934	0.17005748734770418	-1	0.3819017521940165	0.10027109813982626	0.10769051813846367	0.24605005939122557	0.23807918518260676	0.0	0.13344263961951142	0.012115986196559644	0.4853304138331222	0.6843830465808426
STMMW_23601_1-713	0.427407782162995	0.04225323031370466	-1	0.2867197532837428	0.22033329774601218	0.028860078262671448	0.3466591296070343	0.12074970492103541	0.13344263961951142	0.0	0.14394183663640858	0.406075570183956	0.6357806559042137
SL1344_2307_1-713	0.3311293059957547	0.1801130593749374	-1	0.3893906220325515	0.08923629769436361	0.11850172750375733	0.23680317722117922	0.24731060725780576	0.012115986196559644	0.14394183663640858	0.0	0.4915661434349092	0.6882070572318693
t0526_1-713	0.6599234935040529	0.3798732101069047	-1	0.16733369170069415	0.536936898417245	0.4232162757105596	0.61196489607634	0.32451040034885154	0.4853304138331222	0.406075570183956	0.4915661434349092	0.0	0.3867581028640364
STM_MW23601_1-713	0.7914508379850544	0.6197122709011231	-1	0.4893741334173345	0.7160303050917278	0.6462920546795969	0.762040616714504	0.5857614764143172	0.6843830465808426	0.6357806559042137	0.6882070572318693	0.3867581028640364	0.0
