ENC_16320_8-258	0.0	0.35363362565732104	0.23823077165307505	0.48339212338426996	-1	0.1390900674792399	0.16271424402129986
ERS227112_03513_3-259	0.35363362565732104	0.0	0.11540285400424599	0.837025749041591	-1	0.49272369313656095	0.5163478696786209
BN373_16501_4-258	0.23823077165307505	0.11540285400424599	0.0	0.721622895037345	-1	0.37732083913231496	0.4009450156743749
CS17_01071_8-258	0.48339212338426996	0.837025749041591	0.721622895037345	0.0	-1	0.34430205590503005	0.3206778793629701
b1009_8-258	-1	-1	-1	-1	-1	-1	-1
NCTC13441_02896_8-258	0.1390900674792399	0.49272369313656095	0.37732083913231496	0.34430205590503005	-1	0.0	0.02362417654205995
ETEC_1078_8-258	0.16271424402129986	0.5163478696786209	0.4009450156743749	0.3206778793629701	-1	0.02362417654205995	0.0
