ROD_47371_1-296	0.0	2.31069809976674	1.8653383144375713	2.7836739163325213	2.0765260387125406	0.09481835556418527	0.5639674442632088	2.648447632328333	1.8592334017360692	2.927701545255177	2.8365307499609713
ETEC_1246_24-166	2.31069809976674	0.0	0.44535978532916864	0.4729758165657816	0.2341720610541993	2.4055164553309254	1.7467306555035311	0.3377495325615928	0.4514646980306707	0.617003445488437	0.5258326501942314
ETEC_1246_185-278	1.8653383144375713	0.44535978532916864	0.0	0.9183356018949502	0.21118772427496935	1.9601566700017565	1.3013708701743625	0.7831093178907614	0.006104912701502041	1.0623632308176056	0.9711924355234001
CS17_02132_1-149	2.7836739163325213	0.4729758165657816	0.9183356018949502	0.0	0.7071478776199809	2.8784922718967065	2.219706472069313	0.1352262840041888	0.9244405145964523	0.14402762892265536	0.052856833628449895
CS17_02132_213-329	2.0765260387125406	0.2341720610541993	0.21118772427496935	0.7071478776199809	0.0	2.171344394276726	1.5125585944493318	0.5719215936157921	0.2172926369764714	0.8511755065426363	0.7600047112484307
ROD_36581_1-22	0.09481835556418527	2.4055164553309254	1.9601566700017565	2.8784922718967065	2.171344394276726	0.0	0.658785799827394	2.743265987892518	1.9540517573002545	3.022519900819362	2.9313491055251566
ROD_36581_38-291	0.5639674442632088	1.7467306555035311	1.3013708701743625	2.219706472069313	1.5125585944493318	0.658785799827394	0.0	2.084480188065124	1.2952659574728604	2.363734100991968	2.2725633056977625
ETEC_2008_23-177	2.648447632328333	0.3377495325615928	0.7831093178907614	0.1352262840041888	0.5719215936157921	2.743265987892518	2.084480188065124	0.0	0.7892142305922635	0.27925391292684415	0.18808311763263869
ETEC_2008_182-277	1.8592334017360692	0.4514646980306707	0.006104912701502041	0.9244405145964523	0.2172926369764714	1.9540517573002545	1.2952659574728604	0.7892142305922635	0.0	1.0684681435191077	0.9772973482249021
CS17_01323_24-166	2.927701545255177	0.617003445488437	1.0623632308176056	0.14402762892265536	0.8511755065426363	3.022519900819362	2.363734100991968	0.27925391292684415	1.0684681435191077	0.0	0.09117079529420546
CS17_01323_185-278	2.8365307499609713	0.5258326501942314	0.9711924355234001	0.052856833628449895	0.7600047112484307	2.9313491055251566	2.2725633056977625	0.18808311763263869	0.9772973482249021	0.09117079529420546	0.0
