STMMW_05341_1-428	0.0	-1	0.1312042221546681	0.19996633934006203	0.05924837592405874	0.12006590228793301	0.17137520786100202	1.0111503208992323	0.35823700932595387	0.10094993826821563	0.020620424223614986	0.34871715374389933	0.421484652027411	0.1350165005598145	0.3211156689132664
b0451_1-428	-1	-1	-1	-1	-1	-1	-1	-1	-1	-1	-1	-1	-1	-1	-1
SEN0445_1-428	0.1312042221546681	-1	0.0	0.06876211718539393	0.07195584623060935	0.01113831986673508	0.3025794300156701	1.1423545430539004	0.22703278717128578	0.23215416042288373	0.15182464637828308	0.4799213758985674	0.2902804298727429	0.0038122784051464187	0.18991144675859833
ROD_05061_1-428	0.19996633934006203	-1	0.06876211718539393	0.0	0.1407179634160033	0.07990043705212901	0.37134154720106405	1.2111166602392944	0.15827066998589184	0.30091627760827766	0.220586763563677	0.5486834930839614	0.22151831268734895	0.06494983878024752	0.1211493295732044
ERS227112_02766_1-428	0.05924837592405874	-1	0.07195584623060935	0.1407179634160033	0.0	0.060817526363874275	0.23062358378506076	1.070398696823291	0.29898863340189513	0.16019831419227437	0.07986880014767372	0.40796552966795807	0.36223627610335224	0.07576812463575577	0.2618672929892077
ETEC_0504_1-428	0.12006590228793301	-1	0.01113831986673508	0.07990043705212901	0.060817526363874275	0.0	0.29144111014893503	1.1312162231871654	0.23817110703802086	0.22101584055614865	0.140686326511548	0.46878305603183235	0.30141874973947796	0.014950598271881499	0.20104976662533341
SL1344_0457_1-428	0.17137520786100202	-1	0.3025794300156701	0.37134154720106405	0.23062358378506076	0.29144111014893503	0.0	0.8397751130382303	0.529612217186956	0.07042526959278639	0.15075478363738704	0.1773419458828973	0.5928598598884129	0.30639170842081653	0.49249087677426845
BN373_39551_1-396	1.0111503208992323	-1	1.1423545430539004	1.2111166602392944	1.070398696823291	1.1312162231871654	0.8397751130382303	0.0	1.3693873302251862	0.9102003826310167	0.9905298966756173	0.662433167155333	1.4326349729266432	1.1461668214590468	1.3322659898124987
STM_MW05341_1-428	0.35823700932595387	-1	0.22703278717128578	0.15827066998589184	0.29898863340189513	0.23817110703802086	0.529612217186956	1.3693873302251862	0.0	0.4591869475941695	0.37885743354956886	0.7069541630698533	0.06324764270145711	0.22322050876613936	0.03712134041268744
ENC_22910_1-428	0.10094993826821563	-1	0.23215416042288373	0.30091627760827766	0.16019831419227437	0.22101584055614865	0.07042526959278639	0.9102003826310167	0.4591869475941695	0.0	0.08032951404460065	0.2477672154756837	0.5224345902956267	0.23596643882803015	0.42206560718148206
CS17_00483_1-428	0.020620424223614986	-1	0.15182464637828308	0.220586763563677	0.07986880014767372	0.140686326511548	0.15075478363738704	0.9905298966756173	0.37885743354956886	0.08032951404460065	0.0	0.32809672952028435	0.44210507625102596	0.1556369247834295	0.3417360931368814
BN373_09031_1-428	0.34871715374389933	-1	0.4799213758985674	0.5486834930839614	0.40796552966795807	0.46878305603183235	0.1773419458828973	0.662433167155333	0.7069541630698533	0.2477672154756837	0.32809672952028435	0.0	0.7702018057713103	0.48373365430371384	0.6698328226571657
Ecoli9000q_45660_1-428	0.421484652027411	-1	0.2902804298727429	0.22151831268734895	0.36223627610335224	0.30141874973947796	0.5928598598884129	1.4326349729266432	0.06324764270145711	0.5224345902956267	0.44210507625102596	0.7702018057713103	0.0	0.28646815146759647	0.10036898311414455
t2396_1-428	0.1350165005598145	-1	0.0038122784051464187	0.06494983878024752	0.07576812463575577	0.014950598271881499	0.30639170842081653	1.1461668214590468	0.22322050876613936	0.23596643882803015	0.1556369247834295	0.48373365430371384	0.28646815146759647	0.0	0.18609916835345192
NCTC13441_03527_1-428	0.3211156689132664	-1	0.18991144675859833	0.1211493295732044	0.2618672929892077	0.20104976662533341	0.49249087677426845	1.3322659898124987	0.03712134041268744	0.42206560718148206	0.3417360931368814	0.6698328226571657	0.10036898311414455	0.18609916835345192	0.0
