SEN3694_1-622	0.0	0.17529043879120998	-1	0.08871476978770998	0.33572116618461	0.2440412940358201	0.8248277860336799	0.07359396023326004	0.05827141015478987	0.05242065355927994	0.1451586709344601	0.2401608661961101	0.30767909544667993
SL1344_3847_1-622	0.17529043879120998	0.0	-1	0.26400520857891996	0.51101160497582	0.06875085524461011	0.6495373472424699	0.10169647855794994	0.23356184894599985	0.22771109235048992	0.03013176785674987	0.06487042740490012	0.13238865665546995
b3747_1-622	-1	-1	-1	-1	-1	-1	-1	-1	-1	-1	-1	-1	-1
NCTC13441_04769_1-622	0.08871476978770998	0.26400520857891996	-1	0.0	0.24700639639690003	0.33275606382353007	0.9135425558213899	0.16230873002097002	0.03044335963292011	0.03629411622843004	0.2338734407221701	0.3288756359838201	0.3963938652343899
t3639_1-622	0.33572116618461	0.51101160497582	-1	0.24700639639690003	0.0	0.5797624602204301	1.16054895221829	0.40931512641787005	0.27744975602982014	0.28330051262533007	0.4808798371190701	0.5758820323807201	0.6434002616312899
BN373_47891_1-622	0.2440412940358201	0.06875085524461011	-1	0.33275606382353007	0.5797624602204301	0.0	0.5807864919978598	0.17044733380256005	0.30231270419060996	0.29646194759510003	0.09888262310135998	0.003880427839709988	0.06363780141085984
ENC_04330_1-622	0.8248277860336799	0.6495373472424699	-1	0.9135425558213899	1.16054895221829	0.5807864919978598	0.0	0.7512338258004199	0.8830991961884698	0.8772484395929598	0.6796691150992198	0.5846669198375698	0.517148690587
ERS227112_00431_1-622	0.07359396023326004	0.10169647855794994	-1	0.16230873002097002	0.40931512641787005	0.17044733380256005	0.7512338258004199	0.0	0.1318653703880499	0.12601461379253998	0.07156471070120007	0.16656690596285006	0.2340851352134199
CS17_04203_1-622	0.05827141015478987	0.23356184894599985	-1	0.03044335963292011	0.27744975602982014	0.30231270419060996	0.8830991961884698	0.1318653703880499	0.0	0.005850756595509932	0.20343008108924998	0.29843227635089997	0.3659505056014698
ETEC_4038_1-622	0.05242065355927994	0.22771109235048992	-1	0.03629411622843004	0.28330051262533007	0.29646194759510003	0.8772484395929598	0.12601461379253998	0.005850756595509932	0.0	0.19757932449374005	0.29258151975539004	0.36009974900595987
STM_MW38641_1-622	0.1451586709344601	0.03013176785674987	-1	0.2338734407221701	0.4808798371190701	0.09888262310135998	0.6796691150992198	0.07156471070120007	0.20343008108924998	0.19757932449374005	0.0	0.09500219526164999	0.16252042451221982
STMMW_38641_1-622	0.2401608661961101	0.06487042740490012	-1	0.3288756359838201	0.5758820323807201	0.003880427839709988	0.5846669198375698	0.16656690596285006	0.29843227635089997	0.29258151975539004	0.09500219526164999	0.0	0.06751822925056983
ROD_39921_1-622	0.30767909544667993	0.13238865665546995	-1	0.3963938652343899	0.6434002616312899	0.06363780141085984	0.517148690587	0.2340851352134199	0.3659505056014698	0.36009974900595987	0.16252042451221982	0.06751822925056983	0.0
