ETEC_2861_6-220	0.0	0.20066397340398107	-1	0.05917622739356251	0.144454195431462	0.11470484986921821	0.3478326010323852	0.14038793996539078	0.07541767920871477	0.3553338399387991	0.07552421463980999
SEN2638_3-225	0.20066397340398107	0.0	-1	0.2479656638776938	0.06570048929275774	0.29235169232973485	0.4786991026337662	0.312881111517917	0.13546256658690678	0.4846951131357665	0.13536293837638452
b2664_6-220	-1	-1	-1	-1	-1	-1	-1	-1	-1	-1	-1
STM_MW27611_3-226	0.05917622739356251	0.2479656638776938	-1	0.0	0.19508216850821822	0.059021279109285715	0.30681237235230086	0.08631979222510622	0.13013097286792763	0.31478542652548847	0.13023120393412688
t2689_3-225	0.144454195431462	0.06570048929275774	-1	0.19508216850821822	0.0	0.2425894485007357	0.44204091793688133	0.26456250848087187	0.0746677874650077	0.44845857141233	0.074561153340318
SL1344_2778_3-225	0.11470484986921821	0.29235169232973485	-1	0.059021279109285715	0.2425894485007357	0.0	0.2633333652948712	0.029010765610066297	0.1814717555068125	0.2718065156394831	0.18156607080727818
BN373_07371_6-227	0.3478326010323852	0.4786991026337662	-1	0.30681237235230086	0.44204091793688133	0.2633333652948712	0.0	0.2413235815451943	0.39701755271810674	0.011502014541494016	0.397087031653102
CS17_02981_6-221	0.14038793996539078	0.312881111517917	-1	0.08631979222510622	0.26456250848087187	0.029010765610066297	0.2413235815451943	0.0	0.2052178865530234	0.2500498887425501	0.20530946569441383
STMMW_27611_3-225	0.07541767920871477	0.13546256658690678	-1	0.13013097286792763	0.0746677874650077	0.1814717555068125	0.39701755271810674	0.2052178865530234	0.0	0.4039530655950087	0.00011522546851646488
ERS227112_02593_6-227	0.3553338399387991	0.4846951131357665	-1	0.31478542652548847	0.44845857141233	0.2718065156394831	0.011502014541494016	0.2500498887425501	0.4039530655950087	0.0	0.4040217453822833
NCTC13441_01115_6-221	0.07552421463980999	0.13536293837638452	-1	0.13023120393412688	0.074561153340318	0.18156607080727818	0.397087031653102	0.20530946569441383	0.00011522546851646488	0.4040217453822833	0.0
