SEN1965_1-154	0.0	0.7630078131077127	0.0027401137805844744	0.5980887497726737	0.06955953565889583	0.426172413302614
ETEC_4309_1-155	0.7630078131077127	0.0	0.7657479268882972	0.16491906333503903	0.8325673487666085	1.1891802264103268
SL1344_1974_1-154	0.0027401137805844744	0.7657479268882972	0.0	0.6008288635532582	0.06681942187831136	0.42343229952202954
STM_MW20321_2-155	0.5980887497726737	0.16491906333503903	0.6008288635532582	0.0	0.6676482854315695	1.0242611630752876
STMMW_20321_1-154	0.06955953565889583	0.8325673487666085	0.06681942187831136	0.6676482854315695	0.0	0.3566128776437182
ROD_26301_1-157	0.426172413302614	1.1891802264103268	0.42343229952202954	1.0242611630752876	0.3566128776437182	0.0
