BN373_05111_327-541	0.0	0.23320516793934076	2.0504115528998215	0.025841006980702907	0.015813158105409952	0.17712495595136568	0.32483154715487284	0.4853263617952728	0.03242405167405216	-1	0.2276050036273597	0.09018618430403014	0.3307828190136801	0.09533340387760714	0.058694138427352716	0.30674134164671496	0.4447731305734163	0.5575760771004494	0.2849949920340751	0.27470378574470655	0.3874442778140299	0.08660998733012804	0.13342356652881993	1.6327598624969166	0.2337842403852517	0.036960414816995746	0.08445355819086298	0.04880676623911251	0.0747897056427318	0.4236055806659602	1.894244460157147	1.6158365511196098	0.49152838739354143	2.6039668276543475	-1
ENC_32230_312-529	0.23320516793934076	0.0	1.8172063849604807	0.20736416095863786	0.24901832604475072	0.05608021198797508	0.09162637921553207	0.7185315297346135	0.2656292196133929	-1	0.46081017156670045	0.14301898363531063	0.09757765107433936	0.3285385718169479	0.2918993063666935	0.5399465095860557	0.677978298512757	0.32437090916110867	0.051789824094734316	0.5079089536840473	0.15423910987468914	0.14659518060921273	0.09978160141052084	1.3995546945575759	0.0005790724459109331	0.19624475312234502	0.1487516097484778	0.28201193417845327	0.30799487358207256	0.656810748605301	1.6610392922178063	1.382631383180269	0.25832321945420067	2.370761659715007	-1
SEN0054_322-536	2.0504115528998215	1.8172063849604807	0.0	2.0245705459191186	2.0662247110052316	1.8732865969484558	1.7255800057449486	2.535737914695094	2.082835604573874	-1	2.2780165565271813	1.9602253685957913	1.7196287338861413	2.1457449567774285	2.109105691327174	2.3571528945465365	2.4951846834732376	1.492835475799372	1.7654165608657464	2.325115338644528	1.6629672750857916	1.9638015655696934	1.9169879863710015	0.41765169040290484	1.8166273125145698	2.013451138082826	1.9659579947089585	2.099218319138934	2.1252012585425533	2.4740171335657815	0.15616709274267437	0.4345750017802117	1.55888316550628	0.553555274754526	-1
CS17_04602_304-536	0.025841006980702907	0.20736416095863786	2.0245705459191186	0.0	0.04165416508611286	0.15128394897066277	0.2989905401741699	0.5111673687759757	0.058265058654755064	-1	0.2534460106080626	0.06434517732332723	0.3049418120329772	0.12117441085831004	0.08453514540805562	0.33258234862741787	0.4706141375541192	0.5317350701197465	0.25915398505337217	0.30054479272540946	0.361603270833327	0.06076898034942513	0.10758255954811702	1.6069188555162137	0.2079432334045488	0.011119407836292838	0.05861255121016007	0.07464777321981542	0.1006307126234347	0.4494465876466631	1.8684034531764442	1.5899955441389069	0.4656873804128385	2.5781258206736446	-1
SEN0594_15-540	0.015813158105409952	0.24901832604475072	2.0662247110052316	0.04165416508611286	0.0	0.19293811405677563	0.3406447052602828	0.4695132036898628	0.016610893568642204	-1	0.21179184552194974	0.10599934240944009	0.34659597711909007	0.07952024577219718	0.04288098032194276	0.290928183541305	0.4289599724680063	0.5733892352058594	0.30080815013948503	0.2588906276392966	0.40325743591943985	0.10242314543553799	0.14923672463422988	1.6485730206023266	0.24959739849066165	0.0527735729224057	0.10026671629627293	0.03299360813370256	0.058976547537321844	0.40779242256055026	1.910057618262557	1.6316497092250197	0.5073415454989514	2.6197799857597577	-1
STMMW_42551_305-536	0.17712495595136568	0.05608021198797508	1.8732865969484558	0.15128394897066277	0.19293811405677563	0.0	0.14770659120350715	0.6624513177466385	0.20954900762541784	-1	0.4047299595787254	0.08693877164733554	0.15365786306231444	0.2724583598289728	0.2358190943787184	0.48386629759808064	0.621898086524782	0.38045112114908375	0.1078700360827094	0.45182874169607223	0.21031932186266422	0.09051496862123765	0.043701389422545756	1.455634906545551	0.056659284433886015	0.14016454113436994	0.0926713977605027	0.2259317221904782	0.2519146615940975	0.6007305366173259	1.7171195042057814	1.438711595168244	0.31440343144217575	2.426841871702982	-1
SEN4076_305-536	0.32483154715487284	0.09162637921553207	1.7255800057449486	0.2989905401741699	0.3406447052602828	0.14770659120350715	0.0	0.8101579089501456	0.357255598828925	-1	0.5524365507822325	0.2346453628508427	0.005951271858807283	0.42016495103247997	0.38352568558222555	0.6315728888015878	0.7696046777282891	0.2327445299455766	0.039836555120797756	0.5995353328995794	0.06261273065915707	0.2382215598247448	0.1914079806260529	1.3079283153420438	0.09104730676962114	0.2878711323378771	0.24037798896400986	0.37363831339398534	0.39962125279760463	0.748437127820833	1.5694129130022743	1.291005003964737	0.1666968402386686	2.2791352804994744	-1
STMMW_06901_15-540	0.4853263617952728	0.7185315297346135	2.535737914695094	0.5111673687759757	0.4695132036898628	0.6624513177466385	0.8101579089501456	0.0	0.4529023101212206	-1	0.2577213581679131	0.5755125460993029	0.8161091808089529	0.38999295791766564	0.42663222336792006	0.17858502014855782	0.0405532312218565	1.0429024388957222	0.7703213538293479	0.21062257605056622	0.8727706396093027	0.5719363491254008	0.6187499283240927	2.118086224292189	0.7191106021805245	0.5222867766122685	0.5697799199861358	0.43651959555616027	0.410536656152541	0.06172078112931256	2.37957082195242	2.1011629129148828	0.9768547491888142	3.08929318944962	-1
ETEC_0648_15-540	0.03242405167405216	0.2656292196133929	2.082835604573874	0.058265058654755064	0.016610893568642204	0.20954900762541784	0.357255598828925	0.4529023101212206	0.0	-1	0.19518095195330754	0.1226102359780823	0.3632068706877323	0.06290935220355498	0.02627008675330056	0.2743172899726628	0.4123490788993641	0.5900001287745016	0.31741904370812724	0.2422797340706544	0.41986832948808206	0.11903403900418019	0.16584761820287208	1.6651839141709688	0.26620829205930385	0.0693844664910479	0.11687760986491513	0.016382714565060352	0.04236565396867964	0.39118152899190806	1.9266685118311992	1.648260602793662	0.5239524390675936	2.6363908793284	-1
b0619_15-540	-1	-1	-1	-1	-1	-1	-1	-1	-1	-1	-1	-1	-1	-1	-1	-1	-1	-1	-1	-1	-1	-1	-1	-1	-1	-1	-1	-1	-1	-1	-1	-1	-1	-1	-1
ENC_41990_286-518	0.2276050036273597	0.46081017156670045	2.2780165565271813	0.2534460106080626	0.21179184552194974	0.4047299595787254	0.5524365507822325	0.2577213581679131	0.19518095195330754	-1	0.0	0.31779118793138983	0.5583878226410398	0.13227159974975256	0.16891086520000698	0.07913633801935527	0.21716812694605658	0.7851810807278091	0.5125999956614348	0.04709878211734686	0.6150492814413896	0.3142149909574877	0.3610285701561796	1.8603648661242764	0.4613892440126114	0.26456541844435544	0.31205856181822267	0.17879823738824718	0.1528152979846279	0.19600057703860052	2.121849463784507	1.8434415547469696	0.7191333910209011	2.8315718312817073	-1
NCTC13441_03375_15-540	0.09018618430403014	0.14301898363531063	1.9602253685957913	0.06434517732332723	0.10599934240944009	0.08693877164733554	0.2346453628508427	0.5755125460993029	0.1226102359780823	-1	0.31779118793138983	0.0	0.24059663470964998	0.18551958818163727	0.14888032273138285	0.3969275259507451	0.5349593148774464	0.4673898927964193	0.19480880773004494	0.3648899700487367	0.29725809350999977	0.0035761969739021016	0.04323738222478979	1.5425736781928865	0.14359805608122156	0.05322576948703439	0.005732626113167161	0.13899295054314265	0.16497588994676193	0.5137917649699903	1.804058275853117	1.5256503668155796	0.4013422030895113	2.5137806433503176	-1
SL1344_4241_305-536	0.3307828190136801	0.09757765107433936	1.7196287338861413	0.3049418120329772	0.34659597711909007	0.15365786306231444	0.005951271858807283	0.8161091808089529	0.3632068706877323	-1	0.5583878226410398	0.24059663470964998	0.0	0.42611622289128726	0.38947695744103283	0.6375241606603951	0.7755559495870964	0.2267932580867693	0.04578782697960504	0.6054866047583867	0.056661458800349784	0.24417283168355208	0.1973592524848602	1.3019770434832365	0.09699857862842842	0.2938224041966844	0.24632926082281714	0.3795895852527926	0.4055725246564119	0.7543883996796403	1.563461641143467	1.2850537321059297	0.16074556837986131	2.2731840086406674	-1
t2242_15-540	0.09533340387760714	0.3285385718169479	2.1457449567774285	0.12117441085831004	0.07952024577219718	0.2724583598289728	0.42016495103247997	0.38999295791766564	0.06290935220355498	-1	0.13227159974975256	0.18551958818163727	0.42611622289128726	0.0	0.03663926545025442	0.21140793776910782	0.34943972669580914	0.6529094809780566	0.3803283959116822	0.17937038186709942	0.48277768169163704	0.18194339120773517	0.22875697040642706	1.7280932663745237	0.32911764426285883	0.13229381869460288	0.1797869620684701	0.04652663763849463	0.02054369823487534	0.3282721767883531	1.9895778640347541	1.7111699549972168	0.5868617912711486	2.6993002315319545	-1
SL1344_0613_15-540	0.058694138427352716	0.2918993063666935	2.109105691327174	0.08453514540805562	0.04288098032194276	0.2358190943787184	0.38352568558222555	0.42663222336792006	0.02627008675330056	-1	0.16891086520000698	0.14888032273138285	0.38947695744103283	0.03663926545025442	0.0	0.24804720321936224	0.38607899214606356	0.6162702155278021	0.3436891304614278	0.21600964731735384	0.4461384162413826	0.14530412575748075	0.19211770495617264	1.6914540009242693	0.2924783788126044	0.09565455324434846	0.1431476966182157	0.009887372188240207	0.01609556721537908	0.3649114422386075	1.9529385985844998	1.6745306895469625	0.5502225258208941	2.6626609660817	-1
NCTC13441_04340_304-536	0.30674134164671496	0.5399465095860557	2.3571528945465365	0.33258234862741787	0.290928183541305	0.48386629759808064	0.6315728888015878	0.17858502014855782	0.2743172899726628	-1	0.07913633801935527	0.3969275259507451	0.6375241606603951	0.21140793776910782	0.24804720321936224	0.0	0.13803178892670132	0.8643174187471644	0.59173633368079	0.03203755590200841	0.6941856194607449	0.393351328976843	0.4401649081755349	1.9395012041436317	0.5405255820319667	0.3437017564637107	0.39119489983757794	0.25793457540760245	0.23195163600398316	0.11686423901924525	2.200985801803862	1.9225778927663248	0.7982697290402564	2.9107081693010626	-1
ERS227112_05133_302-532	0.4447731305734163	0.677978298512757	2.4951846834732376	0.4706141375541192	0.4289599724680063	0.621898086524782	0.7696046777282891	0.0405532312218565	0.4123490788993641	-1	0.21716812694605658	0.5349593148774464	0.7755559495870964	0.34943972669580914	0.38607899214606356	0.13803178892670132	0.0	1.0023492076738658	0.7297681226074914	0.17006934482870972	0.8322174083874462	0.5313831179035443	0.5781966971022362	2.077532993070333	0.678557370958668	0.481733545390412	0.5292266887642793	0.39596636433430377	0.3699834249306845	0.021167549907456062	2.3390175907305633	2.060609681693026	0.9363015179669577	3.0487399582277637	-1
ERS227112_02390_312-528	0.5575760771004494	0.32437090916110867	1.492835475799372	0.5317350701197465	0.5733892352058594	0.38045112114908375	0.2327445299455766	1.0429024388957222	0.5900001287745016	-1	0.7851810807278091	0.4673898927964193	0.2267932580867693	0.6529094809780566	0.6162702155278021	0.8643174187471644	1.0023492076738658	0.0	0.27258108506637435	0.832279862845156	0.17013179928641953	0.4709660897703214	0.4241525105716295	1.0751837853964672	0.32379183671519773	0.5206156622834537	0.47312251890958645	0.6063828433395619	0.6323657827431812	0.9811816577664096	1.3366683830566977	1.0582604740191603	0.066047689706908	2.046390750553898	-1
t4211_305-536	0.2849949920340751	0.051789824094734316	1.7654165608657464	0.25915398505337217	0.30080815013948503	0.1078700360827094	0.039836555120797756	0.7703213538293479	0.31741904370812724	-1	0.5125999956614348	0.19480880773004494	0.04578782697960504	0.3803283959116822	0.3436891304614278	0.59173633368079	0.7297681226074914	0.27258108506637435	0.0	0.5596987777787816	0.10244928577995482	0.19838500470394704	0.15157142550525515	1.3477648704628415	0.05121075164882338	0.24803457721707933	0.2005414338432121	0.3338017582731876	0.3597846976768069	0.7086005727000353	1.609249468123072	1.3308415590855347	0.20653339535946635	2.3189718356202724	-1
ROD_34881_304-536	0.27470378574470655	0.5079089536840473	2.325115338644528	0.30054479272540946	0.2588906276392966	0.45182874169607223	0.5995353328995794	0.21062257605056622	0.2422797340706544	-1	0.04709878211734686	0.3648899700487367	0.6054866047583867	0.17937038186709942	0.21600964731735384	0.03203755590200841	0.17006934482870972	0.832279862845156	0.5596987777787816	0.0	0.6621480635587365	0.3613137730748346	0.4081273522735265	1.9074636482416232	0.5084880261299582	0.3116642005617023	0.35915734393556953	0.22589701950559404	0.19991408010197476	0.14890179492125366	2.168948245901854	1.8905403368643163	0.766232173138248	2.878670613399054	-1
Ecoli9000q_37850_296-528	0.3874442778140299	0.15423910987468914	1.6629672750857916	0.361603270833327	0.40325743591943985	0.21031932186266422	0.06261273065915707	0.8727706396093027	0.41986832948808206	-1	0.6150492814413896	0.29725809350999977	0.056661458800349784	0.48277768169163704	0.4461384162413826	0.6941856194607449	0.8322174083874462	0.17013179928641953	0.10244928577995482	0.6621480635587365	0.0	0.30083429048390187	0.25402071128521	1.2453155846828867	0.1536600374287782	0.35048386299703416	0.3029907196231669	0.4362510440531424	0.4622339834567617	0.8110498584799901	1.5068001823431172	1.2283922733055799	0.10408410957951153	2.2165225498403176	-1
STM_MW42551_305-536	0.08660998733012804	0.14659518060921273	1.9638015655696934	0.06076898034942513	0.10242314543553799	0.09051496862123765	0.2382215598247448	0.5719363491254008	0.11903403900418019	-1	0.3142149909574877	0.0035761969739021016	0.24417283168355208	0.18194339120773517	0.14530412575748075	0.393351328976843	0.5313831179035443	0.4709660897703214	0.19838500470394704	0.3613137730748346	0.30083429048390187	0.0	0.04681357919869189	1.5461498751667886	0.14717425305512366	0.04964957251313229	0.002156429139265059	0.13541675356924054	0.16139969297285983	0.5102155679960882	1.807634472827019	1.5292265637894817	0.4049184000634134	2.5173568403242195	-1
Ecoli9000q_47240_15-540	0.13342356652881993	0.09978160141052084	1.9169879863710015	0.10758255954811702	0.14923672463422988	0.043701389422545756	0.1914079806260529	0.6187499283240927	0.16584761820287208	-1	0.3610285701561796	0.04323738222478979	0.1973592524848602	0.22875697040642706	0.19211770495617264	0.4401649081755349	0.5781966971022362	0.4241525105716295	0.15157142550525515	0.4081273522735265	0.25402071128521	0.04681357919869189	0.0	1.4993362959680967	0.10036067385643177	0.09646315171182418	0.04897000833795695	0.18223033276793243	0.20821327217155172	0.5570291471947801	1.7608208936283272	1.4824129845907899	0.3581048208647215	2.4705432611255276	-1
t0055_323-536	1.6327598624969166	1.3995546945575759	0.41765169040290484	1.6069188555162137	1.6485730206023266	1.455634906545551	1.3079283153420438	2.118086224292189	1.6651839141709688	-1	1.8603648661242764	1.5425736781928865	1.3019770434832365	1.7280932663745237	1.6914540009242693	1.9395012041436317	2.077532993070333	1.0751837853964672	1.3477648704628415	1.9074636482416232	1.2453155846828867	1.5461498751667886	1.4993362959680967	0.0	1.398975622111665	1.5957994476799209	1.5483063043060536	1.6815666287360291	1.7075495681396484	2.0563654431628766	0.26148459766023047	0.01692331137730685	1.1412314751033752	0.9712069651574309	-1
ETEC_4435_304-536	0.2337842403852517	0.0005790724459109331	1.8166273125145698	0.2079432334045488	0.24959739849066165	0.056659284433886015	0.09104730676962114	0.7191106021805245	0.26620829205930385	-1	0.4613892440126114	0.14359805608122156	0.09699857862842842	0.32911764426285883	0.2924783788126044	0.5405255820319667	0.678557370958668	0.32379183671519773	0.05121075164882338	0.5084880261299582	0.1536600374287782	0.14717425305512366	0.10036067385643177	1.398975622111665	0.0	0.19682382556825595	0.14933068219438872	0.2825910066243642	0.3085739460279835	0.6573898210512119	1.6604602197718954	1.382052310734358	0.25774414700828974	2.370182587269096	-1
STM_MW06901_15-540	0.036960414816995746	0.19624475312234502	2.013451138082826	0.011119407836292838	0.0527735729224057	0.14016454113436994	0.2878711323378771	0.5222867766122685	0.0693844664910479	-1	0.26456541844435544	0.05322576948703439	0.2938224041966844	0.13229381869460288	0.09565455324434846	0.3437017564637107	0.481733545390412	0.5206156622834537	0.24803457721707933	0.3116642005617023	0.35048386299703416	0.04964957251313229	0.09646315171182418	1.5957994476799209	0.19682382556825595	0.0	0.04749314337386723	0.08576718105610825	0.11175012045972754	0.46056599548295596	1.8572840453401513	1.578876136302614	0.4545679725765457	2.567006412837352	-1
ROD_06341_15-541	0.08445355819086298	0.1487516097484778	1.9659579947089585	0.05861255121016007	0.10026671629627293	0.0926713977605027	0.24037798896400986	0.5697799199861358	0.11687760986491513	-1	0.31205856181822267	0.005732626113167161	0.24632926082281714	0.1797869620684701	0.1431476966182157	0.39119489983757794	0.5292266887642793	0.47312251890958645	0.2005414338432121	0.35915734393556953	0.3029907196231669	0.002156429139265059	0.04897000833795695	1.5483063043060536	0.14933068219438872	0.04749314337386723	0.0	0.13326032442997549	0.15924326383359477	0.5080591388568232	1.8097909019662841	1.5313829929287468	0.40707482920267846	2.5195132694634843	-1
ERS227112_02365_351-565	0.04880676623911251	0.28201193417845327	2.099218319138934	0.07464777321981542	0.03299360813370256	0.2259317221904782	0.37363831339398534	0.43651959555616027	0.016382714565060352	-1	0.17879823738824718	0.13899295054314265	0.3795895852527926	0.04652663763849463	0.009887372188240207	0.25793457540760245	0.39596636433430377	0.6063828433395619	0.3338017582731876	0.22589701950559404	0.4362510440531424	0.13541675356924054	0.18223033276793243	1.6815666287360291	0.2825910066243642	0.08576718105610825	0.13326032442997549	0.0	0.025982939403619287	0.3747988144268477	1.9430512263962596	1.6646433173587223	0.5403351536326539	2.65277359389346	-1
BN373_21071_302-532	0.0747897056427318	0.30799487358207256	2.1252012585425533	0.1006307126234347	0.058976547537321844	0.2519146615940975	0.39962125279760463	0.410536656152541	0.04236565396867964	-1	0.1528152979846279	0.16497588994676193	0.4055725246564119	0.02054369823487534	0.01609556721537908	0.23195163600398316	0.3699834249306845	0.6323657827431812	0.3597846976768069	0.19991408010197476	0.4622339834567617	0.16139969297285983	0.20821327217155172	1.7075495681396484	0.3085739460279835	0.11175012045972754	0.15924326383359477	0.025982939403619287	0.0	0.3488158750232284	1.9690341657998789	1.6906262567623416	0.5663180930362732	2.6787565332970793	-1
CS17_00626_15-540	0.4236055806659602	0.656810748605301	2.4740171335657815	0.4494465876466631	0.40779242256055026	0.6007305366173259	0.748437127820833	0.06172078112931256	0.39118152899190806	-1	0.19600057703860052	0.5137917649699903	0.7543883996796403	0.3282721767883531	0.3649114422386075	0.11686423901924525	0.021167549907456062	0.9811816577664096	0.7086005727000353	0.14890179492125366	0.8110498584799901	0.5102155679960882	0.5570291471947801	2.0563654431628766	0.6573898210512119	0.46056599548295596	0.5080591388568232	0.3747988144268477	0.3488158750232284	0.0	2.3178500408231075	2.03944213178557	0.9151339680595016	3.0275724083203075	-1
STMMW_00541_322-536	1.894244460157147	1.6610392922178063	0.15616709274267437	1.8684034531764442	1.910057618262557	1.7171195042057814	1.5694129130022743	2.37957082195242	1.9266685118311992	-1	2.121849463784507	1.804058275853117	1.563461641143467	1.9895778640347541	1.9529385985844998	2.200985801803862	2.3390175907305633	1.3366683830566977	1.609249468123072	2.168948245901854	1.5068001823431172	1.807634472827019	1.7608208936283272	0.26148459766023047	1.6604602197718954	1.8572840453401513	1.8097909019662841	1.9430512263962596	1.9690341657998789	2.3178500408231075	0.0	0.2784079090375373	1.4027160727636057	0.7097223674972004	-1
SL1344_0054_322-536	1.6158365511196098	1.382631383180269	0.4345750017802117	1.5899955441389069	1.6316497092250197	1.438711595168244	1.291005003964737	2.1011629129148828	1.648260602793662	-1	1.8434415547469696	1.5256503668155796	1.2850537321059297	1.7111699549972168	1.6745306895469625	1.9225778927663248	2.060609681693026	1.0582604740191603	1.3308415590855347	1.8905403368643163	1.2283922733055799	1.5292265637894817	1.4824129845907899	0.01692331137730685	1.382052310734358	1.578876136302614	1.5313829929287468	1.6646433173587223	1.6906262567623416	2.03944213178557	0.2784079090375373	0.0	1.1243081637260683	0.9881302765347377	-1
BN373_05411_312-528	0.49152838739354143	0.25832321945420067	1.55888316550628	0.4656873804128385	0.5073415454989514	0.31440343144217575	0.1666968402386686	0.9768547491888142	0.5239524390675936	-1	0.7191333910209011	0.4013422030895113	0.16074556837986131	0.5868617912711486	0.5502225258208941	0.7982697290402564	0.9363015179669577	0.066047689706908	0.20653339535946635	0.766232173138248	0.10408410957951153	0.4049184000634134	0.3581048208647215	1.1412314751033752	0.25774414700828974	0.4545679725765457	0.40707482920267846	0.5403351536326539	0.5663180930362732	0.9151339680595016	1.4027160727636057	1.1243081637260683	0.0	2.112438440260806	-1
STM_MW00541_322-536	2.6039668276543475	2.370761659715007	0.553555274754526	2.5781258206736446	2.6197799857597577	2.426841871702982	2.2791352804994744	3.08929318944962	2.6363908793284	-1	2.8315718312817073	2.5137806433503176	2.2731840086406674	2.6993002315319545	2.6626609660817	2.9107081693010626	3.0487399582277637	2.046390750553898	2.3189718356202724	2.878670613399054	2.2165225498403176	2.5173568403242195	2.4705432611255276	0.9712069651574309	2.370182587269096	2.567006412837352	2.5195132694634843	2.65277359389346	2.6787565332970793	3.0275724083203075	0.7097223674972004	0.9881302765347377	2.112438440260806	0.0	-1
b4125_304-536	-1	-1	-1	-1	-1	-1	-1	-1	-1	-1	-1	-1	-1	-1	-1	-1	-1	-1	-1	-1	-1	-1	-1	-1	-1	-1	-1	-1	-1	-1	-1	-1	-1	-1	-1
