STMMW_08121_1-350	0.0	0.4348686364841571	0.319858351335895	0.399332639358672	0.38499780532181704	0.06154023153955013	-1	0.06743505362193991	0.5165054718151321	0.666599889301706	0.16179158190764986	0.5376946248043121	0.47980917168277504	0.06938488444843016	0.27827864728185503	0.548771853725571	0.23968807736237407	0.4295364333287781	0.028129815171780148	0.36239507169629204	0.6026771732592481	-1	0.2590732439441821	0.05032251330670001	0.24982637369564986	0.700106921568461	0.04445727174795988	0.0861860322124911	0.09851184651694811	0.18103280403735988	0.028190771670849823	0.30283186851643806	0.5421046894961461	0.0786791647760201	0.15529539590312003	-1	0.0673838852984201	0.5036217442482641	0.28656247752960307
STMMW_13541_1-348	0.4348686364841571	0.0	0.11501028514826206	0.03553599712548505	0.049870831162340035	0.37332840494460695	-1	0.502303690106097	0.08163683533097499	0.23173125281754897	0.5966602183918069	0.10282598832015499	0.04494053519861796	0.3654837520357269	0.15658998920230205	0.11390321724141395	0.195180559121783	0.005332203155378967	0.40673882131237693	0.07247356478786504	0.167808536775091	-1	0.175795392539975	0.38454612317745707	0.6846950101798069	0.26523828508430397	0.47932590823211696	0.348682604271666	0.33635678996720897	0.615901440521517	0.4630594081550069	0.13203676796771902	0.10723605301198902	0.356189471708137	0.27957324058103705	-1	0.367484751185737	0.06875310776410704	0.148306158954554
STM_MW08121_1-350	0.319858351335895	0.11501028514826206	0.0	0.079474288022777	0.06513945398592202	0.2583181197963449	-1	0.38729340495783493	0.19664712047923705	0.34674153796581103	0.4816499332435449	0.21783627346841705	0.15995082034688002	0.25047346688746486	0.04157970405403999	0.228913502389676	0.08017027397352094	0.10967808199288309	0.29172853616411487	0.04253672036039702	0.28281882192335306	-1	0.060785107391712945	0.269535838029195	0.5696847250315449	0.38024857023256603	0.3643156230838549	0.23367231912340392	0.2213465048189469	0.5008911553732549	0.34804912300674484	0.017026482819456956	0.22224633816025108	0.24117918655987491	0.164562955432775	-1	0.2524744660374749	0.1837633929123691	0.033295873806291953
STM_MW26841_1-356	0.399332639358672	0.03553599712548505	0.079474288022777	0.0	0.014334834036854982	0.3377924078191219	-1	0.46676769298061194	0.11717283245646004	0.267267249943034	0.5611242212663219	0.13836198544564005	0.08047653232410301	0.32994775491024186	0.121053992076817	0.149439214366899	0.15964456199629795	0.030203793970106085	0.3712028241868919	0.03693756766237999	0.20334453390057605	-1	0.14025939541448995	0.349010126051972	0.6491590130543219	0.300774282209789	0.4437899111066319	0.3131466071461809	0.3008207928417239	0.5803654433960319	0.42752341102952185	0.09650077084223396	0.14277205013747407	0.3206534745826519	0.244037243455552	-1	0.3319487540602519	0.10428910488959209	0.11277016182906896
BN373_13241_1-350	0.38499780532181704	0.049870831162340035	0.06513945398592202	0.014334834036854982	0.0	0.3234575737822669	-1	0.45243285894375695	0.13150766649331502	0.281602083979889	0.5467893872294669	0.15269681948249503	0.094811366360958	0.3156129208733869	0.10671915803996201	0.16377404840375398	0.14530972795944297	0.04453862800696107	0.3568679901500369	0.022602733625525007	0.21767936793743103	-1	0.12592456137763497	0.33467529201511703	0.6348241790174669	0.315109116246644	0.4294550770697769	0.29881177310932594	0.28648595880486893	0.5660306093591769	0.41318857699266687	0.08216593680537898	0.15710688417432905	0.30631864054579694	0.22970240941869702	-1	0.31761392002339695	0.11862393892644707	0.09843532779221398
CS17_00753_1-350	0.06154023153955013	0.37332840494460695	0.2583181197963449	0.3377924078191219	0.3234575737822669	0.0	-1	0.12897528516149004	0.45496524027558194	0.6050596577621559	0.2233318134472	0.47615439326476194	0.4182689401432249	0.007844652908880034	0.2167384157423049	0.4872316221860209	0.17814784582282395	0.367996201789228	0.03341041636776998	0.3008548401567419	0.541136941719698	-1	0.19753301240463195	0.011217718232850116	0.3113666052352	0.6385666900289109	0.10599750328751001	0.024645800672940976	0.03697161497739798	0.24257303557691	0.08973100321039995	0.24129163697688794	0.48056445795659597	0.017138933236469978	0.0937551643635699	-1	0.005843653758869971	0.442081512708714	0.22502224599005294
b1704_1-348	-1	-1	-1	-1	-1	-1	-1	-1	-1	-1	-1	-1	-1	-1	-1	-1	-1	-1	-1	-1	-1	-1	-1	-1	-1	-1	-1	-1	-1	-1	-1	-1	-1	-1	-1	-1	-1	-1	-1
ENC_19880_1-350	0.06743505362193991	0.502303690106097	0.38729340495783493	0.46676769298061194	0.45243285894375695	0.12897528516149004	-1	0.0	0.583940525437072	0.7340349429236459	0.09435652828570995	0.605129678426252	0.547244225304715	0.13681993807037007	0.34571370090379494	0.6162069073475109	0.307123130984314	0.496971486950718	0.09556486879372006	0.42983012531823195	0.670112226881188	-1	0.326508297566122	0.11775756692863992	0.18239132007370995	0.7675419751904009	0.02297778187398003	0.15362108583443101	0.16594690013888802	0.11359775041541997	0.03924428195109009	0.370266922138378	0.609539743118086	0.14611421839796002	0.22273044952505994	-1	0.13481893892036	0.571056797870204	0.353997531151543
ERS227112_03201_1-350	0.5165054718151321	0.08163683533097499	0.19664712047923705	0.11717283245646004	0.13150766649331502	0.45496524027558194	-1	0.583940525437072	0.0	0.15009441748657398	0.6782970537227819	0.021189152989180005	0.03669630013235703	0.4471205873667019	0.23822682453327704	0.03226638191043896	0.276817394452758	0.08696903848635396	0.4883756566433519	0.15411040011884003	0.08617170144411601	-1	0.25743222787095	0.46618295850843205	0.7663318455107819	0.18360144975332898	0.560962743563092	0.43031943960264096	0.41799362529818396	0.697538275852492	0.5446962434859819	0.213673603298694	0.02559921768101403	0.43782630703911196	0.36121007591201204	-1	0.44912158651671197	0.012883727566867953	0.229942994285529
STM_MW13541_1-349	0.666599889301706	0.23173125281754897	0.34674153796581103	0.267267249943034	0.281602083979889	0.6050596577621559	-1	0.7340349429236459	0.15009441748657398	0.0	0.8283914712093559	0.12890526449739398	0.186790717618931	0.5972150048532758	0.388321242019851	0.11782803557613503	0.426911811939332	0.23706345597292794	0.6384700741299258	0.304204817605414	0.06392271604245797	-1	0.407526645357524	0.616277375995006	0.9164262629973559	0.033507032266755	0.7110571610496659	0.580413857089215	0.5680880427847579	0.8476326933390659	0.6947906609725558	0.363768020785268	0.12449519980555995	0.5879207245256859	0.511304493398586	-1	0.5992160040032859	0.16297814505344194	0.380037411772103
t2625_1-356	0.16179158190764986	0.5966602183918069	0.4816499332435449	0.5611242212663219	0.5467893872294669	0.2233318134472	-1	0.09435652828570995	0.6782970537227819	0.8283914712093559	0.0	0.6994862067119619	0.6416007535904249	0.23117646635608002	0.4400702291895049	0.7105634356332209	0.40147965927002394	0.591328015236428	0.18992139707943	0.5241866536039419	0.7644687551668979	-1	0.42086482585183194	0.21211409521434987	0.088034791788	0.8618985034761109	0.11733431015968998	0.24797761412014097	0.26030342842459797	0.019241222129710023	0.13360081023680004	0.4646234504240879	0.703896271403796	0.24047074668366997	0.3170869778107699	-1	0.22917546720606996	0.665413326155914	0.4483540594372529
SEN1697_1-348	0.5376946248043121	0.10282598832015499	0.21783627346841705	0.13836198544564005	0.15269681948249503	0.47615439326476194	-1	0.605129678426252	0.021189152989180005	0.12890526449739398	0.6994862067119619	0.0	0.057885453121537034	0.4683097403558819	0.25941597752245704	0.011077228921258953	0.298006547441938	0.10815819147553396	0.5095648096325319	0.17529955310802003	0.064982548454936	-1	0.27862138086013	0.48737211149761206	0.7875209984999619	0.16241229676414898	0.582151896552272	0.45150859259182097	0.43918277828736396	0.718727428841672	0.5658853964751619	0.234862756287874	0.004410064691834026	0.45901546002829197	0.38239922890119205	-1	0.470310739505892	0.03407288055604796	0.251132147274709
NCTC13441_02175_1-349	0.47980917168277504	0.04494053519861796	0.15995082034688002	0.08047653232410301	0.094811366360958	0.4182689401432249	-1	0.547244225304715	0.03669630013235703	0.186790717618931	0.6416007535904249	0.057885453121537034	0.0	0.4104242872343449	0.20153052440092	0.06896268204279599	0.24012109432040096	0.050272738353996926	0.4516793565109949	0.117414099986483	0.12286800157647304	-1	0.22073592773859296	0.429486658376075	0.7296355453784249	0.220297749885686	0.5242664434307349	0.39362313947028393	0.38129732516582693	0.6608419757201349	0.5079999433536249	0.17697730316633697	0.06229551781337106	0.40113000690675493	0.324513775779655	-1	0.41242528638435494	0.023812572565489076	0.19324669415317197
ETEC_2808_1-356	0.06938488444843016	0.3654837520357269	0.25047346688746486	0.32994775491024186	0.3156129208733869	0.007844652908880034	-1	0.13681993807037007	0.4471205873667019	0.5972150048532758	0.23117646635608002	0.4683097403558819	0.4104242872343449	0.0	0.20889376283342487	0.47938696927714086	0.1703031929139439	0.36015154888034795	0.041255069276650014	0.2930101872478619	0.5332922888108179	-1	0.1896883594957519	0.01906237114173015	0.31921125814408	0.6307220371200308	0.11384215619639004	0.016801147764060942	0.029126962068517948	0.25041768848579005	0.09757565611927999	0.2334469840680079	0.47271980504771594	0.009294280327589943	0.08591051145468986	-1	0.0020009991500100632	0.43423685979983395	0.2171775930811729
NCTC13441_01140_1-356	0.27827864728185503	0.15658998920230205	0.04157970405403999	0.121053992076817	0.10671915803996201	0.2167384157423049	-1	0.34571370090379494	0.23822682453327704	0.388321242019851	0.4400702291895049	0.25941597752245704	0.20153052440092	0.20889376283342487	0.0	0.270493206443716	0.038590569919480955	0.15125778604692308	0.2501488321100749	0.08411642441443701	0.32439852597739305	-1	0.019205403337672955	0.22795613397515502	0.5281050209775049	0.421828274286606	0.3227359190298149	0.19209261506936393	0.17976680076490692	0.4593114513192149	0.30646941895270485	0.024553221234583034	0.26382604221429107	0.19959948250583492	0.122983251378735	-1	0.21089476198343493	0.22534309696640908	0.008283830247748036
NCTC13441_03240_1-350	0.548771853725571	0.11390321724141395	0.228913502389676	0.149439214366899	0.16377404840375398	0.4872316221860209	-1	0.6162069073475109	0.03226638191043896	0.11782803557613503	0.7105634356332209	0.011077228921258953	0.06896268204279599	0.47938696927714086	0.270493206443716	0.0	0.30908377636319695	0.11923542039679291	0.5206420385537909	0.186376782029279	0.053905319533677054	-1	0.28969860978138895	0.498449340418871	0.7985982274212209	0.15133506784289003	0.5932291254735309	0.4625858215130799	0.4502600072086229	0.7298046577629309	0.5769626253964208	0.24593998520913296	0.006667164229424927	0.4700926889495509	0.393476457822451	-1	0.4813879684271509	0.04515010947730691	0.26220937619596796
ETEC_0758_1-350	0.23968807736237407	0.195180559121783	0.08017027397352094	0.15964456199629795	0.14530972795944297	0.17814784582282395	-1	0.307123130984314	0.276817394452758	0.426911811939332	0.40147965927002394	0.298006547441938	0.24012109432040096	0.1703031929139439	0.038590569919480955	0.30908377636319695	0.0	0.18984835596640404	0.21155826219059393	0.12270699433391796	0.362989095896874	-1	0.019385166581808	0.18936556405567406	0.48951445105802394	0.460418844206087	0.28414534911033396	0.15350204514988297	0.14117623084542597	0.42072088139973396	0.2678788490332239	0.06314379115406399	0.302416612133772	0.16100891258635397	0.08439268145925405	-1	0.17230419206395398	0.26393366688589004	0.04687440016722899
ETEC_1737_1-348	0.4295364333287781	0.005332203155378967	0.10967808199288309	0.030203793970106085	0.04453862800696107	0.367996201789228	-1	0.496971486950718	0.08696903848635396	0.23706345597292794	0.591328015236428	0.10815819147553396	0.050272738353996926	0.36015154888034795	0.15125778604692308	0.11923542039679291	0.18984835596640404	0.0	0.40140661815699796	0.06714136163248607	0.17314073993046997	-1	0.17046318938459604	0.3792139200220781	0.679362807024428	0.27057048823968294	0.473993705076738	0.343350401116287	0.33102458681183	0.610569237366138	0.45772720499962793	0.12670456481234005	0.11256825616736799	0.350857268552758	0.2742410374256581	-1	0.362152548030358	0.074085310919486	0.14297395579917505
SEN0705_1-350	0.028129815171780148	0.40673882131237693	0.29172853616411487	0.3712028241868919	0.3568679901500369	0.03341041636776998	-1	0.09556486879372006	0.4883756566433519	0.6384700741299258	0.18992139707943	0.5095648096325319	0.4516793565109949	0.041255069276650014	0.2501488321100749	0.5206420385537909	0.21155826219059393	0.40140661815699796	0.0	0.3342652565245119	0.5745473580874679	-1	0.23094342877240193	0.022192698134919864	0.27795618886743	0.6719771063966808	0.07258708691974003	0.058056217040710956	0.07038203134516796	0.20916261920914003	0.05632058684262997	0.2747020533446579	0.513974874324366	0.05054934960423996	0.12716558073133988	-1	0.03925407012663995	0.47549192907648397	0.2584326623578229
CS17_01887_1-349	0.36239507169629204	0.07247356478786504	0.04253672036039702	0.03693756766237999	0.022602733625525007	0.3008548401567419	-1	0.42983012531823195	0.15411040011884003	0.304204817605414	0.5241866536039419	0.17529955310802003	0.117414099986483	0.2930101872478619	0.08411642441443701	0.186376782029279	0.12270699433391796	0.06714136163248607	0.3342652565245119	0.0	0.24028210156295604	-1	0.10332182775210996	0.312072558389592	0.6122214453919419	0.337711849872169	0.4068523434442519	0.27620903948380093	0.2638832251793439	0.5434278757336519	0.39058584336714186	0.059563203179853974	0.17970961779985406	0.28371590692027193	0.207099675793172	-1	0.29501118639787194	0.14122667255197208	0.07583259416668897
ERS227112_04511_1-349	0.6026771732592481	0.167808536775091	0.28281882192335306	0.20334453390057605	0.21767936793743103	0.541136941719698	-1	0.670112226881188	0.08617170144411601	0.06392271604245797	0.7644687551668979	0.064982548454936	0.12286800157647304	0.5332922888108179	0.32439852597739305	0.053905319533677054	0.362989095896874	0.17314073993046997	0.5745473580874679	0.24028210156295604	0.0	-1	0.343603929315066	0.5523546599525481	0.8525035469548979	0.09742974830921297	0.647134445007208	0.516491141046757	0.5041653267423	0.783709977296608	0.6308679449300979	0.29984530474281	0.06057248376310198	0.523998008483228	0.44738177735612805	-1	0.535293287960828	0.09905542901098396	0.316114695729645
b0754_1-350	-1	-1	-1	-1	-1	-1	-1	-1	-1	-1	-1	-1	-1	-1	-1	-1	-1	-1	-1	-1	-1	-1	-1	-1	-1	-1	-1	-1	-1	-1	-1	-1	-1	-1	-1	-1	-1	-1	-1
ERS227112_01720_1-356	0.2590732439441821	0.175795392539975	0.060785107391712945	0.14025939541448995	0.12592456137763497	0.19753301240463195	-1	0.326508297566122	0.25743222787095	0.407526645357524	0.42086482585183194	0.27862138086013	0.22073592773859296	0.1896883594957519	0.019205403337672955	0.28969860978138895	0.019385166581808	0.17046318938459604	0.23094342877240193	0.10332182775210996	0.343603929315066	-1	0.0	0.20875073063748206	0.5088996176398319	0.441033677624279	0.30353051569214196	0.17288721173169097	0.16056139742723397	0.44010604798154196	0.2872640156150319	0.04375862457225599	0.283031445551964	0.18039407916816197	0.10377784804106205	-1	0.19168935864576198	0.24454850030408204	0.02748923358542099
SL1344_2628_1-356	0.05032251330670001	0.38454612317745707	0.269535838029195	0.349010126051972	0.33467529201511703	0.011217718232850116	-1	0.11775756692863992	0.46618295850843205	0.616277375995006	0.21211409521434987	0.48737211149761206	0.429486658376075	0.01906237114173015	0.22795613397515502	0.498449340418871	0.18936556405567406	0.3792139200220781	0.022192698134919864	0.312072558389592	0.5523546599525481	-1	0.20875073063748206	0.0	0.3001488870023499	0.649784408261761	0.09477978505465989	0.03586351890579109	0.0481893332102481	0.2313553173440599	0.07851328497754984	0.25250935520973805	0.4917821761894461	0.028356651469320093	0.10497288259642001	-1	0.017061371991720087	0.4532992309415641	0.23623996422290305
ROD_25521_1-356	0.24982637369564986	0.6846950101798069	0.5696847250315449	0.6491590130543219	0.6348241790174669	0.3113666052352	-1	0.18239132007370995	0.7663318455107819	0.9164262629973559	0.088034791788	0.7875209984999619	0.7296355453784249	0.31921125814408	0.5281050209775049	0.7985982274212209	0.48951445105802394	0.679362807024428	0.27795618886743	0.6122214453919419	0.8525035469548979	-1	0.5088996176398319	0.3001488870023499	0.0	0.9499332952641109	0.20536910194768998	0.33601240590814097	0.34833822021259797	0.06879356965828998	0.22163560202480004	0.5526582422120879	0.791931063191796	0.32850553847166997	0.4051217695987699	-1	0.31721025899406996	0.753448117943914	0.5363888512252529
t1228_1-348	0.700106921568461	0.26523828508430397	0.38024857023256603	0.300774282209789	0.315109116246644	0.6385666900289109	-1	0.7675419751904009	0.18360144975332898	0.033507032266755	0.8618985034761109	0.16241229676414898	0.220297749885686	0.6307220371200308	0.421828274286606	0.15133506784289003	0.460418844206087	0.27057048823968294	0.6719771063966808	0.337711849872169	0.09742974830921297	-1	0.441033677624279	0.649784408261761	0.9499332952641109	0.0	0.7445641933164209	0.61392088935597	0.6015950750515129	0.8811397256058209	0.7282976932393108	0.397275053052023	0.15800223207231495	0.6214277567924409	0.544811525665341	-1	0.6327230362700409	0.19648517732019694	0.413544444038858
SL1344_0737_1-350	0.04445727174795988	0.47932590823211696	0.3643156230838549	0.4437899111066319	0.4294550770697769	0.10599750328751001	-1	0.02297778187398003	0.560962743563092	0.7110571610496659	0.11733431015968998	0.582151896552272	0.5242664434307349	0.11384215619639004	0.3227359190298149	0.5932291254735309	0.28414534911033396	0.473993705076738	0.07258708691974003	0.4068523434442519	0.647134445007208	-1	0.30353051569214196	0.09477978505465989	0.20536910194768998	0.7445641933164209	0.0	0.13064330396045098	0.142969118264908	0.1365755322894	0.016266500077110058	0.34728914026439794	0.586561961244106	0.12313643652397999	0.1997526676510799	-1	0.11184115704637998	0.548079015996224	0.33101974927756295
SL1344_1281_1-348	0.0861860322124911	0.348682604271666	0.23367231912340392	0.3131466071461809	0.29881177310932594	0.024645800672940976	-1	0.15362108583443101	0.43031943960264096	0.580413857089215	0.24797761412014097	0.45150859259182097	0.39362313947028393	0.016801147764060942	0.19209261506936393	0.4625858215130799	0.15350204514988297	0.343350401116287	0.058056217040710956	0.27620903948380093	0.516491141046757	-1	0.17288721173169097	0.03586351890579109	0.33601240590814097	0.61392088935597	0.13064330396045098	0.0	0.012325814304457006	0.267218836249851	0.11437680388334093	0.21664583630394696	0.455918657283655	0.007506867436470999	0.06910936369062892	-1	0.018802146914071005	0.417435712035773	0.20037644531711196
ENC_13980_1-348	0.09851184651694811	0.33635678996720897	0.2213465048189469	0.3008207928417239	0.28648595880486893	0.03697161497739798	-1	0.16594690013888802	0.41799362529818396	0.5680880427847579	0.26030342842459797	0.43918277828736396	0.38129732516582693	0.029126962068517948	0.17976680076490692	0.4502600072086229	0.14117623084542597	0.33102458681183	0.07038203134516796	0.2638832251793439	0.5041653267423	-1	0.16056139742723397	0.0481893332102481	0.34833822021259797	0.6015950750515129	0.142969118264908	0.012325814304457006	0.0	0.279544650554308	0.12670261818779793	0.20432002199948995	0.443592842979198	0.019832681740928004	0.056783549386171916	-1	0.03112796121852801	0.405109897731316	0.18805063101265496
ENC_27980_1-356	0.18103280403735988	0.615901440521517	0.5008911553732549	0.5803654433960319	0.5660306093591769	0.24257303557691	-1	0.11359775041541997	0.697538275852492	0.8476326933390659	0.019241222129710023	0.718727428841672	0.6608419757201349	0.25041768848579005	0.4593114513192149	0.7298046577629309	0.42072088139973396	0.610569237366138	0.20916261920914003	0.5434278757336519	0.783709977296608	-1	0.44010604798154196	0.2313553173440599	0.06879356965828998	0.8811397256058209	0.1365755322894	0.267218836249851	0.279544650554308	0.0	0.15284203236651006	0.48386467255379795	0.723137493533506	0.25971196881338	0.3363281999404799	-1	0.24841668933577998	0.684654548285624	0.46759528156696295
BN373_35771_1-356	0.028190771670849823	0.4630594081550069	0.34804912300674484	0.42752341102952185	0.41318857699266687	0.08973100321039995	-1	0.03924428195109009	0.5446962434859819	0.6947906609725558	0.13360081023680004	0.5658853964751619	0.5079999433536249	0.09757565611927999	0.30646941895270485	0.5769626253964208	0.2678788490332239	0.45772720499962793	0.05632058684262997	0.39058584336714186	0.6308679449300979	-1	0.2872640156150319	0.07851328497754984	0.22163560202480004	0.7282976932393108	0.016266500077110058	0.11437680388334093	0.12670261818779793	0.15284203236651006	0.0	0.3310226401872879	0.5702954611669959	0.10686993644686993	0.18348616757396985	-1	0.09557465696926992	0.5318125159191139	0.3147532492004529
CS17_02942_1-356	0.30283186851643806	0.13203676796771902	0.017026482819456956	0.09650077084223396	0.08216593680537898	0.24129163697688794	-1	0.370266922138378	0.213673603298694	0.363768020785268	0.4646234504240879	0.234862756287874	0.17697730316633697	0.2334469840680079	0.024553221234583034	0.24593998520913296	0.06314379115406399	0.12670456481234005	0.2747020533446579	0.059563203179853974	0.29984530474281	-1	0.04375862457225599	0.25250935520973805	0.5526582422120879	0.397275053052023	0.34728914026439794	0.21664583630394696	0.20432002199948995	0.48386467255379795	0.3310226401872879	0.0	0.23927282097970803	0.22415270374041796	0.14753647261331804	-1	0.23544798321801796	0.20078987573182605	0.016269390986834997
BN373_27481_1-348	0.5421046894961461	0.10723605301198902	0.22224633816025108	0.14277205013747407	0.15710688417432905	0.48056445795659597	-1	0.609539743118086	0.02559921768101403	0.12449519980555995	0.703896271403796	0.004410064691834026	0.06229551781337106	0.47271980504771594	0.26382604221429107	0.006667164229424927	0.302416612133772	0.11256825616736799	0.513974874324366	0.17970961779985406	0.06057248376310198	-1	0.283031445551964	0.4917821761894461	0.791931063191796	0.15800223207231495	0.586561961244106	0.455918657283655	0.443592842979198	0.723137493533506	0.5702954611669959	0.23927282097970803	0.0	0.463425524720126	0.38680929359302607	-1	0.474720804197726	0.03848294524788198	0.25554221196654303
SEN2591_1-356	0.0786791647760201	0.356189471708137	0.24117918655987491	0.3206534745826519	0.30631864054579694	0.017138933236469978	-1	0.14611421839796002	0.43782630703911196	0.5879207245256859	0.24047074668366997	0.45901546002829197	0.40113000690675493	0.009294280327589943	0.19959948250583492	0.4700926889495509	0.16100891258635397	0.350857268552758	0.05054934960423996	0.28371590692027193	0.523998008483228	-1	0.18039407916816197	0.028356651469320093	0.32850553847166997	0.6214277567924409	0.12313643652397999	0.007506867436470999	0.019832681740928004	0.25971196881338	0.10686993644686993	0.22415270374041796	0.463425524720126	0.0	0.07661623112709992	-1	0.011295279477600007	0.424942579472244	0.20788331275358296
ROD_07421_1-350	0.15529539590312003	0.27957324058103705	0.164562955432775	0.244037243455552	0.22970240941869702	0.0937551643635699	-1	0.22273044952505994	0.36121007591201204	0.511304493398586	0.3170869778107699	0.38239922890119205	0.324513775779655	0.08591051145468986	0.122983251378735	0.393476457822451	0.08439268145925405	0.2742410374256581	0.12716558073133988	0.207099675793172	0.44738177735612805	-1	0.10377784804106205	0.10497288259642001	0.4051217695987699	0.544811525665341	0.1997526676510799	0.06910936369062892	0.056783549386171916	0.3363281999404799	0.18348616757396985	0.14753647261331804	0.38680929359302607	0.07661623112709992	0.0	-1	0.08791151060469993	0.3483263483451441	0.13126708162648304
b2601_1-356	-1	-1	-1	-1	-1	-1	-1	-1	-1	-1	-1	-1	-1	-1	-1	-1	-1	-1	-1	-1	-1	-1	-1	-1	-1	-1	-1	-1	-1	-1	-1	-1	-1	-1	-1	-1	-1	-1	-1
STMMW_26841_1-356	0.0673838852984201	0.367484751185737	0.2524744660374749	0.3319487540602519	0.31761392002339695	0.005843653758869971	-1	0.13481893892036	0.44912158651671197	0.5992160040032859	0.22917546720606996	0.470310739505892	0.41242528638435494	0.0020009991500100632	0.21089476198343493	0.4813879684271509	0.17230419206395398	0.362152548030358	0.03925407012663995	0.29501118639787194	0.535293287960828	-1	0.19168935864576198	0.017061371991720087	0.31721025899406996	0.6327230362700409	0.11184115704637998	0.018802146914071005	0.03112796121852801	0.24841668933577998	0.09557465696926992	0.23544798321801796	0.474720804197726	0.011295279477600007	0.08791151060469993	-1	0.0	0.436237858949844	0.21917859223118297
t2118_1-350	0.5036217442482641	0.06875310776410704	0.1837633929123691	0.10428910488959209	0.11862393892644707	0.442081512708714	-1	0.571056797870204	0.012883727566867953	0.16297814505344194	0.665413326155914	0.03407288055604796	0.023812572565489076	0.43423685979983395	0.22534309696640908	0.04515010947730691	0.26393366688589004	0.074085310919486	0.47549192907648397	0.14122667255197208	0.09905542901098396	-1	0.24454850030408204	0.4532992309415641	0.753448117943914	0.19648517732019694	0.548079015996224	0.417435712035773	0.405109897731316	0.684654548285624	0.5318125159191139	0.20078987573182605	0.03848294524788198	0.424942579472244	0.3483263483451441	-1	0.436237858949844	0.0	0.21705926671866105
ROD_13511_1-348	0.28656247752960307	0.148306158954554	0.033295873806291953	0.11277016182906896	0.09843532779221398	0.22502224599005294	-1	0.353997531151543	0.229942994285529	0.380037411772103	0.4483540594372529	0.251132147274709	0.19324669415317197	0.2171775930811729	0.008283830247748036	0.26220937619596796	0.04687440016722899	0.14297395579917505	0.2584326623578229	0.07583259416668897	0.316114695729645	-1	0.02748923358542099	0.23623996422290305	0.5363888512252529	0.413544444038858	0.33101974927756295	0.20037644531711196	0.18805063101265496	0.46759528156696295	0.3147532492004529	0.016269390986834997	0.25554221196654303	0.20788331275358296	0.13126708162648304	-1	0.21917859223118297	0.21705926671866105	0.0
