b3325_1-650	-1	-1	-1	-1	-1	-1	-1	-1	-1	-1
ROD_44971_1-662	-1	0.0	0.2353593420757898	0.038148214845673545	0.10826317736000934	0.4951631997780924	0.7351927252159998	1.9332839171404697	0.3766550187801211	0.36933078792202556
NCTC13441_00743_18-682	-1	0.2353593420757898	0.0	0.27350755692146334	0.34362251943579913	0.25980385770230263	0.9705520672917896	2.1686432592162594	0.1412956767043313	0.13397144584623577
ERS227112_02501_2-654	-1	0.038148214845673545	0.27350755692146334	0.0	0.0701149625143358	0.533311414623766	0.6970445103703262	1.895135702294796	0.41480323362579463	0.4074790027676991
BN373_06501_1-648	-1	0.10826317736000934	0.34362251943579913	0.0701149625143358	0.0	0.6034263771381018	0.6269295478559904	1.8250207397804603	0.48491819614013043	0.4775939652820349
ENC_18330_1-637	-1	0.4951631997780924	0.25980385770230263	0.533311414623766	0.6034263771381018	0.0	1.2303559249940923	2.428447116918562	0.11850818099797134	0.12583241185606686
ETEC_3577_1-650	-1	0.7351927252159998	0.9705520672917896	0.6970445103703262	0.6269295478559904	1.2303559249940923	0.0	1.19809119192447	1.1118477439961207	1.1045235131380253
NCTC13441_00370_1-651	-1	1.9332839171404697	2.1686432592162594	1.895135702294796	1.8250207397804603	2.428447116918562	1.19809119192447	0.0	2.3099389359205906	2.302614705062495
CS17_03385_18-682	-1	0.3766550187801211	0.1412956767043313	0.41480323362579463	0.48491819614013043	0.11850818099797134	1.1118477439961207	2.3099389359205906	0.0	0.007324230858095526
ETEC_3237_18-681	-1	0.36933078792202556	0.13397144584623577	0.4074790027676991	0.4775939652820349	0.12583241185606686	1.1045235131380253	2.302614705062495	0.007324230858095526	0.0
