SEN0240_1-587	0.0	0.0675576867140476	0.06339758470202117	0.38991814137519565	0.3739744246312272	0.08467094026008215
ENC_18200_1-584	0.0675576867140476	0.0	0.13095527141606877	0.32236045466114804	0.3064167379171796	0.15222862697412975
STM_MW02391_1-587	0.06339758470202117	0.13095527141606877	0.0	0.4533157260772168	0.4373720093332484	0.02127335555806098
STMMW_02391_1-587	0.38991814137519565	0.32236045466114804	0.4533157260772168	0.0	0.01594371674396844	0.4745890816352778
SL1344_0234_1-587	0.3739744246312272	0.3064167379171796	0.4373720093332484	0.01594371674396844	0.0	0.45864536489130936
ROD_01891_1-585	0.08467094026008215	0.15222862697412975	0.02127335555806098	0.4745890816352778	0.45864536489130936	0.0
