t2557_1-156	0.0	0.005820377288125896	0.09789331132173013	0.09128447111163296	0.03302856720514741	0.07818537414056527	0.5235011436214063
STM_MW03121_1-157	0.005820377288125896	0.0	0.09261197064415003	0.08596443929355775	0.038656705770853124	0.0727886542826594	0.5262745467428902
SEN4250_1-150	0.09789331132173013	0.09261197064415003	0.0	0.0072727272727272285	0.12768860271495336	0.02137950150529514	0.5701471945133244
SEN0284_1-156	0.09128447111163296	0.08596443929355775	0.0072727272727272285	0.0	0.12129804302788345	0.014210120563942037	0.5669980897112242
SL1344_0298_1-156	0.03302856720514741	0.038656705770853124	0.12768860271495336	0.12129804302788345	0.0	0.10863159046145142	0.5072255082020762
STMMW_03121_1-156	0.07818537414056527	0.0727886542826594	0.02137950150529514	0.014210120563942037	0.10863159046145142	0.0	0.5607563849849182
NCTC13441_04889_1-148	0.5235011436214063	0.5262745467428902	0.5701471945133244	0.5669980897112242	0.5072255082020762	0.5607563849849182	0.0
