NCTC13441_03339_1-292	0.0	0.1451524380869819	0.5739769248428155	0.6699130076365462	0.019375992492443254	0.22022882670968805	0.3122164257067208	0.579401659486986	0.040309512742205844	0.5924784894661916	0.008624579179409106	0.44588110370897094	-1	0.3576246018757472
STMMW_07321_1-292	0.1451524380869819	0.0	0.6358152128831943	0.6138644981044695	0.16171595802879193	0.08782429987247868	0.41204988839156914	0.5079843948179729	0.17961092677655827	0.523281660157236	0.15252513857102554	0.35179215455560786	-1	0.24854976870178483
CS17_00664_1-292	0.5739769248428155	0.6358152128831943	0.0	0.8593753244439353	0.5655592032261136	0.6677994868359355	0.38058556342387556	0.8208154015686371	0.5560828404431758	0.826386432889686	0.5702706903863397	0.7639325637993908	-1	0.7263332574857853
Ecoli9000q_47650_1-292	0.6699130076365462	0.6138644981044695	0.8593753244439353	0.0	0.6763087707224336	0.5766873620492751	0.7729715885645454	0.2151966363898661	0.6832186534612572	0.19001332731841272	0.6727598690382778	0.4043029491091589	-1	0.4861462731491375
ERS227112_03125_24-315	0.019375992492443254	0.16171595802879193	0.5655592032261136	0.6763087707224336	0.0	0.2353376671091848	0.29862662036858295	0.5875511697751001	0.021347142319072043	0.6003746231948038	0.01084494641206142	0.4566177072834268	-1	0.370071262767133
SEN0636_1-292	0.22022882670968805	0.08782429987247868	0.6677994868359355	0.5766873620492751	0.2353376671091848	0.0	0.4636861953035253	0.46061311969476515	0.25166102275543867	0.47738320613438934	0.22695402493555109	0.2893826865221544	-1	0.1762001211025868
ETEC_0686_1-292	0.3122164257067208	0.41204988839156914	0.38058556342387556	0.7729715885645454	0.29862662036858295	0.4636861953035253	0.0	0.7107193700201374	0.28332771510683397	0.719713398883661	0.3062329770855321	0.6188861249255092	-1	0.5581847526400332
STM_MW07321_1-292	0.579401659486986	0.5079843948179729	0.8208154015686371	0.2151966363898661	0.5875511697751001	0.46061311969476515	0.7107193700201374	0.0	0.5963557736532459	0.031091016581890327	0.5830291431774685	0.2409601200603862	-1	0.3452452541906673
SL1344_0656_1-292	0.040309512742205844	0.17961092677655827	0.5560828404431758	0.6832186534612572	0.021347142319072043	0.25166102275543867	0.28332771510683397	0.5963557736532459	0.0	0.6089054829877771	0.031960580116632484	0.4682173664197112	-1	0.38351844117171635
ROD_06701_1-292	0.5924784894661916	0.523281660157236	0.826386432889686	0.19001332731841272	0.6003746231948038	0.47738320613438934	0.719713398883661	0.031091016581890327	0.6089054829877771	0.0	0.5959931910011028	0.26455944155390476	-1	0.36560224484969667
BN373_12631_1-292	0.008624579179409106	0.15252513857102554	0.5702706903863397	0.6727598690382778	0.01084494641206142	0.22695402493555109	0.3062329770855321	0.5830291431774685	0.031960580116632484	0.5959931910011028	0.0	0.45066014600483967	-1	0.3631648193597743
t2206_1-292	0.44588110370897094	0.35179215455560786	0.7639325637993908	0.4043029491091589	0.4566177072834268	0.2893826865221544	0.6188861249255092	0.2409601200603862	0.4682173664197112	0.26455944155390476	0.45066014600483967	0.0	-1	0.13739084979115673
b0658_1-292	-1	-1	-1	-1	-1	-1	-1	-1	-1	-1	-1	-1	-1	-1
ENC_20590_1-292	0.3576246018757472	0.24854976870178483	0.7263332574857853	0.4861462731491375	0.370071262767133	0.1762001211025868	0.5581847526400332	0.3452452541906673	0.38351844117171635	0.36560224484969667	0.3631648193597743	0.13739084979115673	-1	0.0
