ENC_01340_1-375	0.0	0.49604952190696405	0.4441066784040901	0.16442283310566008	0.6577444281892271	0.29201046739598	0.5110254653581151	0.67181490140787	0.11188690540179014	0.14156936505386986	5.51914872563233	0.7286258251822321	0.6517439006532131
SL1344_4098_1-377	0.49604952190696405	0.0	0.051942843502873925	0.33162668880130397	0.16169490628226302	0.20403905451098403	0.014975943451151053	0.17576537950090598	0.3841626165051739	0.6376188869608339	6.015198247539294	0.23257630327526801	0.15569437874624903
NCTC13441_04506_1-377	0.4441066784040901	0.051942843502873925	0.0	0.27968384529843004	0.21363774978513694	0.1520962110081101	0.06691878695402498	0.2277082230037799	0.3322197730023	0.58567604345796	5.9632554040364205	0.28451914677814194	0.20763722224912295
ERS227112_01841_1-377	0.16442283310566008	0.33162668880130397	0.27968384529843004	0.0	0.493321595083567	0.12758763429031994	0.346602632252455	0.50739206830221	0.052535927703869945	0.30599219815952994	5.68357155873799	0.564202992076572	0.487321067547553
STMMW_41121_1-377	0.6577444281892271	0.16169490628226302	0.21363774978513694	0.493321595083567	0.0	0.36573396079324705	0.14671896283111197	0.014070473218642965	0.5458575227874369	0.7993137932430969	6.176893153821557	0.070881396993005	0.006000527536013989
ROD_37631_1-377	0.29201046739598	0.20403905451098403	0.1520962110081101	0.12758763429031994	0.36573396079324705	0.0	0.21901499796213508	0.37980443401189	0.18012356199418988	0.4335798324498499	5.81115919302831	0.43661535778625205	0.35973343325723306
ETEC_4249_1-377	0.5110254653581151	0.014975943451151053	0.06691878695402498	0.346602632252455	0.14671896283111197	0.21901499796213508	0.0	0.16078943604975493	0.39913855995632497	0.652594830411985	6.030174190990445	0.21760035982411696	0.14071843529509798
t3472_1-377	0.67181490140787	0.17576537950090598	0.2277082230037799	0.50739206830221	0.014070473218642965	0.37980443401189	0.16078943604975493	0.0	0.5599279960060799	0.8133842664617399	6.1909636270402	0.05681092377436203	0.020071000754656954
CS17_04453_1-377	0.11188690540179014	0.3841626165051739	0.3322197730023	0.052535927703869945	0.5458575227874369	0.18012356199418988	0.39913855995632497	0.5599279960060799	0.0	0.25345627045566	5.63103563103412	0.6167389197804419	0.5398569952514229
BN373_49861_1-377	0.14156936505386986	0.6376188869608339	0.58567604345796	0.30599219815952994	0.7993137932430969	0.4335798324498499	0.652594830411985	0.8133842664617399	0.25345627045566	0.0	5.37757936057846	0.8701951902361019	0.7933132657070829
b3990_1-377	5.51914872563233	6.015198247539294	5.9632554040364205	5.68357155873799	6.176893153821557	5.81115919302831	6.030174190990445	6.1909636270402	5.63103563103412	5.37757936057846	0.0	6.247774550814562	6.170892626285543
STM_MW41121_1-377	0.7286258251822321	0.23257630327526801	0.28451914677814194	0.564202992076572	0.070881396993005	0.43661535778625205	0.21760035982411696	0.05681092377436203	0.6167389197804419	0.8701951902361019	6.247774550814562	0.0	0.07688192452901899
SEN3945_1-377	0.6517439006532131	0.15569437874624903	0.20763722224912295	0.487321067547553	0.006000527536013989	0.35973343325723306	0.14071843529509798	0.020071000754656954	0.5398569952514229	0.7933132657070829	6.170892626285543	0.07688192452901899	0.0
