ETEC_1631_1-102	0.0	-1	0.4455004721392939	0.3302898953750234	0.1154099995293042	0.487508074156729	0.4258363551474531	0.4626919218710169	0.5221858949711221	0.6651020046494435	0.02551255721210366
b1597_1-102	-1	-1	-1	-1	-1	-1	-1	-1	-1	-1	-1
ENC_12360_1-99	0.4455004721392939	-1	0.0	0.7757903675143173	0.3300904726099897	0.042007602017435086	0.019664116991840785	0.017191449731722985	0.07668542283182822	0.2196015325101496	0.41998791492719023
NCTC13441_02286_1-102	0.3302898953750234	-1	0.7757903675143173	0.0	0.4456998949043276	0.8177979695317523	0.7561262505224765	0.7929818172460403	0.8524757903461455	0.9953919000244669	0.35580245258712706
ROD_14681_1-90	0.1154099995293042	-1	0.3300904726099897	0.4456998949043276	0.0	0.3720980746274248	0.3104263556181489	0.3472819223417127	0.4067758954418179	0.5496920051201393	0.08989744231720054
t1405_2-93	0.487508074156729	-1	0.042007602017435086	0.8177979695317523	0.3720980746274248	0.0	0.06167171900927587	0.0248161522857121	0.034677820814393134	0.17759393049271452	0.4619955169446253
SL1344_1415_4-94	0.4258363551474531	-1	0.019664116991840785	0.7561262505224765	0.3104263556181489	0.06167171900927587	0.0	0.03685556672356377	0.096349539823669	0.2392656495019904	0.40032379793534945
STMMW_14851_4-94	0.4626919218710169	-1	0.017191449731722985	0.7929818172460403	0.3472819223417127	0.0248161522857121	0.03685556672356377	0.0	0.059493973100105235	0.20241008277842662	0.4371793646589132
SEN1564A_1-82	0.5221858949711221	-1	0.07668542283182822	0.8524757903461455	0.4067758954418179	0.034677820814393134	0.096349539823669	0.059493973100105235	0.0	0.14291610967832138	0.49667333775901845
STM_MW14851_4-94	0.6651020046494435	-1	0.2196015325101496	0.9953919000244669	0.5496920051201393	0.17759393049271452	0.2392656495019904	0.20241008277842662	0.14291610967832138	0.0	0.6395894474373398
CS17_01775_1-102	0.02551255721210366	-1	0.41998791492719023	0.35580245258712706	0.08989744231720054	0.4619955169446253	0.40032379793534945	0.4371793646589132	0.49667333775901845	0.6395894474373398	0.0
