CS17_00850_1-136	0.0	0.7771977053245609	0.3929181773676298	5.24685302158653	0.07035554063718985	0.6981042581630799	1.0214189661207589	0.08121599464792983	1.4253308178550728	0.8231545001278299	0.2848706851830798	0.07879722695832991	1.3977080648679148
SEN0760_1-136	0.7771977053245609	0.0	0.3842795279569311	6.024050726911091	0.706842164687371	0.07909344716148103	0.244221260796198	0.6959817106766311	0.648133112530512	0.045956794803268974	0.4923270201414811	0.698400478366231	0.620510359543354
SL1344_0790_1-136	0.3929181773676298	0.3842795279569311	0.0	5.6397711989541595	0.32256263673043994	0.30518608079545007	0.6285007887531291	0.31170218271969996	1.032412640487443	0.4302363227602001	0.10804749218455001	0.3141209504092999	1.004789887500285
b0791_1-136	5.24685302158653	6.024050726911091	5.6397711989541595	0.0	5.31720856222372	5.94495727974961	6.268271987707289	5.32806901623446	6.672183839441603	6.07000752171436	5.5317237067696094	5.32565024854486	6.644561086454445
ERS227112_03254_1-131	0.07035554063718985	0.706842164687371	0.32256263673043994	5.31720856222372	0.0	0.62774871752589	0.951063425483569	0.010860454010739984	1.354975277217883	0.75279895949064	0.21451514454588994	0.008441686321140063	1.327352524230725
STMMW_08661_1-136	0.6981042581630799	0.07909344716148103	0.30518608079545007	5.94495727974961	0.62774871752589	0.0	0.323314707957679	0.61688826351515	0.727226559691993	0.12505024196475	0.4132335729800001	0.61930703120475	0.699603806704835
NCTC13441_03203_1-136	1.0214189661207589	0.244221260796198	0.6285007887531291	6.268271987707289	0.951063425483569	0.323314707957679	0.0	0.940202971472829	0.403911851734314	0.19826446599292902	0.7365482809376791	0.942621739162429	0.376289098747156
BN373_13821_1-131	0.08121599464792983	0.6959817106766311	0.31170218271969996	5.32806901623446	0.010860454010739984	0.61688826351515	0.940202971472829	0.0	1.3441148232071432	0.7419385054799	0.20365469053514995	0.002418767689599921	1.3164920702199852
STM_MW08661_1-136	1.4253308178550728	0.648133112530512	1.032412640487443	6.672183839441603	1.354975277217883	0.727226559691993	0.403911851734314	1.3441148232071432	0.0	0.602176317727243	1.140460132671993	1.346533590896743	0.027622752987157995
ROD_07911_1-136	0.8231545001278299	0.045956794803268974	0.4302363227602001	6.07000752171436	0.75279895949064	0.12505024196475	0.19826446599292902	0.7419385054799	0.602176317727243	0.0	0.5382838149447501	0.7443572731695	0.574553564740085
ETEC_0858_1-136	0.2848706851830798	0.4923270201414811	0.10804749218455001	5.5317237067696094	0.21451514454588994	0.4132335729800001	0.7365482809376791	0.20365469053514995	1.140460132671993	0.5382838149447501	0.0	0.20607345822474987	1.112837379684835
ENC_19470_1-118	0.07879722695832991	0.698400478366231	0.3141209504092999	5.32565024854486	0.008441686321140063	0.61930703120475	0.942621739162429	0.002418767689599921	1.346533590896743	0.7443572731695	0.20607345822474987	0.0	1.318910837909585
t2074_1-136	1.3977080648679148	0.620510359543354	1.004789887500285	6.644561086454445	1.327352524230725	0.699603806704835	0.376289098747156	1.3164920702199852	0.027622752987157995	0.574553564740085	1.112837379684835	1.318910837909585	0.0
