STM_MW10881_1-684	0.0	0.32924795133125295	0.04790340827969797	0.205658407104512	0.24266586198837803	0.06202494471553499	0.19550165439544198	0.39748136443206816	-1	0.19459871406527796	0.4177460050355919	0.2298896535318281	0.21261876513120292
NCTC13441_02934_1-684	0.32924795133125295	0.0	0.3771513596109509	0.12358954422674095	0.571913813319631	0.26722300661571796	0.13374629693581097	0.7267293157633211	-1	0.5238466653965309	0.08849805370433894	0.5591376048630811	0.11662918620005003
BN373_16041_1-684	0.04790340827969797	0.3771513596109509	0.0	0.25356181538420997	0.19476245370868006	0.10992835299523296	0.24340506267513995	0.3495779561523702	-1	0.14669530578558	0.46564941331528986	0.18198624525213014	0.2605221734109009
ERS227112_03475_1-684	0.205658407104512	0.12358954422674095	0.25356181538420997	0.0	0.44832426909289	0.143633462388977	0.010156752709070016	0.6031397715365802	-1	0.40025712116978995	0.2120875979310799	0.4355480606363401	0.006960358026690927
SL1344_1015_1-684	0.24266586198837803	0.571913813319631	0.19476245370868006	0.44832426909289	0.0	0.304690806703913	0.43816751638382	0.15481550244369013	-1	0.04806714792310007	0.6604118670239699	0.01277620845654992	0.45528462711958095
ETEC_1032_1-684	0.06202494471553499	0.26722300661571796	0.10992835299523296	0.143633462388977	0.304690806703913	0.0	0.133476709679907	0.45950630914760315	-1	0.25662365878081295	0.3557210603200569	0.2919145982473631	0.15059382041566793
SEN0940_1-684	0.19550165439544198	0.13374629693581097	0.24340506267513995	0.010156752709070016	0.43816751638382	0.133476709679907	0.0	0.5929830188275101	-1	0.39010036846071994	0.2222443506401499	0.4253913079272701	0.017117110735760943
CS17_01025_1-684	0.39748136443206816	0.7267293157633211	0.3495779561523702	0.6031397715365802	0.15481550244369013	0.45950630914760315	0.5929830188275101	0.0	-1	0.2028826503667902	0.8152273694676601	0.16759171090024005	0.6101001295632711
b0962_1-684	-1	-1	-1	-1	-1	-1	-1	-1	-1	-1	-1	-1	-1
STMMW_10881_1-684	0.19459871406527796	0.5238466653965309	0.14669530578558	0.40025712116978995	0.04806714792310007	0.25662365878081295	0.39010036846071994	0.2028826503667902	-1	0.0	0.6123447191008698	0.03529093946655015	0.4072174791964809
t1845_1-684	0.4177460050355919	0.08849805370433894	0.46564941331528986	0.2120875979310799	0.6604118670239699	0.3557210603200569	0.2222443506401499	0.8152273694676601	-1	0.6123447191008698	0.0	0.64763565856742	0.20512723990438897
ENC_16660_9-692	0.2298896535318281	0.5591376048630811	0.18198624525213014	0.4355480606363401	0.01277620845654992	0.2919145982473631	0.4253913079272701	0.16759171090024005	-1	0.03529093946655015	0.64763565856742	0.0	0.44250841866303103
ROD_10241_1-684	0.21261876513120292	0.11662918620005003	0.2605221734109009	0.006960358026690927	0.45528462711958095	0.15059382041566793	0.017117110735760943	0.6101001295632711	-1	0.4072174791964809	0.20512723990438897	0.44250841866303103	0.0
