STM_MW26761_1-857	0.0	0.7214338287498551	0.26677716568703513	1.2359668039866052	-1	0.487744790804555	0.742828939162585	0.09057238234419607	0.15342143751205906	0.3966483750841251	0.18987199440661706	0.075894949570259	0.48260849663192495	0.499201281491115	0.16478005667443696	0.3605984169227451	0.5020928763205151	0.34649842962228494	1.465450863407705	-1	0.13834321636431202	0.090565937788326	0.19569394684418095	0.08717398268772603	0.5661057059827451	0.3426363394580051	0.15821532072712896	0.2772934875953	0.009928774297147003	0.5245476406610751	0.22044422223882898	0.32439017335426795	0.10640301555556608	0.10925505367507304	0.22825357383094402	0.33956034223740506	0.3499444771390251
BN373_35691_1-857	0.7214338287498551	0.0	0.45465666306281993	0.51453297523675	-1	0.23368903794530005	0.0213951104127299	0.630861446405659	0.568012391237796	0.32478545366573	0.531561834343238	0.6455388791795961	0.2388253321179301	0.2222325472587401	0.886213885424292	0.36083541182711	0.21934095242933993	0.3749353991275701	0.7440170346578501	-1	0.583090612385543	0.8119997665381811	0.917127775594036	0.634259846062129	0.15532812276710994	0.37879748929185	0.879649149476984	0.9987273163451551	0.7313626030470021	0.19688618808878	0.5009896065110261	1.045824002104123	0.615030813194289	0.612178775074782	0.9496874025807991	0.38187348651245	0.37148935161082997
ENC_08960_2-881	0.26677716568703513	0.45465666306281993	0.0	0.9691896382995699	-1	0.22096762511751988	0.47605177347554983	0.17620478334283907	0.11335572817497608	0.12987120939708996	0.07690517128041807	0.19088221611677614	0.21583133094488982	0.23242411580407984	0.4315572223614721	0.09382125123570995	0.23531571063348	0.07972126393524981	1.19867369772067	-1	0.12843394932272312	0.35734310347536113	0.4624711125312161	0.1796031829993091	0.29932854029571	0.07585917377096996	0.4249924864141641	0.5440706532823352	0.27670593998418214	0.25777047497403993	0.046332943448206154	0.591167339041303	0.16037415013146905	0.1575221120119621	0.49503073951797916	0.07278317655036992	0.08316731145198997
CS17_00943_1-758	1.2359668039866052	0.51453297523675	0.9691896382995699	0.0	-1	0.7482220131820501	0.4931378648240201	1.145394421642409	1.082545366474546	0.83931842890248	1.046094809579988	1.160071854416346	0.7533583073546801	0.7367655224954901	1.400746860661042	0.87536838706386	0.7338739276660899	0.8894683743643201	0.22948405942110006	-1	1.097623587622293	1.326532741774931	1.431660750830786	1.148792821298879	0.66986109800386	0.8933304645286	1.394182124713734	1.5132602915819051	1.245895578283752	0.71141916332553	1.015522581747776	1.560356977340873	1.129563788431039	1.126711750311532	1.464220377817549	0.8964064617492	0.88602232684758
b2592_1-857	-1	-1	-1	-1	-1	-1	-1	-1	-1	-1	-1	-1	-1	-1	-1	-1	-1	-1	-1	-1	-1	-1	-1	-1	-1	-1	-1	-1	-1	-1	-1	-1	-1	-1	-1	-1	-1
SEN2583_1-857	0.487744790804555	0.23368903794530005	0.22096762511751988	0.7482220131820501	-1	0.0	0.25508414835802995	0.39717240846035895	0.33432335329249596	0.09109641572042992	0.29787279639793796	0.411849841234296	0.005136294172630063	0.011456490686559961	0.652524847478992	0.12714637388180994	0.014348085515960118	0.14124636118227007	0.9777060726031501	-1	0.349401574440243	0.578310728592881	0.683438737648736	0.400570808116829	0.0783609151781901	0.14510845134654993	0.645960111531684	0.765038278399855	0.497673565101702	0.03680284985652005	0.26730056856572604	0.8121349641588229	0.38134177524898893	0.378489737129482	0.715998364635499	0.14818444856714996	0.13780031366552992
ETEC_2801_1-857	0.742828939162585	0.0213951104127299	0.47605177347554983	0.4931378648240201	-1	0.25508414835802995	0.0	0.6522565568183889	0.5894075016505259	0.3461805640784599	0.5529569447559679	0.666933989592326	0.26022044253066	0.24362765767147	0.9076089958370219	0.3822305222398399	0.24073606284206983	0.3963305095403	0.7226219242451202	-1	0.604485722798273	0.833394876950911	0.9385228860067659	0.6556549564748589	0.17672323317983984	0.4001925997045799	0.9010442598897139	1.020122426757885	0.752757713459732	0.2182812985015099	0.522384716923756	1.0672191125168529	0.6364259236070189	0.6335738854875119	0.971082512993529	0.4032685969251799	0.39288446202355987
BN373_15311_1-759	0.09057238234419607	0.630861446405659	0.17620478334283907	1.145394421642409	-1	0.39717240846035895	0.6522565568183889	0.0	0.06284905516786299	0.306075992739929	0.099299612062421	0.014677432773937071	0.3920361142877289	0.4086288991469189	0.255352439018633	0.270026034578549	0.41152049397631907	0.2559260472780889	1.374878481063509	-1	0.04777083402011595	0.18113832013252207	0.286266329188377	0.0033983996564700414	0.47553332363854905	0.252063957113809	0.24878770307132503	0.36786586993949605	0.10050115664134307	0.433975258316879	0.1298718398946329	0.414962555698464	0.015830633211370015	0.018682671330876977	0.3188259561751401	0.248987959893209	0.25937209479482903
ENC_07370_2-875	0.15342143751205906	0.568012391237796	0.11335572817497608	1.082545366474546	-1	0.33432335329249596	0.5894075016505259	0.06284905516786299	0.0	0.24322693757206604	0.036450556894558006	0.07752648794180006	0.3291870591198659	0.3457798439790559	0.318201494186496	0.20717697941068602	0.3486714388084561	0.1930769921102259	1.3120294258956462	-1	0.01507822114774704	0.24398737530038506	0.34911538435624	0.06624745482433303	0.41268426847068607	0.18921490194594603	0.311636758239188	0.43071492510735904	0.16335021180920606	0.371126203149016	0.06702278472676992	0.477811610866327	0.04701842195649297	0.04416638383698601	0.3816750113430031	0.186138904725346	0.19652303962696605
BN373_19551_2-835	0.3966483750841251	0.32478545366573	0.12987120939708996	0.83931842890248	-1	0.09109641572042992	0.3461805640784599	0.306075992739929	0.24322693757206604	0.0	0.20677638067750803	0.3207534255138661	0.08596012154779986	0.10255290640698989	0.561428431758562	0.036049958161380014	0.10544450123639004	0.05014994546184015	1.06880248832358	-1	0.2583051587198131	0.4872143128724511	0.592342321928306	0.30947439239639907	0.16945733089862003	0.05401203562612	0.554863695811254	0.6739418626794251	0.4065771493812721	0.12789926557694997	0.1762041528452961	0.721038548438393	0.290245359528559	0.28739332140905205	0.6249019489150691	0.05708803284672004	0.04670389794509999
ERS227112_01729_1-857	0.18987199440661706	0.531561834343238	0.07690517128041807	1.046094809579988	-1	0.29787279639793796	0.5529569447559679	0.099299612062421	0.036450556894558006	0.20677638067750803	0.0	0.11397704483635807	0.2927365022253079	0.3093292870844979	0.354652051081054	0.17072642251612802	0.3122208819138981	0.15662643521566788	1.275578869001088	-1	0.051528778042305046	0.28043793219494306	0.385565941250798	0.10269801171889104	0.37623371157612806	0.15276434505138803	0.348087315133746	0.46716548200191704	0.19980076870376406	0.334675646254458	0.030572227832211918	0.514262167760885	0.08346897885105098	0.08061694073154402	0.4181255682375611	0.149688347830788	0.16007248273240804
t2616_1-857	0.075894949570259	0.6455388791795961	0.19088221611677614	1.160071854416346	-1	0.411849841234296	0.666933989592326	0.014677432773937071	0.07752648794180006	0.3207534255138661	0.11397704483635807	0.0	0.40671354706166596	0.423306331920856	0.24067500624469595	0.2847034673524861	0.42619792675025614	0.27060348005202595	1.3895559138374463	-1	0.06244826679405302	0.166460887358585	0.27158889641443995	0.01127903311746703	0.4902107564124861	0.2667413898877461	0.23411027029738796	0.353188437165559	0.085823723867406	0.44865269109081607	0.14454927266856998	0.40028512292452695	0.030508065985307087	0.03336010410481405	0.304148523401203	0.26366539266714606	0.2740495275687661
SL1344_0884_1-758	0.48260849663192495	0.2388253321179301	0.21583133094488982	0.7533583073546801	-1	0.005136294172630063	0.26022044253066	0.3920361142877289	0.3291870591198659	0.08596012154779986	0.2927365022253079	0.40671354706166596	0.0	0.016592784859190024	0.6473885533063619	0.12201007970917987	0.01948437968859018	0.13611006700964	0.9828423667757802	-1	0.34426528026761294	0.573174434420251	0.6783024434761059	0.39543451394419893	0.08349720935082017	0.13997215717391986	0.6408238173590539	0.759901984227225	0.49253727092907196	0.04193914402915011	0.262164274393096	0.8069986699861929	0.37620548107635887	0.3733534429568519	0.710862070462869	0.1430481543945199	0.13266401949289985
SL1344_2620_1-857	0.499201281491115	0.2222325472587401	0.23242411580407984	0.7367655224954901	-1	0.011456490686559961	0.24362765767147	0.4086288991469189	0.3457798439790559	0.10255290640698989	0.3093292870844979	0.423306331920856	0.016592784859190024	0.0	0.6639813381655519	0.1386028645683699	0.002891594829400157	0.15270285186883004	0.9662495819165902	-1	0.36085806512680296	0.589767219279441	0.6948952283352959	0.41202729880338895	0.06690442449163014	0.1565649420331099	0.6574166022182439	0.776494769086415	0.509130055788262	0.025346359169960087	0.278757059252286	0.8235914548453829	0.3927982659355489	0.38994622781604193	0.727454855322059	0.15964093925370992	0.14925680435208988
NCTC13441_03112_1-758	0.16478005667443696	0.886213885424292	0.4315572223614721	1.400746860661042	-1	0.652524847478992	0.9076089958370219	0.255352439018633	0.318201494186496	0.561428431758562	0.354652051081054	0.24067500624469595	0.6473885533063619	0.6639813381655519	0.0	0.525378473597182	0.6668729329949521	0.5112784862967219	1.630230920082142	-1	0.303123273038749	0.07421411888611096	0.030913890169743996	0.251954039362163	0.7308857626571821	0.507416396132442	0.006564735947307998	0.11251343092086302	0.15485128237728996	0.689327697335512	0.38522427891326594	0.159610116679831	0.27118307223000304	0.27403511034951	0.06347351715650706	0.504340398911842	0.5147245338134621
STMMW_09581_1-758	0.3605984169227451	0.36083541182711	0.09382125123570995	0.87536838706386	-1	0.12714637388180994	0.3822305222398399	0.270026034578549	0.20717697941068602	0.036049958161380014	0.17072642251612802	0.2847034673524861	0.12201007970917987	0.1386028645683699	0.525378473597182	0.0	0.14149445939777006	0.014099987300460137	1.10485244648496	-1	0.22225520055843306	0.4511643547110711	0.556292363766926	0.27342443423501905	0.20550728906000004	0.01796207746473999	0.518813737649874	0.6378919045180451	0.3705271912198921	0.16394922373832999	0.1401541946839161	0.684988590277013	0.254195401367179	0.25134336324767204	0.5888519907536891	0.021038074685340025	0.010653939783719979
STMMW_26761_1-857	0.5020928763205151	0.21934095242933993	0.23531571063348	0.7338739276660899	-1	0.014348085515960118	0.24073606284206983	0.41152049397631907	0.3486714388084561	0.10544450123639004	0.3122208819138981	0.42619792675025614	0.01948437968859018	0.002891594829400157	0.6668729329949521	0.14149445939777006	0.0	0.1555944466982302	0.96335798708719	-1	0.3637496599562031	0.5926588141088411	0.6977868231646961	0.4149188936327891	0.06401282966222999	0.15945653686251005	0.6603081970476441	0.7793863639158152	0.5120216506176621	0.02245476434055993	0.28164865408168616	0.826483049674783	0.39568986076494905	0.3928378226454421	0.7303464501514592	0.16253253408311008	0.15214839918149003
ENC_18030_1-759	0.34649842962228494	0.3749353991275701	0.07972126393524981	0.8894683743643201	-1	0.14124636118227007	0.3963305095403	0.2559260472780889	0.1930769921102259	0.05014994546184015	0.15662643521566788	0.27060348005202595	0.13611006700964	0.15270285186883004	0.5112784862967219	0.014099987300460137	0.1555944466982302	0.0	1.1189524337854202	-1	0.20815521325797293	0.43706436741061094	0.5421923764664659	0.2593244469345589	0.21960727636046018	0.003862090164279852	0.5047137503494139	0.623791917217585	0.35642720391943195	0.17804921103879012	0.12605420738345596	0.6708886029765528	0.24009541406671886	0.2372433759472119	0.574752003453229	0.006938087384879887	0.0034460475167401583
CS17_02880_1-857	1.465450863407705	0.7440170346578501	1.19867369772067	0.22948405942110006	-1	0.9777060726031501	0.7226219242451202	1.374878481063509	1.3120294258956462	1.06880248832358	1.275578869001088	1.3895559138374463	0.9828423667757802	0.9662495819165902	1.630230920082142	1.10485244648496	0.96335798708719	1.1189524337854202	0.0	-1	1.3271076470433931	1.5560168011960311	1.6611448102518862	1.3782768807199792	0.89934515742496	1.1228145239497	1.623666184134834	1.7427443510030052	1.4753796377048523	0.9409032227466301	1.2450066411688763	1.789841036761973	1.359047847852139	1.356195809732632	1.6937044372386492	1.1258905211703	1.11550638626868
b0882_1-758	-1	-1	-1	-1	-1	-1	-1	-1	-1	-1	-1	-1	-1	-1	-1	-1	-1	-1	-1	-1	-1	-1	-1	-1	-1	-1	-1	-1	-1	-1	-1	-1	-1	-1	-1	-1	-1
SEN0853_1-758	0.13834321636431202	0.583090612385543	0.12843394932272312	1.097623587622293	-1	0.349401574440243	0.604485722798273	0.04777083402011595	0.01507822114774704	0.2583051587198131	0.051528778042305046	0.06244826679405302	0.34426528026761294	0.36085806512680296	0.303123273038749	0.22225520055843306	0.3637496599562031	0.20815521325797293	1.3271076470433931	-1	0.0	0.22890915415263802	0.33403716320849297	0.05116923367658599	0.4277624896184331	0.20429312309369307	0.296558537091441	0.415636703959612	0.14827199066145902	0.38620442429676305	0.08210100587451696	0.46273338971857997	0.03194020080874593	0.029088162689238972	0.36659679019525604	0.20121712587309304	0.21160126077471308
ERS227112_03402_1-759	0.090565937788326	0.8119997665381811	0.35734310347536113	1.326532741774931	-1	0.578310728592881	0.833394876950911	0.18113832013252207	0.24398737530038506	0.4872143128724511	0.28043793219494306	0.166460887358585	0.573174434420251	0.589767219279441	0.07421411888611096	0.4511643547110711	0.5926588141088411	0.43706436741061094	1.5560168011960311	-1	0.22890915415263802	0.0	0.10512800905585495	0.17773992047605203	0.6566716437710711	0.4332022772463311	0.06764938293880296	0.18672754980697398	0.080637163491179	0.6151135784494011	0.311010160027155	0.23382423556594195	0.19696895334389208	0.19982099146339904	0.13768763604261802	0.43012628002573106	0.4405104149273511
STM_MW02711_1-880	0.19569394684418095	0.917127775594036	0.4624711125312161	1.431660750830786	-1	0.683438737648736	0.9385228860067659	0.286266329188377	0.34911538435624	0.592342321928306	0.385565941250798	0.27158889641443995	0.6783024434761059	0.6948952283352959	0.030913890169743996	0.556292363766926	0.6977868231646961	0.5421923764664659	1.6611448102518862	-1	0.33403716320849297	0.10512800905585495	0.0	0.282867929531907	0.7617996528269261	0.538330286302186	0.037478626117051994	0.08159954075111903	0.18576517254703395	0.720241587505256	0.41613816908300993	0.128696226510087	0.30209696239974704	0.304949000519254	0.03255962698676307	0.535254289081586	0.5456384239832061
STMMW_02711_1-879	0.08717398268772603	0.634259846062129	0.1796031829993091	1.148792821298879	-1	0.400570808116829	0.6556549564748589	0.0033983996564700414	0.06624745482433303	0.30947439239639907	0.10269801171889104	0.01127903311746703	0.39543451394419893	0.41202729880338895	0.251954039362163	0.27342443423501905	0.4149188936327891	0.2593244469345589	1.3782768807199792	-1	0.05116923367658599	0.17773992047605203	0.282867929531907	0.0	0.4789317232950191	0.25546235677027906	0.245389303414855	0.364467470283026	0.09710275698487303	0.43737365797334904	0.13327023955110295	0.411564156041994	0.019229032867840057	0.022081070987347018	0.31542755651867005	0.25238635954967903	0.2627704944512991
ROD_27811_1-900	0.5661057059827451	0.15532812276710994	0.29932854029571	0.66986109800386	-1	0.0783609151781901	0.17672323317983984	0.47553332363854905	0.41268426847068607	0.16945733089862003	0.37623371157612806	0.4902107564124861	0.08349720935082017	0.06690442449163014	0.7308857626571821	0.20550728906000004	0.06401282966222999	0.21960727636046018	0.89934515742496	-1	0.4277624896184331	0.6566716437710711	0.7617996528269261	0.4789317232950191	0.0	0.22346936652474003	0.7243210267098741	0.8433991935780452	0.5760344802798921	0.04155806532167006	0.34566148374391614	0.890495879337013	0.45970269042717904	0.4568506523076721	0.7943592798136891	0.22654536374534007	0.21616122884372002
ROD_25341_1-857	0.3426363394580051	0.37879748929185	0.07585917377096996	0.8933304645286	-1	0.14510845134654993	0.4001925997045799	0.252063957113809	0.18921490194594603	0.05401203562612	0.15276434505138803	0.2667413898877461	0.13997215717391986	0.1565649420331099	0.507416396132442	0.01796207746473999	0.15945653686251005	0.003862090164279852	1.1228145239497	-1	0.20429312309369307	0.4332022772463311	0.538330286302186	0.25546235677027906	0.22346936652474003	0.0	0.500851660185134	0.6199298270533051	0.3525651137551521	0.18191130120306997	0.12219211721917611	0.667026512812273	0.236233323902439	0.23338128578293205	0.5708899132889491	0.0030759972206000352	0.0073081376810200105
STM_MW09581_1-758	0.15821532072712896	0.879649149476984	0.4249924864141641	1.394182124713734	-1	0.645960111531684	0.9010442598897139	0.24878770307132503	0.311636758239188	0.554863695811254	0.348087315133746	0.23411027029738796	0.6408238173590539	0.6574166022182439	0.006564735947307998	0.518813737649874	0.6603081970476441	0.5047137503494139	1.623666184134834	-1	0.296558537091441	0.06764938293880296	0.037478626117051994	0.245389303414855	0.7243210267098741	0.500851660185134	0.0	0.11907816686817102	0.14828654642998196	0.682762961388204	0.37865954296595794	0.166174852627139	0.26461833628269504	0.267470374402202	0.07003825310381506	0.497775662964534	0.5081597978661541
ERS227112_05280_2-884	0.2772934875953	0.9987273163451551	0.5440706532823352	1.5132602915819051	-1	0.765038278399855	1.020122426757885	0.36786586993949605	0.43071492510735904	0.6739418626794251	0.46716548200191704	0.353188437165559	0.759901984227225	0.776494769086415	0.11251343092086302	0.6378919045180451	0.7793863639158152	0.623791917217585	1.7427443510030052	-1	0.415636703959612	0.18672754980697398	0.08159954075111903	0.364467470283026	0.8433991935780452	0.6199298270533051	0.11907816686817102	0.0	0.267364713298153	0.8018411282563751	0.49773770983412896	0.04709668575896797	0.38369650315086606	0.386548541270373	0.04903991376435596	0.6168538298327051	0.6272379647343251
ROD_08931_1-758	0.009928774297147003	0.7313626030470021	0.27670593998418214	1.245895578283752	-1	0.497673565101702	0.752757713459732	0.10050115664134307	0.16335021180920606	0.4065771493812721	0.19980076870376406	0.085823723867406	0.49253727092907196	0.509130055788262	0.15485128237728996	0.3705271912198921	0.5120216506176621	0.35642720391943195	1.4753796377048523	-1	0.14827199066145902	0.080637163491179	0.18576517254703395	0.09710275698487303	0.5760344802798921	0.3525651137551521	0.14828654642998196	0.267364713298153	0.0	0.5344764149582221	0.23037299653597598	0.31446139905712095	0.11633178985271309	0.11918382797222005	0.21832479953379702	0.34948911653455206	0.3598732514361721
NCTC13441_00951_1-879	0.5245476406610751	0.19688618808878	0.25777047497403993	0.71141916332553	-1	0.03680284985652005	0.2182812985015099	0.433975258316879	0.371126203149016	0.12789926557694997	0.334675646254458	0.44865269109081607	0.04193914402915011	0.025346359169960087	0.689327697335512	0.16394922373832999	0.02245476434055993	0.17804921103879012	0.9409032227466301	-1	0.38620442429676305	0.6151135784494011	0.720241587505256	0.43737365797334904	0.04155806532167006	0.18191130120306997	0.682762961388204	0.8018411282563751	0.5344764149582221	0.0	0.3041034184222461	0.848937814015343	0.418144625105509	0.415292586986002	0.7528012144920191	0.18498729842367	0.17460316352204996
NCTC13441_01148_1-857	0.22044422223882898	0.5009896065110261	0.046332943448206154	1.015522581747776	-1	0.26730056856572604	0.522384716923756	0.1298718398946329	0.06702278472676992	0.1762041528452961	0.030572227832211918	0.14454927266856998	0.262164274393096	0.278757059252286	0.38522427891326594	0.1401541946839161	0.28164865408168616	0.12605420738345596	1.2450066411688763	-1	0.08210100587451696	0.311010160027155	0.41613816908300993	0.13327023955110295	0.34566148374391614	0.12219211721917611	0.37865954296595794	0.49773770983412896	0.23037299653597598	0.3041034184222461	0.0	0.544834395593097	0.1140412066832629	0.11118916856375594	0.448697796069773	0.11911611999857608	0.12950025490019612
ERS227112_00173_101-921	0.32439017335426795	1.045824002104123	0.591167339041303	1.560356977340873	-1	0.8121349641588229	1.0672191125168529	0.414962555698464	0.477811610866327	0.721038548438393	0.514262167760885	0.40028512292452695	0.8069986699861929	0.8235914548453829	0.159610116679831	0.684988590277013	0.826483049674783	0.6708886029765528	1.789841036761973	-1	0.46273338971857997	0.23382423556594195	0.128696226510087	0.411564156041994	0.890495879337013	0.667026512812273	0.166174852627139	0.04709668575896797	0.31446139905712095	0.848937814015343	0.544834395593097	0.0	0.43079318890983404	0.433645227029341	0.09613659952332393	0.663950515591673	0.674334650493293
SL1344_0266_1-879	0.10640301555556608	0.615030813194289	0.16037415013146905	1.129563788431039	-1	0.38134177524898893	0.6364259236070189	0.015830633211370015	0.04701842195649297	0.290245359528559	0.08346897885105098	0.030508065985307087	0.37620548107635887	0.3927982659355489	0.27118307223000304	0.254195401367179	0.39568986076494905	0.24009541406671886	1.359047847852139	-1	0.03194020080874593	0.19696895334389208	0.30209696239974704	0.019229032867840057	0.45970269042717904	0.236233323902439	0.26461833628269504	0.38369650315086606	0.11633178985271309	0.418144625105509	0.1140412066832629	0.43079318890983404	0.0	0.002852038119506961	0.3346565893865101	0.23315732668183897	0.24354146158345902
ROD_34231_1-835	0.10925505367507304	0.612178775074782	0.1575221120119621	1.126711750311532	-1	0.378489737129482	0.6335738854875119	0.018682671330876977	0.04416638383698601	0.28739332140905205	0.08061694073154402	0.03336010410481405	0.3733534429568519	0.38994622781604193	0.27403511034951	0.25134336324767204	0.3928378226454421	0.2372433759472119	1.356195809732632	-1	0.029088162689238972	0.19982099146339904	0.304949000519254	0.022081070987347018	0.4568506523076721	0.23338128578293205	0.267470374402202	0.386548541270373	0.11918382797222005	0.415292586986002	0.11118916856375594	0.433645227029341	0.002852038119506961	0.0	0.33750862750601707	0.230305288562332	0.24068942346395206
t1988_1-758	0.22825357383094402	0.9496874025807991	0.49503073951797916	1.464220377817549	-1	0.715998364635499	0.971082512993529	0.3188259561751401	0.3816750113430031	0.6249019489150691	0.4181255682375611	0.304148523401203	0.710862070462869	0.727454855322059	0.06347351715650706	0.5888519907536891	0.7303464501514592	0.574752003453229	1.6937044372386492	-1	0.36659679019525604	0.13768763604261802	0.03255962698676307	0.31542755651867005	0.7943592798136891	0.5708899132889491	0.07003825310381506	0.04903991376435596	0.21832479953379702	0.7528012144920191	0.448697796069773	0.09613659952332393	0.3346565893865101	0.33750862750601707	0.0	0.5678139160683491	0.5781980509699691
ETEC_0951_1-758	0.33956034223740506	0.38187348651245	0.07278317655036992	0.8964064617492	-1	0.14818444856714996	0.4032685969251799	0.248987959893209	0.186138904725346	0.05708803284672004	0.149688347830788	0.26366539266714606	0.1430481543945199	0.15964093925370992	0.504340398911842	0.021038074685340025	0.16253253408311008	0.006938087384879887	1.1258905211703	-1	0.20121712587309304	0.43012628002573106	0.535254289081586	0.25238635954967903	0.22654536374534007	0.0030759972206000352	0.497775662964534	0.6168538298327051	0.34948911653455206	0.18498729842367	0.11911611999857608	0.663950515591673	0.23315732668183897	0.230305288562332	0.5678139160683491	0.0	0.010384134901620046
t2591_1-886	0.3499444771390251	0.37148935161082997	0.08316731145198997	0.88602232684758	-1	0.13780031366552992	0.39288446202355987	0.25937209479482903	0.19652303962696605	0.04670389794509999	0.16007248273240804	0.2740495275687661	0.13266401949289985	0.14925680435208988	0.5147245338134621	0.010653939783719979	0.15214839918149003	0.0034460475167401583	1.11550638626868	-1	0.21160126077471308	0.4405104149273511	0.5456384239832061	0.2627704944512991	0.21616122884372002	0.0073081376810200105	0.5081597978661541	0.6272379647343251	0.3598732514361721	0.17460316352204996	0.12950025490019612	0.674334650493293	0.24354146158345902	0.24068942346395206	0.5781980509699691	0.010384134901620046	0.0
