t1066_6-153	0.0	1.41912537075747	-1	0.36939433595200805	1.2439914488127	0.068525126290094	0.65674430400862	0.30912478007389005	1.59414820705005	0.34488725543949	0.44738599723884603	0.017812725432319987	0.13303103234168007
ETEC_1285_1-148	1.41912537075747	0.0	-1	1.049731034805462	0.17513392194477007	1.4876504970475641	0.76238106674885	1.1100005906835801	0.17502283629257986	1.07423811531798	0.971739373518624	1.40131264532515	1.28609433841579
b1181_6-153	-1	-1	-1	-1	-1	-1	-1	-1	-1	-1	-1	-1	-1
BN373_28981_1-148	0.36939433595200805	1.049731034805462	-1	0.0	0.874597112860692	0.43791946224210204	0.28734996805661206	0.060269555878118	1.224753871098042	0.024507080512518042	0.07799166128683799	0.35158161051968806	0.23636330361032798
NCTC13441_02699_1-148	1.2439914488127	0.17513392194477007	-1	0.874597112860692	0.0	1.312516575102794	0.5872471448040799	0.93486666873881	0.35015675823734993	0.89910419337321	0.796605451573854	1.22617872338038	1.1109604164710198
STM_MW18031_6-153	0.068525126290094	1.4876504970475641	-1	0.43791946224210204	1.312516575102794	0.0	0.7252694302987142	0.37764990636398404	1.662673333340144	0.413412381729584	0.51591112352894	0.08633785172241398	0.20155615863177406
ROD_18351_1-148	0.65674430400862	0.76238106674885	-1	0.28734996805661206	0.5872471448040799	0.7252694302987142	0.0	0.34761952393473006	0.9374039030414298	0.3118570485691301	0.20935830676977407	0.6389315785763001	0.52371327166694
ENC_06990_1-146	0.30912478007389005	1.1100005906835801	-1	0.060269555878118	0.93486666873881	0.37764990636398404	0.34761952393473006	0.0	1.28502342697616	0.035762475365599955	0.13826121716495599	0.29131205464157006	0.17609374773220998
CS17_01356_1-148	1.59414820705005	0.17502283629257986	-1	1.224753871098042	0.35015675823734993	1.662673333340144	0.9374039030414298	1.28502342697616	0.0	1.24926095161056	1.1467622098112038	1.57633548161773	1.4611171747083698
ERS227112_04351_1-148	0.34488725543949	1.07423811531798	-1	0.024507080512518042	0.89910419337321	0.413412381729584	0.3118570485691301	0.035762475365599955	1.24926095161056	0.0	0.10249874179935603	0.32707453000717	0.21185622309780994
SEN1226_6-153	0.44738599723884603	0.971739373518624	-1	0.07799166128683799	0.796605451573854	0.51591112352894	0.20935830676977407	0.13826121716495599	1.1467622098112038	0.10249874179935603	0.0	0.42957327180652605	0.31435496489716597
SL1344_1739_6-153	0.017812725432319987	1.40131264532515	-1	0.35158161051968806	1.22617872338038	0.08633785172241398	0.6389315785763001	0.29131205464157006	1.57633548161773	0.32707453000717	0.42957327180652605	0.0	0.11521830690936008
STMMW_18031_6-153	0.13303103234168007	1.28609433841579	-1	0.23636330361032798	1.1109604164710198	0.20155615863177406	0.52371327166694	0.17609374773220998	1.4611171747083698	0.21185622309780994	0.31435496489716597	0.11521830690936008	0.0
