ETEC_0178_1-198	0.0	0.1008338017676955	0.7021387241966836	0.3360321849110727	0.42277301699647857	-1	0.03687207935746183	0.16167463557620693	0.2593224086718159	0.3534205981494845	0.1046359728934466	0.6118379910452026	0.14666656181520446	0.5831433467109429
ENC_47060_1-198	0.1008338017676955	0.0	0.732173209035308	0.40298258395787945	0.35804194581790577	-1	0.1339879291844643	0.06766361316530814	0.3340077460895762	0.4186176573827545	0.19491893171263436	0.6509778421099011	0.2327114165628762	0.6251765878542367
Ecoli9000q_42370_1-198	0.7021387241966836	0.732173209035308	0.0	0.5513919966686593	0.8280664344144717	-1	0.690735498972346	0.7502953374144488	0.5978529939468112	0.5393276139777495	0.667329413751543	0.23263671113675802	0.6509438603074963	0.28545874594264115
ROD_01861_1-198	0.3360321849110727	0.40298258395787945	0.5513919966686593	0.0	0.6167398612847784	-1	0.3106130547581157	0.4433789394499053	0.10356702718884835	0.02618863873105502	0.25843813802236726	0.41539032444997415	0.2219128122984203	0.37217340386713454
CS17_00193_1-198	0.42277301699647857	0.35804194581790577	0.8280664344144717	0.6167398612847784	0.0	-1	0.4440565761210527	0.3114523220942177	0.5724609085793171	0.6267769225976054	0.483171723943401	0.7759424146544365	0.5074329139805686	0.7593790916770126
b0183_1-198	-1	-1	-1	-1	-1	-1	-1	-1	-1	-1	-1	-1	-1	-1
SL1344_0231_1-198	0.03687207935746183	0.1339879291844643	0.690735498972346	0.3106130547581157	0.4440565761210527	-1	0.0	0.19258543494061414	0.2309665461322617	0.328667160412961	0.07035814462815798	0.5969777216137186	0.1139978190897993	0.5671845407503536
ERS227112_02538_1-198	0.16167463557620693	0.06766361316530814	0.7502953374144488	0.4433789394499053	0.3114523220942177	-1	0.19258543494061414	0.0	0.3790711883292628	0.45795608731474846	0.2493936256839437	0.6745939423874979	0.284628934458723	0.6505384942189685
SEN0237_1-198	0.2593224086718159	0.3340077460895762	0.5978529939468112	0.10356702718884835	0.5724609085793171	-1	0.2309665461322617	0.3790711883292628	0.0	0.12704338646040528	0.17276373753617502	0.4759366106125275	0.13201855431360113	0.43719553801870914
t0231_1-198	0.3534205981494845	0.4186176573827545	0.5393276139777495	0.02618863873105502	0.6267769225976054	-1	0.328667160412961	0.45795608731474846	0.12704338646040528	0.0	0.277858633722428	0.3996684585932145	0.24228985655839957	0.35528930848089196
STMMW_02361_1-198	0.1046359728934466	0.19491893171263436	0.667329413751543	0.25843813802236726	0.483171723943401	-1	0.07035814462815798	0.2493936256839437	0.17276373753617502	0.277858633722428	0.0	0.5664757604689831	0.04694245876460256	0.5344277403726331
STM_MW02361_1-198	0.6118379910452026	0.6509778421099011	0.23263671113675802	0.41539032444997415	0.7759424146544365	-1	0.5969777216137186	0.6745939423874979	0.4759366106125275	0.3996684585932145	0.5664757604689831	0.0	0.5451227016481475	0.06883575950594764
BN373_06881_1-198	0.14666656181520446	0.2327114165628762	0.6509438603074963	0.2219128122984203	0.5074329139805686	-1	0.1139978190897993	0.284628934458723	0.13201855431360113	0.24228985655839957	0.04694245876460256	0.5451227016481475	0.0	0.5114961694507232
NCTC13441_03793_1-198	0.5831433467109429	0.6251765878542367	0.28545874594264115	0.37217340386713454	0.7593790916770126	-1	0.5671845407503536	0.6505384942189685	0.43719553801870914	0.35528930848089196	0.5344277403726331	0.06883575950594764	0.5114961694507232	0.0
