ROD_00011_1-820	0.0	0.3265638949946449	0.1401926158085519	0.03470505891546982	0.021061536584239926	0.43662234751015006	0.3306574078194702	0.07968444455763013	0.43912628492125894	0.07666146969856014	0.015102239907060167	0.03923430698769992	0.03970186501539019	0.21534740443727884	0.11475057733441996	0.1841611768437501	0.23273184850304007	0.6371730564892949	0.08991038660135997	0.09714573578503982	0.36417441819319785	0.26356832083873005	0.2894753951025002	0.49518402881942003	5.8782775851565106	5.8782775851565106
SEN0001_1-820	0.3265638949946449	0.0	0.18637127918609298	0.29185883607917507	0.30550235841040496	0.7631862425047949	0.6572213028141151	0.406248339552275	0.11256238992661405	0.403225364693205	0.34166613490170505	0.28732958800694497	0.3662657600100351	0.11121649055736604	0.21181331766022493	0.510725071838395	0.559295743497685	0.31060916149465	0.23665350839328492	0.22941815920960507	0.03761052319855296	0.5901322158333749	0.6160392900971451	0.8217479238140649	6.204841480151155	6.204841480151155
ERS227112_02337_1-820	0.1401926158085519	0.18637127918609298	0.0	0.10548755689308209	0.11913107922431199	0.576814963318702	0.4708500236280221	0.21987706036618204	0.298933669112707	0.21685408550711205	0.15529485571561208	0.100958308820852	0.1798944808239421	0.07515478862872693	0.025442038474131956	0.324353792652302	0.372924464311592	0.496980440680743	0.05028222920719194	0.04304688002351209	0.22398180238464593	0.40376093664728196	0.4296680109110521	0.6353766446279719	6.018470200965062	6.018470200965062
ROD_38031_1-810	0.03470505891546982	0.29185883607917507	0.10548755689308209	0.0	0.013643522331229896	0.4713274064256199	0.36536246673494	0.11438950347309995	0.4044212260057891	0.11136652861402996	0.04980729882252999	0.0045292480722300965	0.07440692393086001	0.18064234552180902	0.08004551841895013	0.21886623575921993	0.2674369074185099	0.6024679975738251	0.05520532768589015	0.06244067686957	0.329469359277728	0.2982733797541999	0.32418045401797	0.5298890877348899	5.91298264407198	5.91298264407198
STM_MW40661_1-810	0.021061536584239926	0.30550235841040496	0.11913107922431199	0.013643522331229896	0.0	0.45768388409439	0.3517189444037101	0.10074598114187006	0.418064748337019	0.09772300628280006	0.03616377649130009	0.018172770403459992	0.06076340159963012	0.19428586785303892	0.09368904075018003	0.20522271342799003	0.25379338508728	0.616111519905055	0.06884885001712004	0.0760841992007999	0.3431128816089579	0.28462985742297	0.3105369316867401	0.51624556540366	5.89933912174075	5.89933912174075
ENC_01020_1-776	0.43662234751015006	0.7631862425047949	0.576814963318702	0.4713274064256199	0.45768388409439	0.0	0.10596493969067988	0.3569379029525199	0.875748632431409	0.3599608778115899	0.4215201076030899	0.47585665449785	0.39692048249475986	0.6519697519474289	0.55137292484457	0.25246117066639995	0.20389049900710998	1.073795403999445	0.52653273411151	0.5337680832951899	0.8007967657033479	0.17305402667142	0.14714695240764986	0.058561681309269975	5.44165523764636	5.44165523764636
BN373_48671_1-810	0.3306574078194702	0.6572213028141151	0.4708500236280221	0.36536246673494	0.3517189444037101	0.10596493969067988	0.0	0.25097296326184004	0.7697836927407291	0.25399593812091004	0.31555516791241	0.3698917148071701	0.29095554280408	0.546004812256749	0.44540798515389013	0.14649623097572007	0.0979255593164301	0.9678304643087651	0.42056779442083014	0.42780314360451	0.694831826012668	0.06708908698074012	0.04118201271696997	0.16452662099994986	5.5476201773370395	5.5476201773370395
ETEC_0002_1-820	0.07968444455763013	0.406248339552275	0.21987706036618204	0.11438950347309995	0.10074598114187006	0.3569379029525199	0.25097296326184004	0.0	0.5188107294788891	0.0030229748590699934	0.06458220465056996	0.11891875154533005	0.03998257954223994	0.295031848994909	0.1944350218920501	0.10447673228611998	0.15304740394540994	0.716857501046925	0.1695948311589901	0.17683018034266995	0.443858862750828	0.18388387628109992	0.20979095054487007	0.4154995842617899	5.79859314059888	5.79859314059888
STM_MW00011_1-820	0.43912628492125894	0.11256238992661405	0.298933669112707	0.4044212260057891	0.418064748337019	0.875748632431409	0.7697836927407291	0.5188107294788891	0.0	0.5157877546198191	0.4542285248283191	0.399891977933559	0.47882814993664913	0.2237788804839801	0.324375707586839	0.623287461765009	0.671858133424299	0.19804677156803596	0.34921589831989897	0.3419805491362191	0.07495186672806109	0.702694605759989	0.7286016800237591	0.934310313740679	6.317403870077769	6.317403870077769
ETEC_4209_1-810	0.07666146969856014	0.403225364693205	0.21685408550711205	0.11136652861402996	0.09772300628280006	0.3599608778115899	0.25399593812091004	0.0030229748590699934	0.5157877546198191	0.0	0.06155922979149997	0.11589577668626005	0.036959604683169944	0.292008874135839	0.1914120470329801	0.10749970714518997	0.15607037880447994	0.713834526187855	0.1665718562999201	0.17380720548359996	0.440835887891758	0.18690685114016992	0.21281392540394006	0.4185225591208599	5.80161611545795	5.80161611545795
NCTC13441_04560_1-810	0.015102239907060167	0.34166613490170505	0.15529485571561208	0.04980729882252999	0.03616377649130009	0.4215201076030899	0.31555516791241	0.06458220465056996	0.4542285248283191	0.06155922979149997	0.0	0.054336546894760085	0.024599625108330025	0.230449644344339	0.12985281724148012	0.16905893693668994	0.2176296085959799	0.6522752963963551	0.10501262650842014	0.11224797569209999	0.379276658100258	0.24846608093166989	0.27437315519544003	0.48008178891235986	5.86317534524945	5.86317534524945
ERS227112_00348_1-810	0.03923430698769992	0.28732958800694497	0.100958308820852	0.0045292480722300965	0.018172770403459992	0.47585665449785	0.3698917148071701	0.11891875154533005	0.399891977933559	0.11589577668626005	0.054336546894760085	0.0	0.07893617200309011	0.17611309744957893	0.07551627034672004	0.22339548383145003	0.27196615549074	0.597938749501595	0.05067607961366005	0.0579114287973399	0.32494011120549793	0.30280262782642997	0.3287097020902001	0.53441833580712	5.91751189214421	5.91751189214421
SL1344_0002_1-820	0.03970186501539019	0.3662657600100351	0.1798944808239421	0.07440692393086001	0.06076340159963012	0.39692048249475986	0.29095554280408	0.03998257954223994	0.47882814993664913	0.036959604683169944	0.024599625108330025	0.07893617200309011	0.0	0.25504926945266904	0.15445244234981015	0.14445931182835992	0.19302998348764988	0.6768749215046851	0.12961225161675016	0.13684760080043	0.40387628320858804	0.22386645582333986	0.24977353008711	0.45548216380402984	5.83857572014112	5.83857572014112
SEN3891_1-810	0.21534740443727884	0.11121649055736604	0.07515478862872693	0.18064234552180902	0.19428586785303892	0.6519697519474289	0.546004812256749	0.295031848994909	0.2237788804839801	0.292008874135839	0.230449644344339	0.17611309744957893	0.25504926945266904	0.0	0.10059682710285889	0.39950858128102895	0.4480792529403189	0.42182565205201605	0.12543701783591887	0.11820166865223902	0.148827013755919	0.4789157252760089	0.504822799539779	0.7105314332566989	6.093624989593789	6.093624989593789
STMMW_00011_1-820	0.11475057733441996	0.21181331766022493	0.025442038474131956	0.08004551841895013	0.09368904075018003	0.55137292484457	0.44540798515389013	0.1944350218920501	0.324375707586839	0.1914120470329801	0.12985281724148012	0.07551627034672004	0.15445244234981015	0.10059682710285889	0.0	0.29891175417817006	0.34748242583746003	0.5224224791548749	0.024840190733059986	0.017604841549380135	0.2494238408587779	0.37831889817315	0.40422597243692016	0.60993460615384	5.99302816249093	5.99302816249093
BN373_04841_1-820	0.1841611768437501	0.510725071838395	0.324353792652302	0.21886623575921993	0.20522271342799003	0.25246117066639995	0.14649623097572007	0.10447673228611998	0.623287461765009	0.10749970714518997	0.16905893693668994	0.22339548383145003	0.14445931182835992	0.39950858128102895	0.29891175417817006	0.0	0.048570671659289966	0.821334233333045	0.2740715634451101	0.28130691262878993	0.548335595036948	0.07940714399497995	0.10531421825875009	0.3110228519756699	5.69411640831276	5.69411640831276
STMMW_40661_1-810	0.23273184850304007	0.559295743497685	0.372924464311592	0.2674369074185099	0.25379338508728	0.20389049900710998	0.0979255593164301	0.15304740394540994	0.671858133424299	0.15607037880447994	0.2176296085959799	0.27196615549074	0.19302998348764988	0.4480792529403189	0.34748242583746003	0.048570671659289966	0.0	0.869904904992335	0.32264223510440004	0.3298775842880799	0.5969062666962379	0.03083647233568998	0.056743546599460126	0.26245218031637996	5.64554573665347	5.64554573665347
t3517_1-810	0.6371730564892949	0.31060916149465	0.496980440680743	0.6024679975738251	0.616111519905055	1.073795403999445	0.9678304643087651	0.716857501046925	0.19804677156803596	0.713834526187855	0.6522752963963551	0.597938749501595	0.6768749215046851	0.42182565205201605	0.5224224791548749	0.821334233333045	0.869904904992335	0.0	0.5472626698879349	0.5400273207042551	0.27299863829609705	0.900741377328025	0.9266484515917951	1.132357085308715	6.515450641645805	6.515450641645805
NCTC13441_03990_1-820	0.08991038660135997	0.23665350839328492	0.05028222920719194	0.05520532768589015	0.06884885001712004	0.52653273411151	0.42056779442083014	0.1695948311589901	0.34921589831989897	0.1665718562999201	0.10501262650842014	0.05067607961366005	0.12961225161675016	0.12543701783591887	0.024840190733059986	0.2740715634451101	0.32264223510440004	0.5472626698879349	0.0	0.007235349183679851	0.2742640315918379	0.35347870744009	0.37938578170386017	0.58509441542078	5.96818797175787	5.96818797175787
CS17_04400_1-810	0.09714573578503982	0.22941815920960507	0.04304688002351209	0.06244067686957	0.0760841992007999	0.5337680832951899	0.42780314360451	0.17683018034266995	0.3419805491362191	0.17380720548359996	0.11224797569209999	0.0579114287973399	0.13684760080043	0.11820166865223902	0.017604841549380135	0.28130691262878993	0.3298775842880799	0.5400273207042551	0.007235349183679851	0.0	0.267028682408158	0.3607140566237699	0.38662113088754	0.5923297646044599	5.97542332094155	5.97542332094155
t0002_1-820	0.36417441819319785	0.03761052319855296	0.22398180238464593	0.329469359277728	0.3431128816089579	0.8007967657033479	0.694831826012668	0.443858862750828	0.07495186672806109	0.440835887891758	0.379276658100258	0.32494011120549793	0.40387628320858804	0.148827013755919	0.2494238408587779	0.548335595036948	0.5969062666962379	0.27299863829609705	0.2742640315918379	0.267028682408158	0.0	0.6277427390319279	0.653649813295698	0.8593584470126179	6.242452003349708	6.242452003349708
ENC_45260_1-820	0.26356832083873005	0.5901322158333749	0.40376093664728196	0.2982733797541999	0.28462985742297	0.17305402667142	0.06708908698074012	0.18388387628109992	0.702694605759989	0.18690685114016992	0.24846608093166989	0.30280262782642997	0.22386645582333986	0.4789157252760089	0.37831889817315	0.07940714399497995	0.03083647233568998	0.900741377328025	0.35347870744009	0.3607140566237699	0.6277427390319279	0.0	0.025907074263770147	0.23161570798068998	5.61470926431778	5.61470926431778
SL1344_4050_1-810	0.2894753951025002	0.6160392900971451	0.4296680109110521	0.32418045401797	0.3105369316867401	0.14714695240764986	0.04118201271696997	0.20979095054487007	0.7286016800237591	0.21281392540394006	0.27437315519544003	0.3287097020902001	0.24977353008711	0.504822799539779	0.40422597243692016	0.10531421825875009	0.056743546599460126	0.9266484515917951	0.37938578170386017	0.38662113088754	0.653649813295698	0.025907074263770147	0.0	0.20570863371691983	5.58880219005401	5.58880219005401
CS17_00002_1-820	0.49518402881942003	0.8217479238140649	0.6353766446279719	0.5298890877348899	0.51624556540366	0.058561681309269975	0.16452662099994986	0.4154995842617899	0.934310313740679	0.4185225591208599	0.48008178891235986	0.53441833580712	0.45548216380402984	0.7105314332566989	0.60993460615384	0.3110228519756699	0.26245218031637996	1.132357085308715	0.58509441542078	0.5923297646044599	0.8593584470126179	0.23161570798068998	0.20570863371691983	0.0	5.38309355633709	5.38309355633709
b0002_1-820	5.8782775851565106	6.204841480151155	6.018470200965062	5.91298264407198	5.89933912174075	5.44165523764636	5.5476201773370395	5.79859314059888	6.317403870077769	5.80161611545795	5.86317534524945	5.91751189214421	5.83857572014112	6.093624989593789	5.99302816249093	5.69411640831276	5.64554573665347	6.515450641645805	5.96818797175787	5.97542332094155	6.242452003349708	5.61470926431778	5.58880219005401	5.38309355633709	0.0	0.0
b3940_1-810	5.8782775851565106	6.204841480151155	6.018470200965062	5.91298264407198	5.89933912174075	5.44165523764636	5.5476201773370395	5.79859314059888	6.317403870077769	5.80161611545795	5.86317534524945	5.91751189214421	5.83857572014112	6.093624989593789	5.99302816249093	5.69411640831276	5.64554573665347	6.515450641645805	5.96818797175787	5.97542332094155	6.242452003349708	5.61470926431778	5.58880219005401	5.38309355633709	0.0	0.0
