t2931_1-160	0.0	0.446463855005792	0.3962753514520556	0.23124353642466366	0.11100534902920756	0.5564695867987489	0.36617861130304874	0.028946445760123396
ERS227112_01396_1-154	0.446463855005792	0.0	0.050188503553736385	0.21522031858112833	0.33545850597658444	0.11000573179295692	0.08028524370274326	0.4175174092456686
SL1344_2999_1-160	0.3962753514520556	0.050188503553736385	0.0	0.16503181502739195	0.28527000242284806	0.1601942353466933	0.030096740149006873	0.3673289056919322
STMMW_29831_1-160	0.23124353642466366	0.21522031858112833	0.16503181502739195	0.0	0.12023818739545611	0.32522605037408525	0.13493507487838508	0.20229709066454027
STM_MW29831_1-161	0.11100534902920756	0.33545850597658444	0.28527000242284806	0.12023818739545611	0.0	0.44546423776954136	0.2551732622738412	0.08205890326908416
BN373_39011_1-153	0.5564695867987489	0.11000573179295692	0.1601942353466933	0.32522605037408525	0.44546423776954136	0.0	0.19029097549570018	0.5275231410386255
ENC_30950_1-154	0.36617861130304874	0.08028524370274326	0.030096740149006873	0.13493507487838508	0.2551732622738412	0.19029097549570018	0.0	0.33723216554292534
SEN2864_1-160	0.028946445760123396	0.4175174092456686	0.3673289056919322	0.20229709066454027	0.08205890326908416	0.5275231410386255	0.33723216554292534	0.0
