STMMW_38241_1-46	0.0	0.0	0.0	0.0	0.0	0.0	0.06653470074680673	0.05133412696758993	0.0	-1	0.0	0.05437079992656208	0.0
ERS227112_00468C_1-46	0.0	0.0	0.0	0.0	0.0	0.0	0.06653470074680673	0.05133412696758993	0.0	-1	0.0	0.05437079992656208	0.0
ROD_40243_1-46	0.0	0.0	0.0	0.0	0.0	0.0	0.06653470074680673	0.05133412696758993	0.0	-1	0.0	0.05437079992656208	0.0
t3680_1-46	0.0	0.0	0.0	0.0	0.0	0.0	0.06653470074680673	0.05133412696758993	0.0	-1	0.0	0.05437079992656208	0.0
STM_MW38241_1-46	0.0	0.0	0.0	0.0	0.0	0.0	0.06653470074680673	0.05133412696758993	0.0	-1	0.0	0.05437079992656208	0.0
NCTC13441_04813_1-46	0.0	0.0	0.0	0.0	0.0	0.0	0.06653470074680673	0.05133412696758993	0.0	-1	0.0	0.05437079992656208	0.0
ETEC_3993_1-46	0.06653470074680673	0.06653470074680673	0.06653470074680673	0.06653470074680673	0.06653470074680673	0.06653470074680673	0.0	0.015200573779216797	0.06653470074680673	-1	0.06653470074680673	0.012163900820244648	0.06653470074680673
SEN3656_1-46	0.05133412696758993	0.05133412696758993	0.05133412696758993	0.05133412696758993	0.05133412696758993	0.05133412696758993	0.015200573779216797	0.0	0.05133412696758993	-1	0.05133412696758993	0.003036672958972149	0.05133412696758993
BN373_47501_1-46	0.0	0.0	0.0	0.0	0.0	0.0	0.06653470074680673	0.05133412696758993	0.0	-1	0.0	0.05437079992656208	0.0
b3703_1-46	-1	-1	-1	-1	-1	-1	-1	-1	-1	-1	-1	-1	-1
SL1344_3806_1-46	0.0	0.0	0.0	0.0	0.0	0.0	0.06653470074680673	0.05133412696758993	0.0	-1	0.0	0.05437079992656208	0.0
CS17_04154_1-46	0.05437079992656208	0.05437079992656208	0.05437079992656208	0.05437079992656208	0.05437079992656208	0.05437079992656208	0.012163900820244648	0.003036672958972149	0.05437079992656208	-1	0.05437079992656208	0.0	0.05437079992656208
Ecoli9000q_33220_1-46	0.0	0.0	0.0	0.0	0.0	0.0	0.06653470074680673	0.05133412696758993	0.0	-1	0.0	0.05437079992656208	0.0
