b4075_4-127	-1	-1	-1	-1	-1	-1	-1
ROD_34631_1-136	-1	0.0	0.6683127139150431	0.708928177481553	0.35094085649710505	0.462139072989474	0.428616160129938
SEN4052_30-162	-1	0.6683127139150431	0.0	0.04061546356650991	0.31737185741793805	0.2061736409255691	0.23969655378510513
CS17_04557_4-128	-1	0.708928177481553	0.04061546356650991	0.0	0.35798732098444797	0.24678910449207903	0.28031201735161504
NCTC13441_04395_4-128	-1	0.35094085649710505	0.31737185741793805	0.35798732098444797	0.0	0.11119821649236894	0.07767530363283293
ERS227112_04603_3-153	-1	0.462139072989474	0.2061736409255691	0.24678910449207903	0.11119821649236894	0.0	0.033522912859536014
ETEC_4385_4-127	-1	0.428616160129938	0.23969655378510513	0.28031201735161504	0.07767530363283293	0.033522912859536014	0.0
