b2573_1-191	-1	-1	-1	-1	-1	-1	-1	-1	-1	-1	-1	-1	-1
ERS227112_00015_1-191	-1	0.0	0.5187501143314316	1.0511170118902555	0.7767653738586531	0.6598777150573377	0.3456969034810544	0.1421318949365306	0.8189274992153067	0.2016226390599939	0.16837884762630448	0.37507729799086875	0.034939388682825305
STM_MW26601_1-191	-1	0.5187501143314316	0.0	0.5323668975588239	0.2580152595272215	0.14112760072590613	0.17305321085037717	0.376618219394901	0.30017738488387513	0.3171274752714377	0.3503712667051271	0.14367281634056284	0.4838107256486063
STMMW_26601_1-191	-1	1.0511170118902555	0.5323668975588239	0.0	0.27435163803160245	0.3912392968329178	0.7054201084092011	0.9089851169537249	0.2321895126749488	0.8494943728302616	0.882738164263951	0.6760397138993868	1.0161776232074302
SL1344_2604_1-191	-1	0.7767653738586531	0.2580152595272215	0.27435163803160245	0.0	0.11688765880131535	0.43106847037759866	0.6346334789221224	0.042162125356653646	0.5751427347986592	0.6083865262323486	0.4016880758677843	0.7418259851758278
CS17_02862_1-191	-1	0.6598777150573377	0.14112760072590613	0.3912392968329178	0.11688765880131535	0.0	0.3141808115762833	0.5177458201208072	0.159049784157969	0.45825507599734383	0.4914988674310332	0.28480041706646897	0.6249383263745124
BN373_35561_1-191	-1	0.3456969034810544	0.17305321085037717	0.7054201084092011	0.43106847037759866	0.3141808115762833	0.0	0.2035650085445238	0.4732305957342523	0.14407426442106053	0.17731805585474994	0.029380394509814334	0.3107575147982291
ETEC_2786_1-191	-1	0.1421318949365306	0.376618219394901	0.9089851169537249	0.6346334789221224	0.5177458201208072	0.2035650085445238	0.0	0.6767956042787762	0.05949074412346328	0.026246952689773867	0.23294540305433814	0.1071925062537053
SEN2567_1-191	-1	0.8189274992153067	0.30017738488387513	0.2321895126749488	0.042162125356653646	0.159049784157969	0.4732305957342523	0.6767956042787762	0.0	0.6173048601553128	0.6505486515890022	0.44385020122443797	0.7839881105324814
NCTC13441_01166_1-191	-1	0.2016226390599939	0.3171274752714377	0.8494943728302616	0.5751427347986592	0.45825507599734383	0.14407426442106053	0.05949074412346328	0.6173048601553128	0.0	0.03324379143368941	0.17345465893087486	0.16668325037716858
ENC_36870_1-191	-1	0.16837884762630448	0.3503712667051271	0.882738164263951	0.6083865262323486	0.4914988674310332	0.17731805585474994	0.026246952689773867	0.6505486515890022	0.03324379143368941	0.0	0.20669845036456427	0.13343945894347917
ROD_25201_1-191	-1	0.37507729799086875	0.14367281634056284	0.6760397138993868	0.4016880758677843	0.28480041706646897	0.029380394509814334	0.23294540305433814	0.44385020122443797	0.17345465893087486	0.20669845036456427	0.0	0.34013790930804344
t0270_1-191	-1	0.034939388682825305	0.4838107256486063	1.0161776232074302	0.7418259851758278	0.6249383263745124	0.3107575147982291	0.1071925062537053	0.7839881105324814	0.16668325037716858	0.13343945894347917	0.34013790930804344	0.0
