ENC_06160_1-130	0.0	0.45994858897648344	0.47598273661769114	0.30053580842402455	0.7376325838445252	0.4093471174167558	0.3541604895612956	0.31544323592191187	0.25391541684585467	-1	0.7388108349753505
SEN1091_1-130	0.45994858897648344	0.0	0.02969003934425326	0.2279069929130797	0.5141806672475298	0.08567040482122097	0.16379936145951854	0.630304153633936	0.27615256605303845	-1	0.5163624060723434
STMMW_18951_1-130	0.47598273661769114	0.02969003934425326	0.0	0.2508304646709132	0.49931531938088336	0.11281688647569407	0.18862619131747513	0.6412804378579514	0.29764362484616047	-1	0.5015638161636424
ROD_19231_1-130	0.30053580842402455	0.2279069929130797	0.2508304646709132	0.0	0.6249022904741841	0.15556380198329595	0.07666537012630806	0.5211770564262543	0.06248673760430443	-1	0.6265867957641127
t0965_1-130	0.7376325838445252	0.5141806672475298	0.49931531938088336	0.6249022904741841	0.0	0.5558010061544094	0.5937575637370738	0.820394610597079	0.6483409226252994	-1	0.004490843977848047
STM_MW18951_1-130	0.4093471174167558	0.08567040482122097	0.11281688647569407	0.15556380198329595	0.5558010061544094	0.0	0.08544944520036127	0.5956645740054194	0.2083298651123422	-1	0.557795834530887
SL1344_1847_1-130	0.3541604895612956	0.16379936145951854	0.18862619131747513	0.07666537012630806	0.5937575637370738	0.08544944520036127	0.0	0.5578861946203039	0.134361538864193	-1	0.5955819351355115
ETEC_1911_1-130	0.31544323592191187	0.630304153633936	0.6412804378579514	0.5211770564262543	0.820394610597079	0.5956645740054194	0.5578861946203039	0.0	0.489262752027449	-1	0.8212011903784683
CS17_02067_1-130	0.25391541684585467	0.27615256605303845	0.29764362484616047	0.06248673760430443	0.6483409226252994	0.2083298651123422	0.134361538864193	0.489262752027449	0.0	-1	0.6499201686751832
b1878_1-130	-1	-1	-1	-1	-1	-1	-1	-1	-1	-1	-1
NCTC13441_02004_1-130	0.7388108349753505	0.5163624060723434	0.5015638161636424	0.6265867957641127	0.004490843977848047	0.557795834530887	0.5955819351355115	0.8212011903784683	0.6499201686751832	-1	0.0
