ROD_36901_1-81	0.0	0.6296296296296295	1.0	0.27484213761627113	0.762966316173105	0.3672816780575267	0.6071887072323783
ROD_19971_1-81	0.6296296296296295	0.0	1.0	0.48925552685467133	0.3600090536673833	0.4146362488234624	0.057129015408747166
CS17_02930_1-81	1.0	1.0	0	1.0	1.0	1.0	1.0
ETEC_1978_1-81	0.27484213761627113	0.48925552685467133	1.0	0.0	0.6731281612975674	0.12747505782725652	0.45830926872063704
CS17_02107_1-81	0.762966316173105	0.3600090536673833	1.0	0.6731281612975674	0.0	0.6253724989357173	0.39657110630187803
CS17_02580_1-88	0.3672816780575267	0.4146362488234624	1.0	0.12747505782725652	0.6253724989357173	0.0	0.3791687720348075
NCTC13441_03058_1-88	0.6071887072323783	0.057129015408747166	1.0	0.45830926872063704	0.39657110630187803	0.3791687720348075	0.0
