NCTC13441_01237_1-746	0.0	1.1480804890647884	0.24075262421928667	0.2767885005347287	-1	0.7625405239824795	1.445193222796429	0.78148837033977	1.124770691439707	0.10180026431011979	0.09884009947315853	-1	0.11399200377402907	0.005947522099983393	0.13027398905971366	0.20598717296570201	-1	0.1558414259890294	0.13559214015763454	0.4830107974243879	0.3403370280819019	0.32946755861479315	0.0408448000246584	0.17828682289925446	0.29859680238145514	0.29367349281366617	0.5701849264585123	0.05916936705874021	0.21047689548410153	0.9489796847340694	0.17032993048546163	0.2390158763732021	0.05770481935931038	0.3344791326298534	0.32689479534651256
ENC_27260_3-648	1.1480804890647884	0.0	0.9073278648455017	0.8712919885300596	-1	0.3855399650823088	0.2971127337316406	0.3665921187250183	0.02330979762508134	1.0462802247546685	1.0492403895916298	-1	1.0340884852907593	1.1540280111647716	1.278354478124502	0.9420933160990863	-1	0.9922390630757589	1.2836726292224228	0.6650696916404004	0.8077434609828864	0.8186129304499952	1.10723568904013	1.326367311964043	1.4466772914462434	1.4417539818784544	0.5778955626062761	1.0889111220060481	0.9376035935806868	0.19910080433071897	0.9777505585793267	1.3870963654379904	1.2057853084240988	0.8136013564349349	0.8211856937182758
STM_MW33861_53-686	0.24075262421928667	0.9073278648455017	0.0	0.03603587631544203	-1	0.5217878997631928	1.2044405985771423	0.5407357461204834	0.8840180672204203	0.13895235990916688	0.14191252474612814	-1	0.1267606204452576	0.24670014631927006	0.37102661327900033	0.034765451253584656	-1	0.08491119823025728	0.3763447643769212	0.24225817320510123	0.09958440386261525	0.08871493439550648	0.19990782419462827	0.41903944711854113	0.5393494266007418	0.5344261170329528	0.3294323022392256	0.18158325716054646	0.030275728735185137	0.7082270605147827	0.07042269373382504	0.47976850059248877	0.29845744357859705	0.09372650841056673	0.08614217112722589
BN373_34871_1-742	0.2767885005347287	0.8712919885300596	0.03603587631544203	0.0	-1	0.4857520234477508	1.1684047222617002	0.5046998698050413	0.8479821909049783	0.1749882362246089	0.17794840106157017	-1	0.16279649676069963	0.2827360226347121	0.40706248959444236	0.07080132756902668	-1	0.1209470745456993	0.41238064069236324	0.2062222968896592	0.06354852754717322	0.052679058080064456	0.2359437005100703	0.45507532343398316	0.5753853029161838	0.5704619933483949	0.29339642592378357	0.2176191334759885	0.06631160505062716	0.6721911841993407	0.10645857004926707	0.5158043769079308	0.3344933198940391	0.057690632095124705	0.05010629481178386
b2395_1-729	-1	-1	-1	-1	-1	-1	-1	-1	-1	-1	-1	-1	-1	-1	-1	-1	-1	-1	-1	-1	-1	-1	-1	-1	-1	-1	-1	-1	-1	-1	-1	-1	-1	-1	-1
SEN2484_1-737	0.7625405239824795	0.3855399650823088	0.5217878997631928	0.4857520234477508	-1	0.0	0.6826526988139494	0.01894784635729052	0.36223016745722747	0.6607402596723597	0.663700424509321	-1	0.6485485202084504	0.7684880460824629	0.8928145130421932	0.5565533510167775	-1	0.6066990979934501	0.8981326641401141	0.2795297265580916	0.4222034959005776	0.43307296536768636	0.7216957239578211	0.940827346881734	1.0611373263639345	1.0562140167961456	0.19235559752396725	0.7033711569237393	0.552063628498378	0.18643916075158984	0.5922105934970179	1.0015564003556816	0.8202453433417899	0.4280613913526261	0.43564572863596696
t0354_1-737	1.445193222796429	0.2971127337316406	1.2044405985771423	1.1684047222617002	-1	0.6826526988139494	0.0	0.6637048524566589	0.32042253135672194	1.3433929584863091	1.3463531233232704	-1	1.3312012190223999	1.4511407448964122	1.5754672118561426	1.239206049830727	-1	1.2893517968073995	1.5807853629540634	0.962182425372041	1.104856194714527	1.1157256641816358	1.4043484227717706	1.6234800456956835	1.743790025177884	1.738866715610095	0.8750082963379167	1.3860238557376887	1.2347163273123274	0.49621353806235957	1.2748632923109673	1.684209099169631	1.5028980421557394	1.1107140901665755	1.1182984274499164
STM_MW25201_1-738	0.78148837033977	0.3665921187250183	0.5407357461204834	0.5046998698050413	-1	0.01894784635729052	0.6637048524566589	0.0	0.34328232109993695	0.6796881060296502	0.6826482708666115	-1	0.667496366565741	0.7874358924397534	0.9117623593994837	0.575501197374068	-1	0.6256469443507406	0.9170805104974046	0.29847757291538213	0.4411513422578681	0.4520208117249769	0.7406435703151116	0.9597751932390245	1.0800851727212253	1.0751618631534363	0.21130344388125777	0.7223190032810298	0.5710114748556685	0.16749131439429932	0.6111584398543084	1.0205042467129721	0.8391931896990804	0.44700923770991663	0.4545935749932575
ERS227112_03751_1-742	1.124770691439707	0.02330979762508134	0.8840180672204203	0.8479821909049783	-1	0.36223016745722747	0.32042253135672194	0.34328232109993695	0.0	1.0229704271295872	1.0259305919665485	-1	1.010778687665678	1.1307182135396903	1.2550446804994206	0.918783518474005	-1	0.9689292654506776	1.2603628315973414	0.6417598940153191	0.7844336633578051	0.7953031328249138	1.0839258914150487	1.3030575143389616	1.423367493821162	1.418444184253373	0.5545857649811947	1.0656013243809668	0.9142937959556054	0.17579100670563763	0.9544407609542453	1.363786567812909	1.1824755107990175	0.7902915588098536	0.7978758960931944
ERS227112_00705_2-664	0.10180026431011979	1.0462802247546685	0.13895235990916688	0.1749882362246089	-1	0.6607402596723597	1.3433929584863091	0.6796881060296502	1.0229704271295872	0.0	0.0029601648369612654	-1	0.012191739463909279	0.10774778641010319	0.23207425336983345	0.10418690865558222	-1	0.0540411616789096	0.23739240446775434	0.3812105331142681	0.23853676377178212	0.22766729430467336	0.06095546428546139	0.28008708720937425	0.40039706669157493	0.39547375712378596	0.46838466214839247	0.042630897251379585	0.10867663117398174	0.8471794204239496	0.06852966617534184	0.3408161406833219	0.15950508366943017	0.2326788683197336	0.22509453103639276
STMMW_25201_1-737	0.09884009947315853	1.0492403895916298	0.14191252474612814	0.17794840106157017	-1	0.663700424509321	1.3463531233232704	0.6826482708666115	1.0259305919665485	0.0029601648369612654	0.0	-1	0.015151904300870545	0.10478762157314192	0.22911408853287218	0.10714707349254349	-1	0.057001326515870865	0.23443223963079307	0.3841706979512294	0.2414969286087434	0.23062745914163463	0.057995299448500126	0.277126922372413	0.39743690185461367	0.3925135922868247	0.47134482698535374	0.03967073241441832	0.111636796010943	0.8501395852609108	0.0714898310123031	0.3378559758463606	0.1565449188324689	0.23563903315669488	0.22805469587335403
b2503_1-746	-1	-1	-1	-1	-1	-1	-1	-1	-1	-1	-1	-1	-1	-1	-1	-1	-1	-1	-1	-1	-1	-1	-1	-1	-1	-1	-1	-1	-1	-1	-1	-1	-1	-1	-1
ETEC_2513_1-729	0.11399200377402907	1.0340884852907593	0.1267606204452576	0.16279649676069963	-1	0.6485485202084504	1.3312012190223999	0.667496366565741	1.010778687665678	0.012191739463909279	0.015151904300870545	-1	0.0	0.11993952587401246	0.24426599283374273	0.09199516919167294	-1	0.04184942221500032	0.24958414393166362	0.36901879365035883	0.22634502430787284	0.21547555484076408	0.07314720374937067	0.29227882667328353	0.4125888061554842	0.40766549658769524	0.4561929226844832	0.054822636715288864	0.09648489171007246	0.8349876809600403	0.05633792671143256	0.35300788014723117	0.17169682313333945	0.22048712885582433	0.21290279157248349
SEN2396_1-729	0.005947522099983393	1.1540280111647716	0.24670014631927006	0.2827360226347121	-1	0.7684880460824629	1.4511407448964122	0.7874358924397534	1.1307182135396903	0.10774778641010319	0.10478762157314192	-1	0.11993952587401246	0.0	0.12432646695973026	0.2119346950656854	-1	0.16178894808901279	0.12964461805765115	0.4889583195243713	0.3462845501818853	0.33541508071477655	0.046792322124641794	0.17233930079927107	0.29264928028147175	0.2877259707136828	0.5761324485584957	0.0651168891587236	0.21642441758408493	0.9549272068340527	0.17627745258544503	0.2330683542732187	0.051757297259326984	0.3404266547298368	0.33284231744649595
t0447_1-729	0.13027398905971366	1.278354478124502	0.37102661327900033	0.40706248959444236	-1	0.8928145130421932	1.5754672118561426	0.9117623593994837	1.2550446804994206	0.23207425336983345	0.22911408853287218	-1	0.24426599283374273	0.12432646695973026	0.0	0.33626116202541567	-1	0.28611541504874305	0.005318151097920887	0.6132847864841016	0.4706110171416156	0.4597415476745068	0.17111878908437206	0.0480128338395408	0.16832281332174148	0.1633995037539525	0.7004589155182259	0.18944335611845387	0.3407508845438152	1.079253673793783	0.3006039195451753	0.10874188731348844	0.07256916970040328	0.46475312168956706	0.4571687844062262
ROD_42781_3-649	0.20598717296570201	0.9420933160990863	0.034765451253584656	0.07080132756902668	-1	0.5565533510167775	1.239206049830727	0.575501197374068	0.918783518474005	0.10418690865558222	0.10714707349254349	-1	0.09199516919167294	0.2119346950656854	0.33626116202541567	0.0	-1	0.05014574697667262	0.34157931312333656	0.2770236244586859	0.1343498551161999	0.12348038564909114	0.1651423729410436	0.3842739958649565	0.5045839753471572	0.4996606657793682	0.36419775349281025	0.1468178059069618	0.004489722518399519	0.7429925117683673	0.03565724248024038	0.4450030493389041	0.2636919923250124	0.1284919596641514	0.12090762238081054
b3529_1-659	-1	-1	-1	-1	-1	-1	-1	-1	-1	-1	-1	-1	-1	-1	-1	-1	-1	-1	-1	-1	-1	-1	-1	-1	-1	-1	-1	-1	-1	-1	-1	-1	-1	-1	-1
SL1344_3361_53-686	0.1558414259890294	0.9922390630757589	0.08491119823025728	0.1209470745456993	-1	0.6066990979934501	1.2893517968073995	0.6256469443507406	0.9689292654506776	0.0540411616789096	0.057001326515870865	-1	0.04184942221500032	0.16178894808901279	0.28611541504874305	0.05014574697667262	-1	0.0	0.29143356614666394	0.3271693714353585	0.18449560209287252	0.17362613262576376	0.11499662596437099	0.33412824888828385	0.45443822837048453	0.44951491880269556	0.4143435004694829	0.09667205893028918	0.05463546949507214	0.79313825874504	0.014488504496432242	0.3948573023622315	0.21354624534833977	0.178637706640824	0.17105336935748316
STMMW_24341_1-729	0.13559214015763454	1.2836726292224228	0.3763447643769212	0.41238064069236324	-1	0.8981326641401141	1.5807853629540634	0.9170805104974046	1.2603628315973414	0.23739240446775434	0.23443223963079307	-1	0.24958414393166362	0.12964461805765115	0.005318151097920887	0.34157931312333656	-1	0.29143356614666394	0.0	0.6186029375820224	0.47592916823953646	0.4650596987724277	0.17643694018229295	0.042694682741619916	0.1630046622238206	0.15808135265603163	0.7057770666161468	0.19476150721637475	0.3460690356417361	1.0845718248917038	0.3059220706430962	0.10342373621556755	0.07788732079832417	0.47007127278748795	0.4624869355041471
STMMW_33861_53-686	0.4830107974243879	0.6650696916404004	0.24225817320510123	0.2062222968896592	-1	0.2795297265580916	0.962182425372041	0.29847757291538213	0.6417598940153191	0.3812105331142681	0.3841706979512294	-1	0.36901879365035883	0.4889583195243713	0.6132847864841016	0.2770236244586859	-1	0.3271693714353585	0.6186029375820224	0.0	0.142673769342486	0.15354323880959475	0.4421659973997295	0.6612976203236424	0.781607599805843	0.7766842902380541	0.08717412903412436	0.4238414303656477	0.27253390194028637	0.46596888730968145	0.31268086693892627	0.72202667379759	0.5407156167836983	0.1485316647945345	0.15611600207787535
ETEC_2608_1-746	0.3403370280819019	0.8077434609828864	0.09958440386261525	0.06354852754717322	-1	0.4222034959005776	1.104856194714527	0.4411513422578681	0.7844336633578051	0.23853676377178212	0.2414969286087434	-1	0.22634502430787284	0.3462845501818853	0.4706110171416156	0.1343498551161999	-1	0.18449560209287252	0.47592916823953646	0.142673769342486	0.0	0.010869469467108761	0.2994922280572435	0.5186238509811564	0.638933830463357	0.6340105208955681	0.22984789837661035	0.2811676610231617	0.12986013259780038	0.6086426566521674	0.17000709759644028	0.579352904455104	0.3980418474412123	0.005857895452048512	0.013442232735389359
ENC_37760_1-744	0.32946755861479315	0.8186129304499952	0.08871493439550648	0.052679058080064456	-1	0.43307296536768636	1.1157256641816358	0.4520208117249769	0.7953031328249138	0.22766729430467336	0.23062745914163463	-1	0.21547555484076408	0.33541508071477655	0.4597415476745068	0.12348038564909114	-1	0.17362613262576376	0.4650596987724277	0.15354323880959475	0.010869469467108761	0.0	0.28862275859013475	0.5077543815140476	0.6280643609962483	0.6231410514284593	0.2407173678437191	0.27029819155605295	0.11899066313069162	0.6195121261192762	0.15913762812933152	0.5684834349879953	0.38717237797410353	0.0050115740150602495	0.002572763268280598
CS17_02683_1-730	0.0408448000246584	1.10723568904013	0.19990782419462827	0.2359437005100703	-1	0.7216957239578211	1.4043484227717706	0.7406435703151116	1.0839258914150487	0.06095546428546139	0.057995299448500126	-1	0.07314720374937067	0.046792322124641794	0.17111878908437206	0.1651423729410436	-1	0.11499662596437099	0.17643694018229295	0.4421659973997295	0.2994922280572435	0.28862275859013475	0.0	0.21913162292391286	0.33944160240611354	0.33451829283832457	0.5293401264338539	0.018324567034081807	0.16963209545944313	0.908134884709411	0.12948513046080323	0.2798606763978605	0.09854961938396878	0.293634332605195	0.28604999532185416
SL1344_2378_1-729	0.17828682289925446	1.326367311964043	0.41903944711854113	0.45507532343398316	-1	0.940827346881734	1.6234800456956835	0.9597751932390245	1.3030575143389616	0.28008708720937425	0.277126922372413	-1	0.29227882667328353	0.17233930079927107	0.0480128338395408	0.3842739958649565	-1	0.33412824888828385	0.042694682741619916	0.6612976203236424	0.5186238509811564	0.5077543815140476	0.21913162292391286	0.0	0.12030997948220068	0.11538666991441171	0.7484717493577667	0.23745618995799467	0.388763718383356	1.127266507633324	0.3486167533847161	0.060729053473947636	0.12058200353994408	0.5127659555291079	0.505181618245767
CS17_02788_1-746	0.29859680238145514	1.4466772914462434	0.5393494266007418	0.5753853029161838	-1	1.0611373263639345	1.743790025177884	1.0800851727212253	1.423367493821162	0.40039706669157493	0.39743690185461367	-1	0.4125888061554842	0.29264928028147175	0.16832281332174148	0.5045839753471572	-1	0.45443822837048453	0.1630046622238206	0.781607599805843	0.638933830463357	0.6280643609962483	0.33944160240611354	0.12030997948220068	0.0	0.004923309567788969	0.8687817288399674	0.35776616944019535	0.5090736978655567	1.2475764871155244	0.4689267328669168	0.05958092600825304	0.24089198302214476	0.6330759350113085	0.6254915977279677
STM_MW24341_1-730	0.29367349281366617	1.4417539818784544	0.5344261170329528	0.5704619933483949	-1	1.0562140167961456	1.738866715610095	1.0751618631534363	1.418444184253373	0.39547375712378596	0.3925135922868247	-1	0.40766549658769524	0.2877259707136828	0.1633995037539525	0.4996606657793682	-1	0.44951491880269556	0.15808135265603163	0.7766842902380541	0.6340105208955681	0.6231410514284593	0.33451829283832457	0.11538666991441171	0.004923309567788969	0.0	0.8638584192721784	0.3528428598724064	0.5041503882977677	1.2426531775477354	0.4640034232991278	0.054657616440464074	0.2359686734543558	0.6281526254435196	0.6205682881601787
ENC_35130_1-685	0.5701849264585123	0.5778955626062761	0.3294323022392256	0.29339642592378357	-1	0.19235559752396725	0.8750082963379167	0.21130344388125777	0.5545857649811947	0.46838466214839247	0.47134482698535374	-1	0.4561929226844832	0.5761324485584957	0.7004589155182259	0.36419775349281025	-1	0.4143435004694829	0.7057770666161468	0.08717412903412436	0.22984789837661035	0.2407173678437191	0.5293401264338539	0.7484717493577667	0.8687817288399674	0.8638584192721784	0.0	0.5110155593997721	0.35970803097441073	0.3787947582755571	0.39985499597305063	0.8092008028317144	0.6278897458178226	0.23570579382865886	0.2432901311119997
BN373_34091_2-723	0.05916936705874021	1.0889111220060481	0.18158325716054646	0.2176191334759885	-1	0.7033711569237393	1.3860238557376887	0.7223190032810298	1.0656013243809668	0.042630897251379585	0.03967073241441832	-1	0.054822636715288864	0.0651168891587236	0.18944335611845387	0.1468178059069618	-1	0.09667205893028918	0.19476150721637475	0.4238414303656477	0.2811676610231617	0.27029819155605295	0.018324567034081807	0.23745618995799467	0.35776616944019535	0.3528428598724064	0.5110155593997721	0.0	0.15130752842536133	0.8898103176753291	0.11116056342672143	0.2981852434319423	0.11687418641805059	0.2753097655711132	0.26772542828777235
BN373_45161_2-653	0.21047689548410153	0.9376035935806868	0.030275728735185137	0.06631160505062716	-1	0.552063628498378	1.2347163273123274	0.5710114748556685	0.9142937959556054	0.10867663117398174	0.111636796010943	-1	0.09648489171007246	0.21642441758408493	0.3407508845438152	0.004489722518399519	-1	0.05463546949507214	0.3460690356417361	0.27253390194028637	0.12986013259780038	0.11899066313069162	0.16963209545944313	0.388763718383356	0.5090736978655567	0.5041503882977677	0.35970803097441073	0.15130752842536133	0.0	0.7385027892499678	0.0401469649986399	0.44949277185730363	0.2681817148434119	0.12400223714575187	0.11641789986241102
ERS227112_03834_2-724	0.9489796847340694	0.19910080433071897	0.7082270605147827	0.6721911841993407	-1	0.18643916075158984	0.49621353806235957	0.16749131439429932	0.17579100670563763	0.8471794204239496	0.8501395852609108	-1	0.8349876809600403	0.9549272068340527	1.079253673793783	0.7429925117683673	-1	0.79313825874504	1.0845718248917038	0.46596888730968145	0.6086426566521674	0.6195121261192762	0.908134884709411	1.127266507633324	1.2475764871155244	1.2426531775477354	0.3787947582755571	0.8898103176753291	0.7385027892499678	0.0	0.7786497542486077	1.1879955611072714	1.0066845040933798	0.614500552104216	0.6220848893875568
ROD_28141_1-735	0.17032993048546163	0.9777505585793267	0.07042269373382504	0.10645857004926707	-1	0.5922105934970179	1.2748632923109673	0.6111584398543084	0.9544407609542453	0.06852966617534184	0.0714898310123031	-1	0.05633792671143256	0.17627745258544503	0.3006039195451753	0.03565724248024038	-1	0.014488504496432242	0.3059220706430962	0.31268086693892627	0.17000709759644028	0.15913762812933152	0.12948513046080323	0.3486167533847161	0.4689267328669168	0.4640034232991278	0.39985499597305063	0.11116056342672143	0.0401469649986399	0.7786497542486077	0.0	0.40934580685866373	0.228034749844772	0.16414920214439177	0.15656486486105092
t3902_4-628	0.2390158763732021	1.3870963654379904	0.47976850059248877	0.5158043769079308	-1	1.0015564003556816	1.684209099169631	1.0205042467129721	1.363786567812909	0.3408161406833219	0.3378559758463606	-1	0.35300788014723117	0.2330683542732187	0.10874188731348844	0.4450030493389041	-1	0.3948573023622315	0.10342373621556755	0.72202667379759	0.579352904455104	0.5684834349879953	0.2798606763978605	0.060729053473947636	0.05958092600825304	0.054657616440464074	0.8092008028317144	0.2981852434319423	0.44949277185730363	1.1879955611072714	0.40934580685866373	0.0	0.18131105701389172	0.5734950090030555	0.5659106717197147
SL1344_2466_1-737	0.05770481935931038	1.2057853084240988	0.29845744357859705	0.3344933198940391	-1	0.8202453433417899	1.5028980421557394	0.8391931896990804	1.1824755107990175	0.15950508366943017	0.1565449188324689	-1	0.17169682313333945	0.051757297259326984	0.07256916970040328	0.2636919923250124	-1	0.21354624534833977	0.07788732079832417	0.5407156167836983	0.3980418474412123	0.38717237797410353	0.09854961938396878	0.12058200353994408	0.24089198302214476	0.2359686734543558	0.6278897458178226	0.11687418641805059	0.2681817148434119	1.0066845040933798	0.228034749844772	0.18131105701389172	0.0	0.3921839519891638	0.38459961470582293
SEN3222_53-686	0.3344791326298534	0.8136013564349349	0.09372650841056673	0.057690632095124705	-1	0.4280613913526261	1.1107140901665755	0.44700923770991663	0.7902915588098536	0.2326788683197336	0.23563903315669488	-1	0.22048712885582433	0.3404266547298368	0.46475312168956706	0.1284919596641514	-1	0.178637706640824	0.47007127278748795	0.1485316647945345	0.005857895452048512	0.0050115740150602495	0.293634332605195	0.5127659555291079	0.6330759350113085	0.6281526254435196	0.23570579382865886	0.2753097655711132	0.12400223714575187	0.614500552104216	0.16414920214439177	0.5734950090030555	0.3921839519891638	0.0	0.007584337283340847
ROD_24461_1-746	0.32689479534651256	0.8211856937182758	0.08614217112722589	0.05010629481178386	-1	0.43564572863596696	1.1182984274499164	0.4545935749932575	0.7978758960931944	0.22509453103639276	0.22805469587335403	-1	0.21290279157248349	0.33284231744649595	0.4571687844062262	0.12090762238081054	-1	0.17105336935748316	0.4624869355041471	0.15611600207787535	0.013442232735389359	0.002572763268280598	0.28604999532185416	0.505181618245767	0.6254915977279677	0.6205682881601787	0.2432901311119997	0.26772542828777235	0.11641789986241102	0.6220848893875568	0.15656486486105092	0.5659106717197147	0.38459961470582293	0.007584337283340847	0.0
