b2462_1-111	0.0	3.86898004555061	5.74632338026425	5.98196422310299	3.28848889196974	6.019005575041595	6.389392065538541	5.77104140726974	6.166516999456251	5.1062602958747	5.00772717979839	2.2455232826172997	6.403046944135136	4.80546217073669	4.226012798373111	6.526810041632567	6.442285345164245	5.7258817615628	2.50044399076899	4.90764653789566
SEN2450_1-111	3.86898004555061	0.0	1.87734333471364	2.11298417755238	0.5804911535808701	2.1500255294909847	2.5204120199879307	1.90206136171913	2.2975369539056407	1.23728025032409	1.13874713424778	1.6234567629333103	2.534066898584526	0.93648212518608	0.35703275282250013	2.657829996081957	2.5733052996136347	1.85690171601219	1.3685360547816199	1.0386664923450502
ETEC_2566_1-111	5.74632338026425	1.87734333471364	0.0	0.23564084283873998	2.45783448829451	0.272682194777345	0.6430686852742911	0.024718027005490084	0.42019361919200104	0.6400630843895498	0.7385962004658599	3.50080009764695	0.656723563870886	0.9408612095275599	1.5203105818911398	0.780486661368317	0.6959619648999951	0.020441618701450004	3.2458793894952596	0.8386768423685897
ROD_21411_1-116	5.98196422310299	2.11298417755238	0.23564084283873998	0.0	2.69347533113325	0.03704135193860503	0.4074278424355511	0.2109228158332499	0.18455277635326106	0.8757039272282898	0.9742370433045999	3.73644094048569	0.42108272103214606	1.1765020523663	1.7559514247298798	0.544845818529577	0.4603211220612551	0.25608246154019	3.4815202323339998	1.0743176852073297
ROD_24101_1-101	3.28848889196974	0.5804911535808701	2.45783448829451	2.69347533113325	0.0	2.730516683071855	3.100903173568801	2.4825525153	2.878028107486511	1.8177714039049602	1.71923828782865	1.0429656093524402	3.114558052165396	1.51697327876695	0.9375239064033702	3.238321149662827	3.153796453194505	2.43739286959306	0.7880449012007498	1.6191576459259203
STMMW_20851_1-116	6.019005575041595	2.1500255294909847	0.272682194777345	0.03704135193860503	2.730516683071855	0.0	0.37038649049694605	0.24796416777185493	0.14751142441465603	0.9127452791668949	1.011278395243205	3.773482292424295	0.38404136909354103	1.213543404304905	1.7929927766684848	0.507804466590972	0.42327977012265006	0.293123813478795	3.5185615842726046	1.1113590371459348
CS17_02741_1-111	6.389392065538541	2.5204120199879307	0.6430686852742911	0.4074278424355511	3.100903173568801	0.37038649049694605	0.0	0.618350658268801	0.22287506608229002	1.283131769663841	1.381664885740151	4.143868782921241	0.013654878596594977	1.583929894801851	2.163379267165431	0.137417976094026	0.052893279625704004	0.6635103039757411	3.8889480747695506	1.4817455276428808
BN373_38501_1-116	5.77104140726974	1.90206136171913	0.024718027005490084	0.2109228158332499	2.4825525153	0.24796416777185493	0.618350658268801	0.0	0.39547559218651096	0.6647811113950399	0.76331422747135	3.5255181246524403	0.632005536865396	0.96557923653305	1.5450286088966299	0.7557686343628269	0.671243937894505	0.04515964570694009	3.27059741650075	0.8633948693740798
ERS227112_01448_1-116	6.166516999456251	2.2975369539056407	0.42019361919200104	0.18455277635326106	2.878028107486511	0.14751142441465603	0.22287506608229002	0.39547559218651096	0.0	1.0602567035815509	1.158789819657861	3.920993716838951	0.236529944678885	1.361054828719561	1.9405042010831408	0.360293042176316	0.275768345707994	0.44063523789345105	3.6660730086872606	1.2588704615605908
SL1344_2433_1-111	5.1062602958747	1.23728025032409	0.6400630843895498	0.8757039272282898	1.8177714039049602	0.9127452791668949	1.283131769663841	0.6647811113950399	1.0602567035815509	0.0	0.0985331160763101	2.8607370132574004	1.296786648260436	0.3007981251380101	0.8802474975015899	1.4205497457578669	1.336025049289545	0.6196214656880998	2.60581630510571	0.1986137579790399
STMMW_24891_1-111	5.00772717979839	1.13874713424778	0.7385962004658599	0.9742370433045999	1.71923828782865	1.011278395243205	1.381664885740151	0.76331422747135	1.158789819657861	0.0985331160763101	0.0	2.7622038971810903	1.395319764336746	0.20226500906169997	0.7817143814252798	1.519082861834177	1.434558165365855	0.7181545817644099	2.5072831890294	0.1000806419027298
ERS227112_03783_1-111	2.2455232826172997	1.6234567629333103	3.50080009764695	3.73644094048569	1.0429656093524402	3.773482292424295	4.143868782921241	3.5255181246524403	3.920993716838951	2.8607370132574004	2.7622038971810903	0.0	4.157523661517836	2.5599388881193903	1.9804895157558104	4.281286759015267	4.196762062546945	3.4803584789455	0.25492070815169043	2.6621232552783605
SEN2053_1-116	6.403046944135136	2.534066898584526	0.656723563870886	0.42108272103214606	3.114558052165396	0.38404136909354103	0.013654878596594977	0.632005536865396	0.236529944678885	1.296786648260436	1.395319764336746	4.157523661517836	0.0	1.597584773398446	2.177034145762026	0.12376309749743103	0.03923840102910903	0.677165182572336	3.902602953366146	1.495400406239476
BN373_34551_1-111	4.80546217073669	0.93648212518608	0.9408612095275599	1.1765020523663	1.51697327876695	1.213543404304905	1.583929894801851	0.96557923653305	1.361054828719561	0.3007981251380101	0.20226500906169997	2.5599388881193903	1.597584773398446	0.0	0.5794493723635799	1.721347870895877	1.636823174427555	0.9204195908261099	2.3050181799677	0.10218436715897017
t0389_1-111	4.226012798373111	0.35703275282250013	1.5203105818911398	1.7559514247298798	0.9375239064033702	1.7929927766684848	2.163379267165431	1.5450286088966299	1.9405042010831408	0.8802474975015899	0.7817143814252798	1.9804895157558104	2.177034145762026	0.5794493723635799	0.0	2.300797243259457	2.216272546791135	1.4998689631896898	1.72556880760412	0.68163373952255
STM_MW20851_1-116	6.526810041632567	2.657829996081957	0.780486661368317	0.544845818529577	3.238321149662827	0.507804466590972	0.137417976094026	0.7557686343628269	0.360293042176316	1.4205497457578669	1.519082861834177	4.281286759015267	0.12376309749743103	1.721347870895877	2.300797243259457	0.0	0.084524696468322	0.800928280069767	4.026366050863577	1.6191635037369068
t0819_1-116	6.442285345164245	2.5733052996136347	0.6959619648999951	0.4603211220612551	3.153796453194505	0.42327977012265006	0.052893279625704004	0.671243937894505	0.275768345707994	1.336025049289545	1.434558165365855	4.196762062546945	0.03923840102910903	1.636823174427555	2.216272546791135	0.084524696468322	0.0	0.7164035836014451	3.9418413543952546	1.5346388072685848
SL1344_2031_1-116	5.7258817615628	1.85690171601219	0.020441618701450004	0.25608246154019	2.43739286959306	0.293123813478795	0.6635103039757411	0.04515964570694009	0.44063523789345105	0.6196214656880998	0.7181545817644099	3.4803584789455	0.677165182572336	0.9204195908261099	1.4998689631896898	0.800928280069767	0.7164035836014451	0.0	3.2254377707938096	0.8182352236671397
STM_MW24891_1-111	2.50044399076899	1.3685360547816199	3.2458793894952596	3.4815202323339998	0.7880449012007498	3.5185615842726046	3.8889480747695506	3.27059741650075	3.6660730086872606	2.60581630510571	2.5072831890294	0.25492070815169043	3.902602953366146	2.3050181799677	1.72556880760412	4.026366050863577	3.9418413543952546	3.2254377707938096	0.0	2.40720254712667
NCTC13441_01268_1-111	4.90764653789566	1.0386664923450502	0.8386768423685897	1.0743176852073297	1.6191576459259203	1.1113590371459348	1.4817455276428808	0.8633948693740798	1.2588704615605908	0.1986137579790399	0.1000806419027298	2.6621232552783605	1.495400406239476	0.10218436715897017	0.68163373952255	1.6191635037369068	1.5346388072685848	0.8182352236671397	2.40720254712667	0.0
