ETEC_1602_1-72	0.0	0.43630560631107707	0.016533641073485983	0.17972790257664295	0.02864417638914807	1.493366834490167	0.796929099626627	0.359266198864707	0.453807364253678	0.4134801273574571	-1	0.030556472426685022	0.5262213205615469
BN373_21921_1-72	0.43630560631107707	0.0	0.45283924738456305	0.2565777037344341	0.46494978270022513	1.0570612281790899	0.3606234933155499	0.07703940744637006	0.890112970564755	0.02282547895361997	-1	0.40574913388439204	0.08991571425046985
ERS227112_05055_1-72	0.016533641073485983	0.45283924738456305	0.0	0.19626154365012893	0.012110535315662085	1.509900475563653	0.8134627407001129	0.375799839938193	0.43727372318019203	0.4300137684309431	-1	0.047090113500171005	0.5427549616350329
SEN1533_1-71	0.17972790257664295	0.2565777037344341	0.19626154365012893	0.0	0.20837207896579102	1.313638931913524	0.617201197049984	0.17953829628806406	0.6335352668303209	0.23375222478081414	-1	0.14917143014995793	0.34649341798490396
t1439_1-71	0.02864417638914807	0.46494978270022513	0.012110535315662085	0.20837207896579102	0.0	1.522011010879315	0.825573276015775	0.3879103752538551	0.42516318786452995	0.44212430374660516	-1	0.05920064881583309	0.554865496950695
ROD_15061_1-72	1.493366834490167	1.0570612281790899	1.509900475563653	1.313638931913524	1.522011010879315	0.0	0.69643773486354	1.13410063562546	1.947174198743845	1.0798867071327098	-1	1.462810362063482	0.96714551392862
CS17_01697_1-72	0.796929099626627	0.3606234933155499	0.8134627407001129	0.617201197049984	0.825573276015775	0.69643773486354	0.0	0.43766290076191994	1.250736463880305	0.38344897226916985	-1	0.7663726271999419	0.27070777906508003
NCTC13441_02315_1-72	0.359266198864707	0.07703940744637006	0.375799839938193	0.17953829628806406	0.3879103752538551	1.13410063562546	0.43766290076191994	0.0	0.813073563118385	0.054213928492750085	-1	0.328709726438022	0.1669551216968399
STM_MW15181_1-71	0.453807364253678	0.890112970564755	0.43727372318019203	0.6335352668303209	0.42516318786452995	1.947174198743845	1.250736463880305	0.813073563118385	0.0	0.867287491611135	-1	0.48436383668036304	0.9800286848152249
SL1344_1448_1-71	0.4134801273574571	0.02282547895361997	0.4300137684309431	0.23375222478081414	0.44212430374660516	1.0798867071327098	0.38344897226916985	0.054213928492750085	0.867287491611135	0.0	-1	0.3829236549307721	0.11274119320408982
b1532_1-72	-1	-1	-1	-1	-1	-1	-1	-1	-1	-1	-1	-1	-1
STMMW_15181_1-71	0.030556472426685022	0.40574913388439204	0.047090113500171005	0.14917143014995793	0.05920064881583309	1.462810362063482	0.7663726271999419	0.328709726438022	0.48436383668036304	0.3829236549307721	-1	0.0	0.4956648481348619
ENC_10800_1-71	0.5262213205615469	0.08991571425046985	0.5427549616350329	0.34649341798490396	0.554865496950695	0.96714551392862	0.27070777906508003	0.1669551216968399	0.9800286848152249	0.11274119320408982	-1	0.4956648481348619	0.0
