SL1344_0566_1-217	0.0	-1	0.08950054386194006	0.43018271191380997	0.43805729168929297	0.668986849135062	0.1618768615825199	0.4790651507644199	0.690699044476563	0.43872763820013505	0.05073093046975008	0.0018383103944599188	0.357784872722519
b0578_1-217	-1	-1	-1	-1	-1	-1	-1	-1	-1	-1	-1	-1	-1
BN373_11241_1-217	0.08950054386194006	-1	0.0	0.51968325577575	0.3485567478273529	0.579486305273122	0.07237631772057984	0.56856569462636	0.601198500614623	0.349227094338195	0.03876961339218998	0.09133885425639998	0.26828432886057896
CS17_00582_1-217	0.43018271191380997	-1	0.51968325577575	0.0	0.8682400036031029	1.099169561048872	0.5920595734963299	0.048882438850609944	1.120881756390373	0.868910350113945	0.48091364238356005	0.42834440151935005	0.787967584636329
STMMW_06431_1-217	0.43805729168929297	-1	0.3485567478273529	0.8682400036031029	0.0	0.23092955744576904	0.27618043010677307	0.9171224424537129	0.2526417527872701	0.0006703465108420792	0.3873263612195429	0.4398956020837529	0.08027241896677395
t2290_1-217	0.668986849135062	-1	0.579486305273122	1.099169561048872	0.23092955744576904	0.0	0.5071099875525421	1.148051999899482	0.02171219534150104	0.23025921093492696	0.6182559186653119	0.6708251595295219	0.311201976412543
ENC_21920_1-217	0.1618768615825199	-1	0.07237631772057984	0.5920595734963299	0.27618043010677307	0.5071099875525421	0.0	0.6409420123469398	0.5288221828940431	0.27685077661761515	0.11114593111276982	0.16371517197697982	0.19590801113999912
ETEC_0606_1-217	0.4790651507644199	-1	0.56856569462636	0.048882438850609944	0.9171224424537129	1.148051999899482	0.6409420123469398	0.0	1.169764195240983	0.917792788964555	0.52979608123417	0.47722684036996	0.8368500234869389
STM_MW06431_1-217	0.690699044476563	-1	0.601198500614623	1.120881756390373	0.2526417527872701	0.02171219534150104	0.5288221828940431	1.169764195240983	0.0	0.251971406276428	0.639968114006813	0.692537354871023	0.33291417175404403
SEN0548_1-217	0.43872763820013505	-1	0.349227094338195	0.868910350113945	0.0006703465108420792	0.23025921093492696	0.27685077661761515	0.917792788964555	0.251971406276428	0.0	0.38799670773038497	0.44056594859459497	0.08094276547761603
NCTC13441_03429_1-217	0.05073093046975008	-1	0.03876961339218998	0.48091364238356005	0.3873263612195429	0.6182559186653119	0.11114593111276982	0.52979608123417	0.639968114006813	0.38799670773038497	0.0	0.05256924086421	0.30705394225276894
ROD_05681_1-217	0.0018383103944599188	-1	0.09133885425639998	0.42834440151935005	0.4398956020837529	0.6708251595295219	0.16371517197697982	0.47722684036996	0.692537354871023	0.44056594859459497	0.05256924086421	0.0	0.35962318311697894
ERS227112_02991_1-217	0.357784872722519	-1	0.26828432886057896	0.787967584636329	0.08027241896677395	0.311201976412543	0.19590801113999912	0.8368500234869389	0.33291417175404403	0.08094276547761603	0.30705394225276894	0.35962318311697894	0.0
