CS17_01580_1-326	0.0	0.26466492364533156	0.3027768060718321	0.16639363405933044	-1	0.18300804773574164	0.1647456021626425	0.2598907110494558	0.12524560643455596	0.17819287572097442	0.09207927901502738	1.4332447686204486	0.19939204232051394	0.2612713922948781
t1519_1-326	0.26466492364533156	0.0	0.03811188242650054	0.431058557704662	-1	0.08165687590958992	0.42941052580797406	0.0047742125958757375	0.3899105300798875	0.08647204792435714	0.35674420266035894	1.168579844975117	0.4640569659658455	0.5259363159402097
SEN1446_1-326	0.3027768060718321	0.03811188242650054	0.0	0.46917044013116255	-1	0.11976875833609046	0.4675224082344746	0.04288609502237628	0.42802241250638806	0.12458393035085769	0.3948560850868595	1.1304679625486165	0.5021688483923461	0.5640481983667103
BN373_25231_1-326	0.16639363405933044	0.431058557704662	0.46917044013116255	0.0	-1	0.3494016817950721	0.0016480318966879404	0.42628434510878627	0.041148027624774486	0.34458650978030486	0.07431435504430306	1.599638402679779	0.0329984082611835	0.09487775823554767
b1428_1-326	-1	-1	-1	-1	-1	-1	-1	-1	-1	-1	-1	-1	-1	-1
ENC_11080_1-326	0.18300804773574164	0.08165687590958992	0.11976875833609046	0.3494016817950721	-1	0.0	0.34775364989838414	0.07688266331371418	0.3082536541702976	0.004815172014767222	0.275087326750769	1.250236720884707	0.3824000900562556	0.44427944003061975
ERS227112_04732_1-326	0.1647456021626425	0.42941052580797406	0.4675224082344746	0.0016480318966879404	-1	0.34775364989838414	0.0	0.4246363132120983	0.039499995728086545	0.3429384778836169	0.07266632314761512	1.5979903707830911	0.03464644015787144	0.09652579013223561
SL1344_1540_1-326	0.2598907110494558	0.0047742125958757375	0.04288609502237628	0.42628434510878627	-1	0.07688266331371418	0.4246363132120983	0.0	0.3851363174840118	0.0816978353284814	0.3519699900644832	1.1733540575709926	0.45928275336996977	0.5211621033443339
Ecoli9000q_4220_1-326	0.12524560643455596	0.3899105300798875	0.42802241250638806	0.041148027624774486	-1	0.3082536541702976	0.039499995728086545	0.3851363174840118	0.0	0.3034384821555304	0.033166327419528574	1.5584903750550045	0.07414643588595798	0.13602578586032216
ETEC_1499_1-326	0.17819287572097442	0.08647204792435714	0.12458393035085769	0.34458650978030486	-1	0.004815172014767222	0.3429384778836169	0.0816978353284814	0.3034384821555304	0.0	0.2702721547360018	1.2550518928994743	0.37758491804148836	0.43946426801585253
STMMW_16051_1-326	0.09207927901502738	0.35674420266035894	0.3948560850868595	0.07431435504430306	-1	0.275087326750769	0.07266632314761512	0.3519699900644832	0.033166327419528574	0.2702721547360018	0.0	1.525324047635476	0.10731276330548656	0.16919211327985073
ROD_16061_1-326	1.4332447686204486	1.168579844975117	1.1304679625486165	1.599638402679779	-1	1.250236720884707	1.5979903707830911	1.1733540575709926	1.5584903750550045	1.2550518928994743	1.525324047635476	0.0	1.6326368109409626	1.6945161609153268
NCTC13441_02388_1-326	0.19939204232051394	0.4640569659658455	0.5021688483923461	0.0329984082611835	-1	0.3824000900562556	0.03464644015787144	0.45928275336996977	0.07414643588595798	0.37758491804148836	0.10731276330548656	1.6326368109409626	0.0	0.06187934997436417
STM_MW16051_1-326	0.2612713922948781	0.5259363159402097	0.5640481983667103	0.09487775823554767	-1	0.44427944003061975	0.09652579013223561	0.5211621033443339	0.13602578586032216	0.43946426801585253	0.16919211327985073	1.6945161609153268	0.06187934997436417	0.0
