SL1344_1705_1-418	0.0	0.0865336863438846	0.0	0.00923793435797029	0.00952885210371211	0.00931349392164135	0.0	0.0	0.0	0.0	0.0	0.00993020077503791	0.0
STMMW_17691_1-418	0.0865336863438846	0.0	0.0865336863438846	0.0772957519859143	0.07700483424017249	0.07722019242224325	0.0865336863438846	0.0865336863438846	0.0865336863438846	0.0865336863438846	0.0865336863438846	0.07660348556884669	0.0865336863438846
ERS227112_04433_1-418	0.0	0.0865336863438846	0.0	0.00923793435797029	0.00952885210371211	0.00931349392164135	0.0	0.0	0.0	0.0	0.0	0.00993020077503791	0.0
SEN1262_1-418	0.00923793435797029	0.0772957519859143	0.00923793435797029	0.0	0.0002909177457418189	7.555956367106056e-05	0.00923793435797029	0.00923793435797029	0.00923793435797029	0.00923793435797029	0.00923793435797029	0.0006922664170676204	0.00923793435797029
CS17_01388_1-418	0.00952885210371211	0.07700483424017249	0.00952885210371211	0.0002909177457418189	0.0	0.00021535818207075834	0.00952885210371211	0.00952885210371211	0.00952885210371211	0.00952885210371211	0.00952885210371211	0.00040134867132580153	0.00952885210371211
ENC_07590_1-418	0.00931349392164135	0.07722019242224325	0.00931349392164135	7.555956367106056e-05	0.00021535818207075834	0.0	0.00931349392164135	0.00931349392164135	0.00931349392164135	0.00931349392164135	0.00931349392164135	0.0006167068533965599	0.00931349392164135
b1210_1-418	0.0	0.0865336863438846	0.0	0.00923793435797029	0.00952885210371211	0.00931349392164135	0.0	0.0	0.0	0.0	0.0	0.00993020077503791	0.0
BN373_28291_1-418	0.0	0.0865336863438846	0.0	0.00923793435797029	0.00952885210371211	0.00931349392164135	0.0	0.0	0.0	0.0	0.0	0.00993020077503791	0.0
ETEC_1314_1-418	0.0	0.0865336863438846	0.0	0.00923793435797029	0.00952885210371211	0.00931349392164135	0.0	0.0	0.0	0.0	0.0	0.00993020077503791	0.0
ROD_18031_1-418	0.0	0.0865336863438846	0.0	0.00923793435797029	0.00952885210371211	0.00931349392164135	0.0	0.0	0.0	0.0	0.0	0.00993020077503791	0.0
STM_MW17691_1-418	0.0	0.0865336863438846	0.0	0.00923793435797029	0.00952885210371211	0.00931349392164135	0.0	0.0	0.0	0.0	0.0	0.00993020077503791	0.0
t1099_1-418	0.00993020077503791	0.07660348556884669	0.00993020077503791	0.0006922664170676204	0.00040134867132580153	0.0006167068533965599	0.00993020077503791	0.00993020077503791	0.00993020077503791	0.00993020077503791	0.00993020077503791	0.0	0.00993020077503791
NCTC13441_02632_1-418	0.0	0.0865336863438846	0.0	0.00923793435797029	0.00952885210371211	0.00931349392164135	0.0	0.0	0.0	0.0	0.0	0.00993020077503791	0.0
