t1556_2-112	0.0	-1	0.684405096169002	0.43582836222396004	1.135079196952083	1.0950556359282921	0.3822320248031599	0.46388880585328995
b0543_1-110	-1	-1	-1	-1	-1	-1	-1	-1
SL1344_1583_2-112	0.684405096169002	-1	0.0	0.24857673394504198	0.450674100783081	0.41065053975929	1.066637120972162	0.22051629031571207
SEN1399_2-112	0.43582836222396004	-1	0.24857673394504198	0.0	0.699250834728123	0.659227273704332	0.8180603870271199	0.028060443629329912
STM_MW16481_2-113	1.135079196952083	-1	0.450674100783081	0.699250834728123	0.0	0.04002356102379101	1.517311221755243	0.6711903910987931
ERS227112_05567_1-114	1.0950556359282921	-1	0.41065053975929	0.659227273704332	0.04002356102379101	0.0	1.4772876607314518	0.6311668300750021
NCTC13441_01888_1-111	0.3822320248031599	-1	1.066637120972162	0.8180603870271199	1.517311221755243	1.4772876607314518	0.0	0.8461208306564498
STMMW_16481_2-112	0.46388880585328995	-1	0.22051629031571207	0.028060443629329912	0.6711903910987931	0.6311668300750021	0.8461208306564498	0.0
