ERS227112_04039_1-425	0.0	0.8796951295410921	0.272124935246682	0.03617627762460307	0.04905279746007207	0.3524932152838721	0.352403028173082	0.01382201912455705	0.19010248257352214
BN373_31511_2-426	0.8796951295410921	0.0	0.6075701942944101	0.843518851916489	0.83064233208102	0.52720191425722	0.5272921013680101	0.865873110416535	0.6895926469675699
SL1344_4364_1-408	0.272124935246682	0.6075701942944101	0.0	0.23594865762207895	0.22307213778660995	0.0803682800371901	0.08027809292639998	0.25830291612212497	0.08202245267315988
ERS227112_04032_2-427	0.03617627762460307	0.843518851916489	0.23594865762207895	0.0	0.012876519835469002	0.31631693765926905	0.31622675054847893	0.02235425850004602	0.15392620494891907
ROD_22451_1-411	0.04905279746007207	0.83064233208102	0.22307213778660995	0.012876519835469002	0.0	0.30344041782380005	0.3033502307130099	0.03523077833551502	0.14104968511345006
STM_MW43761_1-409	0.3524932152838721	0.52720191425722	0.0803682800371901	0.31631693765926905	0.30344041782380005	0.0	9.018711079011865e-05	0.33867119615931507	0.16239073271034998
BN373_31441_1-425	0.352403028173082	0.5272921013680101	0.08027809292639998	0.31622675054847893	0.3033502307130099	9.018711079011865e-05	0.0	0.33858100904852495	0.16230054559955986
ETEC_2235_1-423	0.01382201912455705	0.865873110416535	0.25830291612212497	0.02235425850004602	0.03523077833551502	0.33867119615931507	0.33858100904852495	0.0	0.17628046344896509
STMMW_43761_1-408	0.19010248257352214	0.6895926469675699	0.08202245267315988	0.15392620494891907	0.14104968511345006	0.16239073271034998	0.16230054559955986	0.17628046344896509	0.0
