t3385_2-240	0.0	0.41896294310192383	0.2483998095205825	0.08320371071414401	0.016480066560918938	0.09956247363931159	0.4966318592179741	0.3006041702096172	0.26243397913983235	-1	0.15303994620569072	0.10481842620087545	0.36078288004294645	0.28437131988650255	0.03962332883046271
Ecoli9000q_48510_1-239	0.41896294310192383	0.0	0.17056313358134134	0.5021666538160678	0.4024828765410049	0.5185254167412354	0.07766891611605026	0.11835877289230662	0.6813969222417562	-1	0.2659229968962331	0.3141445169010484	0.05818006305897738	0.13459162321542129	0.3793396142714611
t2121_1-239	0.2483998095205825	0.17056313358134134	0.0	0.3316035202347265	0.23191974295966356	0.3479622831598941	0.2482320496973916	0.05220436068903472	0.5108337886604148	-1	0.09535986331489177	0.14358138331970705	0.11238307052236396	0.035971510365920056	0.20877648069011978
ETEC_0755_1-239	0.08320371071414401	0.5021666538160678	0.3316035202347265	0.0	0.09968377727506295	0.01635876292516758	0.579835569932118	0.3838078809237612	0.17923026842568834	-1	0.23624365691983473	0.18802213691501946	0.44398659075709046	0.36757503060064656	0.12282703954460672
SL1344_0734_1-239	0.016480066560918938	0.4024828765410049	0.23191974295966356	0.09968377727506295	0.0	0.11604254020023053	0.48015179265705515	0.2841241036486983	0.2789140457007513	-1	0.1365598796447718	0.08833835963995651	0.3443028134820275	0.2678912533255836	0.023143262269543774
CS17_00750_1-239	0.09956247363931159	0.5185254167412354	0.3479622831598941	0.01635876292516758	0.11604254020023053	0.0	0.5961943328572856	0.4001666438489288	0.16287150550052076	-1	0.2526024198450023	0.20438089984018704	0.46034535368225804	0.38393379352581414	0.1391858024697743
STM_MW08091_1-239	0.4966318592179741	0.07766891611605026	0.2482320496973916	0.579835569932118	0.48015179265705515	0.5961943328572856	0.0	0.19602768900835688	0.7590658383578064	-1	0.34359191301228337	0.39181343301709864	0.13584897917502764	0.21226053933147154	0.4570085303875114
STMMW_08091_1-239	0.3006041702096172	0.11835877289230662	0.05220436068903472	0.3838078809237612	0.2841241036486983	0.4001666438489288	0.19602768900835688	0.0	0.5630381493494496	-1	0.1475642240039265	0.19578574400874177	0.060178709833329236	0.016232850323114667	0.2609808413791545
ROD_07391_1-239	0.26243397913983235	0.6813969222417562	0.5108337886604148	0.17923026842568834	0.2789140457007513	0.16287150550052076	0.7590658383578064	0.5630381493494496	0.0	-1	0.4154739253455231	0.3672524053407078	0.6232168591827788	0.5468052990263349	0.30205730797029506
b0751_1-239	-1	-1	-1	-1	-1	-1	-1	-1	-1	-1	-1	-1	-1	-1	-1
ENC_19920_1-239	0.15303994620569072	0.2659229968962331	0.09535986331489177	0.23624365691983473	0.1365598796447718	0.2526024198450023	0.34359191301228337	0.1475642240039265	0.4154739253455231	-1	0.0	0.04822152000481528	0.20774293383725573	0.13133137368081182	0.11341661737522801
ERS227112_03198_1-239	0.10481842620087545	0.3141445169010484	0.14358138331970705	0.18802213691501946	0.08833835963995651	0.20438089984018704	0.39181343301709864	0.19578574400874177	0.3672524053407078	-1	0.04822152000481528	0.0	0.255964453842071	0.1795528936856271	0.06519509737041274
NCTC13441_03243_1-239	0.36078288004294645	0.05818006305897738	0.11238307052236396	0.44398659075709046	0.3443028134820275	0.46034535368225804	0.13584897917502764	0.060178709833329236	0.6232168591827788	-1	0.20774293383725573	0.255964453842071	0.0	0.0764115601564439	0.32115955121248374
BN373_13211_1-239	0.28437131988650255	0.13459162321542129	0.035971510365920056	0.36757503060064656	0.2678912533255836	0.38393379352581414	0.21226053933147154	0.016232850323114667	0.5468052990263349	-1	0.13133137368081182	0.1795528936856271	0.0764115601564439	0.0	0.24474799105603984
SEN0702_1-239	0.03962332883046271	0.3793396142714611	0.20877648069011978	0.12282703954460672	0.023143262269543774	0.1391858024697743	0.4570085303875114	0.2609808413791545	0.30205730797029506	-1	0.11341661737522801	0.06519509737041274	0.32115955121248374	0.24474799105603984	0.0
