CS17_00634_1-321	0.0	0.03004867790630178	0.07840030228229593	0.14305966611811394	-1	0.09935515651149252	0.09358064374100944	0.1307862729429401	0.1433109846855206	0.058740293305840394	0.10517130301697279	0.09005761471640997	0.005417321128153241	0.09262107555133298
t2234_1-321	0.03004867790630178	0.0	0.04835162437599415	0.11301098821181217	-1	0.06930647860519074	0.06353196583470766	0.10073759503663832	0.11326230677921882	0.028691615399538614	0.07512262511067101	0.06000893681010819	0.02463135677814854	0.0625723976450312
ROD_06461_1-321	0.07840030228229593	0.04835162437599415	0.0	0.06465936383581802	-1	0.020954854229196587	0.015180341458713512	0.05238597066064416	0.06491068240322467	0.019660008976455534	0.026771000734676864	0.01165731243411404	0.07298298115414269	0.014220773269037049
STM_MW06981_1-321	0.14305966611811394	0.11301098821181217	0.06465936383581802	0.0	-1	0.043704509606621436	0.04947902237710451	0.012273393175173862	0.00025131856740664635	0.08431937281227356	0.03788836310114116	0.053002051401703984	0.1376423449899607	0.050438590566780975
b0628_1-321	-1	-1	-1	-1	-1	-1	-1	-1	-1	-1	-1	-1	-1	-1
ENC_20820_1-321	0.09935515651149252	0.06930647860519074	0.020954854229196587	0.043704509606621436	-1	0.0	0.005774512770483076	0.031431116431447574	0.043955828174028086	0.04061486320565212	0.005816146505480277	0.009297541795082548	0.09393783538333927	0.006734080960159539
SL1344_0621_1-321	0.09358064374100944	0.06353196583470766	0.015180341458713512	0.04947902237710451	-1	0.005774512770483076	0.0	0.03720562920193065	0.04973034094451116	0.034840350435169046	0.011590659275963353	0.003523029024599472	0.0881633226128562	0.000959568189676463
STMMW_06981_1-321	0.1307862729429401	0.10073759503663832	0.05238597066064416	0.012273393175173862	-1	0.031431116431447574	0.03720562920193065	0.0	0.012524711742580508	0.07204597963709969	0.025614969925967297	0.04072865822653012	0.12536895181478686	0.03816519739160711
ERS227112_03102_1-321	0.1433109846855206	0.11326230677921882	0.06491068240322467	0.00025131856740664635	-1	0.043955828174028086	0.04973034094451116	0.012524711742580508	0.0	0.08457069137968021	0.03813968166854781	0.053253369969110634	0.13789366355736735	0.050689909134187625
ETEC_0656_1-321	0.058740293305840394	0.028691615399538614	0.019660008976455534	0.08431937281227356	-1	0.04061486320565212	0.034840350435169046	0.07204597963709969	0.08457069137968021	0.0	0.0464310097111324	0.031317321410569574	0.05332297217768715	0.03388078224549258
NCTC13441_03367_1-321	0.10517130301697279	0.07512262511067101	0.026771000734676864	0.03788836310114116	-1	0.005816146505480277	0.011590659275963353	0.025614969925967297	0.03813968166854781	0.0464310097111324	0.0	0.015113688300562825	0.09975398188881955	0.012550227465639816
SEN0602_1-321	0.09005761471640997	0.06000893681010819	0.01165731243411404	0.053002051401703984	-1	0.009297541795082548	0.003523029024599472	0.04072865822653012	0.053253369969110634	0.031317321410569574	0.015113688300562825	0.0	0.08464029358825673	0.0025634608349230092
BN373_12401_1-321	0.005417321128153241	0.02463135677814854	0.07298298115414269	0.1376423449899607	-1	0.09393783538333927	0.0881633226128562	0.12536895181478686	0.13789366355736735	0.05332297217768715	0.09975398188881955	0.08464029358825673	0.0	0.08720375442317974
Ecoli9000q_47320_1-321	0.09262107555133298	0.0625723976450312	0.014220773269037049	0.050438590566780975	-1	0.006734080960159539	0.000959568189676463	0.03816519739160711	0.050689909134187625	0.03388078224549258	0.012550227465639816	0.0025634608349230092	0.08720375442317974	0.0
