ENC_34760_1-132	0.0	0.41798971797932016	0.7976021330162801	0.4246881875396802	-1	1.257259832546216	0.8243701935116197	0.15403372081301026	1.0014454620072502	1.1048137288602111	0.3438677761117501	0.3264199757279802	0.38164175280747004
SEN3180_3-134	0.41798971797932016	0.0	0.37961241503695997	0.006698469560360021	-1	0.8392701145668959	1.2423599114909398	0.2639559971663099	0.58345574402793	0.686824010880891	0.07412194186757004	0.09156974225133996	0.03634796517185013
STM_MW33461_3-134	0.7976021330162801	0.37961241503695997	0.0	0.37291394547659995	-1	0.45965769952993596	1.6219723265278998	0.6435684122032699	0.20384332899097002	0.307211595843931	0.45373435690453	0.47118215728829993	0.4159603802088101
SL1344_3319_3-134	0.4246881875396802	0.006698469560360021	0.37291394547659995	0.0	-1	0.8325716450065359	1.2490583810512998	0.27065446672666993	0.57675727446757	0.6801255413205309	0.08082041142793006	0.09826821181169998	0.04304643473221015
b3233_1-132	-1	-1	-1	-1	-1	-1	-1	-1	-1	-1	-1	-1	-1
t3263_3-134	1.257259832546216	0.8392701145668959	0.45965769952993596	0.8325716450065359	-1	0.0	2.0816300260578355	1.1032261117332058	0.25581437053896594	0.15244610368600497	0.913392056434466	0.9308398568182359	0.8756180797387461
CS17_03670_1-132	0.8243701935116197	1.2423599114909398	1.6219723265278998	1.2490583810512998	-1	2.0816300260578355	0.0	0.9784039143246299	1.8258156555188698	1.9291839223718308	1.1682379696233698	1.1507901692395999	1.2060119463190897
BN373_42821_1-132	0.15403372081301026	0.2639559971663099	0.6435684122032699	0.27065446672666993	-1	1.1032261117332058	0.9784039143246299	0.0	0.8474117411942399	0.9507800080472009	0.18983405529873987	0.17238625491496995	0.22760803199445978
NCTC13441_00466_1-132	1.0014454620072502	0.58345574402793	0.20384332899097002	0.57675727446757	-1	0.25581437053896594	1.8258156555188698	0.8474117411942399	0.0	0.10336826685296097	0.6575776858955	0.67502548627927	0.6198037091997801
ROD_45901_1-132	1.1048137288602111	0.686824010880891	0.307211595843931	0.6801255413205309	-1	0.15244610368600497	1.9291839223718308	0.9507800080472009	0.10336826685296097	0.0	0.760945952748461	0.7783937531322309	0.7231719760527411
ERS227112_00965_1-132	0.3438677761117501	0.07412194186757004	0.45373435690453	0.08082041142793006	-1	0.913392056434466	1.1682379696233698	0.18983405529873987	0.6575776858955	0.760945952748461	0.0	0.017447800383769918	0.03777397669571991
ETEC_3494_1-132	0.3264199757279802	0.09156974225133996	0.47118215728829993	0.09826821181169998	-1	0.9308398568182359	1.1507901692395999	0.17238625491496995	0.67502548627927	0.7783937531322309	0.017447800383769918	0.0	0.05522177707948983
STMMW_33461_3-134	0.38164175280747004	0.03634796517185013	0.4159603802088101	0.04304643473221015	-1	0.8756180797387461	1.2060119463190897	0.22760803199445978	0.6198037091997801	0.7231719760527411	0.03777397669571991	0.05522177707948983	0.0
