CS17_03113_1-744	0.0	0.7524272499285221	0.8303816932157988	0.6350089902532997	0.8096466147732941	0.33911431308041146	0.3816163638799802	0.45313724418202034	-1	0.4313790328277993	0.7082144000838679	0.4657630353526249	0.7103873803070828	0.48381114848879525	-1	0.7257594013551947	0.5769059704832841	0.5802179422108826	0.5027617052427008	0.5776876379672009	0.7227737628043408	0.7038579857831914	0.7118144425311769	0.5276993310784786
STM_MW29191_1-744	0.7524272499285221	0.0	0.31487489339909197	0.3217017859062046	0.2311214171521384	0.6253924771386361	0.5996453728548737	0.5472854067357968	-1	0.5646084749518158	0.15152512617950403	0.5365862595545234	0.14515897016509507	0.5203833842077779	-1	0.09724252610703892	0.4148517048225172	0.410235036305794	0.5021044181797832	0.41376864063418045	0.10696493746099726	0.16400666509201425	0.14092589425387433	0.47581537278615377
t3776_1-703	0.8303816932157988	0.31487489339909197	0.0	0.5352808637617829	0.10892939160398736	0.743346980966106	0.7257069933990287	0.6898338660300761	-1	0.7017023349882309	0.4186885616255407	0.6825036116769674	0.41432694830753075	0.6714026149777871	-1	0.38149818946431857	0.5991002118891875	0.5959372163795265	0.6588792364293029	0.5983581774216976	0.38815925757961717	0.42723997730351765	0.4114267617226059	0.6408679514015564
BN373_46401_1-706	0.6350089902532997	0.3217017859062046	0.5352808637617829	0.0	0.47847103039932715	0.4477244446797808	0.4097660603750831	0.3325729246257435	-1	0.35811193955468973	0.20056770680837305	0.31679940943881735	0.20652122392300837	0.292911869990711	-1	0.2486373874383227	0.13732885769242464	0.13052260578021663	0.265963596136835	0.13573212020169761	0.24045735431113469	0.18863203117707528	0.2104310797440719	0.22720624008400866
ERS227112_00581_1-706	0.8096466147732941	0.2311214171521384	0.10892939160398736	0.47847103039932715	0.0	0.7119722986982067	0.6921759016440714	0.6519174450964734	-1	0.6652367812369829	0.3476258414348789	0.6436910999740553	0.34273104042033176	0.6312330561393888	-1	0.3058891128178647	0.5500920080480948	0.5465423505014784	0.6171787506438602	0.5492592631898332	0.31336446668156015	0.3572226293856902	0.3394763190126249	0.5969656666771833
BN373_37701_1-745	0.33911431308041146	0.6253924771386361	0.743346980966106	0.4477244446797808	0.7119722986982067	0.0	0.06431074486977063	0.1725304895511867	-1	0.13960768340654645	0.5584930863366779	0.1916348390937737	0.5617810683072715	0.21894381777705135	-1	0.585040795900649	0.3598075463114172	0.36481896022633453	0.24761830283396763	0.36099030378277397	0.5805231635627934	0.5519013044492809	0.5639403861020714	0.2853519477431393
ETEC_2974_1-744	0.3816163638799802	0.5996453728548737	0.7257069933990287	0.4097660603750831	0.6921759016440714	0.06431074486977063	0.0	0.1156577828462442	-1	0.08047216329987242	0.5281479281261244	0.13607519112344846	0.5316618959873199	0.1652611399131209	-1	0.5565202851008512	0.3158065563128854	0.3211624091106391	0.19590644752961733	0.3170706057447581	0.5516921519219287	0.5211030872761784	0.5339696255919517	0.2362335590169881
CS17_04098_1-702	0.45313724418202034	0.5472854067357968	0.6898338660300761	0.3325729246257435	0.6519174450964734	0.1725304895511867	0.1156577828462442	0.0	-1	0.03826487697494943	0.4664372425953773	0.023087677916041865	0.47041078111138895	0.056090680852627944	-1	0.49852024895239916	0.22632502393792472	0.23238133640821643	0.09074390335186353	0.227754390768269	0.4930606733658555	0.45847104951616446	0.47302032474717637	0.1363451544344626
b2784_1-744	-1	-1	-1	-1	-1	-1	-1	-1	-1	-1	-1	-1	-1	-1	-1	-1	-1	-1	-1	-1	-1	-1	-1	-1
SL1344_2937_1-744	0.4313790328277993	0.5646084749518158	0.7017023349882309	0.35811193955468973	0.6652367812369829	0.13960768340654645	0.08047216329987242	0.03826487697494943	-1	0.0	0.48685395586588	0.0604691077358967	0.4906754474194212	0.09220925482531042	-1	0.5177093099316639	0.25592960171553697	0.26175417013423113	0.1255364760288272	0.2573042739999661	0.5124586443332747	0.47919258818480187	0.49318513718902446	0.16939280084884684
STM_MW37311_1-703	0.7082144000838679	0.15152512617950403	0.4186885616255407	0.20056770680837305	0.3476258414348789	0.5584930863366779	0.5281479281261244	0.4664372425953773	-1	0.48685395586588	0.0	0.4538273851777999	0.007447181162605673	0.43473091473809483	-1	0.06012977088783575	0.31035283043481465	0.3049116928605983	0.4131875943735348	0.30907634692097774	0.04989746829404095	0.014710558082066252	0.012337971607727618	0.38220371234617945
NCTC13441_00992_1-744	0.4657630353526249	0.5365862595545234	0.6825036116769674	0.31679940943881735	0.6436910999740553	0.1916348390937737	0.13607519112344846	0.023087677916041865	-1	0.0604691077358967	0.4538273851777999	0.0	0.4578948315864349	0.03378297334420327	-1	0.48666861937226896	0.20804051850665076	0.21423996172523183	0.06925516641196294	0.2095036660154212	0.4810800159089641	0.4456729245377506	0.4605660473923946	0.11593412628557992
t2865_1-744	0.7103873803070828	0.14515897016509507	0.41432694830753075	0.20652122392300837	0.34273104042033176	0.5617810683072715	0.5316618959873199	0.47041078111138895	-1	0.4906754474194212	0.007447181162605673	0.4578948315864349	0.0	0.43894057602166064	-1	0.05307787024063738	0.31548875784484487	0.31008814140787433	0.4175576926666995	0.3142217805349865	0.04276879408912316	0.022048187053631745	0.0049274863284864455	0.3868045532219227
ERS227112_01534_1-745	0.48381114848879525	0.5203833842077779	0.6714026149777871	0.292911869990711	0.6312330561393888	0.21894381777705135	0.1652611399131209	0.056090680852627944	-1	0.09220925482531042	0.43473091473809483	0.03378297334420327	0.43894057602166064	0.0	-1	0.4687204153248697	0.18035031504834437	0.18676651663406696	0.036712448745116366	0.18186462029075412	0.4629364109975523	0.4262913401755631	0.44170518866278236	0.08502349956066549
b3650_1-702	-1	-1	-1	-1	-1	-1	-1	-1	-1	-1	-1	-1	-1	-1	-1	-1	-1	-1	-1	-1	-1	-1	-1	-1
ROD_41661_1-705	0.7257594013551947	0.09724252610703892	0.38149818946431857	0.2486373874383227	0.3058891128178647	0.585040795900649	0.5565202851008512	0.49852024895239916	-1	0.5177093099316639	0.06012977088783575	0.48666861937226896	0.05307787024063738	0.4687204153248697	-1	0.0	0.35182115673421366	0.34670719351570417	0.4484724898779939	0.35062142788160583	0.010769682484081122	0.07395578648279516	0.04838881915699865	0.4193516615781591
ETEC_3891_1-702	0.5769059704832841	0.4148517048225172	0.5991002118891875	0.13732885769242464	0.5500920080480948	0.3598075463114172	0.3158065563128854	0.22632502393792472	-1	0.25592960171553697	0.31035283043481465	0.20804051850665076	0.31548875784484487	0.18035031504834437	-1	0.35182115673421366	0.0	0.007827980298804132	0.14911213802785017	0.0018475029884249324	0.3447644782122686	0.30005626750375036	0.31886167763225964	0.10418498774767092
ROD_30321_1-744	0.5802179422108826	0.410235036305794	0.5959372163795265	0.13052260578021663	0.5465423505014784	0.36481896022633453	0.3211624091106391	0.23238133640821643	-1	0.26175417013423113	0.3049116928605983	0.21423996172523183	0.31008814140787433	0.18676651663406696	-1	0.34670719351570417	0.007827980298804132	0.0	0.15577287144785973	0.005991546710832751	0.3395948396276452	0.29453389271444497	0.3134876726589477	0.11119741001495513
SEN2801_1-744	0.5027617052427008	0.5021044181797832	0.6588792364293029	0.265963596136835	0.6171787506438602	0.24761830283396763	0.19590644752961733	0.09074390335186353	-1	0.1255364760288272	0.4131875943735348	0.06925516641196294	0.4175576926666995	0.036712448745116366	-1	0.4484724898779939	0.14911213802785017	0.15577287144785973	0.0	0.15068415589565823	0.4424680477778312	0.4044263739554598	0.42042766917321645	0.05015226320802534
STMMW_29191_1-744	0.5776876379672009	0.41376864063418045	0.5983581774216976	0.13573212020169761	0.5492592631898332	0.36099030378277397	0.3170706057447581	0.227754390768269	-1	0.2573042739999661	0.30907634692097774	0.2095036660154212	0.3142217805349865	0.18186462029075412	-1	0.35062142788160583	0.0018475029884249324	0.005991546710832751	0.15068415589565823	0.0	0.3435516879940912	0.29876072584915575	0.31760094333577416	0.10584000865988301
SL1344_3708_1-703	0.7227737628043408	0.10696493746099726	0.38815925757961717	0.24045735431113469	0.31336446668156015	0.5805231635627934	0.5516921519219287	0.4930606733658555	-1	0.5124586443332747	0.04989746829404095	0.4810800159089641	0.04276879408912316	0.4629364109975523	-1	0.010769682484081122	0.3447644782122686	0.3395948396276452	0.4424680477778312	0.3435516879940912	0.0	0.06387400677061966	0.03802869362858175	0.41303018302156214
SEN3564_1-703	0.7038579857831914	0.16400666509201425	0.42723997730351765	0.18863203117707528	0.3572226293856902	0.5519013044492809	0.5211030872761784	0.45847104951616446	-1	0.47919258818480187	0.014710558082066252	0.4456729245377506	0.022048187053631745	0.4262913401755631	-1	0.07395578648279516	0.30005626750375036	0.29453389271444497	0.4044263739554598	0.29876072584915575	0.06387400677061966	0.0	0.026867031241843507	0.3729798966979312
NCTC13441_00034_1-702	0.7118144425311769	0.14092589425387433	0.4114267617226059	0.2104310797440719	0.3394763190126249	0.5639403861020714	0.5339696255919517	0.47302032474717637	-1	0.49318513718902446	0.012337971607727618	0.4605660473923946	0.0049274863284864455	0.44170518866278236	-1	0.04838881915699865	0.31886167763225964	0.3134876726589477	0.42042766917321645	0.31760094333577416	0.03802869362858175	0.026867031241843507	0.0	0.3898260654026118
STMMW_37311_1-703	0.5276993310784786	0.47581537278615377	0.6408679514015564	0.22720624008400866	0.5969656666771833	0.2853519477431393	0.2362335590169881	0.1363451544344626	-1	0.16939280084884684	0.38220371234617945	0.11593412628557992	0.3868045532219227	0.08502349956066549	-1	0.4193516615781591	0.10418498774767092	0.11119741001495513	0.05015226320802534	0.10584000865988301	0.41303018302156214	0.3729798966979312	0.3898260654026118	0.0
