t1492_1-281	0.0	0.6569534049104084	0.03700658452236399	0.6458843573707382	0.5199575614757513	0.3913097073690082	-1	0.4029630508492472	0.25217861708460765	0.4148844144196331	0.5991788922252304	0.3044982445564359	0.4697369853170656	0.17348800385595517
STM_MW15771_1-281	0.6569534049104084	0.0	0.6437705704151221	0.03125828460297308	0.28538277543921114	0.4364184886096781	-1	0.4254181494502916	0.7434624208556848	0.4137114041333745	0.14414039471604564	0.5067638688117906	0.35306331840867117	0.5849466230496122
SL1344_1513_1-281	0.03700658452236399	0.6437705704151221	0.0	0.6322761537745057	0.5015101548891152	0.3679185310638008	-1	0.3800196973780679	0.27985293229909725	0.39239918344596897	0.5837758583468964	0.27777101663919324	0.449359667303718	0.14172622277577843
Ecoli9000q_4600_1-235	0.6458843573707382	0.03125828460297308	0.6322761537745057	0.0	0.262324298414349	0.418233464676036	-1	0.40687817875766497	0.7351847504170125	0.394793693150354	0.11652446500335667	0.4908486716853495	0.3321886821750112	0.5715541404343435
ERS227112_04792_1-281	0.5199575614757513	0.28538277543921114	0.5015101548891152	0.262324298414349	0.0	0.2113519069783058	-1	0.19595857642131093	0.6410139997647192	0.1795767360254092	0.16502984817971933	0.30978975284095983	0.09470880443870798	0.4191948323027284
STMMW_15771_1-281	0.3913097073690082	0.4364184886096781	0.3679185310638008	0.418233464676036	0.2113519069783058	0.0	-1	0.019144947145236717	0.5448083835975169	0.03873021688702472	0.3415023820369012	0.1248184668595226	0.12884594825566334	0.26354330551675503
b1463_1-281	-1	-1	-1	-1	-1	-1	-1	-1	-1	-1	-1	-1	-1	-1
BN373_24651_1-281	0.4029630508492472	0.4254181494502916	0.3800196973780679	0.40687817875766497	0.19595857642131093	0.019144947145236717	-1	0.0	0.5535230030344973	0.019967547381017598	0.3286494104847074	0.14157377105398428	0.1118422143935983	0.2776427300073925
ROD_15741_1-281	0.25217861708460765	0.7434624208556848	0.27985293229909725	0.7351847504170125	0.6410139997647192	0.5448083835975169	-1	0.5535230030344973	0.0	0.5624380536259405	0.7002574048821922	0.47988891542411094	0.603457979050923	0.381916656047399
NCTC13441_02364_1-281	0.4148844144196331	0.4137114041333745	0.39239918344596897	0.394793693150354	0.1795767360254092	0.03873021688702472	-1	0.019967547381017598	0.5624380536259405	0.0	0.31497106272224573	0.1587144374535721	0.09374655580747364	0.2920664330219924
CS17_01625_1-281	0.5991788922252304	0.14414039471604564	0.5837758583468964	0.11652446500335667	0.16502984817971933	0.3415023820369012	-1	0.3286494104847074	0.7002574048821922	0.31497106272224573	0.0	0.4236950451417028	0.24410887300062462	0.5150450209498055
SEN1473_1-281	0.3044982445564359	0.5067638688117906	0.27777101663919324	0.4908486716853495	0.30978975284095983	0.1248184668595226	-1	0.14157377105398428	0.47988891542411094	0.1587144374535721	0.4236950451417028	0.0	0.23758206139285265	0.15850978728885654
ETEC_1534_1-281	0.4697369853170656	0.35306331840867117	0.449359667303718	0.3321886821750112	0.09470880443870798	0.12884594825566334	-1	0.1118422143935983	0.603457979050923	0.09374655580747364	0.24410887300062462	0.23758206139285265	0.0	0.35843276666668006
ENC_09710_1-281	0.17348800385595517	0.5849466230496122	0.14172622277577843	0.5715541404343435	0.4191948323027284	0.26354330551675503	-1	0.2776427300073925	0.381916656047399	0.2920664330219924	0.5150450209498055	0.15850978728885654	0.35843276666668006	0.0
