CS17_02295_1-248	0.0	0.6247366927071194	2.1285761046563896	0.4661771496827294	1.0463914267781165	1.339109964112124	1.2379882428510267	0.512977805297705	0.12129794769011382	2.2461482409635383	0.39237514225609643	1.864554144642954	1.441560597216583	0.7462205636441899	0.534623403155808	0.7568685608557382	1.5008324336455383	0.6849173078880577	-1	3.1369553174446776	0.958319264069587	0.07750600703467272	0.3646609238283627	0.6455332865708833	0.41244348113067847	2.2121217871734813	1.1862850670760334	3.23836779014253	-1	1.0289019841075977	2.4566925671787216	0.890609669483553	0.874796961953857	1.9657250907095316
ETEC_2202_2-258	0.6247366927071194	0.0	1.50383941194927	0.15855954302439002	0.4216547340709972	0.7143732714050047	0.6132515501439074	0.11175888740941442	0.5034387450170056	1.6214115482564186	0.23236155045102297	1.239817451935835	0.8168239045094637	0.12148387093707047	0.09011328955131137	0.13213186814861877	0.876095740938419	0.06018061518093831	-1	2.512218624737558	0.3335825713624676	0.5472306856724467	0.2600757688787567	0.020796593863763868	0.21229321157644093	1.5873850944663617	0.5615483743689141	2.6136310974354102	-1	0.4041652914004784	1.831955874471602	0.2658729767764336	0.25006026924673763	1.3409883980024122
ROD_21911_1-248	2.1285761046563896	1.50383941194927	0.0	1.6623989549736602	1.0821846778782729	0.7894661405442653	0.8905878618053626	1.6155982993586844	2.007278156966276	0.11757213630714869	1.736200962400293	0.26402196001343525	0.6870155074398063	1.3823555410121995	1.5939527015005814	1.3717075438006514	0.627743671010851	1.4436587967683319	-1	1.008379212788288	1.1702568405868026	2.0510700976217167	1.7639151808280267	1.4830428180855062	1.716132623525711	0.08354568251709171	0.9422910375803559	1.1097916854861403	-1	1.0996741205487917	0.32811646252233206	1.2379664351728366	1.2537791427025324	0.16285101394685775
NCTC13441_01653_2-258	0.4661771496827294	0.15855954302439002	1.6623989549736602	0.0	0.5802142770953872	0.8729328144293947	0.7718110931682974	0.046800655614975595	0.34487920199261557	1.7799710912808089	0.07380200742663295	1.3983769949602247	0.9753834475338538	0.2800434139614605	0.06844625347307864	0.2906914111730088	1.0346552839628091	0.21874015820532833	-1	2.670778167761948	0.4921421143868576	0.3886711426480567	0.1015162258543667	0.17935613688815388	0.05373366855205092	1.745944637490752	0.7201079173933042	2.7721906404598005	-1	0.5627248344248684	1.9905154174959923	0.42443251980082364	0.40861981227112765	1.4995479410268024
STMMW_21431_1-248	1.0463914267781165	0.4216547340709972	1.0821846778782729	0.5802142770953872	0.0	0.29271853733400754	0.19159681607291024	0.5334136214804116	0.9250934790880028	1.1997568141854216	0.6540162845220201	0.8181627178648376	0.39516917043846655	0.3001708631339267	0.5117680236223086	0.2895228659223784	0.45444100686742184	0.36147411889005887	-1	2.090563890666561	0.08807216270852958	0.9688854197434439	0.6817305029497539	0.4008581402072333	0.6339479456474382	1.1657303603953646	0.13989364029791695	2.191976363364413	-1	0.017489442670518773	1.410301140400605	0.15578175729456356	0.17159446482425955	0.9193336639314151
ERS227112_00619_3-221	1.339109964112124	0.7143732714050047	0.7894661405442653	0.8729328144293947	0.29271853733400754	0.0	0.10112172126109731	0.8261321588144191	1.2178120164220103	0.907038276851414	0.9467348218560276	0.5254441805308301	0.10245063310445901	0.5928894004679343	0.8044865609563161	0.582241403256386	0.1617224695334143	0.6541926562240664	-1	1.7978453533325534	0.3807907000425371	1.2616039570774513	0.9744490402837614	0.6935766775412409	0.9266664829814457	0.873011823061357	0.1528248970360906	1.8992578260304056	-1	0.3102079800045263	1.1175826030665974	0.4485002946285711	0.4643130021582671	0.6266151265974076
STM_MW07771_6-260	1.2379882428510267	0.6132515501439074	0.8905878618053626	0.7718110931682974	0.19159681607291024	0.10112172126109731	0.0	0.7250104375533218	1.116690295160913	1.0081599981125113	0.8456131005949303	0.6265659017919274	0.20357235436555632	0.49176767920683695	0.7033648396952188	0.48111968199528865	0.2628441907945116	0.5530709349629691	-1	1.8989670745936507	0.2796689787814398	1.160482235816354	0.8733273190226641	0.5924549562801436	0.8255447617203484	0.9741335443224544	0.05170317577499328	2.000379547291503	-1	0.209086258743429	1.2187043243276947	0.3473785733674738	0.3631912808971698	0.7277368478585049
t0757_3-257	0.512977805297705	0.11175888740941442	1.6155982993586844	0.046800655614975595	0.5334136214804116	0.8261321588144191	0.7250104375533218	0.0	0.39167985760759116	1.733170435665833	0.12060266304160855	1.3515763393452493	0.9285827919188782	0.2332427583464849	0.02164559785810305	0.2438907555580332	0.9878546283478334	0.17193950259035273	-1	2.6239775121469724	0.445341458771882	0.4354717982630323	0.1483168814693423	0.1325554812731783	0.10053432416702651	1.699143981875776	0.6733072617783286	2.7253899848448246	-1	0.5159241788098928	1.9437147618810164	0.37763186418584804	0.36181915665615205	1.4527472854118266
STMMW_07771_6-260	0.12129794769011382	0.5034387450170056	2.007278156966276	0.34487920199261557	0.9250934790880028	1.2178120164220103	1.116690295160913	0.39167985760759116	0.0	2.1248502932734246	0.2710771945659826	1.7432561969528404	1.3202626495264693	0.624922615954076	0.4133254554656942	0.6355706131656244	1.3795344859554246	0.5636193601979439	-1	3.015657369754564	0.8370213163794732	0.04379194065544109	0.24336297613824887	0.5242353388807695	0.29114553344056465	2.0908238394833676	1.0649871193859197	3.117069842452416	-1	0.907604036417484	2.335394619488608	0.7693117217934392	0.7534990142637432	1.844427143019418
t2156_5-259	2.2461482409635383	1.6214115482564186	0.11757213630714869	1.7799710912808089	1.1997568141854216	0.907038276851414	1.0081599981125113	1.733170435665833	2.1248502932734246	0.0	1.8537730987074417	0.38159409632058394	0.804587643746955	1.4999276773193482	1.7115248378077301	1.4892796801078	0.7453158073179997	1.5612309330754806	-1	0.8908070764811393	1.2878289768939513	2.1686422339288653	1.8814873171351754	1.6006149543926549	1.8337047598328597	0.034026453790056976	1.0598631738875046	0.9922195491789916	-1	1.2172462568559403	0.21054432621518337	1.3555385714799852	1.3713512790096811	0.28042315025400644
NCTC13441_01677_1-293	0.39237514225609643	0.23236155045102297	1.736200962400293	0.07380200742663295	0.6540162845220201	0.9467348218560276	0.8456131005949303	0.12060266304160855	0.2710771945659826	1.8537730987074417	0.0	1.4721790023868577	1.0491854549604867	0.35384542138809344	0.1422482608997116	0.36449341859964174	1.108457291389442	0.2925421656319613	-1	2.744580175188581	0.5659441218134906	0.3148691352214237	0.02771421842773375	0.25315814431478684	0.020068338874582037	1.8197466449173847	0.793909924819937	2.8459926478864332	-1	0.6365268418515013	2.064317424922625	0.4982345272274566	0.4824218196977606	1.5733499484534352
SEN2107_1-248	1.864554144642954	1.239817451935835	0.26402196001343525	1.3983769949602247	0.8181627178648376	0.5254441805308301	0.6265659017919274	1.3515763393452493	1.7432561969528404	0.38159409632058394	1.4721790023868577	0.0	0.4229935474263711	1.1183335809987645	1.3299307414871462	1.107685583787216	0.3637217109974158	1.1796368367548964	-1	1.2724011728017233	0.9062348805733672	1.7870481376082814	1.4998932208145916	1.219020858072071	1.4521106635122758	0.34756764253052697	0.6782690775669207	1.3738136454995755	-1	0.8356521605353564	0.5921384225357673	0.9739444751594012	0.9897571826890972	0.1011709460665775
CS17_02269_1-243	1.441560597216583	0.8168239045094637	0.6870155074398063	0.9753834475338538	0.39516917043846655	0.10245063310445901	0.20357235436555632	0.9285827919188782	1.3202626495264693	0.804587643746955	1.0491854549604867	0.4229935474263711	0.0	0.6953400335723933	0.9069371940607751	0.684692036360845	0.05927183642895528	0.7566432893285254	-1	1.6953947202280943	0.48324133314699613	1.3640545901819103	1.0768996733882203	0.7960273106456999	1.0291171160859047	0.770561189956898	0.2552755301405496	1.7968071929259466	-1	0.41265861310898533	1.0151319699621384	0.5509509277330301	0.5667636352627261	0.5241644934929486
STM_MW21471_3-257	0.7462205636441899	0.12148387093707047	1.3823555410121995	0.2800434139614605	0.3001708631339267	0.5928894004679343	0.49176767920683695	0.2332427583464849	0.624922615954076	1.4999276773193482	0.35384542138809344	1.1183335809987645	0.6953400335723933	0.0	0.21159716048838184	0.010647997211548299	0.7546118700013486	0.06130325575613216	-1	2.3907347538004875	0.21209870042539714	0.6687145566095172	0.3815596398158272	0.1006872770733066	0.3337770825135114	1.4659012235292912	0.44006450343184367	2.4921472264983398	-1	0.28268142046340794	1.7104720035345315	0.14438910583936315	0.12857639830966716	1.2195045270653417
STMMW_21471_3-257	0.534623403155808	0.09011328955131137	1.5939527015005814	0.06844625347307864	0.5117680236223086	0.8044865609563161	0.7033648396952188	0.02164559785810305	0.4133254554656942	1.7115248378077301	0.1422482608997116	1.3299307414871462	0.9069371940607751	0.21159716048838184	0.0	0.22224515769993014	0.9662090304897304	0.15029390473224968	-1	2.6023319142888695	0.423695860913779	0.45711739612113533	0.16996247932744535	0.11090988341507524	0.12217992202512956	1.6774983840176731	0.6516616639202255	2.7037443869867217	-1	0.4942785809517898	1.9220691640229135	0.355986266327745	0.340173558798049	1.4311016875537237
SEN2111_3-257	0.7568685608557382	0.13213186814861877	1.3717075438006514	0.2906914111730088	0.2895228659223784	0.582241403256386	0.48111968199528865	0.2438907555580332	0.6355706131656244	1.4892796801078	0.36449341859964174	1.107685583787216	0.684692036360845	0.010647997211548299	0.22224515769993014	0.0	0.7439638727898003	0.07195125296768046	-1	2.3800867565889394	0.20145070321384884	0.6793625538210655	0.3922076370273755	0.1113352742848549	0.3444250797250597	1.4552532263177431	0.42941650622029537	2.4814992292867917	-1	0.27203342325185964	1.6998240063229835	0.13374110862781485	0.11792840109811886	1.2088565298537937
SL1344_2088_1-248	1.5008324336455383	0.876095740938419	0.627743671010851	1.0346552839628091	0.45444100686742184	0.1617224695334143	0.2628441907945116	0.9878546283478334	1.3795344859554246	0.7453158073179997	1.108457291389442	0.3637217109974158	0.05927183642895528	0.7546118700013486	0.9662090304897304	0.7439638727898003	0.0	0.8159151257574807	-1	1.636122883799139	0.5425131695759514	1.4233264266108656	1.1361715098171756	0.8552991470746552	1.08838895251486	0.7112893535279428	0.3145473665695049	1.7375353564969913	-1	0.4719304495379406	0.9558601335331831	0.6102227641619854	0.6260354716916814	0.4648926570639933
ENC_27410_1-256	0.6849173078880577	0.06018061518093831	1.4436587967683319	0.21874015820532833	0.36147411889005887	0.6541926562240664	0.5530709349629691	0.17193950259035273	0.5636193601979439	1.5612309330754806	0.2925421656319613	1.1796368367548964	0.7566432893285254	0.06130325575613216	0.15029390473224968	0.07195125296768046	0.8159151257574807	0.0	-1	2.45203800955662	0.2734019561815293	0.607411300853385	0.32025638405969503	0.039384021317174445	0.27247382675737924	1.5272044792854236	0.5013677591879758	2.553450482254472	-1	0.3439846762195401	1.771775259290664	0.2056923615954953	0.18987965406579932	1.2808077828214741
b2055_1-248	-1	-1	-1	-1	-1	-1	-1	-1	-1	-1	-1	-1	-1	-1	-1	-1	-1	-1	-1	-1	-1	-1	-1	-1	-1	-1	-1	-1	-1	-1	-1	-1	-1	-1
ERS227112_04092_5-286	3.1369553174446776	2.512218624737558	1.008379212788288	2.670778167761948	2.090563890666561	1.7978453533325534	1.8989670745936507	2.6239775121469724	3.015657369754564	0.8908070764811393	2.744580175188581	1.2724011728017233	1.6953947202280943	2.3907347538004875	2.6023319142888695	2.3800867565889394	1.636122883799139	2.45203800955662	-1	0.0	2.1786360533750906	3.0594493104100047	2.7722943936163147	2.491422030873794	2.724511836313999	0.9248335302711963	1.950670250368644	0.10141247269785225	-1	2.1080533333370797	0.680262750265956	2.2463456479611246	2.2621583554908202	1.1712302267351458
ROD_21691_1-253	0.958319264069587	0.3335825713624676	1.1702568405868026	0.4921421143868576	0.08807216270852958	0.3807907000425371	0.2796689787814398	0.445341458771882	0.8370213163794732	1.2878289768939513	0.5659441218134906	0.9062348805733672	0.48324133314699613	0.21209870042539714	0.423695860913779	0.20145070321384884	0.5425131695759514	0.2734019561815293	-1	2.1786360533750906	0.0	0.8808132570349143	0.5936583402412243	0.31278597749870374	0.5458757829389085	1.2538025231038943	0.22796580300644653	2.280048526072943	-1	0.0705827200380108	1.4983733031091346	0.06770959458603398	0.08352230211572997	1.0074058266399448
SL1344_0702_6-260	0.07750600703467272	0.5472306856724467	2.0510700976217167	0.3886711426480567	0.9688854197434439	1.2616039570774513	1.160482235816354	0.4354717982630323	0.04379194065544109	2.1686422339288653	0.3148691352214237	1.7870481376082814	1.3640545901819103	0.6687145566095172	0.45711739612113533	0.6793625538210655	1.4233264266108656	0.607411300853385	-1	3.0594493104100047	0.8808132570349143	0.0	0.28715491679369	0.5680272795362106	0.3349374740960057	2.1346157801388084	1.1087790600413607	3.160861783107857	-1	0.9513959770729251	2.3791865601440487	0.8131036624488803	0.7972909549191843	1.888219083674859
ETEC_2198_1-248	0.3646609238283627	0.2600757688787567	1.7639151808280267	0.1015162258543667	0.6817305029497539	0.9744490402837614	0.8733273190226641	0.1483168814693423	0.24336297613824887	1.8814873171351754	0.02771421842773375	1.4998932208145916	1.0768996733882203	0.3815596398158272	0.16996247932744535	0.3922076370273755	1.1361715098171756	0.32025638405969503	-1	2.7722943936163147	0.5936583402412243	0.28715491679369	0.0	0.2808723627425206	0.04778255730231579	1.8474608633451184	0.8216241432476709	2.873706866314167	-1	0.6642410602792351	2.0920316433503587	0.5259487456551903	0.5101360381254944	1.601064166881169
ERS227112_04075_1-246	0.6455332865708833	0.020796593863763868	1.4830428180855062	0.17935613688815388	0.4008581402072333	0.6935766775412409	0.5924549562801436	0.1325554812731783	0.5242353388807695	1.6006149543926549	0.25315814431478684	1.219020858072071	0.7960273106456999	0.1006872770733066	0.11090988341507524	0.1113352742848549	0.8552991470746552	0.039384021317174445	-1	2.491422030873794	0.31278597749870374	0.5680272795362106	0.2808723627425206	0.0	0.2330898054402048	1.566588500602598	0.5407517805051503	2.5928345035716465	-1	0.38336869753671454	1.8111592806078383	0.24507638291266975	0.22926367538297376	1.3201918041386485
ROD_21951_5-260	0.41244348113067847	0.21229321157644093	1.716132623525711	0.05373366855205092	0.6339479456474382	0.9266664829814457	0.8255447617203484	0.10053432416702651	0.29114553344056465	1.8337047598328597	0.020068338874582037	1.4521106635122758	1.0291171160859047	0.3337770825135114	0.12217992202512956	0.3444250797250597	1.08838895251486	0.27247382675737924	-1	2.724511836313999	0.5458757829389085	0.3349374740960057	0.04778255730231579	0.2330898054402048	0.0	1.7996783060428028	0.7738415859453551	2.8259243090118513	-1	0.6164585029769194	2.044249086048043	0.47816618835287455	0.46235348082317856	1.5532816095788533
BN373_46011_3-222	2.2121217871734813	1.5873850944663617	0.08354568251709171	1.745944637490752	1.1657303603953646	0.873011823061357	0.9741335443224544	1.699143981875776	2.0908238394833676	0.034026453790056976	1.8197466449173847	0.34756764253052697	0.770561189956898	1.4659012235292912	1.6774983840176731	1.4552532263177431	0.7112893535279428	1.5272044792854236	-1	0.9248335302711963	1.2538025231038943	2.1346157801388084	1.8474608633451184	1.566588500602598	1.7996783060428028	0.0	1.0258367200974476	1.0262460029690486	-1	1.1832198030658834	0.24457078000524035	1.3215121176899283	1.3373248252196241	0.24639669646394946
ENC_41100_1-248	1.1862850670760334	0.5615483743689141	0.9422910375803559	0.7201079173933042	0.13989364029791695	0.1528248970360906	0.05170317577499328	0.6733072617783286	1.0649871193859197	1.0598631738875046	0.793909924819937	0.6782690775669207	0.2552755301405496	0.44006450343184367	0.6516616639202255	0.42941650622029537	0.3145473665695049	0.5013677591879758	-1	1.950670250368644	0.22796580300644653	1.1087790600413607	0.8216241432476709	0.5407517805051503	0.7738415859453551	1.0258367200974476	0.0	2.052082723066496	-1	0.15738308296843573	1.270407500102688	0.2956753975924805	0.3114881051221765	0.7794400236334982
BN373_30931_5-277	3.23836779014253	2.6136310974354102	1.1097916854861403	2.7721906404598005	2.191976363364413	1.8992578260304056	2.000379547291503	2.7253899848448246	3.117069842452416	0.9922195491789916	2.8459926478864332	1.3738136454995755	1.7968071929259466	2.4921472264983398	2.7037443869867217	2.4814992292867917	1.7375353564969913	2.553450482254472	-1	0.10141247269785225	2.280048526072943	3.160861783107857	2.873706866314167	2.5928345035716465	2.8259243090118513	1.0262460029690486	2.052082723066496	0.0	-1	2.209465806034932	0.7816752229638082	2.347758120658977	2.3635708281886725	1.272642699432998
b2059_2-258	-1	-1	-1	-1	-1	-1	-1	-1	-1	-1	-1	-1	-1	-1	-1	-1	-1	-1	-1	-1	-1	-1	-1	-1	-1	-1	-1	-1	-1	-1	-1	-1	-1	-1
NCTC13441_01657_1-248	1.0289019841075977	0.4041652914004784	1.0996741205487917	0.5627248344248684	0.017489442670518773	0.3102079800045263	0.209086258743429	0.5159241788098928	0.907604036417484	1.2172462568559403	0.6365268418515013	0.8356521605353564	0.41265861310898533	0.28268142046340794	0.4942785809517898	0.27203342325185964	0.4719304495379406	0.3439846762195401	-1	2.1080533333370797	0.0705827200380108	0.9513959770729251	0.6642410602792351	0.38336869753671454	0.6164585029769194	1.1832198030658834	0.15738308296843573	2.209465806034932	-1	0.0	1.4277905830711237	0.1382923146240448	0.15410502215374078	0.9368231066019339
t0761_1-248	2.4566925671787216	1.831955874471602	0.32811646252233206	1.9905154174959923	1.410301140400605	1.1175826030665974	1.2187043243276947	1.9437147618810164	2.335394619488608	0.21054432621518337	2.064317424922625	0.5921384225357673	1.0151319699621384	1.7104720035345315	1.9220691640229135	1.6998240063229835	0.9558601335331831	1.771775259290664	-1	0.680262750265956	1.4983733031091346	2.3791865601440487	2.0920316433503587	1.8111592806078383	2.044249086048043	0.24457078000524035	1.270407500102688	0.7816752229638082	-1	1.4277905830711237	0.0	1.5660828976951686	1.5818956052248645	0.4909674764691898
SL1344_2092_3-257	0.890609669483553	0.2658729767764336	1.2379664351728366	0.42443251980082364	0.15578175729456356	0.4485002946285711	0.3473785733674738	0.37763186418584804	0.7693117217934392	1.3555385714799852	0.4982345272274566	0.9739444751594012	0.5509509277330301	0.14438910583936315	0.355986266327745	0.13374110862781485	0.6102227641619854	0.2056923615954953	-1	2.2463456479611246	0.06770959458603398	0.8131036624488803	0.5259487456551903	0.24507638291266975	0.47816618835287455	1.3215121176899283	0.2956753975924805	2.347758120658977	-1	0.1382923146240448	1.5660828976951686	0.0	0.01581270752969599	1.0751154212259788
CS17_02299_2-258	0.874796961953857	0.25006026924673763	1.2537791427025324	0.40861981227112765	0.17159446482425955	0.4643130021582671	0.3631912808971698	0.36181915665615205	0.7534990142637432	1.3713512790096811	0.4824218196977606	0.9897571826890972	0.5667636352627261	0.12857639830966716	0.340173558798049	0.11792840109811886	0.6260354716916814	0.18987965406579932	-1	2.2621583554908202	0.08352230211572997	0.7972909549191843	0.5101360381254944	0.22926367538297376	0.46235348082317856	1.3373248252196241	0.3114881051221765	2.3635708281886725	-1	0.15410502215374078	1.5818956052248645	0.01581270752969599	0.0	1.0909281287556747
STM_MW21431_1-248	1.9657250907095316	1.3409883980024122	0.16285101394685775	1.4995479410268024	0.9193336639314151	0.6266151265974076	0.7277368478585049	1.4527472854118266	1.844427143019418	0.28042315025400644	1.5733499484534352	0.1011709460665775	0.5241644934929486	1.2195045270653417	1.4311016875537237	1.2088565298537937	0.4648926570639933	1.2808077828214741	-1	1.1712302267351458	1.0074058266399448	1.888219083674859	1.601064166881169	1.3201918041386485	1.5532816095788533	0.24639669646394946	0.7794400236334982	1.272642699432998	-1	0.9368231066019339	0.4909674764691898	1.0751154212259788	1.0909281287556747	0.0
