t2388_17-182	0.0	0.3572294617915424	0.3416898944912937	0.33463218835180636	0.1521791863895726	0.25885016176040243	0.4381127180597926	0.13101572863721203	0.13014486331274971	0.18498103777450411	0.4807368939672079	0.44230211050687573	0.10152494595588123	0.12394107415726424	-1
NCTC13441_03519_11-183	0.3572294617915424	0.0	0.023605238883945986	0.03396207788254734	0.24185567529153648	0.5236107195816225	0.1258353509693982	0.4414425122014564	0.26106024888652146	0.47612982300021944	0.6662329738635068	0.13235306172004938	0.28459834770560594	0.2662930320695763	-1
SL1344_0465_17-182	0.3416898944912937	0.023605238883945986	0.0	0.010607225080522883	0.22352684088362218	0.5120935717907299	0.14647021633366636	0.4279388726337568	0.2431957026593997	0.4634647809857375	0.6581638498807741	0.15283407496507195	0.26730285660621067	0.24855499317533153	-1
ROD_05141_24-186	0.33463218835180636	0.03396207788254734	0.010607225080522883	0.0	0.21520231519825683	0.5068627540271062	0.15552379886194517	0.4218058370066417	0.2350820457505426	0.45771261665224	0.6544990434693172	0.16182015461246682	0.2594476511581351	0.2404987929229363	-1
BN373_09281_24-184	0.1521791863895726	0.24185567529153648	0.22352684088362218	0.21520231519825683	0.0	0.3716377411364677	0.33725703247668337	0.26325704803853667	0.025331025992141896	0.3090099603380539	0.5597579309654006	0.34219839789238093	0.05637801540030743	0.03223311971297405	-1
CS17_00491_7-183	0.25885016176040243	0.5236107195816225	0.5120935717907299	0.5068627540271062	0.3716377411364677	0.0	0.5835573318811281	0.14710787909050818	0.3553070061523614	0.09063485318696242	0.299381745442781	0.586662299415606	0.3340953590328877	0.3507090688233008	-1
ERS227112_02793_24-184	0.4381127180597926	0.1258353509693982	0.14647021633366636	0.15552379886194517	0.33725703247668337	0.5835573318811281	0.0	0.5117287897151716	0.35404499181312576	0.5420512105853876	0.7082326647394048	0.007455930364924897	0.3746211657061584	0.3586193058877941	-1
Ecoli9000q_45740_7-183	0.13101572863721203	0.4414425122014564	0.4279388726337568	0.4218058370066417	0.26325704803853667	0.14710787909050818	0.5117287897151716	0.0	0.2441095678546515	0.06210159483400173	0.40244821092278726	0.5153693058582528	0.21923930982382991	0.23871857265568358	-1
SEN0453_17-182	0.13014486331274971	0.26106024888652146	0.2431957026593997	0.2350820457505426	0.025331025992141896	0.3553070061523614	0.35404499181312576	0.2441095678546515	0.0	0.2910515692106404	0.5483163199251995	0.35886118737304157	0.03185388089301714	0.007081474741573652	-1
ETEC_0511_7-182	0.18498103777450411	0.47612982300021944	0.4634647809857375	0.45771261665224	0.3090099603380539	0.09063485318696242	0.5420512105853876	0.06210159483400173	0.2910515692106404	0.0	0.36288217808468043	0.5454656448699646	0.267725793867466	0.28599536341127085	-1
Ecoli9000q_44470_33-199	0.4807368939672079	0.6662329738635068	0.6581638498807741	0.6544990434693172	0.5597579309654006	0.299381745442781	0.7082326647394048	0.40244821092278726	0.5483163199251995	0.36288217808468043	0.0	0.7104080616738675	0.5334550527440701	0.5450949210991496	-1
STM_MW05421_17-183	0.44230211050687573	0.13235306172004938	0.15283407496507195	0.16182015461246682	0.34219839789238093	0.586662299415606	0.007455930364924897	0.5153693058582528	0.35886118737304157	0.5454656448699646	0.7104080616738675	0.0	0.3792839467463512	0.36340139568050195	-1
ENC_22700_22-183	0.10152494595588123	0.28459834770560594	0.26730285660621067	0.2594476511581351	0.05637801540030743	0.3340953590328877	0.3746211657061584	0.21923930982382991	0.03185388089301714	0.267725793867466	0.5334550527440701	0.3792839467463512	0.0	0.024949082448628892	-1
STMMW_05421_17-182	0.12394107415726424	0.2662930320695763	0.24855499317533153	0.2404987929229363	0.03223311971297405	0.3507090688233008	0.3586193058877941	0.23871857265568358	0.007081474741573652	0.28599536341127085	0.5450949210991496	0.36340139568050195	0.024949082448628892	0.0	-1
b0459_7-182	-1	-1	-1	-1	-1	-1	-1	-1	-1	-1	-1	-1	-1	-1	-1
