BN373_05111_326-547	0.0	0.10655811343019597	0.6502986267243663	0.07202328947044245	0.19582531585792515	0.12254787432306623	0.2614708480056558	0.423393727196928	0.16022836551682057	-1	0.2120036723117868	0.1382685976027514	0.2595806599270459	0.261050000773727	0.08819929357285235	0.10959470328662059	0.420138979014221	0.05395884790067847	0.0664192949907236	0.2287142737293783	0.0751886779140197	0.2955412453478561	0.595445103168457	0.6326625434590047	0.02510609588951324	0.17333280716479724	0.10323836406563329	0.21342356903197685	0.21903983949909042	0.5924964534309706	0.7004439180522444	-1
ENC_32230_253-534	0.10655811343019597	0.0	0.6085908008877399	0.037215183924223634	0.2815166530684284	0.017896811346353833	0.1733887082127043	0.4848358038188403	0.06007134083748981	-1	0.2959710743801653	0.03549249777655	0.1712730831149524	0.1729176678034119	0.020134684836209307	0.20447461189265217	0.48192787546217286	0.15476720829571125	0.16589989365134442	0.3109010256364143	0.03391982209454377	0.37060704123297383	0.5471950633691994	0.5888513152754503	0.1289889511061251	0.07473870963333684	0.19879559218737564	0.1196109754962015	0.12589708156704643	0.5438947370896614	0.6647167695507955	-1
SEN0054_321-539	0.6502986267243663	0.6085908008877399	0.0	0.6231571662223357	0.7187790086020174	0.6014581729962221	0.5264894116484222	0.798359994561421	0.5835756306643407	-1	0.7244366020712756	0.594187501693915	0.527698218632191	0.5267590856731944	0.6164717017538583	0.6886240449674331	0.797221804652262	0.6691681099356046	0.6735255453946217	0.7302803223352691	0.6218673312877956	0.7536498060821025	0.13558981484470892	0.04801057706292819	0.6590782629345188	0.5769744144844186	0.686401224412848	0.5554133590740018	0.5522161168229958	0.14184458952580972	0.1433946079712808	-1
CS17_04602_247-543	0.07202328947044245	0.037215183924223634	0.6231571662223357	0.0	0.25374462191869146	0.05444596214466578	0.2041511994704086	0.4649228076934966	0.09505095876387153	-1	0.2687577599225206	0.07138682186808923	0.20211430774978423	0.20369768891658374	0.01743147637097371	0.17372462171782352	0.46190247718130606	0.12209584364927878	0.13365884835162647	0.28426480885698774	0.0034110645317498244	0.34627868215415486	0.5640462823677111	0.604152289197677	0.0953211617482326	0.1091724787322967	0.1678260869565217	0.1523748149679782	0.15842698244522943	0.560868778337676	0.6771943966386704	-1
SEN0594_322-547	0.19582531585792515	0.2815166530684284	0.7187790086020174	0.25374462191869146	0.0	0.2943752139839596	0.4060935524652338	0.2829838041740667	0.3246769110880153	-1	0.020117962891509533	0.3070174216618854	0.4045735110641486	0.4057551177754254	0.2667529549084278	0.09684422688139298	0.2789364892723556	0.14995803051742154	0.13861257004654537	0.040897778206659664	0.25629014717049214	0.12399784705522258	0.6746671936223643	0.704596516912592	0.17511569130610127	0.33521517131113515	0.10324588840804093	0.36745514707268945	0.37197160960163694	0.6722959641510755	0.759104582416826	-1
STMMW_42551_260-542	0.12254787432306623	0.017896811346353833	0.6014581729962221	0.05444596214466578	0.2943752139839596	0.0	0.15832541698547228	0.4940556002502905	0.04294307357758663	-1	0.3085709472443597	0.017916331637531785	0.1561712389701741	0.15784579283320965	0.037671149526531215	0.2187119796848443	0.4911997145388311	0.16989418011259488	0.18082762589863996	0.3232336999795653	0.051209576783969674	0.38187116827875073	0.5389436243949625	0.5813589758442912	0.14457727152876854	0.05787772501269128	0.21313459632386533	0.10356769566066315	0.10996835309001379	0.5355831564546613	0.6586069220395868	-1
SEN4076_260-542	0.2614708480056558	0.1733887082127043	0.5264894116484222	0.2041511994704086	0.4060935524652338	0.15832541698547228	0.0	0.5741594583121278	0.12055954063171335	-1	0.41804174033776653	0.14297059392308129	0.0025528615695312026	0.000569520579700231	0.19003226605489335	0.3424097312869955	0.571755731896798	0.30132103018833567	0.3105234336112171	0.43038300663201584	0.20142721617147039	0.47973667331176034	0.4522153990278218	0.5026094020134111	0.2800124317128267	0.10661852992928557	0.3377153894723313	0.06108405627479602	0.054331847708274913	0.4482228014038501	0.5943882768353471	-1
STMMW_06901_322-547	0.423393727196928	0.4848358038188403	0.798359994561421	0.4649228076934966	0.2829838041740667	0.4940556002502905	0.5741594583121278	0.0	0.5157824078349101	-1	0.26826274115427345	0.5031202679063582	0.5730695640092237	0.5739167951583057	0.47424999312783434	0.3524226833202667	0.005612979774315385	0.3905061407492175	0.38237126184249637	0.2524089929796553	0.4667479905259216	0.18149037258001635	0.7667311087937327	0.7881909183229363	0.4085445909837959	0.5233385110907154	0.35701277831506906	0.5464550958647854	0.5496934726458816	0.7650308988587989	0.827274084092613	-1
NCTC13441_03375_322-546	0.16022836551682057	0.06007134083748981	0.5835756306643407	0.09505095876387153	0.3246769110880153	0.04294307357758663	0.12055954063171335	0.5157824078349101	0.0	-1	0.33826303593052615	0.025483309361802722	0.11830870480802758	0.12005839577917515	0.07899650815824774	0.252262888626525	0.5130491626336872	0.2055414754132026	0.216005405432401	0.3522961249961739	0.09195355373784522	0.408415520179784	0.518256058886154	0.5625745840212075	0.18131175269744854	0.015604768141569244	0.246925015249587	0.0633448443967677	0.0700326988520685	0.5147448069976557	0.6432886398549155	-1
b0619_322-546	-1	-1	-1	-1	-1	-1	-1	-1	-1	-1	-1	-1	-1	-1	-1	-1	-1	-1	-1	-1	-1	-1	-1	-1	-1	-1	-1	-1	-1	-1	-1	-1
ENC_41990_260-523	0.2120036723117868	0.2959710743801653	0.7244366020712756	0.2687577599225206	0.020117962891509533	0.3085709472443597	0.41804174033776653	0.26826274115427345	0.33826303593052615	-1	0.0	0.32095881945735416	0.4165522790731819	0.41771011426448884	0.28150439175188907	0.11501388121024572	0.26413233081054044	0.1670591433156977	0.15594193039756174	0.021206445804914202	0.2712520743917662	0.10601264257302809	0.6812122269484602	0.7105394332233672	0.19171068321819362	0.3485892878255362	0.12128675434785656	0.3801806609510964	0.3846062614544857	0.6788887017836821	0.763950907488499	-1
ETEC_0648_322-546	0.1382685976027514	0.03549249777655	0.594187501693915	0.07138682186808923	0.3070174216618854	0.017916331637531785	0.14297059392308129	0.5031202679063582	0.025483309361802722	-1	0.32095881945735416	0.0	0.14077711684501312	0.1424822198998554	0.05491255235597862	0.2327097949612413	0.5003155491904242	0.18476663127594287	0.19550418982134418	0.33535886945183674	0.06820842066082221	0.39294576942258874	0.5305324887707322	0.5737216312193103	0.15990330882234144	0.04069041636930115	0.22723233785022728	0.08721391749233233	0.093731343283582	0.5271107152003557	0.652378825798362	-1
SL1344_4241_260-542	0.2595806599270459	0.1712730831149524	0.527698218632191	0.20211430774978423	0.4045735110641486	0.1561712389701741	0.0025528615695312026	0.5730695640092237	0.11830870480802758	-1	0.4165522790731819	0.14077711684501312	0.0	0.001984471187011797	0.18795923840171624	0.34072669781001674	0.5706596855076801	0.2995328344807631	0.3087587904921883	0.42892513154701717	0.19938335270065297	0.47840511377184447	0.45361381728402467	0.5038791713560572	0.2781696988773676	0.10433201354761187	0.3360203413187335	0.05868099917291504	0.05191150903517598	0.4496314122090898	0.5954237474155656	-1
t2242_322-547	0.261050000773727	0.1729176678034119	0.5267590856731944	0.20369768891658374	0.4057551177754254	0.15784579283320965	0.000569520579700231	0.5739167951583057	0.12005839577917515	-1	0.41771011426448884	0.1424822198998554	0.001984471187011797	0.0	0.18957070989578717	0.34203500668257886	0.5715116989912127	0.3009228913881839	0.31013053875573177	0.43005841316908866	0.20097215336906052	0.47944020379485697	0.45252737363131834	0.5028926761951139	0.2796021503118575	0.10610944085985552	0.33733798982014834	0.060549019607843126	0.05379296332823317	0.44853704987385995	0.5946192810590573	-1
SL1344_0613_322-547	0.08819929357285235	0.020134684836209307	0.6164717017538583	0.01743147637097371	0.2667529549084278	0.037671149526531215	0.19003226605489335	0.47424999312783434	0.07899650815824774	-1	0.28150439175188907	0.05491255235597862	0.18795923840171624	0.18957070989578717	0.0	0.18812782145026666	0.47128231143559957	0.137399009206686	0.14876045366578725	0.29674112992927154	0.014068400059685949	0.35767400985938647	0.5563121480605404	0.5971296644632011	0.11109104954053824	0.09336855410601395	0.18233210685827983	0.13733733103784324	0.14349686834410472	0.5530782728104974	0.6714675917267563	-1
NCTC13441_04340_247-543	0.10959470328662059	0.20447461189265217	0.6886240449674331	0.17372462171782352	0.09684422688139298	0.2187119796848443	0.3424097312869955	0.3524226833202667	0.252262888626525	-1	0.11501388121024572	0.2327097949612413	0.34072669781001674	0.34203500668257886	0.18812782145026666	0.0	0.34876732750115735	0.05880912818906753	0.04624710864763212	0.133781291376462	0.17654310035414003	0.20883359830359532	0.6397821770498594	0.6729207830146771	0.08666441244618972	0.26393115288035485	0.007088103422671976	0.29962817959616633	0.3046289365678592	0.637156683705449	0.7332736779710113	-1
ERS227112_05133_294-538	0.420138979014221	0.48192787546217286	0.797221804652262	0.46190247718130606	0.2789364892723556	0.4911997145388311	0.571755731896798	0.005612979774315385	0.5130491626336872	-1	0.26413233081054044	0.5003155491904242	0.5706596855076801	0.5715116989912127	0.47128231143559957	0.34876732750115735	0.0	0.3870657532190508	0.37888495566109914	0.24818909356774133	0.4637379625560153	0.17687016144456924	0.7654143844784649	0.7869953274038192	0.4052060244290314	0.5206479175471315	0.3533833320360522	0.5438949876555319	0.5471516439827248	0.7637045774311566	0.8262991044792747	-1
ROD_06341_322-547	0.05395884790067847	0.15476720829571125	0.6691681099356046	0.12209584364927878	0.14995803051742154	0.16989418011259488	0.30132103018833567	0.3905061407492175	0.2055414754132026	-1	0.1670591433156977	0.18476663127594287	0.2995328344807631	0.3009228913881839	0.137399009206686	0.05880912818906753	0.3870657532190508	0.0	0.013171147008134543	0.1847228584516722	0.12509043137928247	0.25536140463984247	0.6172744193140649	0.6524836494047224	0.029595786669207938	0.21793881648747276	0.052090245816052136	0.2558663270328389	0.2611795500160485	0.6144848753192759	0.7166076191157864	-1
BN373_21071_294-538	0.0664192949907236	0.16589989365134442	0.6735255453946217	0.13365884835162647	0.13861257004654537	0.18082762589863996	0.3105234336112171	0.38237126184249637	0.216005405432401	-1	0.15594193039756174	0.19550418982134418	0.3087587904921883	0.31013053875573177	0.14876045366578725	0.04624710864763212	0.37888495566109914	0.013171147008134543	0.0	0.17384140210678636	0.13661399392640952	0.2454227568412051	0.622315354201053	0.6570608383461433	0.042377123220300954	0.22823945930487194	0.03943854974438856	0.2656674210331925	0.2709106627754032	0.619562551700305	0.7203402218253976	-1
ROD_34881_247-542	0.2287142737293783	0.3109010256364143	0.7302803223352691	0.28426480885698774	0.040897778206659664	0.3232336999795653	0.43038300663201584	0.2524089929796553	0.3522961249961739	-1	0.021206445804914202	0.33535886945183674	0.42892513154701717	0.43005841316908866	0.29674112992927154	0.133781291376462	0.24818909356774133	0.1847228584516722	0.17384140210678636	0.0	0.28670622778162086	0.0866435995666671	0.687972582580947	0.7166778630453756	0.20885162680921815	0.3624033937900046	0.139921139169839	0.39332482617347475	0.3976565754196347	0.6856983311266521	0.7689566697761434	-1
STM_MW42551_260-542	0.0751886779140197	0.03391982209454377	0.6218673312877956	0.0034110645317498244	0.25629014717049214	0.051209576783969674	0.20142721617147039	0.4667479905259216	0.09195355373784522	-1	0.2712520743917662	0.06820842066082221	0.19938335270065297	0.20097215336906052	0.014068400059685949	0.17654310035414003	0.4637379625560153	0.12509043137928247	0.13661399392640952	0.28670622778162086	0.0	0.3485085677551075	0.5625541262632474	0.6027974055157127	0.09840707964601784	0.10612340799354206	0.17066468587555178	0.1494736145813593	0.15554649705261372	0.5593657464639652	0.6760895170789163	-1
Ecoli9000q_47240_322-546	0.2955412453478561	0.37060704123297383	0.7536498060821025	0.34627868215415486	0.12399784705522258	0.38187116827875073	0.47973667331176034	0.18149037258001635	0.408415520179784	-1	0.10601264257302809	0.39294576942258874	0.47840511377184447	0.47944020379485697	0.35767400985938647	0.20883359830359532	0.17687016144456924	0.25536140463984247	0.2454227568412051	0.0866435995666671	0.3485085677551075	0.0	0.7150077611896246	0.7412259128280444	0.2773995696537803	0.4176470588235293	0.2144414675833627	0.44588934700153837	0.4498457779005908	0.7129305590676496	0.7889750955626084	-1
t0055_321-539	0.595445103168457	0.5471950633691994	0.13558981484470892	0.5640462823677111	0.6746671936223643	0.5389436243949625	0.4522153990278218	0.7667311087937327	0.518256058886154	-1	0.6812122269484602	0.5305324887707322	0.45361381728402467	0.45252737363131834	0.5563121480605404	0.6397821770498594	0.7654143844784649	0.6172744193140649	0.622315354201053	0.687972582580947	0.5625541262632474	0.7150077611896246	0.0	0.09199601977885616	0.6056018972008819	0.5106193879013757	0.6372106888920865	0.48567630442007304	0.4819775485447803	0.007235887300399111	0.2595415744714341	-1
STMMW_00541_321-539	0.6326625434590047	0.5888513152754503	0.04801057706292819	0.604152289197677	0.704596516912592	0.5813589758442912	0.5026094020134111	0.7881909183229363	0.5625745840212075	-1	0.7105394332233672	0.5737216312193103	0.5038791713560572	0.5028926761951139	0.5971296644632011	0.6729207830146771	0.7869953274038192	0.6524836494047224	0.6570608383461433	0.7166778630453756	0.6027974055157127	0.7412259128280444	0.09199601977885616	0.0	0.6418849528667329	0.5556404563713895	0.6705858615323277	0.5329920372913783	0.5296335522347463	0.09856623424805018	0.18452072715779544	-1
STM_MW06901_322-547	0.02510609588951324	0.1289889511061251	0.6590782629345188	0.0953211617482326	0.17511569130610127	0.14457727152876854	0.2800124317128267	0.4085445909837959	0.18131175269744854	-1	0.19171068321819362	0.15990330882234144	0.2781696988773676	0.2796021503118575	0.11109104954053824	0.08666441244618972	0.4052060244290314	0.029595786669207938	0.042377123220300954	0.20885162680921815	0.09840707964601784	0.2773995696537803	0.6056018972008819	0.6418849528667329	0.0	0.19408719297683255	0.0801443806825416	0.23317143233229112	0.23864670017451592	0.6027272765464493	0.7079646017699115	-1
Ecoli9000q_37850_239-535	0.17333280716479724	0.07473870963333684	0.5769744144844186	0.1091724787322967	0.33521517131113515	0.05787772501269128	0.10661852992928557	0.5233385110907154	0.015604768141569244	-1	0.3485892878255362	0.04069041636930115	0.10433201354761187	0.10610944085985552	0.09336855410601395	0.26393115288035485	0.5206479175471315	0.21793881648747276	0.22823945930487194	0.3624033937900046	0.10612340799354206	0.4176470588235293	0.5106193879013757	0.5556404563713895	0.19408719297683255	0.0	0.258676575779833	0.04849685848749023	0.05529072972828736	0.5070524751666711	0.6376340024812468	-1
CS17_00626_322-546	0.10323836406563329	0.19879559218737564	0.686401224412848	0.1678260869565217	0.10324588840804093	0.21313459632386533	0.3377153894723313	0.35701277831506906	0.246925015249587	-1	0.12128675434785656	0.22723233785022728	0.3360203413187335	0.33733798982014834	0.18233210685827983	0.007088103422671976	0.3533833320360522	0.052090245816052136	0.03943854974438856	0.139921139169839	0.17066468587555178	0.2144414675833627	0.6372106888920865	0.6705858615323277	0.0801443806825416	0.258676575779833	0.0	0.2946284329777001	0.2996648888696387	0.6345664529297007	0.7313695978984414	-1
t4211_288-542	0.21342356903197685	0.1196109754962015	0.5554133590740018	0.1523748149679782	0.36745514707268945	0.10356769566066315	0.06108405627479602	0.5464550958647854	0.0633448443967677	-1	0.3801806609510964	0.08721391749233233	0.05868099917291504	0.060549019607843126	0.13733733103784324	0.29962817959616633	0.5438949876555319	0.2558663270328389	0.2656674210331925	0.39332482617347475	0.1494736145813593	0.44588934700153837	0.48567630442007304	0.5329920372913783	0.23317143233229112	0.04849685848749023	0.2946284329777001	0.0	0.007140145885380457	0.48192759085404663	0.6191646861588539	-1
ETEC_4435_247-543	0.21903983949909042	0.12589708156704643	0.5522161168229958	0.15842698244522943	0.37197160960163694	0.10996835309001379	0.054331847708274913	0.5496934726458816	0.0700326988520685	-1	0.3846062614544857	0.093731343283582	0.05191150903517598	0.05379296332823317	0.14349686834410472	0.3046289365678592	0.5471516439827248	0.2611795500160485	0.2709106627754032	0.3976565754196347	0.15554649705261372	0.4498457779005908	0.4819775485447803	0.5296335522347463	0.23864670017451592	0.05529072972828736	0.2996648888696387	0.007140145885380457	0.0	0.4782018761268747	0.6164259112070202	-1
SL1344_0054_321-539	0.5924964534309706	0.5438947370896614	0.14184458952580972	0.560868778337676	0.6722959641510755	0.5355831564546613	0.4482228014038501	0.7650308988587989	0.5147448069976557	-1	0.6788887017836821	0.5271107152003557	0.4496314122090898	0.44853704987385995	0.5530782728104974	0.637156683705449	0.7637045774311566	0.6144848753192759	0.619562551700305	0.6856983311266521	0.5593657464639652	0.7129305590676496	0.007235887300399111	0.09856623424805018	0.6027272765464493	0.5070524751666711	0.6345664529297007	0.48192759085404663	0.4782018761268747	0.0	0.2648994481891898	-1
STM_MW00541_321-540	0.7004439180522444	0.6647167695507955	0.1433946079712808	0.6771943966386704	0.759104582416826	0.6586069220395868	0.5943882768353471	0.827274084092613	0.6432886398549155	-1	0.763950907488499	0.652378825798362	0.5954237474155656	0.5946192810590573	0.6714675917267563	0.7332736779710113	0.8262991044792747	0.7166076191157864	0.7203402218253976	0.7689566697761434	0.6760895170789163	0.7889750955626084	0.2595415744714341	0.18452072715779544	0.7079646017699115	0.6376340024812468	0.7313695978984414	0.6191646861588539	0.6164259112070202	0.2648994481891898	0.0	-1
b4125_247-543	-1	-1	-1	-1	-1	-1	-1	-1	-1	-1	-1	-1	-1	-1	-1	-1	-1	-1	-1	-1	-1	-1	-1	-1	-1	-1	-1	-1	-1	-1	-1	-1
