STMMW_29071_1-886	0.0	0.09005058936143695	0.28895803044674495	6.236349290800135	0.2507858232877149	0.02898317732217104
ROD_30451_1-906	0.09005058936143695	0.0	0.198907441085308	6.146298701438698	0.16073523392627798	0.06106741203926591
SEN2783_1-886	0.28895803044674495	0.198907441085308	0.0	5.94739126035339	0.038172207159030025	0.2599748531245739
b2761_1-849	6.236349290800135	6.146298701438698	5.94739126035339	0.0	5.98556346751242	6.207366113477964
STM_MW29071_1-886	0.2507858232877149	0.16073523392627798	0.038172207159030025	5.98556346751242	0.0	0.2218026459655439
SL1344_2923_1-886	0.02898317732217104	0.06106741203926591	0.2599748531245739	6.207366113477964	0.2218026459655439	0.0
