SL1344_4137_1-116	0.0	0.3466481349032653	0.019470095793332476	0.08830057311488448	0.28136014365942685	0.7815813486422629	0.019470095793332476	0.4050471753698499	0.682234010492859	0.5928524245287563	0.029550916818397832	0.42857096966536523	0.8729276237273544	0.6170026065415417	0.34584763621750747	0.1808382025071571	0.06696449791600312	0.5980039262638192	0.7871777115751544	0.40330021555469253	0.5532772863374111	0.8855197072579657	0.18901426962314716	0.5491676898154235	0.033256864513827145	0.4429826384304536	0.7076935747254801	0.30387654508108985
SL1344_4137_154-370	0.3466481349032653	0.0	0.36611823069659777	0.2583475617883808	0.06528799124383844	0.4349332137389976	0.36611823069659777	0.05839904046658462	0.33558587558959374	0.246204289625491	0.31709721808486746	0.08192283476209994	0.5262794888240891	0.2703544716382764	0.0008004986857578222	0.1658099323961082	0.4136126328192684	0.25135579136055386	0.4405295766718891	0.05665208065142724	0.20662915143414584	0.5388715723547004	0.15763386528011814	0.20251955491215823	0.31339127038943815	0.7896307733337189	0.3610454398222148	0.04277158982217544
STM_MW31871_3-304	0.019470095793332476	0.36611823069659777	0.0	0.10777066890821696	0.30083023945275933	0.8010514444355954	0.0	0.4245172711631824	0.7017041062861915	0.6123225203220888	0.04902101261173031	0.4480410654586977	0.8923977195206869	0.6364727023348742	0.36531773201083995	0.20030829830048957	0.04749440212267064	0.6174740220571516	0.8066478073684868	0.422770311348025	0.5727473821307436	0.9049898030512982	0.20848436541647963	0.568637785608756	0.05272696030715962	0.4235125426371211	0.7271636705188126	0.32334664087442233
CS17_02905_1-298	0.08830057311488448	0.2583475617883808	0.10777066890821696	0.0	0.19305957054454237	0.6932807755273784	0.10777066890821696	0.3167466022549654	0.5939334373779745	0.5045518514138718	0.05874965629648665	0.34027039655048075	0.78462705061247	0.5287020334266572	0.257547063102623	0.09253762939227261	0.1552650710308876	0.5097033531489347	0.6988771384602699	0.31499964243980805	0.46497671322252665	0.7972191341430812	0.10071369650826267	0.46086711670053904	0.05504370860105734	0.5312832115453381	0.6193930016105956	0.21557597196620537
ROD_09061_1-106	0.28136014365942685	0.06528799124383844	0.30083023945275933	0.19305957054454237	0.0	0.5002212049828361	0.30083023945275933	0.12368703171042306	0.4008738668334322	0.31149228086932945	0.251809226841029	0.14721082600593838	0.5915674800679276	0.33564246288211486	0.06448749255808062	0.10052194115226976	0.34832464157542997	0.3166437826043923	0.5058175679157275	0.12194007189526568	0.2719171426779843	0.6041595635985388	0.0923458740362797	0.26780754615599667	0.2481032791455997	0.7243427820898805	0.42633343106605326	0.022516401421663
ROD_09061_154-366	0.7815813486422629	0.4349332137389976	0.8010514444355954	0.6932807755273784	0.5002212049828361	0.0	0.8010514444355954	0.376534173272413	0.09934733814940389	0.1887289241135066	0.7520304318238651	0.3530103789768977	0.09134627508509147	0.1645787421007212	0.43573371242475545	0.6007431461351058	0.848545846558266	0.18357742237844377	0.005596362932891452	0.3782811330875704	0.22830406230485178	0.10393835861570272	0.5925670790191158	0.2324136588268394	0.7483244841284358	1.2245639870727165	0.0738877739167828	0.47770480356117306
STM_MW31861_1-302	0.019470095793332476	0.36611823069659777	0.0	0.10777066890821696	0.30083023945275933	0.8010514444355954	0.0	0.4245172711631824	0.7017041062861915	0.6123225203220888	0.04902101261173031	0.4480410654586977	0.8923977195206869	0.6364727023348742	0.36531773201083995	0.20030829830048957	0.04749440212267064	0.6174740220571516	0.8066478073684868	0.422770311348025	0.5727473821307436	0.9049898030512982	0.20848436541647963	0.568637785608756	0.05272696030715962	0.4235125426371211	0.7271636705188126	0.32334664087442233
STMMW_41511_1-116	0.4050471753698499	0.05839904046658462	0.4245172711631824	0.3167466022549654	0.12368703171042306	0.376534173272413	0.4245172711631824	0.0	0.2771868351230091	0.1878052491589064	0.3754962585514521	0.02352379429551532	0.4678804483575045	0.2119554311716918	0.05919953915234244	0.2242089728626928	0.47201167328585303	0.19295675089396924	0.38213053620530446	0.0017469598151573784	0.14823011096756122	0.48047253188811573	0.21603290574670275	0.1441205144455736	0.37179031085602277	0.8480298138003035	0.3026463993556302	0.10117063028876006
STMMW_41511_154-370	0.682234010492859	0.33558587558959374	0.7017041062861915	0.5939334373779745	0.4008738668334322	0.09934733814940389	0.7017041062861915	0.2771868351230091	0.0	0.08938158596410273	0.6526830936744612	0.2536630408274938	0.19069361323449535	0.06523140395131732	0.33638637427535156	0.5013958079857019	0.7491985084088622	0.08423008422903988	0.10494370108229534	0.2789337949381665	0.1289567241554479	0.2032856967651066	0.4932197408697119	0.1330663206774355	0.6489771459790319	1.1252166489233126	0.02545956423262108	0.3783574654117692
t3431_1-302	0.5928524245287563	0.246204289625491	0.6123225203220888	0.5045518514138718	0.31149228086932945	0.1887289241135066	0.6123225203220888	0.1878052491589064	0.08938158596410273	0.0	0.5633015077103585	0.16428145486339107	0.2800751991985981	0.024150182012785404	0.24700478831124884	0.4120142220215992	0.6598169224447594	0.005151501735062847	0.19432528704639807	0.18955220897406377	0.03957513819134517	0.29266728272920933	0.40383815490560915	0.043684734713332785	0.5595955600149292	1.03583506295921	0.1148411501967238	0.28897587944766645
CS17_02606_1-298	0.029550916818397832	0.31709721808486746	0.04902101261173031	0.05874965629648665	0.251809226841029	0.7520304318238651	0.04902101261173031	0.3754962585514521	0.6526830936744612	0.5633015077103585	0.0	0.3990200528469674	0.8433767069089566	0.5874516897231439	0.31629671939910964	0.15128728568875927	0.09651541473440095	0.5684530094454213	0.7576267947567565	0.3737492987362947	0.5237263695190133	0.8559687904395679	0.15946335280474933	0.5196167729970257	0.0037059476954293125	0.47253355524885143	0.6781426579070823	0.274325628262692
ERS227112_03349_1-302	0.42857096966536523	0.08192283476209994	0.4480410654586977	0.34027039655048075	0.14721082600593838	0.3530103789768977	0.4480410654586977	0.02352379429551532	0.2536630408274938	0.16428145486339107	0.3990200528469674	0.0	0.44435665406198915	0.18843163687617648	0.08272333344785776	0.24773276715820813	0.49553546758136835	0.16943295659845392	0.35860674190978914	0.0252707541106727	0.1247063166720459	0.4569487375926004	0.23955670004221807	0.12059672015005829	0.3953141051515381	0.8715536080958188	0.2791226050601149	0.12469442458427538
NCTC13441_03085_1-298	0.8729276237273544	0.5262794888240891	0.8923977195206869	0.78462705061247	0.5915674800679276	0.09134627508509147	0.8923977195206869	0.4678804483575045	0.19069361323449535	0.2800751991985981	0.8433767069089566	0.44435665406198915	0.0	0.2559250171858127	0.5270799875098469	0.6920894212201973	0.9398921216433576	0.27492369746353523	0.08574991215220001	0.46962740817266185	0.31965033738994325	0.012592083530611253	0.6839133541042073	0.32375993391193086	0.8396707592135273	1.315910262157808	0.16523404900187427	0.5690510786462646
BN373_14801_1-302	0.6170026065415417	0.2703544716382764	0.6364727023348742	0.5287020334266572	0.33564246288211486	0.1645787421007212	0.6364727023348742	0.2119554311716918	0.06523140395131732	0.024150182012785404	0.5874516897231439	0.18843163687617648	0.2559250171858127	0.0	0.27115497032403424	0.4361644040343846	0.6839671044575448	0.018998680277722557	0.17017510503361266	0.21370239098684918	0.06372532020413058	0.26851710071642393	0.42798833691839455	0.06783491672611819	0.5837457420277146	1.0599852449719953	0.0906909681839384	0.31312606146045185
SL1344_2678_1-302	0.34584763621750747	0.0008004986857578222	0.36531773201083995	0.257547063102623	0.06448749255808062	0.43573371242475545	0.36531773201083995	0.05919953915234244	0.33638637427535156	0.24700478831124884	0.31629671939910964	0.08272333344785776	0.5270799875098469	0.27115497032403424	0.0	0.16500943371035037	0.4128121341335106	0.2521562900463117	0.4413300753576469	0.05745257933718506	0.20742965011990366	0.5396720710404581	0.1568333665943603	0.20332005359791605	0.3125907717036803	0.7888302746479611	0.36184593850797264	0.041971091136417615
NCTC13441_03029_1-106	0.1808382025071571	0.1658099323961082	0.20030829830048957	0.09253762939227261	0.10052194115226976	0.6007431461351058	0.20030829830048957	0.2242089728626928	0.5013958079857019	0.4120142220215992	0.15128728568875927	0.24773276715820813	0.6920894212201973	0.4361644040343846	0.16500943371035037	0.0	0.24780270042316022	0.41716572375666205	0.6063395090679973	0.22246201304753543	0.37243908383025404	0.7046815047508086	0.00817606711599006	0.3683294873082664	0.14758133799332995	0.6238208409376107	0.526855372218323	0.12303834257393276
NCTC13441_03029_155-366	0.06696449791600312	0.4136126328192684	0.04749440212267064	0.1552650710308876	0.34832464157542997	0.848545846558266	0.04749440212267064	0.47201167328585303	0.7491985084088622	0.6598169224447594	0.09651541473440095	0.49553546758136835	0.9398921216433576	0.6839671044575448	0.4128121341335106	0.24780270042316022	0.0	0.6649684241798223	0.8541422094911575	0.47026471347069565	0.6202417842534143	0.9524842051739688	0.2559787675391503	0.6161321877314266	0.10022136242983026	0.3760181405144505	0.7746580726414832	0.370841042997093
t1353_1-106	0.5980039262638192	0.25135579136055386	0.6174740220571516	0.5097033531489347	0.3166437826043923	0.18357742237844377	0.6174740220571516	0.19295675089396924	0.08423008422903988	0.005151501735062847	0.5684530094454213	0.16943295659845392	0.27492369746353523	0.018998680277722557	0.2521562900463117	0.41716572375666205	0.6649684241798223	0.0	0.18917378531133522	0.19470371070912662	0.04472663992640802	0.2875157809941465	0.408989656640672	0.04883623644839563	0.564747061749992	1.0409865646942729	0.10968964846166096	0.2941273811827293
t1353_154-366	0.7871777115751544	0.4405295766718891	0.8066478073684868	0.6988771384602699	0.5058175679157275	0.005596362932891452	0.8066478073684868	0.38213053620530446	0.10494370108229534	0.19432528704639807	0.7576267947567565	0.35860674190978914	0.08574991215220001	0.17017510503361266	0.4413300753576469	0.6063395090679973	0.8541422094911575	0.18917378531133522	0.0	0.38387749602046184	0.23390042523774324	0.09834199568281127	0.5981634419520072	0.23801002175973085	0.7539208470613272	1.230160350005608	0.07948413684967426	0.4833011664940645
STM_MW41511_1-116	0.40330021555469253	0.05665208065142724	0.422770311348025	0.31499964243980805	0.12194007189526568	0.3782811330875704	0.422770311348025	0.0017469598151573784	0.2789337949381665	0.18955220897406377	0.3737492987362947	0.0252707541106727	0.46962740817266185	0.21370239098684918	0.05745257933718506	0.22246201304753543	0.47026471347069565	0.19470371070912662	0.38387749602046184	0.0	0.1499770707827186	0.4822194917032731	0.21428594593154537	0.145867474260731	0.3700433510408654	0.8462828539851461	0.3043933591707876	0.09942367047360268
STM_MW41511_154-370	0.5532772863374111	0.20662915143414584	0.5727473821307436	0.46497671322252665	0.2719171426779843	0.22830406230485178	0.5727473821307436	0.14823011096756122	0.1289567241554479	0.03957513819134517	0.5237263695190133	0.1247063166720459	0.31965033738994325	0.06372532020413058	0.20742965011990366	0.37243908383025404	0.6202417842534143	0.04472663992640802	0.23390042523774324	0.1499770707827186	0.0	0.3322424209205545	0.364263016714264	0.004109596521987613	0.520020421823584	0.9962599247678647	0.15441628838806898	0.24940074125632128
NCTC13441_05008_1-298	0.8855197072579657	0.5388715723547004	0.9049898030512982	0.7972191341430812	0.6041595635985388	0.10393835861570272	0.9049898030512982	0.48047253188811573	0.2032856967651066	0.29266728272920933	0.8559687904395679	0.4569487375926004	0.012592083530611253	0.26851710071642393	0.5396720710404581	0.7046815047508086	0.9524842051739688	0.2875157809941465	0.09834199568281127	0.4822194917032731	0.3322424209205545	0.0	0.6965054376348185	0.3363520174425421	0.8522628427441385	1.3285023456884193	0.17782613253248553	0.5816431621768758
CS17_02127_1-298	0.18901426962314716	0.15763386528011814	0.20848436541647963	0.10071369650826267	0.0923458740362797	0.5925670790191158	0.20848436541647963	0.21603290574670275	0.4932197408697119	0.40383815490560915	0.15946335280474933	0.23955670004221807	0.6839133541042073	0.42798833691839455	0.1568333665943603	0.00817606711599006	0.2559787675391503	0.408989656640672	0.5981634419520072	0.21428594593154537	0.364263016714264	0.6965054376348185	0.0	0.36015342019227636	0.15575740510932	0.6319969080536008	0.518679305102333	0.1148622754579427
t4307_1-302	0.5491676898154235	0.20251955491215823	0.568637785608756	0.46086711670053904	0.26780754615599667	0.2324136588268394	0.568637785608756	0.1441205144455736	0.1330663206774355	0.043684734713332785	0.5196167729970257	0.12059672015005829	0.32375993391193086	0.06783491672611819	0.20332005359791605	0.3683294873082664	0.6161321877314266	0.04883623644839563	0.23801002175973085	0.145867474260731	0.004109596521987613	0.3363520174425421	0.36015342019227636	0.0	0.5159108253015964	0.9921503282458771	0.1585258849100566	0.24529114473433367
NCTC13441_01964_11-306	0.033256864513827145	0.31339127038943815	0.05272696030715962	0.05504370860105734	0.2481032791455997	0.7483244841284358	0.05272696030715962	0.37179031085602277	0.6489771459790319	0.5595955600149292	0.0037059476954293125	0.3953141051515381	0.8396707592135273	0.5837457420277146	0.3125907717036803	0.14758133799332995	0.10022136242983026	0.564747061749992	0.7539208470613272	0.3700433510408654	0.520020421823584	0.8522628427441385	0.15575740510932	0.5159108253015964	0.0	0.47623950294428075	0.674436710211653	0.2706196805672627
STMMW_31861_1-302	0.4429826384304536	0.7896307733337189	0.4235125426371211	0.5312832115453381	0.7243427820898805	1.2245639870727165	0.4235125426371211	0.8480298138003035	1.1252166489233126	1.03583506295921	0.47253355524885143	0.8715536080958188	1.315910262157808	1.0599852449719953	0.7888302746479611	0.6238208409376107	0.3760181405144505	1.0409865646942729	1.230160350005608	0.8462828539851461	0.9962599247678647	1.3285023456884193	0.6319969080536008	0.9921503282458771	0.47623950294428075	0.0	1.1506762131559336	0.7468591835115435
ETEC_2003_1-298	0.7076935747254801	0.3610454398222148	0.7271636705188126	0.6193930016105956	0.42633343106605326	0.0738877739167828	0.7271636705188126	0.3026463993556302	0.02545956423262108	0.1148411501967238	0.6781426579070823	0.2791226050601149	0.16523404900187427	0.0906909681839384	0.36184593850797264	0.526855372218323	0.7746580726414832	0.10968964846166096	0.07948413684967426	0.3043933591707876	0.15441628838806898	0.17782613253248553	0.518679305102333	0.1585258849100566	0.674436710211653	1.1506762131559336	0.0	0.40381702964439026
ROD_36631_1-298	0.30387654508108985	0.04277158982217544	0.32334664087442233	0.21557597196620537	0.022516401421663	0.47770480356117306	0.32334664087442233	0.10117063028876006	0.3783574654117692	0.28897587944766645	0.274325628262692	0.12469442458427538	0.5690510786462646	0.31312606146045185	0.041971091136417615	0.12303834257393276	0.370841042997093	0.2941273811827293	0.4833011664940645	0.09942367047360268	0.24940074125632128	0.5816431621768758	0.1148622754579427	0.24529114473433367	0.2706196805672627	0.7468591835115435	0.40381702964439026	0.0
