NCTC13441_04373_1-150	0.0	0.016331471989849293	0.49143820955632883	0.1766238846598683	0.4047959851144163	-1	0.15331897170319003	0.06414030991083958
ETEC_4400_1-149	0.016331471989849293	0.0	0.4829947528437921	0.16295368623236559	0.39491404071896696	-1	0.13926185072775565	0.07942427622595974
ROD_50581_1-157	0.49143820955632883	0.4829947528437921	0.0	0.38234570936808465	0.14556727151541113	-1	0.399346656595462	0.5240575204041973
ROD_34751_1-147	0.1766238846598683	0.16295368623236559	0.38234570936808465	0.0	0.27711770623840776	-1	0.027525020849420257	0.22943548387096754
ENC_05240_1-149	0.4047959851144163	0.39491404071896696	0.14556727151541113	0.27711770623840776	0.0	-1	0.29701505644587234	0.44297255508935357
b4090_1-149	-1	-1	-1	-1	-1	-1	-1	-1
BN373_17391_1-152	0.15331897170319003	0.13926185072775565	0.399346656595462	0.027525020849420257	0.29701505644587234	-1	0.0	0.20762535525377576
ROD_03781_1-155	0.06414030991083958	0.07942427622595974	0.5240575204041973	0.22943548387096754	0.44297255508935357	-1	0.20762535525377576	0.0
