b1831_1-232	-1	-1	-1	-1	-1	-1	-1	-1	-1	-1	-1	-1	-1
BN373_29321_1-225	-1	0.0	0.20380721283968994	0.064964784314549	0.4593014278834501	0.420483281558857	0.004804642421896044	0.004886125173346967	0.309479326293707	0.018387462068895966	0.47061651661244497	0.07012745930476705	0.15989249731712996
ROD_18711_1-228	-1	0.20380721283968994	0.0	0.26877199715423894	0.66310864072314	0.21667606871916706	0.208611855261586	0.2086933380130369	0.10567211345401706	0.18541975077079398	0.266809303772755	0.1336797535349229	0.04391471552255999
ERS227112_04317_1-225	-1	0.064964784314549	0.26877199715423894	0.0	0.3943366435689011	0.485448065873406	0.06016014189265295	0.06007865914120203	0.374444110608256	0.08335224638344496	0.535581300926994	0.13509224361931604	0.22485728163167895
CS17_02017_1-232	-1	0.4593014278834501	0.66310864072314	0.3943366435689011	0.0	0.879784709442307	0.45449678546155403	0.4544153027101031	0.7687807541771571	0.47768888995234604	0.929917944495895	0.5294288871882171	0.61919392520058
NCTC13441_02056_1-232	-1	0.420483281558857	0.21667606871916706	0.485448065873406	0.879784709442307	0.0	0.42528792398075305	0.42536940673220397	0.11100395526515	0.40209581948996104	0.05013323505358799	0.35035582225408995	0.26059078424172705
ENC_06640_1-228	-1	0.004804642421896044	0.208611855261586	0.06016014189265295	0.45449678546155403	0.42528792398075305	0.0	8.14827514509231e-05	0.31428396871560305	0.02319210449079201	0.475421159034341	0.07493210172666309	0.164697139739026
SL1344_1775_1-228	-1	0.004886125173346967	0.2086933380130369	0.06007865914120203	0.4544153027101031	0.42536940673220397	8.14827514509231e-05	0.0	0.31436545146705397	0.023273587242242932	0.47550264178579194	0.07501358447811401	0.16477862249047692
t1032_1-228	-1	0.309479326293707	0.10567211345401706	0.374444110608256	0.7687807541771571	0.11100395526515	0.31428396871560305	0.31436545146705397	0.0	0.29109186422481104	0.161137190318738	0.23935186698893995	0.14958682897657705
SEN1191_1-228	-1	0.018387462068895966	0.18541975077079398	0.08335224638344496	0.47768888995234604	0.40209581948996104	0.02319210449079201	0.023273587242242932	0.29109186422481104	0.0	0.452229054543549	0.05173999723587108	0.141505035248234
STM_MW18351_1-228	-1	0.47061651661244497	0.266809303772755	0.535581300926994	0.929917944495895	0.05013323505358799	0.475421159034341	0.47550264178579194	0.161137190318738	0.452229054543549	0.0	0.4004890573076779	0.310724019295315
ETEC_1864_1-232	-1	0.07012745930476705	0.1336797535349229	0.13509224361931604	0.5294288871882171	0.35035582225408995	0.07493210172666309	0.07501358447811401	0.23935186698893995	0.05173999723587108	0.4004890573076779	0.0	0.08976503801236291
STMMW_18351_1-228	-1	0.15989249731712996	0.04391471552255999	0.22485728163167895	0.61919392520058	0.26059078424172705	0.164697139739026	0.16477862249047692	0.14958682897657705	0.141505035248234	0.310724019295315	0.08976503801236291	0.0
