NCTC13441_01888_1-111	0.0	0.28463726382473675	0.8339846067826647	0.45051361071943236	0.3307561247338511	0.18549250870914819	0.5095772490612391	-1	0.6912073429268568
Ecoli9000q_680_1-111	0.28463726382473675	0.0	0.8812387740608347	0.6069179130731873	0.5212478702210711	0.12172356445544963	0.6491698390058483	-1	0.7791012399253265
STM_MW16481_2-113	0.8339846067826647	0.8812387740608347	0.0	0.6978716917179766	0.7519358796502795	0.8647792185548839	0.6614851311454236	-1	0.46237260046630085
SL1344_1583_2-112	0.45051361071943236	0.6069179130731873	0.6978716917179766	0.0	0.17894446316442628	0.5524392195686164	0.1074888104492227	-1	0.4380340203195212
SEN1399_2-112	0.3307561247338511	0.5212478702210711	0.7519358796502795	0.17894446316442628	0.0	0.4548958500952013	0.26719874613163	-1	0.5385947208701154
t1556_2-112	0.18549250870914819	0.12172356445544963	0.8647792185548839	0.5524392195686164	0.4548958500952013	0.0	0.6005469954609116	-1	0.7484860675583178
STMMW_16481_2-112	0.5095772490612391	0.6491698390058483	0.6614851311454236	0.1074888104492227	0.26719874613163	0.6005469954609116	0.0	-1	0.37035413532089156
b0543_1-110	-1	-1	-1	-1	-1	-1	-1	-1	-1
ERS227112_05567_1-114	0.6912073429268568	0.7791012399253265	0.46237260046630085	0.4380340203195212	0.5385947208701154	0.7484860675583178	0.37035413532089156	-1	0.0
