ETEC_1102_1-277	0.0	0.19524178534901004	0.47229513097782005	0.25151914611368986	-1	0.19073835146241014	0.03508543228061001	0.2954903077920201	0.43007661312448997	0.39511812451960004
t1781_1-277	0.19524178534901004	0.0	0.27705334562881	0.05627736076467982	-1	0.3859801368114202	0.23032721762962005	0.49073209314103017	0.23483482777547993	0.19987633917059
CS17_01176_1-277	0.47229513097782005	0.27705334562881	0.0	0.2207759848641302	-1	0.6630334824402302	0.5073805632584301	0.7677854387698402	0.042218517853330084	0.07717700645822001
SEN1909_1-248	0.25151914611368986	0.05627736076467982	0.2207759848641302	0.0	-1	0.4422574975761	0.28660457839429987	0.54700945390571	0.1785574670108001	0.14359897840591018
b1037_1-277	-1	-1	-1	-1	-1	-1	-1	-1	-1	-1
STM_MW11471_1-248	0.19073835146241014	0.3859801368114202	0.6630334824402302	0.4422574975761	-1	0.0	0.15565291918180013	0.10475195632960999	0.6208149645869001	0.5858564759820102
STMMW_11471_1-248	0.03508543228061001	0.23032721762962005	0.5073805632584301	0.28660457839429987	-1	0.15565291918180013	0.0	0.2604048755114101	0.4651620454051	0.43020355680021005
NCTC13441_02874_1-277	0.2954903077920201	0.49073209314103017	0.7677854387698402	0.54700945390571	-1	0.10475195632960999	0.2604048755114101	0.0	0.7255669209165101	0.6906084323116202
ROD_10951_1-277	0.43007661312448997	0.23483482777547993	0.042218517853330084	0.1785574670108001	-1	0.6208149645869001	0.4651620454051	0.7255669209165101	0.0	0.034958488604889926
SL1344_1076_1-248	0.39511812451960004	0.19987633917059	0.07717700645822001	0.14359897840591018	-1	0.5858564759820102	0.43020355680021005	0.6906084323116202	0.034958488604889926	0.0
