ENC_43480_1-99	0.0	0.4200501991358163	0.019070812509306423	0.42488079912412235	0.48467032607102967	0.5372929715624493	1.0515797347177953	0.2993369823037817	0.41132644480087555
STMMW_43851_2-100	0.4200501991358163	0.0	0.4009793866265099	0.004830599988306039	0.06462012693521335	0.11724277242663295	0.631529535581979	0.12071321683203462	0.00872375433494077
BN373_02461_1-99	0.019070812509306423	0.4009793866265099	0.0	0.40580998661481593	0.46559951356172324	0.5182221590531428	1.0325089222084889	0.2802661697944753	0.3922556322915691
SL1344_4372_2-100	0.42488079912412235	0.004830599988306039	0.40580998661481593	0.0	0.05978952694690731	0.11241217243832691	0.626698935593673	0.12554381682034066	0.013554354323246809
STM_MW43851_2-100	0.48467032607102967	0.06462012693521335	0.46559951356172324	0.05978952694690731	0.0	0.052622645491419595	0.5669094086467656	0.18533334376724797	0.07334388127015412
ROD_33001_1-99	0.5372929715624493	0.11724277242663295	0.5182221590531428	0.11241217243832691	0.052622645491419595	0.0	0.514286763155346	0.23795598925866757	0.12596652676157372
t4476_2-100	1.0515797347177953	0.631529535581979	1.0325089222084889	0.626698935593673	0.5669094086467656	0.514286763155346	0.0	0.7522427524140136	0.6402532899169198
ERS227112_02111_1-99	0.2993369823037817	0.12071321683203462	0.2802661697944753	0.12554381682034066	0.18533334376724797	0.23795598925866757	0.7522427524140136	0.0	0.11198946249709385
SEN4191_2-100	0.41132644480087555	0.00872375433494077	0.3922556322915691	0.013554354323246809	0.07334388127015412	0.12596652676157372	0.6402532899169198	0.11198946249709385	0.0
