STM_MW23351_1-153	0.0	0.23245794929672953	0.43291707200697865	0.23884267718988345	0.14386307618397814	0.8488742480206215	0.42817432150393137	0.6019384814652555	0.02179507911874573	0.9237976135491539	-1	0.666939422583471	0.4515521115356414
BN373_32751_1-153	0.23245794929672953	0.0	0.20045912271024913	0.006384727893153919	0.08859487311275138	0.6164162987238919	0.19571637220720184	0.36948053216852594	0.25425302841547526	0.6913396642524243	-1	0.43448147328674147	0.21909416223891187
SEN2294_1-153	0.43291707200697865	0.20045912271024913	0.0	0.1940743948170952	0.2890539958230005	0.4159571760136428	0.004742750503047288	0.16902140945827682	0.4547121511257244	0.4908805415421752	-1	0.23402235057649234	0.018635039528662745
CS17_02516_1-153	0.23884267718988345	0.006384727893153919	0.1940743948170952	0.0	0.0949796010059053	0.610031570830738	0.18933164431404792	0.363095804275372	0.2606377563086292	0.6849549363592704	-1	0.42809674539358755	0.21270943434575795
ERS227112_03914_1-153	0.14386307618397814	0.08859487311275138	0.2890539958230005	0.0949796010059053	0.0	0.7050111718366433	0.2843112453199532	0.4580754052812773	0.16565815530272388	0.7799345373651757	-1	0.5230763463994929	0.30768903535166325
ETEC_2402_1-153	0.8488742480206215	0.6164162987238919	0.4159571760136428	0.610031570830738	0.7050111718366433	0.0	0.4206999265166901	0.24693576655536598	0.8706693271393672	0.0749233655285324	-1	0.18193482543715045	0.39732213648498005
ENC_39380_9-161	0.42817432150393137	0.19571637220720184	0.004742750503047288	0.18933164431404792	0.2843112453199532	0.4206999265166901	0.0	0.1737641599613241	0.4499694006226771	0.4956232920452225	-1	0.23876510107953963	0.023377790031710033
STMMW_23351_1-153	0.6019384814652555	0.36948053216852594	0.16902140945827682	0.363095804275372	0.4580754052812773	0.24693576655536598	0.1737641599613241	0.0	0.6237335605840012	0.3218591320838984	-1	0.06500094111821553	0.15038636992961407
t0551_1-153	0.02179507911874573	0.25425302841547526	0.4547121511257244	0.2606377563086292	0.16565815530272388	0.8706693271393672	0.4499694006226771	0.6237335605840012	0.0	0.9455926926678996	-1	0.6887345017022167	0.47334719065438713
SL1344_2281_1-153	0.9237976135491539	0.6913396642524243	0.4908805415421752	0.6849549363592704	0.7799345373651757	0.0749233655285324	0.4956232920452225	0.3218591320838984	0.9455926926678996	0.0	-1	0.25685819096568285	0.47224550201351245
b2267_1-153	-1	-1	-1	-1	-1	-1	-1	-1	-1	-1	-1	-1	-1
ROD_26741_1-153	0.666939422583471	0.43448147328674147	0.23402235057649234	0.42809674539358755	0.5230763463994929	0.18193482543715045	0.23876510107953963	0.06500094111821553	0.6887345017022167	0.25685819096568285	-1	0.0	0.2153873110478296
NCTC13441_01440_1-153	0.4515521115356414	0.21909416223891187	0.018635039528662745	0.21270943434575795	0.30768903535166325	0.39732213648498005	0.023377790031710033	0.15038636992961407	0.47334719065438713	0.47224550201351245	-1	0.2153873110478296	0.0
