SL1344_4066_1-283	0.0	-1	0.6013849182835097	0.5949486263643353	0.286606639512767	0.6667286655592404	0.6333603493010483	0.3510489960323728	0.48334480991996714	0.639023287837255	0.1769182241505517	0.21874921481606008	0.17930046947302206	0.33711310032910013	0.27907964100333466	0.7347614438527812	0.5778216500317382	-1	0.2389405576221096
b2382_1-285	-1	-1	-1	-1	-1	-1	-1	-1	-1	-1	-1	-1	-1	-1	-1	-1	-1	-1	-1
ROD_27971_1-284	0.6013849182835097	-1	0.0	0.01589006318236494	0.44124083038249134	0.16392693170150952	0.080216310130184	0.38575473451863995	0.22846980080710586	0.09442284369088472	0.5157041579433513	0.4897732081989022	0.6728567895743035	0.39866803535506773	0.7126302721874628	0.3345997973657548	0.05581354006794244	-1	0.47623659924507555
t3507_1-278	0.5949486263643353	-1	0.01589006318236494	0.0	0.43221875045343433	0.17721218558184623	0.09483173107632413	0.37583674089535635	0.2160121848908167	0.10881252192114294	0.5078844101272465	0.4815347628222885	0.6675745278179025	0.3889585480769667	0.7079902183064842	0.3451730486271714	0.04056810666365185	-1	0.4677795831951011
ERS227112_00339_40-325	0.286606639512767	-1	0.44124083038249134	0.43221875045343433	0.0	0.5328365066179729	0.48606242922061355	0.09033215066032156	0.27577796669264215	0.4940004601161339	0.1332655133191512	0.08685741631700293	0.41451840396706474	0.07079749211828701	0.4857002024517065	0.6282015353127671	0.4082109908060785	-1	0.06263122068589962
Ecoli9000q_35820_1-283	0.6667286655592404	-1	0.16392693170150952	0.17721218558184623	0.5328365066179729	0.0	0.09101120458351866	0.4864460762011784	0.35494437907585147	0.07675114983454799	0.5950932893674966	0.573413120650761	0.7264843722863691	0.4972425392533521	0.7597379099316699	0.20413630355488563	0.21059112939871488	-1	0.5620955264683785
ETEC_2501_1-285	0.6333603493010483	-1	0.080216310130184	0.09483173107632413	0.48606242922061355	0.09101120458351866	0.0	0.4350272232304899	0.2903591065403657	0.015445515850266356	0.5545525834045261	0.5307017187667479	0.6990990107987952	0.44690466672221846	0.7356820113956998	0.2765688172526473	0.1315526939585729	-1	0.5182509666348725
ETEC_4222_1-283	0.3510489960323728	-1	0.38575473451863995	0.37583674089535635	0.09033215066032156	0.4864460762011784	0.4350272232304899	0.0	0.20386102044491777	0.44375351920905237	0.2115595035525021	0.1693435497606107	0.46740621570875734	0.021023036826027706	0.5321580092484118	0.5912810758815773	0.34944495441550777	-1	0.14730575848318264
ENC_21040_7-290	0.48334480991996714	-1	0.22846980080710586	0.2160121848908167	0.27577796669264215	0.35494437907585147	0.2903591065403657	0.20386102044491777	0.0	0.30131987620829365	0.3722917877183866	0.3386820213455657	0.5759813280569904	0.22059827953074038	0.6275327548900124	0.48662364911860867	0.1828624620941795	-1	0.3211368766863062
NCTC13441_01334_1-285	0.639023287837255	-1	0.09442284369088472	0.10881252192114294	0.4940004601161339	0.07675114983454799	0.015445515850266356	0.44375351920905237	0.30131987620829365	0.0	0.5614327485380116	0.5379502728080388	0.7037465817968632	0.4554475094590688	0.739764539078198	0.2652197573686218	0.1449663105891569	-1	0.525691828965564
NCTC13441_04545_1-283	0.1769182241505517	-1	0.5157041579433513	0.5078844101272465	0.1332655133191512	0.5950932893674966	0.5545525834045261	0.2115595035525021	0.3722917877183866	0.5614327485380116	0.0	0.050822399296032744	0.3244971729750465	0.19462814130858613	0.4066235906710029	0.6777494485605836	0.4870760568929383	-1	0.07535379265024883
SEN3911_1-283	0.21874921481606008	-1	0.4897732081989022	0.4815347628222885	0.08685741631700293	0.573413120650761	0.5307017187667479	0.1693435497606107	0.3386820213455657	0.5379502728080388	0.050822399296032744	0.0	0.3588278473757076	0.15150562118817215	0.43678040347876734	0.6604949893461287	0.4596122551494616	-1	0.0258448928167101
STM_MW40821_1-283	0.17930046947302206	-1	0.6728567895743035	0.6675745278179025	0.41451840396706474	0.7264843722863691	0.6990990107987952	0.46740621570875734	0.5759813280569904	0.7037465817968632	0.3244971729750465	0.3588278473757076	0.0	0.4559690326476086	0.12157819983915864	0.782318841492324	0.6535184263823934	-1	0.37539887293734175
CS17_04413_1-283	0.33711310032910013	-1	0.39866803535506773	0.3889585480769667	0.07079749211828701	0.4972425392533521	0.44690466672221846	0.021023036826027706	0.22059827953074038	0.4554475094590688	0.19462814130858613	0.15150562118817215	0.4559690326476086	0.0	0.5221113383150684	0.5998735888748133	0.3631215970961887	-1	0.12899457945131795
STMMW_40821_1-283	0.27907964100333466	-1	0.7126302721874628	0.7079902183064842	0.4857002024517065	0.7597379099316699	0.7356820113956998	0.5321580092484118	0.6275327548900124	0.739764539078198	0.4066235906710029	0.43678040347876734	0.12157819983915864	0.5221113383150684	0.0	0.8087841248825899	0.6956430323802609	-1	0.4513367535831293
ROD_37911_1-282	0.7347614438527812	-1	0.3345997973657548	0.3451730486271714	0.6282015353127671	0.20413630355488563	0.2765688172526473	0.5912810758815773	0.48662364911860867	0.2652197573686218	0.6777494485605836	0.6604949893461287	0.782318841492324	0.5998735888748133	0.8087841248825899	0.0	0.37173813823669827	-1	0.6514877270052719
CS17_02671_1-285	0.5778216500317382	-1	0.05581354006794244	0.04056810666365185	0.4082109908060785	0.21059112939871488	0.1315526939585729	0.34944495441550777	0.1828624620941795	0.1449663105891569	0.4870760568929383	0.4596122551494616	0.6535184263823934	0.3631215970961887	0.6956430323802609	0.37173813823669827	0.0	-1	0.4452754588403928
b3954_1-283	-1	-1	-1	-1	-1	-1	-1	-1	-1	-1	-1	-1	-1	-1	-1	-1	-1	-1	-1
BN373_48761_1-286	0.2389405576221096	-1	0.47623659924507555	0.4677795831951011	0.06263122068589962	0.5620955264683785	0.5182509666348725	0.14730575848318264	0.3211368766863062	0.525691828965564	0.07535379265024883	0.0258448928167101	0.37539887293734175	0.12899457945131795	0.4513367535831293	0.6514877270052719	0.4452754588403928	-1	0.0
