t3406_1-113	0.0	2.837640196889106	2.07300489395946	1.7482546328745099	2.535499762542353	2.547409065200938	1.12577548050103	2.142311983434121
SL1344_2704_1-113	2.837640196889106	0.0	0.7646353029296461	1.089385564014596	0.302140434346753	0.29023113168816805	1.7118647163880758	0.695328213454985
BN373_14571_1-113	2.07300489395946	0.7646353029296461	0.0	0.32475026108495	0.4624948685828931	0.47440417124147805	0.9472294134584298	0.06930708947466113
STM_MW32101_1-125	1.7482546328745099	1.089385564014596	0.32475026108495	0.0	0.7872451296678431	0.799154432326428	0.6224791523734798	0.3940573505596111
SL1344_2637_1-112	2.535499762542353	0.302140434346753	0.4624948685828931	0.7872451296678431	0.0	0.01190930265858492	1.409724282041323	0.393187779108232
STMMW_32101_1-112	2.547409065200938	0.29023113168816805	0.47440417124147805	0.799154432326428	0.01190930265858492	0.0	1.421633584699908	0.4050970817668169
t4333_1-113	1.12577548050103	1.7118647163880758	0.9472294134584298	0.6224791523734798	1.409724282041323	1.421633584699908	0.0	1.016536502933091
ERS227112_03324_1-114	2.142311983434121	0.695328213454985	0.06930708947466113	0.3940573505596111	0.393187779108232	0.4050970817668169	1.016536502933091	0.0
