STMMW_32581_1-154	0.0	0.17540753782416807	0.0038560933667799446	0.07323264590729006	0.060034496418789995	0.248512581783504	5.89567425593221	0.975335836278835	0.23624738717820004	0.3343305573896781
t3178_1-154	0.17540753782416807	0.0	0.17155144445738812	0.10217489191687801	0.23544203424295806	0.07310504395933592	6.071081793756378	0.799928298454667	0.4116549250023681	0.15892301956551003
ROD_47491_1-154	0.0038560933667799446	0.17155144445738812	0.0	0.06937655254051012	0.06389058978556994	0.24465648841672405	5.89953034929899	0.9714797429120551	0.24010348054497999	0.33047446402289815
SEN3093_1-154	0.07323264590729006	0.10217489191687801	0.06937655254051012	0.0	0.13326714232608006	0.17527993587621393	5.9689069018395	0.902103190371545	0.3094800330854901	0.26109791148238803
SL1344_3231_1-154	0.060034496418789995	0.23544203424295806	0.06389058978556994	0.13326714232608006	0.0	0.308547078202294	5.83563975951342	1.0353703326976251	0.17621289075941005	0.3943650538084681
ERS227112_01053_1-154	0.248512581783504	0.07310504395933592	0.24465648841672405	0.17527993587621393	0.308547078202294	0.0	6.144186837715714	0.726823254495331	0.48475996896170404	0.0858179756061741
b2094_1-150	5.89567425593221	6.071081793756378	5.89953034929899	5.9689069018395	5.83563975951342	6.144186837715714	0.0	6.871010092211045	5.65942686875401	6.230004813321888
CS17_02335_1-151	0.975335836278835	0.799928298454667	0.9714797429120551	0.902103190371545	1.0353703326976251	0.726823254495331	6.871010092211045	0.0	1.2115832234570352	0.6410052788891569
NCTC13441_01620_1-151	0.23624738717820004	0.4116549250023681	0.24010348054497999	0.3094800330854901	0.17621289075941005	0.48475996896170404	5.65942686875401	1.2115832234570352	0.0	0.5705779445678781
STM_MW32581_1-154	0.3343305573896781	0.15892301956551003	0.33047446402289815	0.26109791148238803	0.3943650538084681	0.0858179756061741	6.230004813321888	0.6410052788891569	0.5705779445678781	0.0
