STMMW_02871_10-434	0.0	0.4406587032048334	0.17799636653239015	0.06954720798549752	0.12049777305159004	0.11341790113334649
STM_MW02871_10-434	0.4406587032048334	0.0	0.26266233667244326	0.510205911190331	0.3201609301532434	0.3272408020714869
ENC_07200_4-396	0.17799636653239015	0.26266233667244326	0.0	0.24754357451788767	0.05749859348080011	0.06457846539904366
SL1344_0277_10-434	0.06954720798549752	0.510205911190331	0.24754357451788767	0.0	0.19004498103708756	0.182965109118844
ROD_27711_1-451	0.12049777305159004	0.3201609301532434	0.05749859348080011	0.19004498103708756	0.0	0.007079871918243552
t2581_10-433	0.11341790113334649	0.3272408020714869	0.06457846539904366	0.182965109118844	0.007079871918243552	0.0
