ETEC_1237_1-853	0.0	0.0981491934679005	0.16323121043413458	0.39951775045538923	0.14765280363862393	0.0750453285718263	0.12071616733777037	0.6716520182731598	0.5365915484561862	0.16818717498379612	0.5866524983093093	0.35818406101118205	0.4412199611203401	0.5542965383162978	0.4535755042944192	0.2888362208370082	0.3154200080562377	0.2748260614710229	0.3589578356751573	0.6475087843226568
CS17_01313_1-854	0.0981491934679005	0.0	0.07216494845360835	0.3341667544173363	0.05489113034236828	0.024978375275839997	0.025022956908634358	0.7038791078564621	0.5820747142214201	0.24982893287539237	0.6272222222222222	0.4211777777777778	0.38040745228321615	0.5057902499443644	0.3941076597727343	0.21143965940703588	0.24091658289225457	0.19590476243238128	0.421875607082558	0.6821055128459078
CS17_00822_1-854	0.16323121043413458	0.07216494845360835	0.0	0.28237972420535123	0.01827706697694791	0.09534076056521247	0.048351899030874196	0.725248656774037	0.6122342709270909	0.30396498926582805	0.6541237113402062	0.4629484536082475	0.33221692079413284	0.46735171382892604	0.3469826999772802	0.15010718847202748	0.18187676156165206	0.1333640217326775	0.4635959240972188	0.7050463521250692
STMMW_26141_1-71	0.39951775045538923	0.3341667544173363	0.28237972420535123	0.0	0.29549571805006586	0.3507981870966306	0.3170780273230822	0.8028328652992344	0.721731450558986	0.5005111636342122	0.7517921623411293	0.6146009211624079	0.06944786577218008	0.2577574740607045	0.09002389975727984	0.15563437405185102	0.12284574978647657	0.1719472837610584	0.6150655591132724	0.7883352818653543
STMMW_26141_273-1031	0.14765280363862393	0.05489113034236828	0.01827706697694791	0.29549571805006586	0.0	0.07849841436520155	0.030634745346445006	0.7201335183442114	0.6050151055564637	0.29100667070000275	0.6476844158109606	0.4529499838228371	0.34442203685885103	0.4770869622304313	0.35891794090690116	0.1656407363115508	0.19682965478598727	0.14920358555210214	0.45360950848829185	0.6995551005754034
ENC_17090_13-456	0.0750453285718263	0.024978375275839997	0.09534076056521247	0.3507981870966306	0.07849841436520155	0.0	0.04937629937629931	0.6962930004477466	0.5713681879652529	0.23061084174739618	0.6176722973880306	0.4063493490352331	0.39588386745819976	0.5181348065462331	0.40924186602368784	0.23113661552201115	0.2598772533504388	0.21598975503386098	0.4070650555253098	0.6739616034218455
ENC_17090_504-968	0.12071616733777037	0.025022956908634358	0.048351899030874196	0.3170780273230822	0.030634745346445006	0.04937629937629931	0.0	0.7112889281803162	0.5925324406384862	0.2686004311621557	0.636550224492052	0.4356616213022044	0.36450550081442123	0.493106269980838	0.37855732653339286	0.1912011198820938	0.22143457378143486	0.17526751705038196	0.43634198885436154	0.6900601728994571
Ecoli9000q_49080_1-73	0.6716520182731598	0.7038791078564621	0.725248656774037	0.8028328652992344	0.7201335183442114	0.6962930004477466	0.7112889281803162	0.0	0.2914501653282948	0.6052621793605504	0.2056369510307478	0.48840787244369	0.8165257020046183	0.8536541679074904	0.8205826196689662	0.7664908084345993	0.7752195413146892	0.7618906008831067	0.4877903513996426	0.06849315068493156
Ecoli9000q_49080_273-1022	0.5365915484561862	0.5820747142214201	0.6122342709270909	0.721731450558986	0.6050151055564637	0.5713681879652529	0.5925324406384862	0.2914501653282948	0.0	0.44289335580419004	0.10802770145073631	0.2779729773088611	0.7410566074291847	0.7934572489734381	0.7467822705594676	0.6704406943040312	0.6827598459754646	0.6639482680463579	0.27710144927536223	0.23935091277890466
NCTC13441_02733_1-854	0.16818717498379612	0.24982893287539237	0.30396498926582805	0.5005111636342122	0.29100667070000275	0.23061084174739618	0.2686004311621557	0.6052621793605504	0.44289335580419004	0.0	0.5030763060395965	0.22841302792330087	0.5351995972968459	0.6292581444173783	0.5454770965690863	0.40844484780523205	0.43055758295168894	0.3967910175640846	0.22934325482135354	0.5762373396076496
CS17_01727_1-70	0.5866524983093093	0.6272222222222222	0.6541237113402062	0.7517921623411293	0.6476844158109606	0.6176722973880306	0.636550224492052	0.2056369510307478	0.10802770145073631	0.5030763060395965	0.0	0.35597189695550346	0.7690296669344655	0.8157695876181492	0.7741367998375027	0.7060422285900673	0.7170305706226127	0.7002511642178488	0.35519451809221336	0.1472279033124204
CS17_01727_273-1022	0.35818406101118205	0.4211777777777778	0.4629484536082475	0.6146009211624079	0.4529499838228371	0.4063493490352331	0.4356616213022044	0.48840787244369	0.2779729773088611	0.22841302792330087	0.35597189695550346	0.0	0.6413660646582429	0.713940414228908	0.6492960492022314	0.5435637513016681	0.5606256496576568	0.5345718077128052	0.0012056021313436615	0.45079080424102014
ERS227112_05391_11-941	0.4412199611203401	0.38040745228321615	0.33221692079413284	0.06944786577218008	0.34442203685885103	0.39588386745819976	0.36450550081442123	0.8165257020046183	0.7410566074291847	0.5351995972968459	0.7690296669344655	0.6413660646582429	0.0	0.20236330815015038	0.022111640206138403	0.21427376470534087	0.1837622404168026	0.22945377765070954	0.641798434495063	0.8030349447990757
SL1344_0980_11-236	0.5542965383162978	0.5057902499443644	0.46735171382892604	0.2577574740607045	0.4770869622304313	0.5181348065462331	0.493106269980838	0.8536541679074904	0.7934572489734381	0.6292581444173783	0.8157695876181492	0.713940414228908	0.20236330815015038	0.0	0.18432745020301597	0.37327592497993156	0.34893881368312557	0.3853840602879133	0.714285288275205	0.8428934449595116
SL1344_0980_260-1017	0.4535755042944192	0.3941076597727343	0.3469826999772802	0.09002389975727984	0.35891794090690116	0.40924186602368784	0.37855732653339286	0.8205826196689662	0.7467822705594676	0.5454770965690863	0.7741367998375027	0.6492960492022314	0.022111640206138403	0.18432745020301597	0.0	0.2316474605207	0.20181059607937077	0.24649181848149618	0.6497188586327839	0.8073901652328606
SL1344_2558_1-71	0.2888362208370082	0.21143965940703588	0.15010718847202748	0.15563437405185102	0.1656407363115508	0.23113661552201115	0.1912011198820938	0.7664908084345993	0.6704406943040312	0.40844484780523205	0.7060422285900673	0.5435637513016681	0.21427376470534087	0.37327592497993156	0.2316474605207	0.0	0.0373806821974502	0.01931972265082371	0.5441140318159213	0.7493210149371435
SL1344_2558_273-1031	0.3154200080562377	0.24091658289225457	0.18187676156165206	0.12284574978647657	0.19682965478598727	0.2598772533504388	0.22143457378143486	0.7752195413146892	0.6827598459754646	0.43055758295168894	0.7170305706226127	0.5606256496576568	0.1837622404168026	0.34893881368312557	0.20181059607937077	0.0373806821974502	0.0	0.055978220435720594	0.5611553603108872	0.7586915664113574
ETEC_4718_1-859	0.2748260614710229	0.19590476243238128	0.1333640217326775	0.1719472837610584	0.14920358555210214	0.21598975503386098	0.17526751705038196	0.7618906008831067	0.6639482680463579	0.3967910175640846	0.7002511642178488	0.5345718077128052	0.22945377765070954	0.3853840602879133	0.24649181848149618	0.01931972265082371	0.055978220435720594	0.0	0.5351329289334141	0.7443825568303939
Ecoli9000q_51980_1-860	0.3589578356751573	0.421875607082558	0.4635959240972188	0.6150655591132724	0.45360950848829185	0.4070650555253098	0.43634198885436154	0.4877903513996426	0.27710144927536223	0.22934325482135354	0.35519451809221336	0.0012056021313436615	0.641798434495063	0.714285288275205	0.6497188586327839	0.5441140318159213	0.5611553603108872	0.5351329289334141	0.0	0.45012787723785164
Ecoli9000q_970_1-850	0.6475087843226568	0.6821055128459078	0.7050463521250692	0.7883352818653543	0.6995551005754034	0.6739616034218455	0.6900601728994571	0.06849315068493156	0.23935091277890466	0.5762373396076496	0.1472279033124204	0.45079080424102014	0.8030349447990757	0.8428934449595116	0.8073901652328606	0.7493210149371435	0.7586915664113574	0.7443825568303939	0.45012787723785164	0.0
