CS17_04839_1-342	0.0	0.4701140051605339	0.5979697983800192	0.6791284527528534	0.3275078780894223	0.9878622706640312	0.6650371180823816	0.5683636905399803	0.7280479578663575	1.240069738859713	-1	0.4913092368092431	0.9986323833006128	0.18359751225956344	1.083061205370706	0.9305735683322859	0.7493880747829855	0.43797294203477244	0.5935692889654589	0.5323527579331486	0.739306100535423	0.6030952294391096	0.812067114714498	-1	0.2883022454577755	0.09838825322080913	1.0141280574810638
ENC_33430_1-378	0.4701140051605339	0.0	0.12785579321948526	0.20901444759231946	0.14260612707111164	0.5177482655034973	0.19492311292184772	0.09824968537944634	0.25793395270582353	0.7699557336991791	-1	0.02119523164870918	0.5285183781400788	0.2865164929009705	0.6129472002101721	0.46045956317175196	0.2792740696224516	0.03214106312576148	0.12345528380492499	0.0622387527726147	0.2691920953748891	0.13298122427857573	0.3419531095539641	-1	0.18181175970275842	0.3717257519397248	0.5440140523205299
BN373_04521_1-342	0.5979697983800192	0.12785579321948526	0.0	0.0811586543728342	0.2704619202905969	0.389892472284012	0.06706731970236246	0.02960610784003892	0.13007815948633827	0.6420999404796939	-1	0.10666056157077608	0.4006625849205936	0.41437228612045574	0.48509140699068687	0.3326037699522667	0.15141827640296635	0.15999685634524674	0.004400509414560272	0.06561704044687056	0.14133630215540383	0.005125431059090468	0.21409731633447882	-1	0.3096675529222437	0.49958154515921005	0.41615825910104465
SEN3062_1-378	0.6791284527528534	0.20901444759231946	0.0811586543728342	0.0	0.3516205746634311	0.3087338179111778	0.014091334670471745	0.11076476221287312	0.04891950511350407	0.5609412861068597	-1	0.18781921594361028	0.3195039305477594	0.49553094049328994	0.40393275261785266	0.2514451155794325	0.07025962203013214	0.24115551071808095	0.08555916378739448	0.14677569481970476	0.06017764778256962	0.07603322331374374	0.1329386619616446	-1	0.3908262072950779	0.5807401995320443	0.33499960472821044
ETEC_4671_1-342	0.3275078780894223	0.14260612707111164	0.2704619202905969	0.3516205746634311	0.0	0.6603543925746089	0.33752923999295936	0.24085581245055798	0.4005400797769352	0.9125618607702908	-1	0.16380135871982082	0.6711245052111905	0.14391036582985883	0.7555533272812838	0.6030656902428636	0.42188019669356325	0.11046506394535016	0.26606141087603663	0.20484487984372635	0.41179822244600073	0.27558735134968737	0.4845592366250757	-1	0.03920563263164678	0.22911962486861315	0.6866201793916415
SEN4318_1-342	0.9878622706640312	0.5177482655034973	0.389892472284012	0.3087338179111778	0.6603543925746089	0.0	0.32282515258164957	0.41949858012405095	0.25981431279767375	0.2522074681956818	-1	0.4965530338547881	0.010770112636581564	0.8042647584044678	0.09519893470667484	0.05728870233174532	0.23847419588104568	0.5498893286292588	0.3942929816985723	0.4555095127308826	0.2485561701286082	0.38476704122492156	0.1757951559495332	-1	0.6995600252062557	0.8894740174432221	0.02626578681703262
ROD_48031_1-378	0.6650371180823816	0.19492311292184772	0.06706731970236246	0.014091334670471745	0.33752923999295936	0.32282515258164957	0.0	0.09667342754240138	0.06301083978397581	0.5750326207773313	-1	0.17372788127313854	0.33359526521823113	0.4814396058228182	0.4180240872883244	0.26553645024990424	0.08435095670060389	0.2270641760476092	0.07146782911692273	0.13268436014923302	0.07426898245304137	0.06194188864327199	0.14702999663211636	-1	0.37673487262460614	0.5666488648615725	0.3490909393986822
STMMW_44991_1-342	0.5683636905399803	0.09824968537944634	0.02960610784003892	0.11076476221287312	0.24085581245055798	0.41949858012405095	0.09667342754240138	0.0	0.1596842673263772	0.6717060483197328	-1	0.07705445373073716	0.4302686927606325	0.3847661782804168	0.5146975148307258	0.3622098777923056	0.18102438424300527	0.13039074850520782	0.025205598425478648	0.036010932606831636	0.17094240999544275	0.03473153889912939	0.24370342417451774	-1	0.28006144508220476	0.46997543731917113	0.44576436694108357
STM_MW32211_1-379	0.7280479578663575	0.25793395270582353	0.13007815948633827	0.04891950511350407	0.4005400797769352	0.25981431279767375	0.06301083978397581	0.1596842673263772	0.0	0.5120217809933556	-1	0.23673872105711435	0.2705844254342553	0.544450445606794	0.3550132475043486	0.20252561046592843	0.02134011691662807	0.290075015831585	0.13447866890089855	0.19569519993320883	0.011258142669065552	0.1249527284272478	0.08401915684814054	-1	0.43974571240858196	0.6296597046455483	0.2860800996147064
t4599_1-342	1.240069738859713	0.7699557336991791	0.6420999404796939	0.5609412861068597	0.9125618607702908	0.2522074681956818	0.5750326207773313	0.6717060483197328	0.5120217809933556	0.0	-1	0.74876050205047	0.24143735555910023	1.0564722266001496	0.15700853348900695	0.3094961705274271	0.4906816640767275	0.8020967968249406	0.6465004498942541	0.7077169809265644	0.5007636383242899	0.6369745094206034	0.428002624145215	-1	0.9517674934019376	1.141681485638904	0.22594168137864917
b4371_1-342	-1	-1	-1	-1	-1	-1	-1	-1	-1	-1	-1	-1	-1	-1	-1	-1	-1	-1	-1	-1	-1	-1	-1	-1	-1	-1	-1
SL1344_4484_1-342	0.4913092368092431	0.02119523164870918	0.10666056157077608	0.18781921594361028	0.16380135871982082	0.4965530338547881	0.17372788127313854	0.07705445373073716	0.23673872105711435	0.74876050205047	-1	0.0	0.5073231464913697	0.30771172454967965	0.591751968561463	0.4392643315230428	0.2580788379737424	0.05333629477447066	0.10226005215621581	0.041043521123905524	0.2479968637261799	0.11178599262986655	0.3207578779052549	-1	0.2030069913514676	0.39292098358843397	0.5228188206718207
STM_MW44991_1-342	0.9986323833006128	0.5285183781400788	0.4006625849205936	0.3195039305477594	0.6711245052111905	0.010770112636581564	0.33359526521823113	0.4302686927606325	0.2705844254342553	0.24143735555910023	-1	0.5073231464913697	0.0	0.8150348710410493	0.08442882207009328	0.06805881496832689	0.24924430851762724	0.5606594412658403	0.40506309433515386	0.46627962536746415	0.25932628276518976	0.3955371538615031	0.18656526858611477	-1	0.7103301378428373	0.9002441300798036	0.015495674180451058
ENC_44920_1-342	0.18359751225956344	0.2865164929009705	0.41437228612045574	0.49553094049328994	0.14391036582985883	0.8042647584044678	0.4814396058228182	0.3847661782804168	0.544450445606794	1.0564722266001496	-1	0.30771172454967965	0.8150348710410493	0.0	0.8994636931111426	0.7469760560727224	0.5657905625234221	0.254375429775209	0.40997177670589546	0.3487552456735852	0.5557085882758596	0.4194977171795462	0.6284696024549346	-1	0.10470473319821205	0.08520925903875431	0.8305305452215004
Ecoli9000q_40170_1-342	1.083061205370706	0.6129472002101721	0.48509140699068687	0.40393275261785266	0.7555533272812838	0.09519893470667484	0.4180240872883244	0.5146975148307258	0.3550132475043486	0.15700853348900695	-1	0.591751968561463	0.08442882207009328	0.8994636931111426	0.0	0.15248763703842017	0.3336731305877205	0.6450882633359336	0.48949191640524714	0.5507084474375574	0.34375510483528304	0.4799659759315964	0.27099409065620805	-1	0.7947589599129306	0.9846729521498969	0.06893314788964222
ROD_48721_1-342	0.9305735683322859	0.46045956317175196	0.3326037699522667	0.2514451155794325	0.6030656902428636	0.05728870233174532	0.26553645024990424	0.3622098777923056	0.20252561046592843	0.3094961705274271	-1	0.4392643315230428	0.06805881496832689	0.7469760560727224	0.15248763703842017	0.0	0.18118549354930036	0.49260062629751344	0.337004279366827	0.39822081039913726	0.19126746779686288	0.32747833889317624	0.11850645361778789	-1	0.6422713228745104	0.8321853151114768	0.08355448914877794
NCTC13441_04024_1-342	0.7493880747829855	0.2792740696224516	0.15141827640296635	0.07025962203013214	0.42188019669356325	0.23847419588104568	0.08435095670060389	0.18102438424300527	0.02134011691662807	0.4906816640767275	-1	0.2580788379737424	0.24924430851762724	0.5657905625234221	0.3336731305877205	0.18118549354930036	0.0	0.3114151327482131	0.15581878581752662	0.2170353168498369	0.01008197424756252	0.14629284534387588	0.06267903993151247	-1	0.46108582932521003	0.6509998215621764	0.2647399826980783
NCTC13441_00606_1-379	0.43797294203477244	0.03214106312576148	0.15999685634524674	0.24115551071808095	0.11046506394535016	0.5498893286292588	0.2270641760476092	0.13039074850520782	0.290075015831585	0.8020967968249406	-1	0.05333629477447066	0.5606594412658403	0.254375429775209	0.6450882633359336	0.49260062629751344	0.3114151327482131	0.0	0.15559634693068647	0.09437981589837618	0.30133315850065057	0.1651222874043372	0.37409417267972556	-1	0.14967069657699694	0.3395846888139633	0.5761551154462914
BN373_41731_1-376	0.5935692889654589	0.12345528380492499	0.004400509414560272	0.08555916378739448	0.26606141087603663	0.3942929816985723	0.07146782911692273	0.025205598425478648	0.13447866890089855	0.6465004498942541	-1	0.10226005215621581	0.40506309433515386	0.40997177670589546	0.48949191640524714	0.337004279366827	0.15581878581752662	0.15559634693068647	0.0	0.061216531032310284	0.1457368115699641	0.00952594047365074	0.2184978257490391	-1	0.3052670435076834	0.4951810357446498	0.4205587685156049
SL1344_3193_1-378	0.5323527579331486	0.0622387527726147	0.06561704044687056	0.14677569481970476	0.20484487984372635	0.4555095127308826	0.13268436014923302	0.036010932606831636	0.19569519993320883	0.7077169809265644	-1	0.041043521123905524	0.46627962536746415	0.3487552456735852	0.5507084474375574	0.39822081039913726	0.2170353168498369	0.09437981589837618	0.061216531032310284	0.0	0.20695334260227438	0.07074247150596102	0.27971435678134937	-1	0.24405051247537313	0.4339645047123395	0.4817752995479152
ERS227112_02305_1-342	0.739306100535423	0.2691920953748891	0.14133630215540383	0.06017764778256962	0.41179822244600073	0.2485561701286082	0.07426898245304137	0.17094240999544275	0.011258142669065552	0.5007636383242899	-1	0.2479968637261799	0.25932628276518976	0.5557085882758596	0.34375510483528304	0.19126746779686288	0.01008197424756252	0.30133315850065057	0.1457368115699641	0.20695334260227438	0.0	0.13621087109631336	0.07276101417907499	-1	0.4510038550776475	0.6409178473146139	0.2748219569456408
STMMW_32211_1-378	0.6030952294391096	0.13298122427857573	0.005125431059090468	0.07603322331374374	0.27558735134968737	0.38476704122492156	0.06194188864327199	0.03473153889912939	0.1249527284272478	0.6369745094206034	-1	0.11178599262986655	0.3955371538615031	0.4194977171795462	0.4799659759315964	0.32747833889317624	0.14629284534387588	0.1651222874043372	0.00952594047365074	0.07074247150596102	0.13621087109631336	0.0	0.20897188527538835	-1	0.31479298398133415	0.5047069762183005	0.4110328280419542
ERS227112_01094_1-377	0.812067114714498	0.3419531095539641	0.21409731633447882	0.1329386619616446	0.4845592366250757	0.1757951559495332	0.14702999663211636	0.24370342417451774	0.08401915684814054	0.428002624145215	-1	0.3207578779052549	0.18656526858611477	0.6284696024549346	0.27099409065620805	0.11850645361778789	0.06267903993151247	0.37409417267972556	0.2184978257490391	0.27971435678134937	0.07276101417907499	0.20897188527538835	0.0	-1	0.5237648692567225	0.7136788614936889	0.20206094276656583
b3084_1-378	-1	-1	-1	-1	-1	-1	-1	-1	-1	-1	-1	-1	-1	-1	-1	-1	-1	-1	-1	-1	-1	-1	-1	-1	-1	-1	-1
ETEC_3354_1-378	0.2883022454577755	0.18181175970275842	0.3096675529222437	0.3908262072950779	0.03920563263164678	0.6995600252062557	0.37673487262460614	0.28006144508220476	0.43974571240858196	0.9517674934019376	-1	0.2030069913514676	0.7103301378428373	0.10470473319821205	0.7947589599129306	0.6422713228745104	0.46108582932521003	0.14967069657699694	0.3052670435076834	0.24405051247537313	0.4510038550776475	0.31479298398133415	0.5237648692567225	-1	0.0	0.18991399223696637	0.7258258120232883
CS17_03513_1-379	0.09838825322080913	0.3717257519397248	0.49958154515921005	0.5807401995320443	0.22911962486861315	0.8894740174432221	0.5666488648615725	0.46997543731917113	0.6296597046455483	1.141681485638904	-1	0.39292098358843397	0.9002441300798036	0.08520925903875431	0.9846729521498969	0.8321853151114768	0.6509998215621764	0.3395846888139633	0.4951810357446498	0.4339645047123395	0.6409178473146139	0.5047069762183005	0.7136788614936889	-1	0.18991399223696637	0.0	0.9157398042602547
t3140_1-378	1.0141280574810638	0.5440140523205299	0.41615825910104465	0.33499960472821044	0.6866201793916415	0.02626578681703262	0.3490909393986822	0.44576436694108357	0.2860800996147064	0.22594168137864917	-1	0.5228188206718207	0.015495674180451058	0.8305305452215004	0.06893314788964222	0.08355448914877794	0.2647399826980783	0.5761551154462914	0.4205587685156049	0.4817752995479152	0.2748219569456408	0.4110328280419542	0.20206094276656583	-1	0.7258258120232883	0.9157398042602547	0.0
