SalEn.4_25511_1-222_NEs	0.000000	0.001505	0.027657	0.573167	0.029163	0.000000
SalEn.3_2496_1-222_NEs	0.001505	0.000000	0.026097	0.569817	0.027603	0.001505
SalEn.12514_1-222_NEs	0.027657	0.026097	0.000000	0.563312	0.022970	0.027657
KlePn.2_35091_1-216_NEs	0.573167	0.569817	0.563312	0.000000	0.570112	0.573167
SalEn.50322_1-222_NEs	0.029163	0.027603	0.022970	0.570112	0.000000	0.029163
SalEn.2_MW25511_1-223_NEs	0.000000	0.001505	0.027657	0.573167	0.029163	0.000000