CitRo.1_49461_1-546_NEs	0.000000	0.358882	2.572675	1.904364	2.859759	1.296840	2.481911	2.070597	3.544622
SalEn.52953_1-487_NEs	0.358882	0.000000	2.451732	1.799009	2.583563	1.379244	2.734453	2.172851	3.199041
SalEn.54357_1-337_BeL	2.572675	2.451732	0.000000	2.349086	2.534529	2.806659	0.796522	1.001992	3.204376
EscCo.3_2841_1-434_Ess	1.904364	1.799009	2.349086	0.000000	2.472992	1.911203	2.227821	2.114569	2.674320
EscCo.4_02657_1-305_NEs	2.859759	2.583563	2.534529	2.472992	0.000000	2.392963	2.604009	2.152119	1.897314
EscCo.2_39230_1-546_NEs	1.296840	1.379244	2.806659	1.911203	2.392963	0.000000	2.858636	2.962295	4.743434
KlePn.1_01263_1-316_BeL	2.481911	2.734453	0.796522	2.227821	2.604009	2.858636	0.000000	0.984502	3.212725
CitRo.1_33321_1-308_NEs	2.070597	2.172851	1.001992	2.114569	2.152119	2.962295	0.984502	0.000000	2.686320
EscCo.3_1956_1-376_NEs	3.544622	3.199041	3.204376	2.674320	1.897314	4.743434	3.212725	2.686320	0.000000