SalEn.53463_1-223_NEs	0.000000	0.009009	0.209743	0.321496	0.321418	0.201868	0.013535	0.209902	0.009009	0.009009	0.191473	0.211644	0.209486
SalEn.2_MW41211_1-223_NEs	0.009009	0.000000	0.213494	0.318938	0.318860	0.206063	0.010524	0.213656	0.000000	0.000000	0.183580	0.215399	0.213231
EscCo.43998_1-223_BeL	0.209743	0.213494	0.000000	0.333857	0.329091	0.203912	0.211836	0.016640	0.213494	0.213494	0.204522	0.004489	0.001492
KlePn.1_01851_1-223_NEs	0.321496	0.318938	0.333857	0.000000	0.004518	0.339856	0.323305	0.327281	0.318938	0.318938	0.319154	0.328531	0.331189
KlePn.2_49951_1-223_NEs	0.321418	0.318860	0.329091	0.004518	0.000000	0.335042	0.323226	0.322543	0.318860	0.318860	0.319076	0.323800	0.326441
EntCo.1_01250_1-223_NEs	0.201868	0.206063	0.203912	0.339856	0.335042	0.000000	0.209712	0.202454	0.206063	0.206063	0.192655	0.199645	0.201775
SalEn.13954_1-223_NEs	0.013535	0.010524	0.211836	0.323305	0.323226	0.209712	0.000000	0.211996	0.010524	0.010524	0.194868	0.213741	0.211575
EscCo.3_04496_1-223_NEs	0.209902	0.213656	0.016640	0.327281	0.322543	0.202454	0.211996	0.000000	0.213656	0.213656	0.201301	0.016640	0.015104
SalEn.4_41211_1-223_NEs	0.009009	0.000000	0.213494	0.318938	0.318860	0.206063	0.010524	0.213656	0.000000	0.000000	0.183580	0.215399	0.213231
SalEn.3_4107_1-223_NEs	0.009009	0.000000	0.213494	0.318938	0.318860	0.206063	0.010524	0.213656	0.000000	0.000000	0.183580	0.215399	0.213231
CitRo.1_37541_1-223_NEs	0.191473	0.183580	0.204522	0.319154	0.319076	0.192655	0.194868	0.201301	0.183580	0.183580	0.000000	0.202643	0.204773
EscCo.1_04463_1-223_NEs	0.211644	0.215399	0.004489	0.328531	0.323800	0.199645	0.213741	0.016640	0.215399	0.215399	0.202643	0.000000	0.002988
EscCo.2_4258_1-223_NEs	0.209486	0.213231	0.001492	0.331189	0.326441	0.201775	0.211575	0.015104	0.213231	0.213231	0.204773	0.002988	0.000000