SalEn.3_4093_1-1407_Ess	0.000000	0.060305	0.010270	0.000000	0.062633	0.075513	0.061081	0.016055	0.061872	0.000237	0.076026	0.062655	0.056635
EscCo.1_04450_1-1407_Ess	0.060305	0.000000	0.061606	0.060305	0.003560	0.068772	0.003085	0.065799	0.004988	0.060572	0.069021	0.007613	0.069744
SalEn.13938_1-1407_Ess	0.010270	0.061606	0.000000	0.010270	0.063661	0.075509	0.062383	0.014131	0.062641	0.010512	0.076022	0.063960	0.057959
SalEn.4_41071_1-1407_Ess	0.000000	0.060305	0.010270	0.000000	0.062633	0.075513	0.061081	0.016055	0.061872	0.000237	0.076026	0.062655	0.056635
EscCo.3_4247_1-1407_Ess	0.062633	0.003560	0.063661	0.062633	0.000000	0.071078	0.004274	0.067607	0.007134	0.062901	0.071327	0.009290	0.072076
KlePn.1_01836_1-1407_Ess	0.075513	0.068772	0.075509	0.075513	0.071078	0.000000	0.069555	0.074738	0.069275	0.075788	0.002137	0.070841	0.071030
EscCo.53988_1-1407	0.061081	0.003085	0.062383	0.061081	0.004274	0.069555	0.000000	0.066581	0.005227	0.061349	0.069804	0.008331	0.069730
SalEn.53473_1-1407_Ess	0.016055	0.065799	0.014131	0.016055	0.067607	0.074738	0.066581	0.000000	0.066840	0.016300	0.075250	0.067651	0.058391
EscCo.2_36110_1-1407_Ess	0.061872	0.004988	0.062641	0.061872	0.007134	0.069275	0.005227	0.066840	0.000000	0.062140	0.069524	0.005940	0.068416
SalEn.2_MW41071_1-1407_Ess	0.000237	0.060572	0.010512	0.000237	0.062901	0.075788	0.061349	0.016300	0.062140	0.000000	0.076301	0.062923	0.056900
KlePn.2_49811_1-1407_NEs	0.076026	0.069021	0.076022	0.076026	0.071327	0.002137	0.069804	0.075250	0.069524	0.076301	0.000000	0.071090	0.071562
EscCo.4_04507_1-1407_Ess	0.062655	0.007613	0.063960	0.062655	0.009290	0.070841	0.008331	0.067651	0.005940	0.062923	0.071090	0.000000	0.069484
CitRo.1_37641_1-1407_Ess	0.056635	0.069744	0.057959	0.056635	0.072076	0.071030	0.069730	0.058391	0.068416	0.056900	0.071562	0.069484	0.000000