SalEn.4_31991_9-588_NEs	0.000000	0.504831	0.893901	0.910756	0.000000	0.527197	0.904982	0.513682	0.910949	0.527034	0.911213	0.531873	0.907703
KlePn.2_14651_3-584_NEs	0.504831	0.000000	0.939587	0.944218	0.504831	0.157246	0.943518	0.160050	0.942213	0.183933	0.957331	0.187515	0.946555
EscCo.3_1990_1-577_NEs	0.893901	0.939587	0.000000	0.005789	0.893901	0.880421	0.009282	0.899577	0.013962	0.916599	0.009877	0.927043	0.012201
CitRo.1_36771_1-583_NEs	0.910756	0.944218	0.005789	0.000000	0.910756	0.885031	0.005727	0.909552	0.016155	0.930331	0.011511	0.940853	0.010919
SalEn.2_MW31991_16-595_NEs	0.000000	0.504831	0.893901	0.910756	0.000000	0.527197	0.904982	0.513682	0.910949	0.527034	0.911213	0.531873	0.907703
SalEn.3_2693_7-588_NEs	0.527197	0.157246	0.880421	0.885031	0.527197	0.000000	0.882678	0.034207	0.881640	0.101757	0.895770	0.109045	0.882116
EscCo.4_03071_1-583_NEs	0.904982	0.943518	0.009282	0.005727	0.904982	0.882678	0.000000	0.905397	0.016716	0.929958	0.014997	0.940473	0.013239
SalEn.54322_7-588_NEs	0.513682	0.160050	0.899577	0.909552	0.513682	0.034207	0.905397	0.000000	0.900630	0.119098	0.918813	0.121179	0.904850
EscCo.1_02918_1-583_NEs	0.910949	0.942213	0.013962	0.016155	0.910949	0.881640	0.016716	0.900630	0.000000	0.932401	0.021441	0.940933	0.016741
SalEn.53417_7-588_NEs	0.527034	0.183933	0.916599	0.930331	0.527034	0.101757	0.929958	0.119098	0.932401	0.000000	0.941896	0.029256	0.930872
EscCo.1_02593_1-583_NEs	0.911213	0.957331	0.009877	0.011511	0.911213	0.895770	0.014997	0.918813	0.021441	0.941896	0.000000	0.950397	0.015590
KlePn.1_03334_7-588_NEs	0.531873	0.187515	0.927043	0.940853	0.531873	0.109045	0.940473	0.121179	0.940933	0.029256	0.950397	0.000000	0.941378
EscCo.1_02114_1-583_NEs	0.907703	0.946555	0.012201	0.010919	0.907703	0.882116	0.013239	0.904850	0.016741	0.930872	0.015590	0.941378	0.000000