KlePn.1_05729_1-134_NEs	0.000000	1.115680	1.169237	1.144147	1.129940	1.139513	1.139513
EscCo.1_02756_1-133_BeL	1.115680	0.000000	0.354854	0.352931	0.352629	0.356586	0.356586
SalEn.52943_1-132_BeL	1.169237	0.354854	0.000000	0.023073	0.020483	0.023073	0.023073
SalEn.2_MW29941_1-133_NEs	1.144147	0.352931	0.023073	0.000000	0.002529	0.000000	0.000000
SalEn.12877_1-132_NEs	1.129940	0.352629	0.020483	0.002529	0.000000	0.002529	0.002529
SalEn.4_29941_1-132_NEs	1.139513	0.356586	0.023073	0.000000	0.002529	0.000000	0.000000
SalEn.3_3011_1-132_NEs	1.139513	0.356586	0.023073	0.000000	0.002529	0.000000	0.000000