KlePn.2_23491_1-185_NEs	0.000000	1.150145	1.228963	1.252502	1.229101	1.226704	0.064932
KlePn.2_26361_1-153_NEs	1.150145	0.000000	1.187407	1.209841	1.182925	1.196505	1.222059
KlePn.2_16391_1-149_NEs	1.228963	1.187407	0.000000	0.796071	0.009095	0.787998	1.241593
KlePn.1_04717_1-155_NEs	1.252502	1.209841	0.796071	0.000000	0.790372	0.002133	1.268648
KlePn.1_03505_1-150_NEs	1.229101	1.182925	0.009095	0.790372	0.000000	0.782270	1.241735
KlePn.2_25381_1-154_NEs	1.226704	1.196505	0.787998	0.002133	0.782270	0.000000	1.223083
KlePn.1_04892_1-186_NEs	0.064932	1.222059	1.241593	1.268648	1.241735	1.223083	0.000000