SalEn.3_0474_1-171_NEs	0.000000	0.375371	0.358513	0.378588	0.356651	0.398331	0.000000	0.442553	0.011758	0.000000	0.378588	0.445339
EscCo.2_45820_1-175_NEs	0.375371	0.000000	0.052864	0.042945	0.073631	0.464270	0.375371	0.622848	0.372459	0.375371	0.042945	0.625765
EscCo.4_03511_1-175_NEs	0.358513	0.052864	0.000000	0.065279	0.059132	0.467170	0.358513	0.607675	0.361840	0.358513	0.065279	0.610577
EscCo.50467_1-175	0.378588	0.042945	0.065279	0.000000	0.032866	0.473777	0.378588	0.583499	0.381970	0.378588	0.000000	0.586396
EscCo.1_00499_1-175_NEs	0.356651	0.073631	0.059132	0.032866	0.000000	0.473845	0.356651	0.566485	0.366191	0.356651	0.032866	0.569370
CitRo.1_05251_1-175_NEs	0.398331	0.464270	0.467170	0.473777	0.473845	0.000000	0.398331	0.543333	0.401912	0.398331	0.473777	0.538317
SalEn.4_05511_1-171_NEs	0.000000	0.375371	0.358513	0.378588	0.356651	0.398331	0.000000	0.442553	0.011758	0.000000	0.378588	0.445339
KlePn.1_02802_1-175_NEs	0.442553	0.622848	0.607675	0.583499	0.566485	0.543333	0.442553	0.000000	0.441190	0.442553	0.583499	0.003886
SalEn.10462_1-171_NEs	0.011758	0.372459	0.361840	0.381970	0.366191	0.401912	0.011758	0.441190	0.000000	0.011758	0.381970	0.443967
SalEn.2_MW05511_1-171_Ess	0.000000	0.375371	0.358513	0.378588	0.356651	0.398331	0.000000	0.442553	0.011758	0.000000	0.378588	0.445339
EscCo.3_0519_1-175_NEs	0.378588	0.042945	0.065279	0.000000	0.032866	0.473777	0.378588	0.583499	0.381970	0.378588	0.000000	0.586396
KlePn.2_09371_2-176_NEs	0.445339	0.625765	0.610577	0.586396	0.569370	0.538317	0.445339	0.003886	0.443967	0.445339	0.586396	0.000000