EscCo.4_04513_1-142_Ess	0.000000	0.053908	0.077416	0.053908	0.069228	0.004704	0.053908	0.051379	0.077416	0.005306	0.041293	0.007066	0.053908	0.007066
SalEn.3_4088_1-142_Ess	0.053908	0.000000	0.069326	0.000000	0.071944	0.048885	0.000000	0.002350	0.069326	0.052562	0.043449	0.048885	0.000000	0.048885
KlePn.1_01830_1-142_Ess	0.077416	0.069326	0.000000	0.069326	0.087629	0.072237	0.069326	0.071888	0.002354	0.076057	0.064073	0.074844	0.069326	0.074844
SalEn.13933_1-142_Ess	0.053908	0.000000	0.069326	0.000000	0.071944	0.048885	0.000000	0.002350	0.069326	0.052562	0.043449	0.048885	0.000000	0.048885
EntCo.1_01430_1-142_Ess	0.069228	0.071944	0.087629	0.071944	0.000000	0.069243	0.071944	0.074514	0.085022	0.072627	0.077221	0.066690	0.071944	0.066690
EscCo.1_04444_1-142_Ess	0.004704	0.048885	0.072237	0.048885	0.069243	0.000000	0.048885	0.046370	0.072237	0.000000	0.036345	0.002350	0.048885	0.002350
SalEn.2_MW41021_1-142_Ess	0.053908	0.000000	0.069326	0.000000	0.071944	0.048885	0.000000	0.002350	0.069326	0.052562	0.043449	0.048885	0.000000	0.048885
SalEn.53478_1-142_Ess	0.051379	0.002350	0.071888	0.002350	0.074514	0.046370	0.002350	0.000000	0.071888	0.052562	0.040974	0.046370	0.002350	0.046370
KlePn.2_49761_1-142_Ess	0.077416	0.069326	0.002354	0.069326	0.085022	0.072237	0.069326	0.071888	0.000000	0.076057	0.064073	0.074844	0.069326	0.074844
EscCo.2_36060_1-126_Ess	0.005306	0.052562	0.076057	0.052562	0.072627	0.000000	0.052562	0.052562	0.076057	0.000000	0.041159	0.002650	0.052562	0.002650
CitRo.1_37691_1-142_Ess	0.041293	0.043449	0.064073	0.043449	0.077221	0.036345	0.043449	0.040974	0.064073	0.041159	0.000000	0.038827	0.043449	0.038827
EscCo.53983_1-142	0.007066	0.048885	0.074844	0.048885	0.066690	0.002350	0.048885	0.046370	0.074844	0.002650	0.038827	0.000000	0.048885	0.000000
SalEn.4_41021_1-142_Ess	0.053908	0.000000	0.069326	0.000000	0.071944	0.048885	0.000000	0.002350	0.069326	0.052562	0.043449	0.048885	0.000000	0.048885
EscCo.3_4242_1-142_Ess	0.007066	0.048885	0.074844	0.048885	0.066690	0.002350	0.048885	0.046370	0.074844	0.002650	0.038827	0.000000	0.048885	0.000000