SalEn.3_2571_1-67_NEs	0.000000	0.572065	1.281312	0.582679	0.591532	0.749833	2.666535	0.591571	0.000000
EscCo.4_02745_1-69_NEs	0.572065	0.000000	1.196380	0.004847	0.019518	0.884364	1.301203	0.019652	0.572065
EscCo.4_01953_1-78_NEs	1.281312	1.196380	0.000000	1.176655	1.210426	1.040381	1.230572	1.197085	1.281312
EscCo.1_00810_1-69_NEs	0.582679	0.004847	1.176655	0.000000	0.024455	0.868034	1.323003	0.024625	0.582679
EscCo.1_01301_1-69_NEs	0.591532	0.019518	1.210426	0.024455	0.000000	0.898374	1.360884	0.024602	0.591532
EscCo.2_51900_1-69_Ess	0.749833	0.884364	1.040381	0.868034	0.898374	0.000000	1.477098	0.912492	0.749833
CitRo.1_26001_1-87_NEs	2.666535	1.301203	1.230572	1.323003	1.360884	1.477098	0.000000	1.340929	2.666535
EscCo.2_850_1-69_Ess	0.591571	0.019652	1.197085	0.024625	0.024602	0.912492	1.340929	0.000000	0.591571
SalEn.4_26271_1-67_NEs	0.000000	0.572065	1.281312	0.582679	0.591532	0.749833	2.666535	0.591571	0.000000