EscCo.1_00485_1-190_NEs	0.000000	0.219423	0.021332	0.499924	0.003513	0.233807	0.226649	0.233807	0.008825	0.236535	0.229094	0.490659	0.033246
CitRo.1_05091_1-189_NEs	0.219423	0.000000	0.207052	0.448665	0.224169	0.216123	0.213788	0.216123	0.223449	0.218797	0.211457	0.439640	0.217824
EscCo.4_03525_1-190_NEs	0.021332	0.207052	0.000000	0.483266	0.021331	0.238617	0.231426	0.238617	0.023128	0.241363	0.233884	0.474110	0.042801
KlePn.1_02768_1-164_NEs	0.499924	0.448665	0.483266	0.000000	0.499855	0.490104	0.482346	0.490104	0.501304	0.484977	0.482346	0.000000	0.488585
EscCo.3_0506_1-190_NEs	0.003513	0.224169	0.021331	0.499855	0.000000	0.236171	0.228998	0.236171	0.005285	0.238907	0.231448	0.490592	0.029490
SalEn.3_0459_1-189_NEs	0.233807	0.216123	0.238617	0.490104	0.236171	0.000000	0.008847	0.000000	0.241010	0.001764	0.012410	0.480799	0.246464
SalEn.10447_1-189_NEs	0.226649	0.213788	0.231426	0.482346	0.228998	0.008847	0.000000	0.008847	0.233802	0.010638	0.003529	0.473083	0.239008
SalEn.2_MW05361_1-189_NEs	0.233807	0.216123	0.238617	0.490104	0.236171	0.000000	0.008847	0.000000	0.241010	0.001764	0.012410	0.480799	0.246464
EscCo.50453_1-190	0.008825	0.223449	0.023128	0.501304	0.005285	0.241010	0.233802	0.241010	0.000000	0.243765	0.236266	0.492077	0.035203
SalEn.4_05361_1-189_NEs	0.236535	0.218797	0.241363	0.484977	0.238907	0.001764	0.010638	0.001764	0.243765	0.000000	0.014212	0.475723	0.249323
SalEn.52394_1-189_NEs	0.229094	0.211457	0.233884	0.482346	0.231448	0.012410	0.003529	0.012410	0.236266	0.014212	0.000000	0.473083	0.241558
KlePn.2_09051_1-163_NEs	0.490659	0.439640	0.474110	0.000000	0.490592	0.480799	0.473083	0.480799	0.492077	0.475723	0.473083	0.000000	0.479085
EscCo.2_45690_1-185_NEs	0.033246	0.217824	0.042801	0.488585	0.029490	0.246464	0.239008	0.246464	0.035203	0.249323	0.241558	0.479085	0.000000