KlePn.2_14751_1-141_NEs	0.000000	0.860457	1.161180	1.218363	1.147360	1.170067	1.199473	0.267378	0.031329	1.218363	1.184864	0.226126	0.893408
SalEn.2_MW31911_18-162_NEs	0.860457	0.000000	1.275747	1.241627	1.260228	1.276033	1.229435	0.851577	0.851608	1.241627	1.208959	0.790989	0.037941
EscCo.1_02123_1-155_NEs	1.161180	1.275747	0.000000	0.077547	0.013066	0.006478	0.019704	1.325623	1.180219	0.077547	0.019737	1.213807	1.256963
EscCo.4_03081_1-155_NEs	1.218363	1.241627	0.077547	0.000000	0.079852	0.079919	0.089876	1.352079	1.219343	0.000000	0.087342	1.248946	1.258429
EscCo.3_1999_1-155_NEs	1.147360	1.260228	0.013066	0.079852	0.000000	0.015260	0.015276	1.328126	1.166034	0.079852	0.010874	1.198130	1.277058
EscCo.1_02602_1-155_NEs	1.170067	1.276033	0.006478	0.079919	0.015260	0.000000	0.021917	1.337900	1.189262	0.079919	0.021954	1.223661	1.257241
EscCo.1_02909_1-155_NEs	1.199473	1.229435	0.019704	0.089876	0.015276	0.021917	0.000000	1.298005	1.219647	0.089876	0.008659	1.206225	1.245028
SalEn.53427_1-140_NEs	0.267378	0.851577	1.325623	1.352079	1.328126	1.337900	1.298005	0.000000	0.261463	1.352079	1.279191	0.168513	0.858689
KlePn.1_03344_1-141_NEs	0.031329	0.851608	1.180219	1.219343	1.166034	1.189262	1.219647	0.261463	0.000000	1.219343	1.204634	0.224366	0.884693
EscCo.4_05012_1-155_NEs	1.218363	1.241627	0.077547	0.000000	0.079852	0.079919	0.089876	1.352079	1.219343	0.000000	0.087342	1.248946	1.258429
CitRo.1_36671_1-155_NEs	1.184864	1.208959	0.019737	0.087342	0.010874	0.021954	0.008659	1.279191	1.204634	0.087342	0.000000	1.179999	1.224223
SalEn.3_2682_1-140_NEs	0.226126	0.790989	1.213807	1.248946	1.198130	1.223661	1.206225	0.168513	0.224366	1.248946	1.179999	0.000000	0.797183
SalEn.4_31911_4-148_NEs	0.893408	0.037941	1.256963	1.258429	1.277058	1.257241	1.245028	0.858689	0.884693	1.258429	1.224223	0.797183	0.000000