EscCo.3_4512_1-379_NEs	0.000000	0.226858	0.260405	0.217687	0.226858	0.002637	0.002637	0.260014	0.233868	0.232539	0.226858	0.239637	0.020512	0.024114
SalEn.4_43001_6-384_NEs	0.226858	0.000000	0.256690	0.219925	0.000000	0.227017	0.227017	0.255437	0.009738	0.009745	0.000000	0.233120	0.229467	0.226105
KlePn.1_02042_1-379_NEs	0.260405	0.256690	0.000000	0.281213	0.256690	0.261812	0.261812	0.005320	0.259129	0.256554	0.256690	0.225994	0.261470	0.263388
CitRo.1_32261_1-379_NEs	0.217687	0.219925	0.281213	0.000000	0.219925	0.217841	0.217841	0.283755	0.222241	0.218622	0.219925	0.258530	0.214408	0.206146
SalEn.2_MW43001_6-384_NEs	0.226858	0.000000	0.256690	0.219925	0.000000	0.227017	0.227017	0.255437	0.009738	0.009745	0.000000	0.233120	0.229467	0.226105
EscCo.54166_1-379	0.002637	0.227017	0.261812	0.217841	0.227017	0.000000	0.000000	0.261419	0.231680	0.230354	0.227017	0.242202	0.019601	0.023198
EscCo.1_04645_1-379_NEs	0.002637	0.227017	0.261812	0.217841	0.227017	0.000000	0.000000	0.261419	0.231680	0.230354	0.227017	0.242202	0.019601	0.023198
KlePn.2_01741_1-379_NEs	0.260014	0.255437	0.005320	0.283755	0.255437	0.261419	0.261419	0.000000	0.257872	0.255301	0.255437	0.230998	0.261076	0.262991
SalEn.54407_6-384_NEs	0.233868	0.009738	0.259129	0.222241	0.009738	0.231680	0.231680	0.257872	0.000000	0.007077	0.009738	0.229533	0.231789	0.230769
SalEn.14122_1-379_NEs	0.232539	0.009745	0.256554	0.218622	0.009745	0.230354	0.230354	0.255301	0.007077	0.000000	0.009745	0.230589	0.230462	0.229443
SalEn.3_4289_1-379_NEs	0.226858	0.000000	0.256690	0.219925	0.000000	0.227017	0.227017	0.255437	0.009738	0.009745	0.000000	0.233120	0.229467	0.226105
EntCo.1_42650_1-379_NEs	0.239637	0.233120	0.225994	0.258530	0.233120	0.242202	0.242202	0.230998	0.229533	0.230589	0.233120	0.000000	0.238738	0.240107
EscCo.2_38240_1-379_NEs	0.020512	0.229467	0.261470	0.214408	0.229467	0.019601	0.019601	0.261076	0.231789	0.230462	0.229467	0.238738	0.000000	0.026801
EscCo.4_04287_1-379_NEs	0.024114	0.226105	0.263388	0.206146	0.226105	0.023198	0.023198	0.262991	0.230769	0.229443	0.226105	0.240107	0.026801	0.000000