KlePn.2_19261_1-119_NEs	0.000000	0.357235	0.440867	0.440867	0.440867	0.446924	0.420622	0.435244	0.005656	0.435244	0.446582	0.420025	0.451847	0.435244
EntCo.1_08670_1-119_NEs	0.357235	0.000000	0.345497	0.345497	0.345497	0.346413	0.370909	0.366278	0.367037	0.366278	0.367362	0.339093	0.340090	0.366278
SalEn.3_1618_1-119_NEs	0.440867	0.345497	0.000000	0.000000	0.000000	0.002806	0.252099	0.259855	0.444486	0.259855	0.263272	0.270998	0.008444	0.259855
SalEn.4_16831_1-119_NEs	0.440867	0.345497	0.000000	0.000000	0.000000	0.002806	0.252099	0.259855	0.444486	0.259855	0.263272	0.270998	0.008444	0.259855
SalEn.2_MW16831_1-119_Ess	0.440867	0.345497	0.000000	0.000000	0.000000	0.002806	0.252099	0.259855	0.444486	0.259855	0.263272	0.270998	0.008444	0.259855
SalEn.11345_1-119_NEs	0.446924	0.346413	0.002806	0.002806	0.002806	0.000000	0.256504	0.264307	0.450553	0.264307	0.267738	0.275573	0.011293	0.264307
EscCo.4_02459_1-119_NEs	0.420622	0.370909	0.252099	0.252099	0.252099	0.256504	0.000000	0.016947	0.424228	0.016947	0.022711	0.341561	0.260394	0.016947
EscCo.51306_1-119	0.435244	0.366278	0.259855	0.259855	0.259855	0.264307	0.016947	0.000000	0.438857	0.000000	0.011283	0.328672	0.268226	0.000000
KlePn.1_05360_1-119_Ess	0.005656	0.367037	0.444486	0.444486	0.444486	0.450553	0.424228	0.438857	0.000000	0.438857	0.450210	0.425969	0.455477	0.438857
EscCo.3_1410_1-119_NEs	0.435244	0.366278	0.259855	0.259855	0.259855	0.264307	0.016947	0.000000	0.438857	0.000000	0.011283	0.328672	0.268226	0.000000
EscCo.2_3400_1-119_NEs	0.446582	0.367362	0.263272	0.263272	0.263272	0.267738	0.022711	0.011283	0.450210	0.011283	0.000000	0.338146	0.271662	0.011283
CitRo.1_17021_1-119_NEs	0.420025	0.339093	0.270998	0.270998	0.270998	0.275573	0.341561	0.328672	0.425969	0.328672	0.338146	0.000000	0.283685	0.328672
SalEn.51593_1-119_NEs	0.451847	0.340090	0.008444	0.008444	0.008444	0.011293	0.260394	0.268226	0.455477	0.268226	0.271662	0.283685	0.000000	0.268226
EscCo.1_01492_1-119_NEs	0.435244	0.366278	0.259855	0.259855	0.259855	0.264307	0.016947	0.000000	0.438857	0.000000	0.011283	0.328672	0.268226	0.000000