EscCo.1_04724_1-712_NEs	0.000000	0.149132	0.177446	0.146896	0.006085	0.011746	0.013640	0.161188	0.146331	0.152398	0.146896	0.179677	0.150550
SalEn.14202_1-712_NEs	0.149132	0.000000	0.154724	0.008002	0.150939	0.153301	0.152107	0.153719	0.007530	0.009409	0.008002	0.156327	0.117687
KlePn.2_02561_1-712_NEs	0.177446	0.154724	0.000000	0.152451	0.179243	0.176789	0.179757	0.143793	0.151877	0.157454	0.152451	0.009477	0.137039
SalEn.4_43961_1-712_NEs	0.146896	0.008002	0.152451	0.000000	0.148697	0.151053	0.149863	0.149849	0.000468	0.008942	0.000000	0.154052	0.115604
EscCo.4_04209_1-712_NEs	0.006085	0.150939	0.179243	0.148697	0.000000	0.012221	0.010323	0.162359	0.148130	0.154211	0.148697	0.181477	0.151681
EscCo.54238_1-712	0.011746	0.153301	0.176789	0.151053	0.012221	0.000000	0.013169	0.163637	0.150484	0.156582	0.151053	0.179019	0.151130
EscCo.3_4586_1-712_NEs	0.013640	0.152107	0.179757	0.149863	0.010323	0.013169	0.000000	0.166434	0.149295	0.155384	0.149863	0.181992	0.152742
EntCo.1_43570_1-712_NEs	0.161188	0.153719	0.143793	0.149849	0.162359	0.163637	0.166434	0.000000	0.149276	0.154163	0.149849	0.143696	0.133457
SalEn.3_4382_1-712_NEs	0.146331	0.007530	0.151877	0.000468	0.148130	0.150484	0.149295	0.149276	0.000000	0.008469	0.000468	0.153477	0.115059
SalEn.54486_1-712_NEs	0.152398	0.009409	0.157454	0.008942	0.154211	0.156582	0.155384	0.154163	0.008469	0.000000	0.008942	0.159059	0.120307
SalEn.2_MW43961_1-712_NEs	0.146896	0.008002	0.152451	0.000000	0.148697	0.151053	0.149863	0.149849	0.000468	0.008942	0.000000	0.154052	0.115604
KlePn.1_02122_1-712_NEs	0.179677	0.156327	0.009477	0.154052	0.181477	0.179019	0.181992	0.143696	0.153477	0.159059	0.154052	0.000000	0.138630
CitRo.1_33091_1-712_NEs	0.150550	0.117687	0.137039	0.115604	0.151681	0.151130	0.152742	0.133457	0.115059	0.120307	0.115604	0.138630	0.000000