SalEn.3_3791_34-333_NEs	0.000000	0.000000	0.452954	0.007821	0.022576	0.461073	0.458987	0.458987	0.001112
SalEn.4_38091_34-333_NEs	0.000000	0.000000	0.452954	0.007821	0.022576	0.461073	0.458987	0.458987	0.001112
EscCo.3_02910_19-329_NEs	0.452954	0.452954	0.000000	0.461632	0.451035	0.018659	0.018655	0.018655	0.450911
SalEn.13641_34-333_NEs	0.007821	0.007821	0.461632	0.000000	0.023702	0.469828	0.467721	0.467721	0.008944
SalEn.53693_34-333_NEs	0.022576	0.022576	0.451035	0.023702	0.000000	0.459140	0.457058	0.457058	0.023719
EscCo.1_01056_22-329_NEs	0.461073	0.461073	0.018659	0.469828	0.459140	0.000000	0.005434	0.005434	0.459014
EscCo.2_1063_22-329_NEs	0.458987	0.458987	0.018655	0.467721	0.457058	0.005434	0.000000	0.000000	0.456932
EscCo.40994_22-329_BeL	0.458987	0.458987	0.018655	0.467721	0.457058	0.005434	0.000000	0.000000	0.456932
SalEn.2_MW38091_34-333_NEs	0.001112	0.001112	0.450911	0.008944	0.023719	0.459014	0.456932	0.456932	0.000000