CitRo.1_37701_1-181_Ess	0.000000	0.077468	0.094265	0.092200	0.079572	0.094108	0.094108	0.077468	0.092200	0.092200	0.081792	0.077468	0.094165
EscCo.2_4241_1-181_Ess	0.077468	0.000000	0.092281	0.094347	0.011136	0.094209	0.094209	0.000000	0.094347	0.094347	0.098344	0.000000	0.092183
SalEn.13932_1-181_Ess	0.094265	0.092281	0.000000	0.001845	0.092163	0.071764	0.071764	0.092281	0.001845	0.001845	0.098810	0.092281	0.003698
SalEn.4_41011_1-181_Ess	0.092200	0.094347	0.001845	0.000000	0.094226	0.073783	0.073783	0.094347	0.000000	0.000000	0.096726	0.094347	0.005552
EscCo.3_04514_1-181_Ess	0.079572	0.011136	0.092163	0.094226	0.000000	0.096379	0.096379	0.011136	0.094226	0.094226	0.102610	0.011136	0.087956
KlePn.2_49751_1-181_Ess	0.094108	0.094209	0.071764	0.073783	0.096379	0.000000	0.000000	0.094209	0.073783	0.073783	0.087883	0.094209	0.071689
KlePn.1_01829_1-181_Ess	0.094108	0.094209	0.071764	0.073783	0.096379	0.000000	0.000000	0.094209	0.073783	0.073783	0.087883	0.094209	0.071689
EscCo.1_04443_1-181_NEs	0.077468	0.000000	0.092281	0.094347	0.011136	0.094209	0.094209	0.000000	0.094347	0.094347	0.098344	0.000000	0.092183
SalEn.3_4087_1-181_Ess	0.092200	0.094347	0.001845	0.000000	0.094226	0.073783	0.073783	0.094347	0.000000	0.000000	0.096726	0.094347	0.005552
SalEn.2_MW41011_1-181_Ess	0.092200	0.094347	0.001845	0.000000	0.094226	0.073783	0.073783	0.094347	0.000000	0.000000	0.096726	0.094347	0.005552
EntCo.1_01440_1-181_Ess	0.081792	0.098344	0.098810	0.096726	0.102610	0.087883	0.087883	0.098344	0.096726	0.096726	0.000000	0.098344	0.098704
EscCo.43982_1-181	0.077468	0.000000	0.092281	0.094347	0.011136	0.094209	0.094209	0.000000	0.094347	0.094347	0.098344	0.000000	0.092183
SalEn.53479_1-181_Ess	0.094165	0.092183	0.003698	0.005552	0.087956	0.071689	0.071689	0.092183	0.005552	0.005552	0.098704	0.092183	0.000000