KlePn.1_03262_1-250_NEs	0.000000	1.154661	1.193144	1.230964	1.184953	1.805623	1.148983	1.552313	0.967602	0.971627	0.933312	1.531106	1.053658	0.967602	1.239556	1.339651	1.363411	1.206700	0.205156	1.068082	1.252990	1.300892	1.068082	1.471129	1.370677	0.958293	1.547537	1.138222	1.459590	0.971627	1.473837	0.932822	1.192264	1.311697	0.933312	1.200024	1.544592	1.328303	1.761337	0.898163	0.940364	1.302295	1.148983	1.407059	1.134844	1.329656	1.597636	1.230033	1.151913	1.316236	1.068082	0.008107	1.217234	1.187425	1.509725	1.129858	1.288186	1.056175	1.318653	1.277038	1.149771	1.229609	1.237454	1.601792	1.169853	1.418352	1.205545	1.414544	1.293097	1.069744	1.789857	1.382079	1.151913	1.281833	1.187004	0.935555	1.227904	1.102570	1.418352	1.459590	1.368352	1.442208	1.216211	1.232700	1.471129	1.414544	0.859930	1.531106	1.065227	1.153229	1.428217	1.193144	1.161404	1.192350	1.187166	1.192350	1.041554	1.304413	0.928889	1.298849	1.789857	1.189158	1.270564	1.459589	1.244277	1.409549	1.254024	0.931079	1.222040	1.129137	1.531106	1.192350	1.193144	1.459590	0.857675	1.370677	1.250007	0.931913
EntCo.1_21670_1-256_NEs	1.154661	0.000000	1.334406	1.334310	1.224190	1.459920	1.458394	1.565472	1.364514	1.370431	1.319371	1.556985	1.163086	1.364514	1.351196	1.572995	1.511796	1.395316	1.192242	1.409365	1.520990	1.282566	1.409365	1.012334	1.362352	1.364514	1.122264	1.313383	1.225112	1.370431	1.225891	1.319371	1.135159	1.141394	1.319371	1.692671	1.578797	1.483041	1.453409	1.288985	1.289584	1.453301	1.458394	1.540875	1.320319	1.532628	1.276036	1.364200	1.419848	1.538140	1.409365	1.158849	0.207045	1.242299	1.023571	1.308769	1.443235	1.412035	1.416386	1.456687	1.465221	1.532273	1.676358	1.271028	1.425702	1.540880	0.207109	1.231755	1.318903	1.437060	1.453409	1.274556	1.419848	1.509830	1.340018	1.323592	1.248362	1.363246	1.540880	1.225112	1.535228	1.054442	1.513048	1.263812	1.012334	1.231755	1.285437	1.556985	1.163086	1.388915	1.486570	1.334406	1.306693	1.472540	1.347243	1.472540	1.327999	1.307116	1.319371	1.442472	1.453409	1.445429	0.833743	1.220994	1.629718	1.460244	0.841757	1.323592	1.317087	1.368416	1.556985	1.472540	1.334406	1.225112	1.258917	1.362352	1.500226	1.313815
SalEn.3_2408_1-263_NEs	1.193144	1.334406	0.000000	1.801788	1.401026	1.526651	0.249004	1.548376	1.084898	1.079651	1.114190	1.505512	1.168404	1.084898	1.302572	1.728389	1.500972	0.211179	1.304695	1.379105	1.394301	1.493545	1.379105	1.417626	1.934838	1.081568	1.440771	1.144220	1.431151	1.079651	1.410320	1.110841	1.136039	1.577808	1.114190	1.533880	1.526949	1.555481	1.511471	1.171357	1.106080	1.394586	0.249004	1.511595	1.490749	1.446430	1.595515	1.313417	1.304576	1.452154	1.379105	1.201532	1.307871	1.417116	1.420021	1.492251	1.424899	1.373196	1.510571	1.412369	0.254504	1.408304	1.370852	1.613313	0.234359	1.508984	1.289797	1.425853	1.205662	1.394510	1.518044	1.270213	1.304576	1.323035	0.006333	1.126574	1.459783	1.312554	1.508984	1.431151	1.481953	1.380317	1.390836	1.452983	1.417626	1.425853	1.061913	1.505512	1.172313	1.301645	1.310895	0.000000	1.327902	1.405011	0.008879	1.413741	1.360999	1.238749	1.116192	1.397418	1.518044	1.282951	1.437515	1.429172	1.338929	1.442675	1.460327	1.128515	1.735225	1.282496	1.505512	1.405011	0.000000	1.431151	1.061298	1.934838	1.033680	1.115281
KlePn.1_01328_2-248_NEs	1.230964	1.334310	1.801788	0.000000	1.275855	1.277225	1.582252	1.379912	1.454381	1.461359	1.400165	1.379036	1.179466	1.454381	1.388180	1.613307	1.335198	1.519795	1.290874	1.483402	1.438506	1.476050	1.483402	1.311118	0.348030	1.454381	1.330571	1.353541	1.378444	1.461359	1.358717	1.406978	1.194199	0.259369	1.400165	1.216354	1.377540	1.225449	1.264478	1.423281	1.341319	1.653148	1.582252	1.326774	1.506900	1.567146	1.383788	1.375335	1.478911	1.574702	1.483402	1.233385	1.214438	1.315570	1.336091	1.500850	1.666839	1.497679	1.411347	1.648583	1.552824	1.682163	1.382514	1.384913	1.556417	1.369846	1.202997	1.413776	1.407225	1.502626	1.264478	1.747317	1.478911	1.465026	1.817711	1.425110	1.347271	1.479843	1.369846	1.378444	1.344049	1.334514	1.650228	1.353669	1.311118	1.413776	1.289803	1.379036	1.179466	1.507738	1.495186	1.801788	1.644083	1.632726	1.826067	1.632726	1.459934	1.393590	1.400165	1.644694	1.264478	1.478673	1.182557	1.385144	1.382442	1.500667	1.224702	1.425110	0.025125	1.466291	1.379036	1.632726	1.801788	1.378444	1.276594	0.348030	1.539969	1.400046
KlePn.2_18081_1-248_NEs	1.184953	1.224190	1.401026	1.275855	0.000000	1.409287	1.369807	1.221853	1.303816	1.309738	1.304390	1.204749	1.450628	1.303816	1.478135	1.341886	1.442664	1.358485	1.308065	1.578524	1.575531	1.577863	1.578524	1.364475	1.323263	1.303816	1.224418	1.638344	1.382021	1.309738	1.361990	1.310212	1.577248	1.325134	1.304390	1.284923	1.214351	1.278662	1.415049	1.209937	1.239710	1.477083	1.369807	1.497609	1.470387	1.454693	1.353166	1.465606	1.547237	1.466189	1.578524	1.206934	1.268733	0.008261	1.365088	1.463432	1.467400	1.596140	1.035836	1.461323	1.375307	1.540131	1.290178	1.357270	1.374285	1.469441	1.269874	1.361095	1.321067	1.600607	1.415049	1.298811	1.547237	1.677412	1.406810	1.212670	1.335995	1.349468	1.469441	1.382021	1.484410	1.364241	1.475895	1.360269	1.364475	1.361095	1.217038	1.204749	1.450628	1.548005	1.321939	1.401026	1.228878	1.478567	1.401974	1.478567	1.437794	1.317029	1.304390	1.466353	1.415049	1.501699	1.235339	1.380716	1.295388	1.414602	1.223899	1.212670	1.266552	1.516451	1.204749	1.478567	1.401026	1.382021	1.211718	1.323263	1.255312	1.329227
SalEn.13000_1-294_NEs	1.805623	1.459920	1.526651	1.277225	1.409287	0.000000	1.686636	1.674159	1.452379	1.458689	1.369895	1.677525	1.451754	1.452379	1.475568	2.230971	1.635431	1.528167	1.644422	1.691295	1.683164	1.657891	1.691295	1.656426	1.183488	1.452379	1.644282	1.466292	1.664336	1.458689	1.681250	1.363104	1.444070	1.239365	1.369895	1.558754	1.647667	1.534705	0.007966	1.472638	1.487924	1.361500	1.686636	1.553632	1.744275	1.905788	1.675968	1.468529	1.792846	1.932128	1.691295	1.825060	1.425396	1.437762	1.666737	1.737596	1.402763	1.709481	1.812420	1.396535	1.654658	2.000644	1.969879	1.739877	1.691535	1.546239	1.428749	1.701656	1.846103	1.683362	0.007966	1.668319	1.792846	1.514618	1.539361	1.421691	1.813880	1.996071	1.546239	1.664336	1.591484	1.654092	1.894501	1.855067	1.656426	1.701656	1.638069	1.677525	1.451754	1.821175	1.697961	1.526651	1.667379	1.899119	1.507581	1.899119	1.660456	1.858994	1.369895	1.389457	0.007966	1.548299	1.300289	1.715118	1.902023	1.510224	1.326266	1.421691	1.242856	1.813321	1.677525	1.899119	1.526651	1.664336	1.619554	1.183488	1.619734	1.375659
EscCo.3_2539_1-263_NEs	1.148983	1.458394	0.249004	1.582252	1.369807	1.686636	0.000000	1.367416	1.073637	1.068351	1.040161	1.363076	1.266912	1.073637	1.301520	1.695594	1.469779	0.214594	1.256833	1.297270	1.307180	1.750641	1.297270	1.437007	1.830238	1.075776	1.569012	1.139769	1.401511	1.068351	1.394606	1.042561	1.244590	1.443811	1.040161	1.411438	1.355440	1.355553	1.707828	1.112242	1.083054	1.469903	0.000000	1.447079	1.472600	1.388925	1.896655	1.312397	1.263522	1.407713	1.297270	1.150519	1.324742	1.408107	1.463436	1.466906	1.528208	1.322003	1.578081	1.513167	0.006353	1.374257	1.344252	1.886963	0.029785	1.452783	1.356299	1.325869	1.215080	1.289921	1.707928	1.228356	1.263522	1.350326	0.247219	1.062420	1.542675	1.239719	1.452783	1.401511	1.441027	1.457623	1.406525	1.540925	1.437007	1.325869	1.109010	1.363076	1.265264	1.275260	1.296414	0.249004	1.367304	1.421850	0.245570	1.430903	1.269604	1.256237	1.047734	1.508063	1.707928	1.332164	1.521234	1.414137	1.331892	1.327814	1.476115	1.069995	1.561465	1.260480	1.363076	1.421850	0.249004	1.401511	1.107196	1.830238	1.017549	1.040170
SalEn.52270_1-251_NEs	1.552313	1.565472	1.548376	1.379912	1.221853	1.674159	1.367416	0.000000	1.352738	1.345941	1.408112	0.021689	1.697700	1.352738	1.511193	1.333906	0.252783	1.370920	1.467970	1.576005	1.240611	1.895265	1.576005	1.381965	1.385763	1.372183	1.171624	1.616245	1.363745	1.345941	1.356010	1.414430	1.519300	1.210938	1.408112	1.320615	0.017599	0.245598	1.710874	1.407251	1.403611	1.541592	1.367416	0.264662	1.468886	1.555305	1.660332	1.525536	1.428150	1.570356	1.576005	1.526848	1.593998	1.255616	1.344676	1.476041	1.560225	1.566251	1.580830	1.575098	1.392341	1.470074	1.594472	1.723418	1.422636	0.261708	1.637856	0.277033	1.365161	1.548657	1.682752	1.451215	1.428150	1.624495	1.548031	1.446078	1.401812	1.370845	0.261708	1.363745	0.255794	1.395145	1.543607	1.419652	1.381965	0.277033	1.349432	0.021689	1.670767	1.448974	0.272227	1.548376	1.276312	1.490008	1.533784	1.490008	1.426428	1.396281	1.428757	1.521434	1.682752	1.538069	1.389483	1.368406	1.575994	1.598982	1.374776	1.467644	1.378793	1.437402	0.021689	1.490008	1.548376	1.363745	1.348429	1.385763	1.303533	1.416330
SalEn.4_12041_1-244_Ess	0.967602	1.364514	1.084898	1.454381	1.303816	1.452379	1.073637	1.352738	0.000000	0.001355	0.123254	1.352550	1.210088	0.000000	1.285100	1.416046	1.274596	1.116161	0.958833	1.310399	1.184021	1.271796	1.310399	1.299557	1.473476	0.000000	1.337274	1.082733	1.291373	0.002713	1.279911	0.123230	1.221868	1.476838	0.123254	1.117615	1.351457	1.362309	1.465981	0.138531	0.123923	1.278190	1.073637	1.276432	1.372088	1.329791	1.318277	1.274935	1.226059	1.340305	1.310399	0.974621	1.314693	1.301555	1.294909	1.372088	1.270403	1.303588	1.410239	1.265579	1.074714	1.041069	1.168324	1.327931	1.067715	1.309125	1.287508	1.325065	1.291034	1.280744	1.465981	1.075854	1.226059	1.279100	1.090161	0.128739	1.316251	1.217906	1.309125	1.291373	1.290563	1.292973	1.092850	1.311255	1.299557	1.325065	0.920557	1.352550	1.210088	1.236068	1.411607	1.084898	1.173344	1.089312	1.099235	1.089312	1.205339	1.295481	0.123254	1.251549	1.465981	1.178346	1.162352	1.284792	1.171883	1.765195	1.130698	0.128739	1.466340	1.210915	1.352550	1.089312	1.084898	1.291373	0.913602	1.473476	1.097830	0.124996
SalEn.51725_1-244_Ess	0.971627	1.370431	1.079651	1.461359	1.309738	1.458689	1.068351	1.345941	0.001355	0.000000	0.124831	1.345797	1.215135	0.001355	1.278521	1.422118	1.280028	1.110693	0.962887	1.315959	1.188896	1.265488	1.315959	1.292977	1.480691	0.001355	1.343211	1.087315	1.297141	0.001355	1.273358	0.124806	1.227041	1.483793	0.124831	1.122547	1.344708	1.368151	1.472302	0.140142	0.122315	1.271568	1.068351	1.281871	1.377960	1.335556	1.318277	1.268411	1.220033	1.346115	1.315959	0.978674	1.320530	1.307418	1.288333	1.377960	1.263787	1.309166	1.416390	1.259009	1.069446	1.045644	1.173479	1.327931	1.062508	1.314661	1.293243	1.330776	1.284644	1.286223	1.472302	1.080601	1.220033	1.284780	1.084898	0.130333	1.309516	1.212127	1.314661	1.297141	1.284242	1.286372	1.087400	1.304612	1.292977	1.330776	0.924689	1.345797	1.215135	1.229921	1.417676	1.079651	1.178240	1.083901	1.093948	1.083901	1.199640	1.289049	0.124831	1.245026	1.472302	1.183590	1.156366	1.278193	1.177095	1.756632	1.124904	0.130333	1.473313	1.204923	1.345797	1.083901	1.079651	1.297141	0.917712	1.480691	1.103715	0.126577
EscCo.51093_1-244	0.933312	1.319371	1.114190	1.400165	1.304390	1.369895	1.040161	1.408112	0.123254	0.124831	0.000000	1.420715	1.175367	0.123254	1.354077	1.427096	1.238240	1.111126	0.907347	1.153998	1.164835	1.269506	1.153998	1.267224	1.409464	0.123254	1.274789	1.082731	1.240941	0.126435	1.229798	0.002713	1.142980	1.393905	0.000000	1.118042	1.406392	1.283111	1.369895	0.140419	0.119186	1.253645	1.040161	1.196580	1.255303	1.290098	1.313161	1.348643	1.193452	1.299998	1.153998	0.944563	1.257847	1.296405	1.269875	1.255303	1.243263	1.146283	1.438740	1.238654	1.051879	1.041656	1.110836	1.328490	1.044973	1.228305	1.226776	1.364359	1.208465	1.138417	1.369895	1.073614	1.193452	1.263885	1.118777	0.106380	1.316253	1.163836	1.228305	1.240941	1.238341	1.272641	1.141862	1.311165	1.267224	1.364359	0.837529	1.420715	1.175367	1.202644	1.373096	1.114190	1.194850	1.127051	1.133622	1.127051	1.120542	1.212302	0.000000	1.231729	1.369895	1.204356	1.167196	1.246131	1.146091	1.719478	1.129205	0.106380	1.411965	1.167864	1.420715	1.127051	1.114190	1.240941	0.831197	1.409464	1.035879	0.004078
SalEn.3_0586_1-251_NEs	1.531106	1.556985	1.505512	1.379036	1.204749	1.677525	1.363076	0.021689	1.352550	1.345797	1.420715	0.000000	1.694783	1.352550	1.519029	1.320832	0.250609	1.391790	1.451295	1.555248	1.245584	1.836911	1.555248	1.336897	1.419785	1.371868	1.178322	1.594370	1.364443	1.345797	1.356749	1.427100	1.531632	1.214144	1.420715	1.304828	0.013497	0.239728	1.713226	1.419966	1.403344	1.533147	1.363076	0.261874	1.445142	1.541093	1.636194	1.533339	1.404821	1.571063	1.555248	1.500123	1.592164	1.237931	1.313390	1.452232	1.565871	1.545377	1.566890	1.580673	1.387810	1.481103	1.579777	1.687972	1.371417	0.255158	1.635570	0.276751	1.352770	1.528258	1.685876	1.437405	1.404821	1.632393	1.505192	1.458767	1.354659	1.336948	0.255158	1.364443	0.249842	1.349419	1.512625	1.371477	1.336897	0.276751	1.336953	0.000000	1.668127	1.425302	0.267931	1.505512	1.273788	1.473820	1.491327	1.473820	1.409390	1.383536	1.441368	1.527229	1.685876	1.559631	1.416898	1.369083	1.561320	1.616644	1.408477	1.480328	1.391853	1.413965	0.000000	1.473820	1.505512	1.364443	1.341625	1.419785	1.286209	1.428915
KlePn.1_03030_1-266_NEs	1.053658	1.163086	1.168404	1.179466	1.450628	1.451754	1.266912	1.697700	1.210088	1.215135	1.175367	1.694783	0.000000	1.210088	1.318400	1.528930	1.520240	1.170071	1.097923	1.242636	1.381645	1.466510	1.242636	1.385301	1.313056	1.196165	1.298587	0.220230	1.250002	1.215135	1.238432	1.167800	0.160808	1.131865	1.175367	1.403292	1.703673	1.393228	1.444491	1.179705	1.133656	1.714108	1.266912	1.509520	1.201606	1.376651	1.402282	1.329845	1.205655	1.369410	1.242636	1.057835	1.134858	1.467775	1.379718	1.201606	1.690932	1.227248	1.621422	1.706440	1.267158	1.363161	1.263534	1.418767	1.261222	1.497239	1.101558	1.405863	1.244405	1.262138	1.463458	1.330510	1.205655	1.567874	1.162862	1.136311	1.356011	1.302620	1.497239	1.250002	1.522483	1.407679	1.477231	1.349373	1.385301	1.405863	0.942208	1.694783	0.000000	1.200621	1.555596	1.168404	1.163796	1.440074	1.162862	1.440074	1.129644	1.261750	1.167800	1.686320	1.463458	1.475333	1.189812	1.240051	1.227748	1.368303	1.183627	1.129234	1.166187	1.206552	1.694783	1.440074	1.168404	1.250002	0.944006	1.313056	1.281384	1.172620
SalEn.3_1132_1-244_Ess	0.967602	1.364514	1.084898	1.454381	1.303816	1.452379	1.073637	1.352738	0.000000	0.001355	0.123254	1.352550	1.210088	0.000000	1.285100	1.416046	1.274596	1.116161	0.958833	1.310399	1.184021	1.271796	1.310399	1.299557	1.473476	0.000000	1.337274	1.082733	1.291373	0.002713	1.279911	0.123230	1.221868	1.476838	0.123254	1.117615	1.351457	1.362309	1.465981	0.138531	0.123923	1.278190	1.073637	1.276432	1.372088	1.329791	1.318277	1.274935	1.226059	1.340305	1.310399	0.974621	1.314693	1.301555	1.294909	1.372088	1.270403	1.303588	1.410239	1.265579	1.074714	1.041069	1.168324	1.327931	1.067715	1.309125	1.287508	1.325065	1.291034	1.280744	1.465981	1.075854	1.226059	1.279100	1.090161	0.128739	1.316251	1.217906	1.309125	1.291373	1.290563	1.292973	1.092850	1.311255	1.299557	1.325065	0.920557	1.352550	1.210088	1.236068	1.411607	1.084898	1.173344	1.089312	1.099235	1.089312	1.205339	1.295481	0.123254	1.251549	1.465981	1.178346	1.162352	1.284792	1.171883	1.765195	1.130698	0.128739	1.466340	1.210915	1.352550	1.089312	1.084898	1.291373	0.913602	1.473476	1.097830	0.124996
KlePn.1_03029_1-261_NEs	1.239556	1.351196	1.302572	1.388180	1.478135	1.475568	1.301520	1.511193	1.285100	1.278521	1.354077	1.519029	1.318400	1.285100	0.000000	1.285204	1.490397	1.283952	1.238642	1.304716	1.380202	1.544198	1.304716	1.615688	1.521086	1.285100	1.583272	1.400336	1.633547	1.278521	1.626300	1.347220	1.300617	1.344138	1.354077	1.294609	1.546632	1.324169	1.474506	1.341605	1.346777	1.322020	1.301520	1.510450	1.217037	1.503231	1.480566	0.001289	1.286278	1.521464	1.304716	1.228880	1.343589	1.522068	1.624851	1.211291	1.306852	1.309562	1.471658	1.302039	1.284614	1.487917	1.435344	1.536388	1.316388	1.497051	1.294197	1.389411	1.129085	1.287163	1.474506	1.539873	1.286278	0.271648	1.295724	1.316173	1.111391	1.244225	1.497051	1.633547	1.464571	1.627653	1.430220	1.098273	1.615688	1.389411	1.145870	1.519029	1.318400	1.281029	1.429965	1.302572	1.246573	1.471201	1.290542	1.471201	1.185876	1.127785	1.354077	1.302347	1.474506	0.221718	1.386145	1.608871	1.431216	1.664548	1.354554	1.316173	1.347498	1.280848	1.519029	1.471201	1.302572	1.633547	1.154262	1.521086	1.405201	1.352674
EntCo.1_28900_3-254_NEs	1.339651	1.572995	1.728389	1.613307	1.341886	2.230971	1.695594	1.333906	1.416046	1.422118	1.427096	1.320832	1.528930	1.416046	1.285204	0.000000	1.348711	1.566307	1.342250	1.435085	1.316612	1.757289	1.435085	1.463623	1.748008	1.416046	1.378170	1.682909	1.660399	1.422118	1.678396	1.427096	1.681406	1.545963	1.427096	1.345411	1.315046	1.194502	2.251029	1.394220	1.369117	1.538748	1.695594	1.359431	1.218598	1.541870	2.085689	1.290890	1.352708	1.525833	1.435085	1.320925	1.518655	1.349547	1.406379	1.218598	1.547435	1.421190	1.904676	1.531901	1.698520	1.385992	1.432118	2.088191	1.706513	1.354109	1.540906	1.283384	1.377331	1.459991	2.251029	1.569031	1.352708	1.458942	1.743864	1.336115	1.252740	1.417665	1.354109	1.660399	1.330682	1.448013	1.321791	1.257730	1.463623	1.283384	1.093621	1.320832	1.528930	1.336869	1.310663	1.728389	1.389670	1.333198	1.721631	1.333198	1.308761	1.384070	1.427096	1.540526	2.251029	1.430283	1.412738	1.652307	1.454628	1.645115	1.392153	1.336115	1.569896	1.344374	1.320832	1.333198	1.728389	1.660399	1.093952	1.748008	1.395139	1.408979
EscCo.4_03399_1-248_NEs	1.363411	1.511796	1.500972	1.335198	1.442664	1.635431	1.469779	0.252783	1.274596	1.280028	1.238240	0.250609	1.520240	1.274596	1.490397	1.348711	0.000000	1.303995	1.286317	1.319175	1.253134	1.739947	1.319175	1.293853	1.451092	1.280762	1.149797	1.514244	1.358508	1.280028	1.350451	1.232082	1.540415	1.252292	1.238240	1.400567	0.244902	0.244011	1.629880	1.253125	1.239505	1.570035	1.469779	0.043077	1.421475	1.537100	1.604089	1.504052	1.308776	1.558095	1.319175	1.394738	1.545447	1.458473	1.278856	1.421475	1.552524	1.326628	1.796021	1.566995	1.482288	1.357371	1.410182	1.674790	1.518278	0.038764	1.576730	0.246911	1.532800	1.322271	1.621351	1.282452	1.308776	1.473613	1.486759	1.275175	1.440297	1.449238	0.038764	1.358508	0.031644	1.282647	1.452487	1.426536	1.293853	0.246911	1.153133	0.250609	1.512641	1.303185	0.263297	1.500972	1.327621	1.422768	1.478907	1.422768	1.396413	1.540967	1.244315	1.550685	1.621351	1.516417	1.450444	1.345405	1.450944	1.487300	1.478221	1.281381	1.326890	1.309374	0.250609	1.422768	1.500972	1.358508	1.145301	1.451092	1.586178	1.228304
CitRo.1_23871_1-263_NEs	1.206700	1.395316	0.211179	1.519795	1.358485	1.528167	0.214594	1.370920	1.116161	1.110693	1.111126	1.391790	1.170071	1.116161	1.283952	1.566307	1.303995	0.000000	1.236320	1.381327	1.355130	1.646061	1.381327	1.408155	1.847558	1.112558	1.493345	1.243951	1.450392	1.110693	1.430334	1.107734	1.181737	1.543254	1.111126	1.484866	1.377141	1.300999	1.540553	1.164067	1.093545	1.416396	0.214594	1.342389	1.444398	1.506363	1.885856	1.294865	1.354029	1.518918	1.381327	1.215445	1.266665	1.399992	1.415132	1.431841	1.442963	1.400278	1.541956	1.430250	0.214789	1.424327	1.503499	1.921758	0.225352	1.336932	1.277356	1.262691	1.199146	1.403581	1.547410	1.216873	1.354029	1.336781	0.212839	1.107158	1.544277	1.296142	1.336932	1.450392	1.312489	1.422501	1.489257	1.521270	1.408155	1.262691	1.096412	1.391790	1.174264	1.346182	1.273573	0.211179	1.373983	1.514062	0.207824	1.523885	1.298272	1.229418	1.113175	1.433005	1.547410	1.351169	1.316599	1.450553	1.470557	1.252508	1.352689	1.109193	1.476016	1.324986	1.391790	1.514062	0.211179	1.450392	1.084113	1.847558	0.992754	1.094964
CitRo.1_07991_1-249_NEs	0.205156	1.192242	1.304695	1.290874	1.308065	1.644422	1.256833	1.467970	0.958833	0.962887	0.907347	1.451295	1.097923	0.958833	1.238642	1.342250	1.286317	1.236320	0.000000	1.127912	1.156900	1.337252	1.127912	1.516762	1.327353	0.958833	1.418479	1.180284	1.434177	0.962887	1.448479	0.915259	1.090117	1.256364	0.907347	1.184145	1.441985	1.230494	1.629554	0.965010	0.961314	1.318072	1.256833	1.312297	1.180995	1.313544	1.650350	1.234106	1.272268	1.317333	1.127912	0.204962	1.239224	1.316670	1.611919	1.182055	1.308000	1.141191	1.173607	1.296219	1.245855	1.110359	1.221637	1.686201	1.234865	1.328996	1.249119	1.294051	1.387130	1.128773	1.629554	1.266256	1.272268	1.228463	1.293083	0.952689	1.212415	1.101654	1.328996	1.434177	1.332814	1.515713	1.191453	1.208458	1.516762	1.294051	0.979702	1.451295	1.097923	1.260256	1.327791	1.304695	1.184505	1.183703	1.298496	1.183703	1.072998	1.388051	0.907347	1.313285	1.629554	1.276824	1.331275	1.427564	1.250750	1.411886	1.369369	0.952689	1.287315	1.246607	1.451295	1.183703	1.304695	1.434177	0.977527	1.327353	1.514407	0.909738
SalEn.4_29791_1-253_BeL	1.068082	1.409365	1.379105	1.483402	1.578524	1.691295	1.297270	1.576005	1.310399	1.315959	1.153998	1.555248	1.242636	1.310399	1.304716	1.435085	1.319175	1.381327	1.127912	0.000000	0.999364	1.408357	0.000000	1.349965	1.573691	1.310399	1.325750	1.209392	1.350635	1.315959	1.337626	1.148298	1.364755	1.453463	1.153998	1.237293	1.599055	1.444781	1.690111	1.299673	1.245284	1.369964	1.297270	1.378830	0.252054	1.429969	1.518992	1.294166	0.197280	1.447643	0.000000	1.076622	1.334826	1.556740	1.313479	0.252054	1.390566	0.017192	1.731719	1.396848	1.281681	1.038237	1.342517	1.561103	1.351843	1.349363	1.336176	1.412910	1.453589	0.015850	1.690111	1.339662	0.197280	1.279161	1.384485	1.261627	0.479310	0.455224	1.349363	1.350635	1.372780	1.378984	1.024966	0.473092	1.349965	1.412910	1.162676	1.555248	1.242636	0.199583	1.397607	1.379105	1.282426	1.022917	1.354304	1.022917	0.187666	1.453930	1.153998	1.365818	1.690111	1.289265	1.396701	1.332936	1.327051	1.412091	1.444997	1.261627	1.522487	0.199067	1.555248	1.022917	1.379105	1.350635	1.151923	1.573691	1.470199	1.134798
SalEn.11435_1-255_NEs	1.252990	1.520990	1.394301	1.438506	1.575531	1.683164	1.307180	1.240611	1.184021	1.188896	1.164835	1.245584	1.381645	1.184021	1.380202	1.316612	1.253134	1.355130	1.156900	0.999364	0.000000	1.516835	0.999364	1.367855	1.310340	1.184021	1.334832	1.458704	1.409111	1.194440	1.428063	1.169693	1.311427	1.255292	1.164835	1.216551	1.261612	1.247698	1.683164	1.237595	1.181169	1.481168	1.307180	1.239692	1.026740	1.327865	1.999883	1.368508	1.015193	1.337639	0.999364	1.253963	1.566804	1.569965	1.375400	1.036369	1.463748	1.015078	1.590793	1.476545	1.300388	0.743518	1.327953	1.997216	1.256388	1.250749	1.554159	1.268145	1.265044	1.005486	1.683164	1.270699	1.015193	1.471164	1.393053	1.173830	1.157945	1.042155	1.250749	1.409111	1.245205	1.375669	0.764598	1.167879	1.367855	1.268145	1.055315	1.245584	1.381645	1.014420	1.342381	1.394301	1.469170	0.772275	1.395319	0.771027	1.000319	1.283210	1.164835	1.444226	1.683164	1.507229	1.300227	1.422209	1.371689	1.282499	1.295537	1.173830	1.427388	1.019120	1.245584	0.772275	1.394301	1.409111	1.045757	1.310340	1.700729	1.184834
KlePn.1_02604_1-254_NEs	1.300892	1.282566	1.493545	1.476050	1.577863	1.657891	1.750641	1.895265	1.271796	1.265488	1.269506	1.836911	1.466510	1.271796	1.544198	1.757289	1.739947	1.646061	1.337252	1.408357	1.516835	0.000000	1.408357	1.411036	1.327957	1.255898	1.326731	1.584642	1.512105	1.265488	1.470856	1.259973	1.560370	1.527026	1.269506	1.467933	1.886963	1.730364	1.632009	1.250433	1.317341	1.364158	1.750641	1.791713	1.382270	1.330161	2.126945	1.558927	1.419941	1.328994	1.408357	1.308054	1.450557	1.626615	1.419945	1.383395	1.370660	1.406415	1.752232	1.364995	1.761387	1.698965	1.208682	2.134900	1.647714	1.761418	1.404867	1.598777	1.671618	1.420509	1.657891	1.389109	1.419941	1.628669	1.513628	1.283464	1.143627	1.221010	1.761418	1.512105	1.710790	1.404742	1.514193	1.149629	1.411036	1.598777	1.107230	1.836911	1.488302	1.384208	1.629144	1.493545	1.700579	1.510342	1.485756	1.510342	1.280399	1.681677	1.259973	1.391543	1.657891	1.548697	1.405750	1.485268	1.196607	1.364168	1.374170	1.273514	1.445336	1.407840	1.836911	1.510342	1.493545	1.512105	1.093759	1.327957	1.579893	1.271114
SalEn.2_MW29791_1-253_BeL	1.068082	1.409365	1.379105	1.483402	1.578524	1.691295	1.297270	1.576005	1.310399	1.315959	1.153998	1.555248	1.242636	1.310399	1.304716	1.435085	1.319175	1.381327	1.127912	0.000000	0.999364	1.408357	0.000000	1.349965	1.573691	1.310399	1.325750	1.209392	1.350635	1.315959	1.337626	1.148298	1.364755	1.453463	1.153998	1.237293	1.599055	1.444781	1.690111	1.299673	1.245284	1.369964	1.297270	1.378830	0.252054	1.429969	1.518992	1.294166	0.197280	1.447643	0.000000	1.076622	1.334826	1.556740	1.313479	0.252054	1.390566	0.017192	1.731719	1.396848	1.281681	1.038237	1.342517	1.561103	1.351843	1.349363	1.336176	1.412910	1.453589	0.015850	1.690111	1.339662	0.197280	1.279161	1.384485	1.261627	0.479310	0.455224	1.349363	1.350635	1.372780	1.378984	1.024966	0.473092	1.349965	1.412910	1.162676	1.555248	1.242636	0.199583	1.397607	1.379105	1.282426	1.022917	1.354304	1.022917	0.187666	1.453930	1.153998	1.365818	1.690111	1.289265	1.396701	1.332936	1.327051	1.412091	1.444997	1.261627	1.522487	0.199067	1.555248	1.022917	1.379105	1.350635	1.151923	1.573691	1.470199	1.134798
EscCo.3_2273_1-253_NEs	1.471129	1.012334	1.417626	1.311118	1.364475	1.656426	1.437007	1.381965	1.299557	1.292977	1.267224	1.336897	1.385301	1.299557	1.615688	1.463623	1.293853	1.408155	1.516762	1.349965	1.367855	1.411036	1.349965	0.000000	1.343193	1.306127	0.308209	1.346517	0.347941	1.287231	0.350620	1.280045	1.413863	1.257920	1.267224	1.335522	1.349188	1.421385	1.650040	1.343554	1.242288	1.351562	1.437007	1.292243	1.439287	1.354487	1.461748	1.625580	1.325565	1.372043	1.349965	1.478524	1.173424	1.385250	0.033637	1.439287	1.380973	1.337949	1.588261	1.393672	1.444524	1.354551	1.333847	1.480967	1.420781	1.303292	1.191996	1.385147	1.389937	1.349482	1.641047	1.441431	1.325565	1.542582	1.429637	1.242903	1.357082	1.377005	1.303292	0.347941	1.283422	0.032192	1.410428	1.363753	0.000000	1.385147	1.425447	1.336897	1.378467	1.331937	1.413061	1.417626	1.461325	1.368761	1.423609	1.369782	1.376363	1.371214	1.280045	1.383654	1.641047	1.451457	1.384360	0.345549	1.339278	1.548565	1.376624	1.255706	1.324981	1.290777	1.336897	1.368761	1.417626	0.347941	1.396891	1.343193	1.546312	1.276109
EscCo.52902_2-247	1.370677	1.362352	1.934838	0.348030	1.323263	1.183488	1.830238	1.385763	1.473476	1.480691	1.409464	1.419785	1.313056	1.473476	1.521086	1.748008	1.451092	1.847558	1.327353	1.573691	1.310340	1.327957	1.573691	1.343193	0.000000	1.473476	1.358696	1.398322	1.373594	1.480691	1.373167	1.423501	1.356345	0.340132	1.409464	1.438597	1.404255	1.365336	1.195579	1.469370	1.499350	1.540887	1.830238	1.401806	1.596756	1.306345	2.045004	1.529903	1.566070	1.299220	1.573691	1.371133	1.332569	1.355891	1.368787	1.598147	1.547349	1.589292	1.806867	1.530422	1.793305	1.642268	1.202645	2.040788	1.743631	1.396145	1.320471	1.482061	1.529349	1.573955	1.195579	1.514838	1.566070	1.519075	1.916778	1.584000	1.374000	1.555343	1.396145	1.373594	1.416794	1.359245	1.621639	1.360451	1.343193	1.482061	1.248957	1.419785	1.313056	1.574271	1.557899	1.934838	1.541226	1.624879	1.917032	1.624879	1.651851	1.522994	1.409464	1.504106	1.195579	1.661393	1.255986	1.399348	1.167796	1.682167	1.292348	1.584000	0.347158	1.567423	1.419785	1.624879	1.934838	1.373594	1.249201	0.000000	1.491019	1.409271
SalEn.2_MW12041_1-245_Ess	0.958293	1.364514	1.081568	1.454381	1.303816	1.452379	1.075776	1.372183	0.000000	0.001355	0.123254	1.371868	1.196165	0.000000	1.285100	1.416046	1.280762	1.112558	0.958833	1.310399	1.184021	1.255898	1.310399	1.306127	1.473476	0.000000	1.344083	1.071170	1.297937	0.002713	1.286444	0.124223	1.221868	1.476838	0.123254	1.123160	1.370754	1.375999	1.445503	0.138531	0.123923	1.291394	1.075776	1.282608	1.372088	1.329791	1.318277	1.274935	1.226059	1.322884	1.310399	0.974621	1.314693	1.301555	1.301472	1.372088	1.283595	1.303588	1.410239	1.278678	1.076841	1.041069	1.154510	1.313709	1.069846	1.315442	1.270881	1.338384	1.291034	1.280744	1.465981	1.069378	1.226059	1.279100	1.086799	0.128739	1.316251	1.217906	1.315442	1.297937	1.296869	1.299560	1.092850	1.311255	1.306127	1.338384	0.920557	1.371868	1.210088	1.236068	1.425931	1.081568	1.169458	1.089312	1.095820	1.089312	1.205339	1.295481	0.124248	1.264556	1.465981	1.178346	1.162352	1.291374	1.157885	1.765195	1.130698	0.129718	1.466340	1.210915	1.371868	1.089312	1.081568	1.297937	0.913602	1.473476	1.097830	0.125984
CitRo.1_22601_1-253_NEs	1.547537	1.122264	1.440771	1.330571	1.224418	1.644282	1.569012	1.171624	1.337274	1.343211	1.274789	1.178322	1.298587	1.337274	1.583272	1.378170	1.149797	1.493345	1.418479	1.325750	1.334832	1.326731	1.325750	0.308209	1.358696	1.344083	0.000000	1.316885	0.296715	1.337274	0.301078	1.288170	1.277359	1.207112	1.274789	1.361799	1.182397	1.185495	1.653843	1.328946	1.247167	1.388257	1.569012	1.139438	1.301245	1.281023	1.368652	1.593023	1.320483	1.297822	1.325750	1.562078	1.215376	1.243074	0.306928	1.295322	1.383248	1.306833	1.564521	1.396443	1.572347	1.330226	1.294837	1.395798	1.589821	1.121256	1.205625	1.199802	1.354745	1.311914	1.644282	1.510299	1.320483	1.600160	1.459087	1.211763	1.129984	1.233979	1.121256	0.296715	1.157463	0.308089	1.318922	1.135890	0.308209	1.199802	1.291389	1.178322	1.292064	1.323124	1.151930	1.440771	1.643243	1.299258	1.454297	1.307521	1.248571	1.344845	1.288170	1.393238	1.644282	1.530748	1.335671	0.301078	1.288754	1.416418	1.328579	1.224525	1.325651	1.342088	1.178322	1.299258	1.440771	0.296715	1.260695	1.358696	1.323263	1.277235
EscCo.4_03422_1-266_NEs	1.138222	1.313383	1.144220	1.353541	1.638344	1.466292	1.139769	1.616245	1.082733	1.087315	1.082731	1.594370	0.220230	1.082733	1.400336	1.682909	1.514244	1.243951	1.180284	1.209392	1.458704	1.584642	1.209392	1.346517	1.398322	1.071170	1.316885	0.000000	1.321725	1.087315	1.315524	1.071384	0.198302	1.229296	1.082731	1.424252	1.628935	1.425273	1.446062	1.070304	1.037171	1.629237	1.139769	1.489910	1.377814	1.455165	1.722846	1.406490	1.224226	1.447241	1.209392	1.158174	1.180950	1.657332	1.359552	1.377814	1.594095	1.208687	1.838036	1.608923	1.124950	1.326682	1.331669	1.733664	1.173239	1.509865	1.178038	1.459314	1.523210	1.207356	1.466292	1.430301	1.224226	1.564659	1.144553	1.049217	1.449507	1.379630	1.509865	1.321725	1.469799	1.370766	1.391018	1.456106	1.346517	1.459314	1.068884	1.594370	0.221325	1.244671	1.511622	1.144220	1.276937	1.388959	1.128327	1.388959	1.249307	1.544415	1.076449	1.617156	1.466292	1.469979	1.389569	1.322547	1.295536	1.719079	1.372414	1.043285	1.336901	1.219441	1.594370	1.388959	1.144220	1.321725	1.057083	1.398322	1.393990	1.084946
SalEn.4_22031_1-253_NEs	1.459590	1.225112	1.431151	1.378444	1.382021	1.664336	1.401511	1.363745	1.291373	1.297141	1.240941	1.364443	1.250002	1.291373	1.633547	1.660399	1.358508	1.450392	1.434177	1.350635	1.409111	1.512105	1.350635	0.347941	1.373594	1.297937	0.296715	1.321725	0.000000	1.291373	0.010571	1.253905	1.281980	1.321521	1.240941	1.419719	1.369971	1.418187	1.697191	1.330993	1.281713	1.345766	1.401511	1.371005	1.435164	1.371699	1.485250	1.643247	1.438273	1.390388	1.350635	1.450759	1.236834	1.422227	0.348415	1.429309	1.328773	1.347086	1.654623	1.340770	1.422000	1.243974	1.411491	1.520109	1.377372	1.351815	1.242998	1.432422	1.445305	1.369445	1.687665	1.550837	1.438273	1.725011	1.450664	1.244030	1.287570	1.455307	1.351815	0.000000	1.365298	0.358108	1.254542	1.276300	0.347941	1.432422	1.304783	1.364443	1.243546	1.452609	1.281664	1.431151	1.564147	1.243956	1.439865	1.250167	1.434994	1.465545	1.253905	1.335862	1.687665	1.512302	1.430743	0.011900	1.365693	1.531086	1.417183	1.256995	1.354264	1.440641	1.364443	1.243956	1.431151	0.000000	1.292351	1.373594	1.653072	1.238291
SalEn.11854_1-244_Ess	0.971627	1.370431	1.079651	1.461359	1.309738	1.458689	1.068351	1.345941	0.002713	0.001355	0.126435	1.345797	1.215135	0.002713	1.278521	1.422118	1.280028	1.110693	0.962887	1.315959	1.194440	1.265488	1.315959	1.287231	1.480691	0.002713	1.337274	1.087315	1.291373	0.000000	1.267629	0.126410	1.227041	1.483793	0.126435	1.122547	1.344708	1.368151	1.472302	0.138531	0.120734	1.278190	1.068351	1.281871	1.377960	1.335556	1.318277	1.268411	1.220033	1.346115	1.315959	0.978674	1.320530	1.307418	1.282589	1.377960	1.270403	1.309166	1.416390	1.265579	1.069446	1.050792	1.173479	1.327931	1.062508	1.314661	1.293243	1.325065	1.284644	1.286223	1.472302	1.085957	1.220033	1.284780	1.084898	0.131955	1.309516	1.212127	1.314661	1.291373	1.284242	1.280606	1.092850	1.304612	1.287231	1.325065	0.929291	1.345797	1.215135	1.229921	1.411607	1.079651	1.183804	1.089312	1.093948	1.089312	1.199640	1.289049	0.126435	1.251549	1.472302	1.183590	1.156366	1.272427	1.177095	1.756632	1.124904	0.131955	1.473313	1.204923	1.345797	1.089312	1.079651	1.291373	0.922285	1.480691	1.103715	0.128186
SalEn.12165_1-253_NEs	1.473837	1.225891	1.410320	1.358717	1.361990	1.681250	1.394606	1.356010	1.279911	1.273358	1.229798	1.356749	1.238432	1.279911	1.626300	1.678396	1.350451	1.430334	1.448479	1.337626	1.428063	1.470856	1.337626	0.350620	1.373167	1.286444	0.301078	1.315524	0.010571	1.267629	0.000000	1.242704	1.283081	1.308109	1.229798	1.426291	1.362220	1.423602	1.714174	1.331679	1.270302	1.320105	1.394606	1.362917	1.434717	1.404708	1.485250	1.635932	1.418590	1.423786	1.337626	1.465055	1.231032	1.401868	0.351084	1.428863	1.303052	1.334149	1.640285	1.314798	1.414868	1.256622	1.410503	1.520109	1.364847	1.343887	1.237180	1.437661	1.438130	1.356454	1.704578	1.550346	1.418590	1.733958	1.429603	1.244656	1.257539	1.435478	1.343887	0.010571	1.344017	0.360828	1.237354	1.246380	0.350620	1.437661	1.298572	1.356749	1.232013	1.419635	1.268420	1.410320	1.579012	1.226820	1.418908	1.243890	1.421096	1.472673	1.242704	1.310532	1.704578	1.520644	1.418879	0.006600	1.364755	1.507720	1.405495	1.257627	1.334572	1.407929	1.356749	1.226820	1.410320	0.010571	1.286167	1.373167	1.643731	1.227202
EscCo.2_54530_1-245_Ess	0.932822	1.319371	1.110841	1.406978	1.310212	1.363104	1.042561	1.414430	0.123230	0.124806	0.002713	1.427100	1.167800	0.123230	1.347220	1.427096	1.232082	1.107734	0.915259	1.148298	1.169693	1.259973	1.148298	1.280045	1.423501	0.124223	1.288170	1.071384	1.253905	0.126410	1.242704	0.000000	1.147885	1.392891	0.002713	1.123594	1.412648	1.295215	1.352027	0.142035	0.122346	1.260088	1.042561	1.190583	1.260850	1.283782	1.313161	1.341834	1.187626	1.283898	1.148298	0.948570	1.263535	1.302162	1.282732	1.260850	1.249684	1.146283	1.431664	1.245032	1.054240	1.036484	1.103778	1.307415	1.047336	1.222168	1.223200	1.364601	1.208465	1.132790	1.363104	1.057276	1.187626	1.263885	1.115402	0.109495	1.322261	1.163836	1.222168	1.253905	1.232149	1.285557	1.141862	1.317092	1.280045	1.364601	0.837529	1.427100	1.175367	1.196707	1.373349	1.110841	1.196623	1.127051	1.130160	1.127051	1.115020	1.212302	0.002702	1.238083	1.363104	1.204356	1.167196	1.259192	1.138542	1.711044	1.129205	0.108996	1.418780	1.162103	1.427100	1.127051	1.110841	1.253905	0.831197	1.423501	1.041408	0.004060
CitRo.1_05821_1-265_NEs	1.192264	1.135159	1.136039	1.194199	1.577248	1.444070	1.244590	1.519300	1.221868	1.227041	1.142980	1.531632	0.160808	1.221868	1.300617	1.681406	1.540415	1.181737	1.090117	1.364755	1.311427	1.560370	1.364755	1.413863	1.356345	1.221868	1.277359	0.198302	1.281980	1.227041	1.283081	1.147885	0.000000	1.147784	1.142980	1.398713	1.524620	1.368927	1.444070	1.164021	1.143200	1.679462	1.244590	1.464089	1.317716	1.331439	1.517199	1.311499	1.288991	1.346830	1.364755	1.177989	1.168874	1.566253	1.433064	1.324323	1.635038	1.345860	1.571520	1.650106	1.246265	1.288584	1.307648	1.563468	1.245574	1.483613	1.175184	1.379870	1.271914	1.375561	1.444070	1.291515	1.288991	1.469242	1.151082	1.094283	1.417872	1.254908	1.483613	1.281980	1.503371	1.437619	1.343075	1.423359	1.413863	1.379870	0.990413	1.531632	0.160808	1.312572	1.455685	1.136039	1.245869	1.333913	1.146220	1.333913	1.164869	1.288791	1.142980	1.629946	1.444070	1.530451	1.313340	1.284509	1.270402	1.501126	1.319076	1.094283	1.135391	1.312835	1.531632	1.333913	1.136039	1.281980	0.985322	1.356345	1.306800	1.157272
EntCo.1_31420_2-247_NEs	1.311697	1.141394	1.577808	0.259369	1.325134	1.239365	1.443811	1.210938	1.476838	1.483793	1.393905	1.214144	1.131865	1.476838	1.344138	1.545963	1.252292	1.543254	1.256364	1.453463	1.255292	1.527026	1.453463	1.257920	0.340132	1.476838	1.207112	1.229296	1.321521	1.483793	1.308109	1.392891	1.147784	0.000000	1.393905	1.332767	1.219608	1.140459	1.239365	1.495441	1.404403	1.420634	1.443811	1.240002	1.578373	1.407256	1.507951	1.358191	1.456121	1.414031	1.453463	1.306167	1.217560	1.365358	1.307059	1.586587	1.453556	1.462421	1.440554	1.438151	1.459218	1.462913	1.320582	1.553103	1.420286	1.246461	1.206168	1.204135	1.294716	1.454090	1.239365	1.450186	1.456121	1.535707	1.584753	1.414448	1.438049	1.476589	1.246461	1.321521	1.210219	1.304458	1.405664	1.443610	1.257920	1.204135	1.253787	1.214144	1.131865	1.477820	1.254025	1.577808	1.494250	1.422267	1.569633	1.422267	1.323998	1.276581	1.393905	1.393386	1.239365	1.493571	1.141496	1.333273	1.346458	1.479838	1.168151	1.414448	0.256887	1.442751	1.214144	1.422267	1.577808	1.321521	1.254034	0.340132	1.247080	1.379439
EscCo.3_1158_1-244_Ess	0.933312	1.319371	1.114190	1.400165	1.304390	1.369895	1.040161	1.408112	0.123254	0.124831	0.000000	1.420715	1.175367	0.123254	1.354077	1.427096	1.238240	1.111126	0.907347	1.153998	1.164835	1.269506	1.153998	1.267224	1.409464	0.123254	1.274789	1.082731	1.240941	0.126435	1.229798	0.002713	1.142980	1.393905	0.000000	1.118042	1.406392	1.283111	1.369895	0.140419	0.119186	1.253645	1.040161	1.196580	1.255303	1.290098	1.313161	1.348643	1.193452	1.299998	1.153998	0.944563	1.257847	1.296405	1.269875	1.255303	1.243263	1.146283	1.438740	1.238654	1.051879	1.041656	1.110836	1.328490	1.044973	1.228305	1.226776	1.364359	1.208465	1.138417	1.369895	1.073614	1.193452	1.263885	1.118777	0.106380	1.316253	1.163836	1.228305	1.240941	1.238341	1.272641	1.141862	1.311165	1.267224	1.364359	0.837529	1.420715	1.175367	1.202644	1.373096	1.114190	1.194850	1.127051	1.133622	1.127051	1.120542	1.212302	0.000000	1.231729	1.369895	1.204356	1.167196	1.246131	1.146091	1.719478	1.129205	0.106380	1.411965	1.167864	1.420715	1.127051	1.114190	1.240941	0.831197	1.409464	1.035879	0.004078
EscCo.4_03282_1-251_NEs	1.200024	1.692671	1.533880	1.216354	1.284923	1.558754	1.411438	1.320615	1.117615	1.122547	1.118042	1.304828	1.403292	1.117615	1.294609	1.345411	1.400567	1.484866	1.184145	1.237293	1.216551	1.467933	1.237293	1.335522	1.438597	1.123160	1.361799	1.424252	1.419719	1.122547	1.426291	1.123594	1.398713	1.332767	1.118042	0.000000	1.336397	1.387645	1.573445	1.153813	1.131134	1.365204	1.411438	1.411468	1.385235	1.570161	1.475321	1.299706	1.289185	1.591621	1.237293	1.185411	1.581690	1.268702	1.329006	1.392105	1.362496	1.261352	1.299448	1.374013	1.418667	1.151130	1.514683	1.515620	1.409685	1.448173	1.583582	1.362378	1.413522	1.247180	1.565465	1.575809	1.289185	1.381774	1.539908	1.177139	1.260522	1.115661	1.448173	1.419719	1.410347	1.313842	1.181309	1.240593	1.335522	1.362378	1.291356	1.304828	1.396283	1.257084	1.457762	1.533880	1.260631	1.186407	1.540243	1.186407	1.220507	1.401638	1.123594	1.363022	1.565465	1.445308	1.365397	1.440726	1.510072	1.674960	1.359098	1.182987	1.208048	1.273645	1.304828	1.186407	1.533880	1.419719	1.277874	1.438597	1.309753	1.132934
