SalEn.51905_1-203_NEs	0.000000	0.008302	1.025618	0.008302	0.018348	0.941983	0.011635	1.050283	0.941983
SalEn.3_0959_1-203_NEs	0.008302	0.000000	1.022036	0.000000	0.016657	0.957902	0.009959	1.048520	0.957902
KlePn.1_02861_1-212_NEs	1.025618	1.022036	0.000000	1.022036	1.044805	1.075107	1.040805	0.549174	1.075107
SalEn.4_10321_1-203_NEs	0.008302	0.000000	1.022036	0.000000	0.016657	0.957902	0.009959	1.048520	0.957902
SalEn.4_26371_1-203_NEs	0.018348	0.016657	1.044805	0.016657	0.000000	0.926222	0.009925	1.064673	0.926222
SalEn.2_MW03661_1-215_NEs	0.941983	0.957902	1.075107	0.957902	0.926222	0.000000	0.932258	1.248858	0.000000
SalEn.3_2581_1-203_NEs	0.011635	0.009959	1.040805	0.009959	0.009925	0.932258	0.000000	1.065382	0.932258
KlePn.1_05419_1-213_NEs	1.050283	1.048520	0.549174	1.048520	1.064673	1.248858	1.065382	0.000000	1.248858
SalEn.4_03661_1-203_NEs	0.941983	0.957902	1.075107	0.957902	0.926222	0.000000	0.932258	1.248858	0.000000