EscCo.54225_1-116	0.000000	1.433576	0.008725	0.298063	1.127575	1.127575	0.006491	0.003233	1.127575
CitRo.1_30961_2-120_NEs	1.433576	0.000000	1.393549	1.537673	2.695135	2.695135	1.436318	1.451220	2.695135
EscCo.2_38840_1-116_NEs	0.008725	1.393549	0.000000	0.293106	1.099540	1.099540	0.009775	0.006492	1.099540
CitRo.1_32851_1-116_NEs	0.298063	1.537673	0.293106	0.000000	1.065442	1.065442	0.302225	0.296550	1.065442
EscCo.1_03111_1-110_NEs	1.127575	2.695135	1.099540	1.065442	0.000000	0.000000	1.140701	1.131615	0.000000
EscCo.3_2973A_1-110_NEs	1.127575	2.695135	1.099540	1.065442	0.000000	0.000000	1.140701	1.131615	0.000000
EscCo.1_04712_1-104_NEs	0.006491	1.436318	0.009775	0.302225	1.140701	1.140701	0.000000	0.003241	1.140701
EscCo.4_04221_1-104_NEs	0.003233	1.451220	0.006492	0.296550	1.131615	1.131615	0.003241	0.000000	1.131615
EscCo.52782_1-110	1.127575	2.695135	1.099540	1.065442	0.000000	0.000000	1.140701	1.131615	0.000000