EscCo.2_2110_14-133_NEs	0.000000	0.005612	0.283773	0.286996	0.005612	0.332026	0.028203	0.283773	0.304738	0.286996	0.283773	0.005564	0.300511	0.297812
EscCo.3_1355_14-132_NEs	0.005612	0.000000	0.268708	0.271931	0.000000	0.326860	0.028403	0.268708	0.295607	0.271931	0.268708	0.005602	0.294878	0.278319
SalEn.3_1667_14-133_NEs	0.283773	0.268708	0.000000	0.005590	0.268708	0.263151	0.274359	0.000000	0.238673	0.005590	0.000000	0.283111	0.249784	0.198294
SalEn.51648_14-133_NEs	0.286996	0.271931	0.005590	0.000000	0.271931	0.258474	0.277561	0.005590	0.234176	0.000000	0.005590	0.286326	0.245220	0.197849
EscCo.51253_14-132	0.005612	0.000000	0.268708	0.271931	0.000000	0.326860	0.028403	0.268708	0.295607	0.271931	0.268708	0.005602	0.294878	0.278319
EntCo.1_08120_13-131_NEs	0.332026	0.326860	0.263151	0.258474	0.326860	0.000000	0.345213	0.263151	0.244560	0.258474	0.263151	0.335691	0.236151	0.222572
EscCo.4_02581_14-133_NEs	0.028203	0.028403	0.274359	0.277561	0.028403	0.345213	0.000000	0.274359	0.306920	0.277561	0.274359	0.022454	0.302683	0.279966
SalEn.4_17311_14-133_NEs	0.283773	0.268708	0.000000	0.005590	0.268708	0.263151	0.274359	0.000000	0.238673	0.005590	0.000000	0.283111	0.249784	0.198294
KlePn.2_18661_14-132_NEs	0.304738	0.295607	0.238673	0.234176	0.295607	0.244560	0.306920	0.238673	0.000000	0.234176	0.238673	0.299734	0.005646	0.204553
SalEn.11298_14-133_NEs	0.286996	0.271931	0.005590	0.000000	0.271931	0.258474	0.277561	0.005590	0.234176	0.000000	0.005590	0.286326	0.245220	0.197849
SalEn.2_MW17311_14-133_NEs	0.283773	0.268708	0.000000	0.005590	0.268708	0.263151	0.274359	0.000000	0.238673	0.005590	0.000000	0.283111	0.249784	0.198294
EscCo.1_01436_14-133_NEs	0.005564	0.005602	0.283111	0.286326	0.005602	0.335691	0.022454	0.283111	0.299734	0.286326	0.283111	0.000000	0.295600	0.297105
KlePn.1_05490_3-122_NEs	0.300511	0.294878	0.249784	0.245220	0.294878	0.236151	0.302683	0.249784	0.005646	0.245220	0.249784	0.295600	0.000000	0.214149
CitRo.1_17551_1-120_NEs	0.297812	0.278319	0.198294	0.197849	0.278319	0.222572	0.279966	0.198294	0.204553	0.197849	0.198294	0.297105	0.214149	0.000000