EscCo.4_03649_1-489_NEs	0.000000	1.460442	1.293254	0.034823	1.007941	1.140210	1.113865	1.253617	1.190802	1.401783	1.120739	1.132977	1.134275	1.250734	1.462665	1.400283	1.231339	1.394514	1.372717	1.410266	1.114375	1.242597	1.400283	1.139139	1.194358	0.201032	1.141225	1.012713	0.991940	1.175863	0.204827	1.145532	1.156949	1.302720	1.421123	1.428562	1.420671	1.473025	1.470266	1.395838	1.136857	1.215270	1.202421	0.035552	1.395032	1.106835	0.942248	1.093206	1.007941	1.154916	1.293254	1.002441	1.236174	1.011360	1.448947	1.136591	1.057663	1.211522	1.438859	1.208350	1.308781	1.423484	1.473958	1.448701	1.127291	1.443369	1.151902	1.508111	1.071701	1.025253	1.480214	1.095070	1.597423	1.542513	0.991801	1.139636	1.473025	1.464780	1.308644	1.134567	1.449486	1.115794	1.470266	1.449486	1.053908	1.098893	0.991801	1.242525	1.134567	0.991801	1.468977	1.578273	1.391156	1.470266	1.062979	0.042966	1.105094	1.005053	1.139139	1.083363	0.035531	0.985378	1.144339	1.222321	1.044003	1.048142	1.106835	1.443398	0.990199	1.202521	1.474499	1.449486	1.062979	1.558933	1.134567	1.210581	1.457187	1.130661	1.448701	1.031081	1.446302	1.411802	0.159904	1.115329	1.194358	0.983956	1.121012	1.225660
SalEn.2_MW44661_1-457_NEs	1.460442	0.000000	1.373723	1.448137	1.207314	1.506100	1.372034	1.404393	1.378929	1.022124	1.156060	1.514418	1.283589	1.401271	1.081080	1.003392	1.311719	1.026013	1.013811	1.026339	1.186497	1.381772	1.003392	1.389209	1.393383	1.443814	1.296832	1.210096	1.329929	1.383937	1.454699	1.363753	1.279423	1.363685	1.756447	1.627014	1.617700	1.770649	1.069201	1.021853	1.495719	1.305572	1.383033	1.455899	1.618334	1.194428	1.422634	1.154369	1.207314	1.374125	1.373723	1.479384	1.375140	1.190734	0.014759	1.368665	1.207085	1.281934	1.063362	1.285143	1.378022	1.772340	1.369831	0.000000	1.323828	0.217754	1.384725	1.781422	1.503433	1.468710	1.751789	1.204066	1.782839	1.839599	1.340977	1.507019	1.770649	1.364813	1.376018	1.312672	1.641363	1.138036	1.069201	1.641363	1.320262	1.151690	1.340977	1.405251	1.312672	1.340977	1.766011	1.834339	1.005564	1.069201	1.324521	1.436363	1.192372	1.199018	1.393168	1.496918	1.443980	1.387781	1.205421	1.390269	1.221792	1.295797	1.194428	1.764266	1.362713	1.415471	1.021824	1.641363	1.324521	1.765033	1.312672	1.413575	0.233344	1.518539	0.000000	1.227214	0.236107	1.622574	1.381502	1.167337	1.393383	1.397587	1.361568	1.401251
SalEn.4_15921_2-481_NEs	1.293254	1.373723	0.000000	1.299812	1.122922	1.176896	1.318092	0.349036	1.182397	1.559141	1.120474	1.179597	1.165339	0.351338	1.570491	1.558884	1.149255	1.593575	1.500810	1.597636	1.242558	1.183763	1.558884	0.338550	1.187600	1.221374	1.231807	1.141886	1.240553	1.077040	1.214970	0.332852	1.141065	0.000000	1.556995	1.677930	1.687046	1.628472	1.575052	1.495803	1.222271	1.103271	1.187600	1.305965	1.487930	1.242558	1.201897	1.121852	1.122922	1.168191	0.000000	1.241615	1.178333	1.154014	1.363054	0.331100	1.158508	1.129388	1.575575	1.130468	0.008343	1.796074	1.512915	1.373723	1.221706	1.374902	0.325897	1.636125	1.157061	1.249230	1.627954	1.258972	1.765139	1.763538	1.230122	1.218944	1.628472	1.503306	0.007637	1.214202	1.602792	1.120267	1.575052	1.602792	1.220176	1.128346	1.230122	1.174638	1.214202	1.230122	1.628472	1.774557	1.559824	1.575052	1.221776	1.275469	1.251024	1.155938	0.338643	1.176706	1.296301	1.201422	1.183540	1.179187	1.174613	1.226458	1.242558	1.799234	1.239823	1.203800	1.477266	1.602792	1.221776	1.690519	1.214202	0.283044	1.434188	1.177192	1.373723	1.118017	1.423316	1.497619	1.162005	1.195188	1.187600	1.194827	1.330843	1.179420
EscCo.50312_1-489	0.034823	1.448137	1.299812	0.000000	1.010114	1.128134	1.110295	1.247453	1.172159	1.429474	1.143319	1.121053	1.124442	1.247285	1.475181	1.420905	1.253080	1.370515	1.333455	1.438610	1.107647	1.254470	1.420905	1.126296	1.175700	0.189226	1.117345	1.007643	0.985299	1.186524	0.194743	1.140568	1.165087	1.309335	1.452076	1.401586	1.397893	1.502684	1.482933	1.349959	1.104224	1.218141	1.183598	0.000682	1.376359	1.100075	0.950057	1.109204	1.010114	1.165903	1.299812	1.010508	1.242239	0.997156	1.436632	1.134128	1.060916	1.220297	1.450964	1.218307	1.319028	1.390111	1.470814	1.436427	1.111774	1.460076	1.143077	1.447985	1.064986	1.014405	1.509798	1.093518	1.576353	1.518830	0.987985	1.104389	1.502684	1.461610	1.315277	1.118755	1.425452	1.129297	1.482933	1.425452	1.052008	1.115097	0.987985	1.251390	1.118755	0.987985	1.498616	1.553247	1.422478	1.482933	1.063876	0.029392	1.098338	0.988828	1.126296	1.076606	0.000682	0.986258	1.144972	1.233911	1.047110	1.046236	1.100075	1.412757	0.984214	1.183646	1.462628	1.425452	1.063876	1.545276	1.118755	1.195580	1.449897	1.118766	1.436427	1.033265	1.439083	1.393020	0.145715	1.107053	1.175700	0.984834	1.117447	1.237287
EscCo.3_1404_1-495_NEs	1.007941	1.207314	1.122922	1.010114	0.000000	1.097919	1.041364	1.087494	1.255331	1.236563	1.146310	1.104126	0.268723	1.078965	1.260939	1.242276	1.285915	1.321731	1.269580	1.266241	1.251318	1.332036	1.242276	1.070319	1.244595	0.977552	1.108932	0.016991	1.014005	1.254638	0.987178	1.078477	1.284456	1.123929	1.578963	1.550348	1.542045	1.578682	1.264291	1.266238	1.214071	1.367373	1.245372	1.011521	1.274621	1.250507	0.964081	1.125324	0.000000	1.068146	1.122922	1.115723	1.324987	0.259251	1.206416	1.080169	1.173318	1.374962	1.252076	1.237999	1.126397	1.665835	1.276513	1.206378	1.105408	1.278984	1.061744	1.573142	1.070593	1.131611	1.608496	1.245951	1.569134	1.516327	0.995158	1.209366	1.578682	1.274093	1.119552	1.106407	1.532006	1.136029	1.264291	1.532006	1.103337	1.127581	0.995158	1.327137	1.106407	0.995158	1.582115	1.542947	1.241422	1.264291	1.105594	0.999370	1.253159	0.264157	1.070319	1.073136	1.007542	0.968629	1.159635	1.329167	1.188990	1.092111	1.250507	1.650623	1.003484	1.254336	1.316959	1.532006	1.105594	1.605658	1.106407	1.105888	1.285262	1.101963	1.206378	0.021150	1.293206	1.289634	0.990609	1.149151	1.244595	0.972499	1.040737	1.338401
EscCo.1_01544_1-500_NEs	1.140210	1.506100	1.176896	1.128134	1.097919	0.000000	1.311806	1.133686	0.951570	1.431780	1.270719	0.003315	1.131003	1.134307	1.553243	1.420982	1.316765	1.655913	1.408598	1.442727	1.200614	1.340412	1.420982	1.187444	0.957168	1.108590	1.324251	1.105945	1.189926	1.289203	1.113338	1.175268	1.254322	1.169602	1.885139	1.998337	2.003841	1.915366	1.554315	1.414463	0.969852	1.270365	0.952303	1.129947	1.323821	1.207924	1.219606	1.263347	1.097919	1.321376	1.176896	1.310958	1.306500	1.034779	1.520006	1.170500	1.287755	1.295373	1.528591	1.317957	1.176728	2.190899	1.466556	1.517840	1.296195	1.560884	1.140338	1.909540	0.318774	1.245308	1.918105	1.207150	2.036392	2.024206	1.225363	0.968285	1.915366	1.454108	1.174512	1.305052	1.372011	1.263624	1.554315	1.372011	1.312643	1.268499	1.225363	1.339758	1.305052	1.225363	1.919351	2.044089	1.423673	1.554315	1.318744	1.127635	1.213742	1.038782	1.187444	0.321095	1.130556	1.145161	1.154513	1.346286	1.295012	1.306890	1.207924	2.147675	1.227529	0.970425	1.411140	1.372011	1.318744	1.966423	1.305052	1.115711	1.624429	0.002652	1.517840	1.085748	1.627621	1.327281	1.161453	1.187492	0.957168	1.142249	1.311883	1.341252
KlePn.2_36271_2-506_NEs	1.113865	1.372034	1.318092	1.110295	1.041364	1.311806	0.000000	1.092803	1.286273	1.547439	1.208161	1.314624	1.104076	1.090767	1.577509	1.549887	1.409130	1.457220	1.469629	1.556814	1.204567	1.380794	1.549887	1.215933	1.300066	0.997864	0.492375	1.058988	1.086268	1.227254	1.000372	1.217610	1.233383	1.325079	1.914999	1.622991	1.618282	1.951347	1.574788	1.462199	1.147459	1.188756	1.306662	1.115020	1.515312	1.198364	1.035046	1.178967	1.041364	0.520298	1.318092	1.028595	1.364062	1.061527	1.366843	1.214043	1.164301	1.164624	1.588374	1.419007	1.332039	1.833478	1.540719	1.364224	0.500845	1.313880	1.218614	1.833843	1.204811	1.059019	1.975554	1.198103	1.993821	1.912558	1.024271	1.131428	1.951347	1.543020	1.315306	0.489746	1.581171	1.178192	1.574788	1.581171	0.539565	1.169115	1.024271	1.352554	0.489746	1.024271	1.955501	1.968223	1.540607	1.574788	0.556725	1.093587	1.206823	1.073245	1.215933	1.207178	1.112711	1.059222	1.371720	1.383240	1.173902	0.541157	1.198364	1.847619	1.040302	1.301692	1.589807	1.581171	0.556725	1.921953	0.489746	1.133852	1.437544	1.312065	1.364224	1.032471	1.426334	1.519624	1.080923	1.388890	1.300066	1.062772	0.004662	1.389258
KlePn.1_04752_1-476_NEs	1.253617	1.404393	0.349036	1.247453	1.087494	1.133686	1.092803	0.000000	1.163006	1.466938	1.088832	1.130406	1.138976	0.005688	1.508550	1.483500	1.119576	1.515018	1.385849	1.508397	1.134236	1.327792	1.483500	0.332534	1.167601	1.106139	1.193500	1.108042	1.174517	1.161182	1.095459	0.330727	1.206594	0.351857	1.552415	1.413137	1.419726	1.577486	1.510016	1.384776	1.053412	1.169177	1.173624	1.253166	1.524435	1.128564	1.106256	1.060362	1.087494	1.216561	0.349036	1.238782	1.310186	1.060946	1.373190	0.334956	1.017773	1.152756	1.487550	1.093854	0.355464	1.682195	1.451548	1.396753	1.194343	1.444620	0.325643	1.700602	1.077976	1.171986	1.586276	1.125160	1.933574	1.854632	1.112551	1.042908	1.577486	1.446392	0.351532	1.196882	1.483876	1.060363	1.510016	1.483876	1.200410	1.070075	1.112551	1.329559	1.196882	1.112551	1.577486	1.892172	1.477439	1.510016	1.219920	1.235773	1.127961	1.061956	0.332625	1.087183	1.250177	1.064623	1.135677	1.331081	1.025536	1.220181	1.128564	1.684760	1.130316	1.164397	1.443622	1.483876	1.219920	1.844244	1.196882	0.312267	1.401126	1.128101	1.396753	1.091424	1.403623	1.510129	1.170663	1.189270	1.167601	1.066419	1.091618	1.320364
SalEn.53051_2-494_NEs	1.190802	1.378929	1.182397	1.172159	1.255331	0.951570	1.286273	1.163006	0.000000	1.515280	1.309689	0.947904	1.251976	1.162072	1.545838	1.532990	1.485391	1.695711	1.622928	1.563836	1.360004	1.395886	1.532990	1.113444	0.008038	1.213468	1.435504	1.262524	1.388231	1.418394	1.221927	1.111203	1.389001	1.182397	1.931419	1.898121	1.911151	1.964295	1.575198	1.662887	0.327168	1.567212	0.008038	1.174115	1.585881	1.360004	1.377719	1.313939	1.255331	1.389185	1.182397	1.420584	1.372541	1.280901	1.397850	1.113444	1.352030	1.558019	1.554996	1.464646	1.190164	2.044100	1.547995	1.378929	1.422630	1.474433	1.096753	2.085578	0.977925	1.571887	1.959254	1.372490	2.053695	2.067292	1.370925	0.330207	1.964295	1.535531	1.184554	1.428122	1.643006	1.331602	1.575198	1.643006	1.416182	1.320028	1.370925	1.391212	1.428122	1.370925	1.958710	2.064974	1.522923	1.575198	1.445639	1.183949	1.356953	1.289807	1.113444	0.986034	1.174643	1.355339	1.308507	1.392377	1.352661	1.423155	1.360004	1.986040	1.398867	0.012787	1.549989	1.643006	1.445639	2.006428	1.428122	1.124449	1.453033	0.946009	1.378929	1.242674	1.467062	1.582234	1.202443	1.268629	0.008038	1.359027	1.295454	1.403214
EscCo.4_02321_1-462_NEs	1.401783	1.022124	1.559141	1.429474	1.236563	1.431780	1.547439	1.466938	1.515280	0.000000	1.236650	1.411000	1.272043	1.464071	0.331173	0.018081	1.386922	0.351784	0.408167	0.026163	1.337536	1.240537	0.018081	1.389938	1.523486	1.443951	1.583050	1.250469	1.470143	1.264767	1.436347	1.397870	1.309938	1.571822	1.882008	1.830909	1.820350	1.896001	0.329383	0.409112	1.677601	1.276148	1.535737	1.426101	1.696657	1.327480	1.530535	1.252652	1.236563	1.604061	1.559141	1.649900	1.234716	1.257497	0.985937	1.407359	1.399537	1.276402	0.327734	1.377185	1.580636	2.411519	1.564061	1.015079	1.608100	1.118097	1.401427	1.854402	1.376981	1.712177	1.892482	1.318100	1.982785	1.998315	1.483851	1.668457	1.896001	1.562950	1.574070	1.589324	1.862785	1.264094	0.329383	1.862785	1.525589	1.257665	1.483851	1.236764	1.589324	1.483851	1.891070	1.958538	0.025453	0.329383	1.549858	1.435642	1.316484	1.258344	1.389938	1.369390	1.429474	1.429937	1.313992	1.236205	1.379392	1.549252	1.327480	2.370484	1.475826	1.524092	0.381254	1.862785	1.549858	1.886127	1.589324	1.432901	1.026772	1.408157	1.015079	1.269034	1.016929	1.721160	1.391186	1.294250	1.523486	1.420561	1.551423	1.227967
EscCo.4_01118_1-483_NEs	1.120739	1.156060	1.120474	1.143319	1.146310	1.270719	1.208161	1.088832	1.309689	1.236650	0.000000	1.282256	1.168452	1.090539	1.299776	1.251299	0.524983	1.278459	1.269872	1.269421	0.227023	1.067934	1.251299	1.096645	1.304034	1.129997	1.245868	1.175196	1.087171	1.030147	1.141183	1.092256	0.973075	1.113875	1.524383	1.525074	1.521202	1.579928	1.291673	1.275066	1.232820	1.001547	1.295506	1.145196	1.485422	0.227666	1.060068	0.041861	1.146310	1.208758	1.120474	1.016037	1.069662	1.077069	1.178333	1.102630	0.186185	1.007468	1.315222	0.523877	1.123167	1.668241	1.308734	1.163461	1.240327	1.129180	1.115144	1.531039	1.165852	1.076134	1.554277	0.226596	1.587685	1.562471	0.977535	1.243674	1.579928	1.304224	1.117212	1.240896	1.480979	0.040994	1.291673	1.480979	1.144962	0.042029	0.977535	1.034469	1.240896	0.977535	1.583356	1.587392	1.277062	1.291673	1.151310	1.110127	0.228346	1.081598	1.094478	1.156970	1.145782	1.046167	0.675251	1.063494	0.189690	1.124559	0.227666	1.700768	0.981683	1.319178	1.334377	1.480979	1.151310	1.596898	1.240896	1.045093	1.176657	1.282256	1.163461	1.148747	1.196161	1.495938	1.030633	0.647466	1.304034	1.040782	1.219293	1.063357
EscCo.3_1460_1-499_NEs	1.132977	1.514418	1.179597	1.121053	1.104126	0.003315	1.314624	1.130406	0.947904	1.411000	1.282256	0.000000	1.135071	1.131027	1.529757	1.400395	1.311549	1.646847	1.411309	1.421616	1.210782	1.351788	1.400395	1.192687	0.953473	1.108662	1.321300	1.112249	1.178490	1.294190	1.113400	1.187918	1.265356	1.179597	1.872295	1.980627	1.986052	1.903290	1.530905	1.417212	0.975909	1.281280	0.953473	1.122838	1.325879	1.210782	1.205420	1.266545	1.104126	1.312597	1.179597	1.310394	1.314988	1.029166	1.516578	1.183024	1.288550	1.306572	1.505561	1.312740	1.179435	2.190207	1.470639	1.514418	1.293388	1.566116	1.152317	1.906104	0.320025	1.245002	1.906008	1.209985	2.037239	2.025158	1.213786	0.969316	1.903290	1.461954	1.177197	1.302183	1.377995	1.274906	1.530905	1.377995	1.312148	1.271748	1.213786	1.351221	1.302183	1.213786	1.898177	2.044857	1.403066	1.530905	1.318244	1.125854	1.216615	1.033155	1.192687	0.322254	1.123457	1.132146	1.156226	1.357726	1.287526	1.306400	1.210782	2.147452	1.215864	0.966637	1.390315	1.377995	1.318244	1.967856	1.302183	1.118154	1.626443	0.000662	1.514418	1.091861	1.616108	1.329353	1.161398	1.174155	0.953473	1.129227	1.314693	1.352571
CitRo.1_03591_1-495_NEs	1.134275	1.283589	1.165339	1.124442	0.268723	1.131003	1.104076	1.138976	1.251976	1.272043	1.168452	1.135071	0.000000	1.135703	1.290877	1.290977	1.342061	1.426142	1.414637	1.322332	1.232280	1.515521	1.290977	1.206387	1.251178	1.113307	1.201165	0.265681	1.094910	1.430836	1.105335	1.205028	1.503327	1.166293	1.906472	1.621890	1.612864	1.865957	1.299223	1.411795	1.215988	1.482725	1.251945	1.126200	1.453004	1.231465	1.105403	1.192129	0.268723	1.178798	1.165339	1.188951	1.496691	0.304159	1.267162	1.211999	1.201136	1.461590	1.295863	1.331459	1.181175	1.754679	1.432720	1.282769	1.223348	1.462775	1.194118	1.768365	1.112587	1.214606	1.850956	1.228647	1.713251	1.636320	1.173409	1.218558	1.865957	1.429897	1.184460	1.211607	1.663230	1.204039	1.299223	1.663230	1.235657	1.201483	1.173409	1.489781	1.211607	1.173409	1.865957	1.653743	1.296293	1.299223	1.238272	1.114255	1.237168	0.309439	1.206387	1.107721	1.121598	1.085338	1.250490	1.521580	1.213348	1.229631	1.231465	1.743602	1.169722	1.248900	1.427706	1.663230	1.238272	1.707211	1.211607	1.113523	1.320748	1.132881	1.282769	0.270619	1.334182	1.466205	1.130029	1.251083	1.251178	1.087138	1.098253	1.515918
KlePn.2_25021_1-475_NEs	1.250734	1.401271	0.351338	1.247285	1.078965	1.134307	1.090767	0.005688	1.162072	1.464071	1.090539	1.131027	1.135703	0.000000	1.494525	1.476474	1.121524	1.507122	1.376237	1.493762	1.133260	1.310506	1.476474	0.335930	1.166644	1.108743	1.201039	1.099429	1.166484	1.158615	1.098020	0.334111	1.201294	0.354163	1.558054	1.417073	1.423745	1.582984	1.511101	1.372193	1.050721	1.163357	1.172638	1.253012	1.528283	1.127565	1.088087	1.056926	1.078965	1.218705	0.351338	1.224024	1.293278	1.059273	1.370101	0.338354	1.016485	1.147008	1.488629	1.095657	0.357786	1.678410	1.444668	1.393639	1.201881	1.434778	0.330049	1.711447	1.088743	1.161214	1.591862	1.127072	1.948245	1.867861	1.108566	1.040259	1.582984	1.439524	0.353841	1.198864	1.494167	1.056917	1.511101	1.494167	1.201282	1.066640	1.108566	1.312123	1.198864	1.108566	1.582984	1.906143	1.470424	1.511101	1.220821	1.232850	1.126957	1.060290	0.336023	1.098017	1.250016	1.065908	1.130231	1.313816	1.024265	1.221087	1.127565	1.680959	1.131972	1.163450	1.440518	1.494167	1.220821	1.857546	1.198864	0.312267	1.398037	1.128720	1.393639	1.082828	1.400512	1.513863	1.172036	1.178429	1.166644	1.067711	1.089581	1.314819
SalEn.11527_1-462_NEs	1.462665	1.081080	1.570491	1.475181	1.260939	1.553243	1.577509	1.508550	1.545838	0.331173	1.299776	1.529757	1.290877	1.494525	0.000000	0.327752	1.357628	0.339147	0.433144	0.338663	1.353969	1.240145	0.327752	1.425591	1.557786	1.435560	1.551533	1.270747	1.341699	1.258740	1.426730	1.432983	1.285492	1.583690	1.928664	1.937316	1.924872	1.913890	0.010166	0.425633	1.601570	1.294698	1.570762	1.471480	1.722303	1.343577	1.397179	1.286355	1.260939	1.590341	1.570491	1.653639	1.242570	1.269456	1.071490	1.436675	1.380191	1.239021	0.016048	1.343077	1.577293	2.269601	1.686384	1.073474	1.566248	1.111728	1.445082	1.856883	1.391586	1.799917	1.886135	1.358589	2.022244	1.993685	1.358725	1.567377	1.913890	1.680575	1.569398	1.554338	1.877605	1.307507	0.010166	1.877605	1.530105	1.294564	1.358725	1.242740	1.554338	1.358725	1.908699	1.971887	0.331378	0.010166	1.517242	1.472162	1.353235	1.270184	1.425591	1.400005	1.475181	1.369905	1.380272	1.238852	1.366533	1.516583	1.343577	2.259866	1.342554	1.573061	0.358237	1.877605	1.517242	2.000097	1.554338	1.451415	1.045637	1.526720	1.073474	1.285311	1.040917	1.730932	1.412646	1.237243	1.557786	1.372961	1.565192	1.236830
EscCo.51525_1-462	1.400283	1.003392	1.558884	1.420905	1.242276	1.420982	1.549887	1.483500	1.532990	0.018081	1.251299	1.400395	1.290977	1.476474	0.327752	0.000000	1.390303	0.338669	0.403034	0.016633	1.337159	1.243921	0.000000	1.393070	1.541340	1.441820	1.591325	1.256109	1.455234	1.275488	1.434184	1.401066	1.289646	1.571538	1.896155	1.852775	1.841895	1.898699	0.327120	0.401516	1.685353	1.280743	1.553786	1.417596	1.683354	1.327005	1.535877	1.259199	1.242276	1.580950	1.558884	1.677810	1.238079	1.273308	0.976041	1.410612	1.407349	1.285386	0.325470	1.380533	1.580332	2.422843	1.585354	0.996463	1.600151	1.106821	1.408543	1.841190	1.385144	1.750274	1.891287	1.317540	1.947929	1.973815	1.470699	1.676147	1.898699	1.584221	1.573782	1.597613	1.896934	1.276660	0.327120	1.896934	1.501787	1.264340	1.470699	1.243355	1.597613	1.470699	1.893727	1.938368	0.017346	0.327120	1.525827	1.424222	1.315905	1.270747	1.393070	1.377557	1.420905	1.441363	1.297751	1.239576	1.383963	1.529079	1.327005	2.381213	1.462706	1.542094	0.380104	1.896934	1.525827	1.866357	1.597613	1.462613	1.031961	1.397565	0.996463	1.271248	1.022003	1.699730	1.395186	1.291678	1.541340	1.424800	1.553904	1.234426
KlePn.2_16251_1-482_NEs	1.231339	1.311719	1.149255	1.253080	1.285915	1.316765	1.409130	1.119576	1.485391	1.386922	0.524983	1.311549	1.342061	1.121524	1.357628	1.390303	0.000000	1.363883	1.294437	1.395370	0.509627	1.225622	1.390303	1.198209	1.491722	1.152930	1.446688	1.286688	1.098674	1.130744	1.159782	1.208150	1.087380	1.149255	1.679062	1.638884	1.648035	1.670751	1.346974	1.300180	1.329678	1.158272	1.491722	1.250598	1.642802	0.509627	1.052835	0.510327	1.285915	1.377267	1.149255	1.139376	1.225290	1.158305	1.318722	1.200589	0.474286	1.167804	1.331486	0.027685	1.167715	1.644035	1.249165	1.311719	1.449797	1.315872	1.198948	1.458941	1.184702	1.173298	1.685231	0.507113	1.520233	1.534207	1.057525	1.298360	1.670751	1.244962	1.159098	1.433048	1.626176	0.516689	1.346974	1.626176	1.401391	0.513378	1.057525	1.219522	1.433048	1.057525	1.674276	1.524742	1.396075	1.346974	1.407981	1.198226	0.509187	1.146129	1.198209	1.182179	1.249729	1.025833	0.666393	1.230011	0.473487	1.393234	0.509627	1.664176	1.048090	1.496385	1.356352	1.626176	1.407981	1.496920	1.433048	1.146267	1.369870	1.311549	1.311719	1.295133	1.379024	1.659275	1.135494	0.666323	1.491722	1.030613	1.419055	1.241446
CitRo.1_15181_1-462_NEs	1.394514	1.026013	1.593575	1.370515	1.321731	1.655913	1.457220	1.515018	1.695711	0.351784	1.278459	1.646847	1.426142	1.507122	0.339147	0.338669	1.363883	0.000000	0.382684	0.350326	1.390225	1.405564	0.338669	1.478305	1.702173	1.449565	1.637054	1.350927	1.392606	1.337857	1.442448	1.465396	1.311408	1.597998	1.896383	1.998000	1.984303	1.891057	0.336767	0.381967	1.651927	1.336896	1.706245	1.377301	1.820350	1.385827	1.470153	1.281936	1.321731	1.654701	1.593575	1.605875	1.410806	1.322597	1.022709	1.472437	1.366442	1.337221	0.335914	1.326468	1.616999	2.144486	1.628741	1.022018	1.657864	1.103705	1.474763	1.907933	1.430585	1.675262	1.883915	1.370981	2.076015	2.039671	1.497956	1.635214	1.891057	1.630928	1.606015	1.667458	1.855154	1.286296	0.336767	1.855154	1.509031	1.290329	1.497956	1.405482	1.667458	1.497956	1.894800	2.025828	0.340020	0.336767	1.506953	1.339674	1.375404	1.320359	1.478305	1.437302	1.370515	1.384911	1.459582	1.406789	1.358922	1.535752	1.385827	2.128316	1.508670	1.707856	0.368496	1.855154	1.506953	2.022676	1.667458	1.502152	1.004964	1.643587	1.022018	1.338711	0.993272	1.841032	1.274095	1.359508	1.702173	1.384891	1.457469	1.392193
KlePn.2_22111_1-461_NEs	1.372717	1.013811	1.500810	1.333455	1.269580	1.408598	1.469629	1.385849	1.622928	0.408167	1.269872	1.411309	1.414637	1.376237	0.433144	0.403034	1.294437	0.382684	0.000000	0.409810	1.423186	1.312466	0.403034	1.457120	1.636176	1.286040	1.469397	1.275344	1.394891	1.288202	1.282546	1.448636	1.254531	1.505135	1.761201	1.703955	1.693822	1.728732	0.429774	0.011837	1.435512	1.266403	1.640238	1.330434	1.460182	1.418723	1.359135	1.260904	1.269580	1.532003	1.500810	1.670049	1.324852	1.176924	1.005602	1.457718	1.305299	1.280001	0.432499	1.310058	1.508996	1.686704	1.485721	1.009775	1.488367	1.115420	1.435659	1.787177	1.245879	1.634380	1.722622	1.401280	1.868389	1.903898	1.336276	1.429507	1.728732	1.480272	1.499956	1.469492	1.727500	1.266599	0.429774	1.727500	1.551142	1.258273	1.336276	1.323643	1.469492	1.336276	1.728732	1.934013	0.402313	0.429774	1.579793	1.301554	1.396672	1.185010	1.457120	1.243253	1.333455	1.303459	1.269713	1.316917	1.303476	1.589043	1.418723	1.686943	1.338202	1.626776	0.339346	1.727500	1.579793	1.896296	1.469492	1.499854	1.051883	1.408472	1.009775	1.287612	1.048494	1.468103	1.240404	1.143970	1.636176	1.300034	1.476514	1.313839
EscCo.2_5200_8-470_NEs	1.410266	1.026339	1.597636	1.438610	1.266241	1.442727	1.556814	1.508397	1.563836	0.026163	1.269421	1.421616	1.322332	1.493762	0.338663	0.016633	1.395370	0.350326	0.409810	0.000000	1.330359	1.251377	0.016633	1.420616	1.572383	1.439670	1.616231	1.283799	1.491315	1.299983	1.432122	1.428815	1.310786	1.610640	1.946603	1.860811	1.849889	1.943557	0.338001	0.407087	1.698077	1.293194	1.585090	1.435222	1.680325	1.320384	1.589440	1.287202	1.266241	1.614380	1.597636	1.678032	1.251271	1.291768	0.989944	1.438427	1.414900	1.301484	0.336349	1.385680	1.619813	2.442487	1.597363	1.019251	1.629425	1.123807	1.432517	1.861992	1.392914	1.763025	1.935877	1.311123	1.988339	2.004044	1.492680	1.688959	1.943557	1.596227	1.612823	1.622676	1.890864	1.305241	0.338001	1.890864	1.521412	1.290013	1.492680	1.247591	1.622676	1.492680	1.938583	1.963763	0.020988	0.338001	1.545807	1.438051	1.313135	1.292535	1.420616	1.385372	1.438610	1.455655	1.315470	1.247021	1.391554	1.556461	1.320384	2.400221	1.484605	1.573399	0.387211	1.890864	1.545807	1.894137	1.622676	1.495208	1.039445	1.418743	1.019251	1.299650	1.029404	1.696608	1.418697	1.300336	1.572383	1.439198	1.560823	1.241755
SalEn.2_MW27581_1-483_NEs	1.114375	1.186497	1.242558	1.107647	1.251318	1.200614	1.204567	1.134236	1.360004	1.337536	0.227023	1.210782	1.232280	1.133260	1.353969	1.337159	0.509627	1.390225	1.423186	1.330359	0.000000	1.062017	1.337159	1.161004	1.356444	1.136634	1.196709	1.263068	1.061624	1.048852	1.131217	1.158093	0.972775	1.234747	1.584869	1.638391	1.633920	1.615757	1.341082	1.444973	1.240323	1.012829	1.347262	1.112438	1.584746	0.000000	1.084982	0.214591	1.251318	1.175023	1.242558	1.027843	1.060062	1.075082	1.204900	1.155429	0.209142	1.019159	1.361089	0.510128	1.248331	1.752057	1.365159	1.194428	1.210865	1.225808	1.165410	1.545047	1.115903	1.085479	1.585559	0.011128	1.720283	1.717034	0.979950	1.246879	1.615757	1.357741	1.250690	1.213624	1.550700	0.214669	1.341082	1.550700	1.193498	0.215579	0.979950	1.050407	1.213624	0.979950	1.619249	1.694533	1.332035	1.341082	1.207973	1.101991	0.009722	1.069475	1.161004	1.115889	1.107647	1.044279	0.666722	1.063368	0.208752	1.198577	0.000000	1.789618	0.984553	1.376456	1.410236	1.550700	1.207973	1.720346	1.213624	1.147141	1.167718	1.210782	1.194428	1.271849	1.186969	1.588896	1.091571	0.683074	1.356444	1.043018	1.210512	1.064779
EscCo.3_1487_1-479_NEs	1.242597	1.381772	1.183763	1.254470	1.332036	1.340412	1.380794	1.327792	1.395886	1.240537	1.067934	1.351788	1.515521	1.310506	1.240145	1.243921	1.225622	1.405564	1.312466	1.251377	1.062017	0.000000	1.243921	1.143661	1.385440	1.259406	1.278238	1.340526	1.360495	0.227249	1.257811	1.143885	0.229061	1.183763	1.808119	1.815907	1.806628	1.886771	1.229885	1.317773	1.484351	0.301578	1.385440	1.259923	1.663933	1.062017	1.407699	1.082684	1.332036	1.297612	1.183763	1.365682	0.020852	1.416272	1.381717	1.155568	1.046660	0.309732	1.233472	1.216784	1.184250	2.101540	1.524631	1.381772	1.308511	1.377361	1.171326	1.817878	1.404167	1.485822	1.874640	1.075332	1.798211	1.846177	1.281103	1.486465	1.886771	1.516690	1.183503	1.286951	1.633870	1.081174	1.229885	1.633870	1.322073	1.084626	1.281103	0.011254	1.286951	1.281103	1.890586	1.838858	1.239836	1.229885	1.299185	1.221546	1.070597	1.429546	1.144338	1.403381	1.254470	1.378270	1.171897	0.006894	1.037606	1.314868	1.062017	2.142046	1.292890	1.409199	1.280772	1.633870	1.299185	1.859641	1.286951	1.278877	1.422396	1.349193	1.381772	1.348199	1.425878	1.675588	1.235800	1.178784	1.385440	1.382671	1.380091	0.007583
EscCo.3_1595_1-462_NEs	1.400283	1.003392	1.558884	1.420905	1.242276	1.420982	1.549887	1.483500	1.532990	0.018081	1.251299	1.400395	1.290977	1.476474	0.327752	0.000000	1.390303	0.338669	0.403034	0.016633	1.337159	1.243921	0.000000	1.393070	1.541340	1.441820	1.591325	1.256109	1.455234	1.275488	1.434184	1.401066	1.289646	1.571538	1.896155	1.852775	1.841895	1.898699	0.327120	0.401516	1.685353	1.280743	1.553786	1.417596	1.683354	1.327005	1.535877	1.259199	1.242276	1.580950	1.558884	1.677810	1.238079	1.273308	0.976041	1.410612	1.407349	1.285386	0.325470	1.380533	1.580332	2.422843	1.585354	0.996463	1.600151	1.106821	1.408543	1.841190	1.385144	1.750274	1.891287	1.317540	1.947929	1.973815	1.470699	1.676147	1.898699	1.584221	1.573782	1.597613	1.896934	1.276660	0.327120	1.896934	1.501787	1.264340	1.470699	1.243355	1.597613	1.470699	1.893727	1.938368	0.017346	0.327120	1.525827	1.424222	1.315905	1.270747	1.393070	1.377557	1.420905	1.441363	1.297751	1.239576	1.383963	1.529079	1.327005	2.381213	1.462706	1.542094	0.380104	1.896934	1.525827	1.866357	1.597613	1.462613	1.031961	1.397565	0.996463	1.271248	1.022003	1.699730	1.395186	1.291678	1.541340	1.424800	1.553904	1.234426
EscCo.3_1515_1-474_NEs	1.139139	1.389209	0.338550	1.126296	1.070319	1.187444	1.215933	0.332534	1.113444	1.389938	1.096645	1.192687	1.206387	0.335930	1.425591	1.393070	1.198209	1.478305	1.457120	1.420616	1.161004	1.143661	1.393070	0.000000	1.113003	1.197416	1.202365	1.083771	1.178775	1.055057	1.196885	0.005593	1.123534	0.338550	1.529928	1.563838	1.555642	1.571001	1.436910	1.445221	1.172471	1.141700	1.113003	1.131154	1.439184	1.161004	1.205461	1.109913	1.070319	1.246283	0.338550	1.291861	1.136707	1.132085	1.403965	0.011227	1.160096	1.146650	1.440619	1.198546	0.343624	1.756369	1.437406	1.389209	1.198185	1.434532	0.025546	1.635774	1.147450	1.217367	1.573780	1.166557	1.629795	1.597394	1.158141	1.189280	1.571001	1.432366	0.339821	1.182678	1.541951	1.110763	1.436910	1.541951	1.188383	1.117712	1.158141	1.138976	1.182678	1.158141	1.566860	1.638210	1.387373	1.436910	1.177711	1.137115	1.168338	1.129977	0.001394	1.159699	1.123325	1.212684	1.128874	1.134750	1.176676	1.171539	1.161004	1.746416	1.173664	1.127753	1.491486	1.541951	1.177711	1.584721	1.182678	0.286667	1.515371	1.190245	1.389209	1.057739	1.508981	1.435663	1.182108	1.174306	1.113003	1.208384	1.214906	1.149178
SalEn.4_30891_2-494_NEs	1.194358	1.393383	1.187600	1.175700	1.244595	0.957168	1.300066	1.167601	0.008038	1.523486	1.304034	0.953473	1.251178	1.166644	1.557786	1.541340	1.491722	1.702173	1.636176	1.572383	1.356444	1.385440	1.541340	1.113003	0.000000	1.217099	1.444795	1.248615	1.394300	1.430151	1.225551	1.110758	1.397773	1.187600	1.935185	1.894804	1.907819	1.975950	1.587474	1.676517	0.328382	1.571546	0.000000	1.177663	1.598210	1.356444	1.373864	1.302321	1.244595	1.408163	1.187600	1.426090	1.362437	1.283526	1.412685	1.113003	1.362808	1.562361	1.567002	1.470791	1.195446	2.066373	1.559623	1.393383	1.431717	1.477092	1.101538	2.106526	0.976752	1.571223	1.971023	1.368867	2.067328	2.081072	1.360636	0.331426	1.975950	1.547091	1.189780	1.437277	1.655958	1.319644	1.587474	1.655958	1.429016	1.308254	1.360636	1.380685	1.437277	1.360636	1.970379	2.075018	1.531142	1.587474	1.451929	1.187542	1.353418	1.292472	1.113003	0.984844	1.172689	1.361178	1.297136	1.384956	1.363411	1.432322	1.356444	2.007025	1.385573	0.014135	1.559765	1.655958	1.451929	2.020818	1.437277	1.137367	1.472727	0.951570	1.393383	1.232104	1.487104	1.594487	1.197309	1.253406	0.000000	1.364902	1.309352	1.392753
KlePn.1_03020_2_1-488_NEs	0.201032	1.443814	1.221374	0.189226	0.977552	1.108590	0.997864	1.106139	1.213468	1.443951	1.129997	1.108662	1.113307	1.108743	1.435560	1.441820	1.152930	1.449565	1.286040	1.439670	1.136634	1.259406	1.441820	1.197416	1.217099	0.000000	1.071908	0.989718	1.008467	1.095965	0.007619	1.198927	1.144991	1.227806	1.674035	1.335014	1.331468	1.737315	1.445918	1.279906	1.050834	1.103191	1.223328	0.190236	1.295458	1.130681	0.973209	1.082105	0.977552	1.108020	1.221374	0.912833	1.258099	0.917669	1.417032	1.199243	0.995863	1.124843	1.449027	1.130010	1.238835	1.398992	1.311031	1.435581	1.072029	1.447934	1.199990	1.522510	0.996623	0.922880	1.728776	1.119513	1.674409	1.632707	1.000237	1.046849	1.737315	1.305691	1.223783	1.065991	1.374592	1.093109	1.445918	1.374592	1.072223	1.084395	1.000237	1.247857	1.065991	1.000237	1.741099	1.680058	1.447413	1.445918	1.085106	0.187345	1.123841	0.924266	1.197416	1.005770	0.190097	0.955836	1.122731	1.249945	0.981528	1.065942	1.130681	1.401670	0.996513	1.220321	1.375543	1.374592	1.085106	1.635358	1.065991	1.157177	1.403150	1.106422	1.435581	0.988947	1.405811	1.301040	0.176903	1.034084	1.217099	0.950251	0.996644	1.253362
SalEn.13502_1-512_NEs	1.141225	1.296832	1.231807	1.117345	1.108932	1.324251	0.492375	1.193500	1.435504	1.583050	1.245868	1.321300	1.201165	1.201039	1.551533	1.591325	1.446688	1.637054	1.469397	1.616231	1.196709	1.278238	1.591325	1.202365	1.444795	1.071908	0.000000	1.120136	1.139634	1.177373	1.071919	1.196416	1.229727	1.234748	1.728802	1.567211	1.562911	1.794480	1.548556	1.469111	1.238190	1.242234	1.448332	1.122079	1.377887	1.193827	1.113508	1.210933	1.108932	0.176287	1.231807	1.248935	1.279807	1.037516	1.318279	1.198447	1.203500	1.220759	1.567437	1.422055	1.249238	1.889577	1.527020	1.293521	0.021623	1.242958	1.198146	1.689637	1.332462	1.231774	1.776789	1.200881	1.798667	1.782782	1.105771	1.240222	1.794480	1.533415	1.237384	0.014367	1.646062	1.214067	1.548556	1.646062	0.177710	1.215890	1.105771	1.268019	0.014367	1.105771	1.798236	1.795459	1.568434	1.548556	0.180517	1.118914	1.191072	1.043158	1.202365	1.340974	1.119757	1.078358	1.395651	1.280326	1.211121	0.176972	1.193827	1.933817	1.110794	1.442529	1.596558	1.646062	0.180517	1.834473	0.014367	1.121820	1.270020	1.324582	1.293521	1.120891	1.287540	1.390918	1.095313	1.374647	1.444795	1.082822	0.490680	1.286929
EscCo.1_01486_1-495_NEs	1.012713	1.210096	1.141886	1.007643	0.016991	1.105945	1.058988	1.108042	1.262524	1.250469	1.175196	1.112249	0.265681	1.099429	1.270747	1.256109	1.286688	1.350927	1.275344	1.283799	1.263068	1.340526	1.256109	1.083771	1.248615	0.989718	1.120136	0.000000	0.993601	1.284091	1.002090	1.092102	1.284352	1.142867	1.614904	1.597625	1.588950	1.603393	1.274140	1.275478	1.242157	1.392087	1.249385	1.009046	1.283286	1.262273	0.957180	1.153133	0.016991	1.071177	1.141886	1.151011	1.333372	0.259445	1.209211	1.093815	1.193744	1.416003	1.258356	1.241643	1.148063	1.685673	1.290605	1.209166	1.111518	1.302242	1.080265	1.618317	1.090176	1.172791	1.630524	1.257574	1.586570	1.533398	0.985257	1.237520	1.603393	1.288153	1.138505	1.117568	1.533917	1.164170	1.274140	1.533917	1.114441	1.155538	0.985257	1.333116	1.117568	0.985257	1.606863	1.565201	1.258715	1.274140	1.114397	1.006321	1.270903	0.264356	1.083771	1.092703	1.005075	0.959689	1.173571	1.337618	1.209804	1.098028	1.262273	1.671353	0.993470	1.261474	1.358170	1.533917	1.114397	1.637983	1.117568	1.125058	1.294943	1.110060	1.209166	0.028132	1.302943	1.298260	1.000843	1.162636	1.248615	0.963513	1.058387	1.346947
EscCo.1_04819_1-486_NEs	0.991940	1.329929	1.240553	0.985299	1.014005	1.189926	1.086268	1.174517	1.388231	1.470143	1.087171	1.178490	1.094910	1.166484	1.341699	1.455234	1.098674	1.392606	1.394891	1.491315	1.061624	1.360495	1.455234	1.178775	1.394300	1.008467	1.139634	0.993601	0.000000	1.251900	1.018336	1.189672	1.311150	1.247119	1.606117	1.761877	1.767115	1.640541	1.342573	1.371197	1.353955	1.267297	1.401753	0.989313	1.474780	1.055961	0.138263	1.064809	1.014005	1.086879	1.240553	1.019522	1.370574	0.976510	1.330762	1.184240	1.017689	1.276522	1.337040	1.097472	1.244367	1.554442	1.341125	1.322233	1.136071	1.388617	1.188478	1.710879	1.158697	1.068436	1.630373	1.051286	1.565728	1.556897	0.134174	1.340672	1.640541	1.332850	1.246938	1.122724	1.516591	1.063853	1.342573	1.516591	1.077725	1.058253	0.134174	1.340489	1.122724	0.134174	1.644136	1.561762	1.455926	1.342573	1.067938	0.969001	1.051392	0.985296	1.178775	1.157727	0.985299	0.136301	1.081324	1.365156	1.012497	1.065759	1.055961	1.577363	0.142328	1.421771	1.411062	1.516591	1.067938	1.526434	1.122724	1.090615	1.383718	1.181669	1.322233	1.007707	1.392702	1.489478	0.980081	1.090427	1.394300	0.134754	1.082708	1.372602
CitRo.1_16231_1-479_NEs	1.175863	1.383937	1.077040	1.186524	1.254638	1.289203	1.227254	1.161182	1.418394	1.264767	1.030147	1.294190	1.430836	1.158615	1.258740	1.275488	1.130744	1.337857	1.288202	1.299983	1.048852	0.227249	1.275488	1.055057	1.430151	1.095965	1.177373	1.284091	1.251900	0.000000	1.096136	1.064035	0.199247	1.077040	1.647672	1.766100	1.756512	1.688945	1.248831	1.276767	1.303430	0.256980	1.430151	1.191621	1.466625	1.048852	1.234065	1.044960	1.254638	1.219152	1.077040	1.217370	0.230936	1.303084	1.380816	1.063848	0.975867	0.265630	1.252534	1.131135	1.072281	1.775046	1.410369	1.383937	1.202893	1.299497	1.025943	1.623169	1.239834	1.329961	1.701833	1.062438	1.762238	1.767557	1.210644	1.289974	1.688945	1.402698	1.071497	1.184763	1.467066	1.039165	1.248831	1.467066	1.224044	1.043095	1.210644	0.230055	1.184763	1.210644	1.684296	1.799176	1.290128	1.248831	1.216363	1.191144	1.062539	1.309130	1.055641	1.236815	1.189032	1.212654	1.149391	0.228320	0.972274	1.201240	1.048852	1.791440	1.222305	1.447731	1.266046	1.467066	1.216363	1.778791	1.184763	1.137814	1.329058	1.291643	1.383937	1.288037	1.341639	1.476958	1.117312	1.092519	1.430151	1.213095	1.229417	0.227233
KlePn.2_11621_1-488_NEs	0.204827	1.454699	1.214970	0.194743	0.987178	1.113338	1.000372	1.095459	1.221927	1.436347	1.141183	1.113400	1.105335	1.098020	1.426730	1.434184	1.159782	1.442448	1.282546	1.432122	1.131217	1.257811	1.434184	1.196885	1.225551	0.007619	1.071919	1.002090	1.018336	1.096136	0.000000	1.198395	1.136647	1.221380	1.655134	1.343380	1.339802	1.721691	1.436977	1.276440	1.048610	1.105790	1.231802	0.195762	1.303189	1.125280	0.982797	1.095221	0.987178	1.105950	1.214970	0.914944	1.264876	0.917749	1.427798	1.198710	1.007788	1.116215	1.440091	1.136649	1.232326	1.403378	1.310352	1.446436	1.074797	1.445455	1.199460	1.529617	1.008363	0.927168	1.709831	1.114176	1.677399	1.643656	0.997959	1.044618	1.721691	1.305016	1.217356	1.076117	1.372492	1.106318	1.436977	1.372492	1.070079	1.097589	0.997959	1.246192	1.076117	0.997959	1.725441	1.669783	1.439774	1.436977	1.095612	0.191100	1.118468	0.924347	1.196885	1.017556	0.195618	0.965247	1.136230	1.248322	0.993316	1.076271	1.125280	1.406042	0.994232	1.228783	1.371876	1.372492	1.095612	1.625513	1.076117	1.151037	1.399947	1.111156	1.446436	0.998701	1.402585	1.308838	0.180417	1.043757	1.225551	0.959599	0.999151	1.251752
EscCo.1_01595_1-475_NEs	1.145532	1.363753	0.332852	1.140568	1.078477	1.175268	1.217610	0.330727	1.111203	1.397870	1.092256	1.187918	1.205028	0.334111	1.432983	1.401066	1.208150	1.465396	1.448636	1.428815	1.158093	1.143885	1.401066	0.005593	1.110758	1.198927	1.196416	1.092102	1.189672	1.064035	1.198395	0.000000	1.130611	0.331803	1.524768	1.569520	1.561241	1.566185	1.444316	1.436888	1.157972	1.142726	1.103989	1.145524	1.444361	1.165148	1.220083	1.109071	1.078477	1.245661	0.332852	1.279626	1.136926	1.132411	1.388656	0.006979	1.151079	1.147687	1.448049	1.202982	0.337883	1.746558	1.431754	1.374090	1.192266	1.425919	0.021909	1.626326	1.149248	1.215671	1.569005	1.170747	1.627979	1.595589	1.165210	1.182073	1.566185	1.422753	0.334112	1.176870	1.551953	1.103513	1.444316	1.551953	1.183668	1.116896	1.165210	1.139199	1.176870	1.165210	1.562040	1.636410	1.382215	1.444316	1.173079	1.151518	1.172537	1.130295	0.005594	1.157367	1.137555	1.220187	1.133679	1.134969	1.174564	1.172333	1.165148	1.736530	1.180791	1.125486	1.488810	1.551953	1.173079	1.579648	1.176870	0.286480	1.500811	1.185479	1.374090	1.065827	1.507087	1.440825	1.186163	1.173548	1.110758	1.215853	1.216584	1.149403
EntCo.1_11350_1-471_NEs	1.156949	1.279423	1.141065	1.165087	1.284456	1.254322	1.233383	1.206594	1.389001	1.309938	0.973075	1.265356	1.503327	1.201294	1.285492	1.289646	1.087380	1.311408	1.254531	1.310786	0.972775	0.229061	1.289646	1.123534	1.397773	1.144991	1.229727	1.284352	1.311150	0.199247	1.136647	1.130611	0.000000	1.141065	1.570513	1.651936	1.642795	1.625777	1.282348	1.253569	1.391468	0.256125	1.397773	1.170137	1.358170	0.972775	1.256294	0.970845	1.284456	1.223687	1.141065	1.298933	0.235848	1.250149	1.269813	1.130545	0.974314	0.262104	1.267505	1.106645	1.153198	1.826620	1.300354	1.279423	1.273076	1.274810	1.126462	1.613554	1.213953	1.346029	1.624614	0.972060	1.631507	1.654856	1.171444	1.382674	1.625777	1.293041	1.146211	1.243763	1.439314	0.986217	1.282348	1.439314	1.249615	0.968904	1.171444	0.230323	1.243763	1.171444	1.629156	1.651382	1.311551	1.282348	1.253736	1.132417	0.979224	1.256061	1.124198	1.201699	1.162045	1.230628	1.136533	0.229138	0.966130	1.251507	0.972775	1.835126	1.176898	1.402833	1.194643	1.439314	1.253736	1.670516	1.243763	1.244488	1.270459	1.262771	1.279423	1.305353	1.285636	1.364660	1.129600	1.121646	1.397773	1.236857	1.238359	0.231154
SalEn.2_MW15921_2-482_NEs	1.302720	1.363685	0.000000	1.309335	1.123929	1.169602	1.325079	0.351857	1.182397	1.571822	1.113875	1.179597	1.166293	0.354163	1.583690	1.571538	1.149255	1.597998	1.505135	1.610640	1.234747	1.183763	1.571538	0.338550	1.187600	1.227806	1.234748	1.142867	1.247119	1.077040	1.221380	0.331803	1.141065	0.000000	1.556995	1.677930	1.687046	1.628472	1.588225	1.500092	1.214429	1.103271	1.180257	1.315557	1.491831	1.242558	1.208351	1.121852	1.123929	1.170973	0.000000	1.248136	1.178333	1.154970	1.363054	0.330056	1.151493	1.129388	1.588931	1.130468	0.008343	1.796074	1.509203	1.373723	1.224635	1.374902	0.324872	1.636125	1.157061	1.255760	1.627954	1.258972	1.765139	1.763538	1.236646	1.218944	1.628472	1.495444	0.007637	1.217127	1.606730	1.113671	1.588225	1.606730	1.220928	1.128346	1.236646	1.174638	1.217127	1.236646	1.628472	1.774557	1.572466	1.588225	1.222525	1.284714	1.251024	1.156893	0.338643	1.172463	1.305800	1.207715	1.181273	1.179187	1.174613	1.227201	1.242558	1.799234	1.246367	1.203800	1.489122	1.606730	1.222525	1.690519	1.217127	0.283044	1.422949	1.177192	1.373723	1.119040	1.423316	1.501485	1.168235	1.199068	1.187600	1.201056	1.337889	1.179420
