SalEn.3_3229_1-268_NEs	0.000000	0.000000	0.628911	0.000000	0.010016	1.687996
SalEn.2_MW32561_1-269_NEs	0.000000	0.000000	0.627546	0.000000	0.010016	1.688351
KlePn.1_01055_1-272_NEs	0.628911	0.627546	0.000000	0.628911	0.632799	1.959988
SalEn.4_32561_1-268_NEs	0.000000	0.000000	0.628911	0.000000	0.010016	1.687996
SalEn.53176_1-268_NEs	0.010016	0.010016	0.632799	0.010016	0.000000	1.741903
EscCo.1_02672_1-425_NEs	1.687996	1.688351	1.959988	1.687996	1.741903	0.000000