SalEn.13179_1-374_NEs	0.000000	0.018920	0.275491	0.284667	0.277033	0.009853	0.244033	0.297851	0.009853	1.256033	0.009853	0.287802	0.282048	0.278164
SalEn.53262_1-374_NEs	0.018920	0.000000	0.271916	0.278536	0.273451	0.016189	0.247942	0.296917	0.016189	1.249756	0.016189	0.281669	0.286170	0.283524
EscCo.1_03669_1-374_NEs	0.275491	0.271916	0.000000	0.017947	0.010710	0.269518	0.261964	0.303220	0.269518	1.272651	0.269518	0.013414	0.290422	0.286497
EscCo.4_00467_1-374_NEs	0.284667	0.278536	0.017947	0.000000	0.020659	0.277412	0.267856	0.313339	0.277412	1.275591	0.277412	0.024315	0.302177	0.298207
EscCo.53232_1-374	0.277033	0.273451	0.010710	0.020659	0.000000	0.271047	0.266894	0.305735	0.271047	1.284771	0.271047	0.020664	0.299984	0.296017
SalEn.4_33451_1-374_NEs	0.009853	0.016189	0.269518	0.277412	0.271047	0.000000	0.237834	0.292981	0.000000	1.248824	0.000000	0.280546	0.276831	0.274213
CitRo.1_45911_1-373_NEs	0.244033	0.247942	0.261964	0.267856	0.266894	0.237834	0.000000	0.285448	0.237834	1.217821	0.237834	0.265432	0.245033	0.244071
EntCo.1_34750_1-374_BeL	0.297851	0.296917	0.303220	0.313339	0.305735	0.292981	0.285448	0.000000	0.292981	1.288191	0.292981	0.312657	0.244598	0.242076
SalEn.3_3318_1-374_NEs	0.009853	0.016189	0.269518	0.277412	0.271047	0.000000	0.237834	0.292981	0.000000	1.248824	0.000000	0.280546	0.276831	0.274213
KlePn.1_04839_14-353_NEs	1.256033	1.249756	1.272651	1.275591	1.284771	1.248824	1.217821	1.288191	1.248824	0.000000	1.248824	1.241465	1.204615	1.196575
SalEn.2_MW33451_1-374_NEs	0.009853	0.016189	0.269518	0.277412	0.271047	0.000000	0.237834	0.292981	0.000000	1.248824	0.000000	0.280546	0.276831	0.274213
EscCo.3_3493_1-374_NEs	0.287802	0.281669	0.013414	0.024315	0.020664	0.280546	0.265432	0.312657	0.280546	1.241465	0.280546	0.000000	0.299719	0.295756
KlePn.2_42811_1-375_BeL	0.282048	0.286170	0.290422	0.302177	0.299984	0.276831	0.245033	0.244598	0.276831	1.204615	0.276831	0.299719	0.000000	0.003592
KlePn.1_00966_1-375_NEs	0.278164	0.283524	0.286497	0.298207	0.296017	0.274213	0.244071	0.242076	0.274213	1.196575	0.274213	0.295756	0.003592	0.000000