EscCo.1_03971_1-872_NEs	0.000000	0.017354	0.222773	0.237634	0.222773	0.017354	0.222773	0.278053	0.221754	0.221175	0.190590	0.278600	0.026768
EscCo.43533_1-872	0.017354	0.000000	0.215638	0.240440	0.215638	0.000000	0.215638	0.279356	0.215638	0.214053	0.187733	0.279906	0.028761
SalEn.3_3584_1-872_NEs	0.222773	0.215638	0.000000	0.260858	0.000000	0.215638	0.000000	0.290008	0.009218	0.004979	0.203944	0.292286	0.218195
EntCo.1_27310_1-871_BeL	0.237634	0.240440	0.260858	0.000000	0.260858	0.240440	0.260858	0.262631	0.262874	0.259519	0.220761	0.262059	0.241281
SalEn.4_36081_1-872_NEs	0.222773	0.215638	0.000000	0.260858	0.000000	0.215638	0.000000	0.290008	0.009218	0.004979	0.203944	0.292286	0.218195
EscCo.2_3779_1-872_NEs	0.017354	0.000000	0.215638	0.240440	0.215638	0.000000	0.215638	0.279356	0.215638	0.214053	0.187733	0.279906	0.028761
SalEn.2_MW36081_1-872_NEs	0.222773	0.215638	0.000000	0.260858	0.000000	0.215638	0.000000	0.290008	0.009218	0.004979	0.203944	0.292286	0.218195
KlePn.1_00701_1-872_NEs	0.278053	0.279356	0.290008	0.262631	0.290008	0.279356	0.290008	0.000000	0.293198	0.292126	0.253404	0.004248	0.280569
SalEn.53898_1-872_NEs	0.221754	0.215638	0.009218	0.262874	0.009218	0.215638	0.009218	0.293198	0.000000	0.009600	0.205338	0.295487	0.217182
SalEn.13442_1-872_NEs	0.221175	0.214053	0.004979	0.259519	0.004979	0.214053	0.004979	0.292126	0.009600	0.000000	0.203759	0.294411	0.216606
CitRo.1_42741_1-873_NEs	0.190590	0.187733	0.203944	0.220761	0.203944	0.187733	0.203944	0.253404	0.205338	0.203759	0.000000	0.255368	0.192895
KlePn.2_45201_1-871_NEs	0.278600	0.279906	0.292286	0.262059	0.292286	0.279906	0.292286	0.004248	0.295487	0.294411	0.255368	0.000000	0.281122
EscCo.3_00156_1-872_NEs	0.026768	0.028761	0.218195	0.241281	0.218195	0.028761	0.218195	0.280569	0.217182	0.216606	0.192895	0.281122	0.000000