SalEn.4_31381_5-88_NEs	0.000000	0.269497	0.269497	0.000000	0.269497	0.003989	0.000000	0.012016	0.259061
EscCo.53026_7-104	0.269497	0.000000	0.000000	0.269497	0.000000	0.280986	0.269497	0.270115	0.020668
EscCo.1_03447_7-104_NEs	0.269497	0.000000	0.000000	0.269497	0.000000	0.280986	0.269497	0.270115	0.020668
SalEn.2_MW31381_5-88_NEs	0.000000	0.269497	0.269497	0.000000	0.269497	0.003989	0.000000	0.012016	0.259061
EscCo.3_3297_7-104_NEs	0.269497	0.000000	0.000000	0.269497	0.000000	0.280986	0.269497	0.270115	0.020668
SalEn.13021_5-93_NEs	0.003989	0.280986	0.280986	0.003989	0.280986	0.000000	0.003989	0.007525	0.270977
SalEn.3_3152_5-88_NEs	0.000000	0.269497	0.269497	0.000000	0.269497	0.003989	0.000000	0.012016	0.259061
SalEn.53099_5-93_NEs	0.012016	0.270115	0.270115	0.012016	0.270115	0.007525	0.012016	0.000000	0.260185
EscCo.4_00677_7-104_NEs	0.259061	0.020668	0.020668	0.259061	0.020668	0.270977	0.259061	0.260185	0.000000