EscCo.53651_1-229	0.000000	0.213570	0.038771	0.215533	0.238671	0.138406	0.000000	0.136411	0.000000	0.136693	0.136411	0.136411	0.149207
KlePn.2_46411_1-229_NEs	0.213570	0.000000	0.209630	0.005898	0.203847	0.232315	0.213570	0.233757	0.213570	0.228588	0.233757	0.233757	0.211999
EscCo.4_00033_1-229_NEs	0.038771	0.209630	0.000000	0.207763	0.232581	0.131337	0.038771	0.132805	0.038771	0.136532	0.132805	0.132805	0.140878
KlePn.1_00580_1-229_NEs	0.215533	0.005898	0.207763	0.000000	0.198229	0.234315	0.215533	0.235756	0.215533	0.230581	0.235756	0.235756	0.208140
EntCo.1_02750_1-229_NEs	0.238671	0.203847	0.232581	0.198229	0.000000	0.233420	0.238671	0.239965	0.238671	0.233491	0.239965	0.239965	0.227823
SalEn.13565_1-229_NEs	0.138406	0.232315	0.131337	0.234315	0.233420	0.000000	0.138406	0.008759	0.138406	0.008762	0.008759	0.008759	0.150334
EscCo.3_3892_1-229_NEs	0.000000	0.213570	0.038771	0.215533	0.238671	0.138406	0.000000	0.136411	0.000000	0.136693	0.136411	0.136411	0.149207
SalEn.3_3709_1-229_NEs	0.136411	0.233757	0.132805	0.235756	0.239965	0.008759	0.136411	0.000000	0.136411	0.011725	0.000000	0.000000	0.153883
EscCo.1_04099_1-229_BeL	0.000000	0.213570	0.038771	0.215533	0.238671	0.138406	0.000000	0.136411	0.000000	0.136693	0.136411	0.136411	0.149207
SalEn.53775_1-229_NEs	0.136693	0.228588	0.136532	0.230581	0.233491	0.008762	0.136693	0.011725	0.136693	0.000000	0.011725	0.011725	0.152473
SalEn.2_MW37321_1-229_NEs	0.136411	0.233757	0.132805	0.235756	0.239965	0.008759	0.136411	0.000000	0.136411	0.011725	0.000000	0.000000	0.153883
SalEn.4_37321_1-229_NEs	0.136411	0.233757	0.132805	0.235756	0.239965	0.008759	0.136411	0.000000	0.136411	0.011725	0.000000	0.000000	0.153883
CitRo.1_41651_1-229_NEs	0.149207	0.211999	0.140878	0.208140	0.227823	0.150334	0.149207	0.153883	0.149207	0.152473	0.153883	0.153883	0.000000