EscCo.50593_1-391	0.000000	0.273877	0.269347	0.355363	0.269347	0.269347	0.022325	0.000848	0.011085	0.258182	0.361378	0.019726	0.270673	0.363397
SalEn.52273_1-389_NEs	0.273877	0.000000	0.011226	0.391624	0.011226	0.011226	0.279791	0.275367	0.271072	0.255557	0.396538	0.273973	0.010351	0.398752
SalEn.3_0583_1-391_NEs	0.269347	0.011226	0.000000	0.389231	0.000000	0.000000	0.275185	0.270817	0.269010	0.253700	0.392963	0.269440	0.007704	0.395147
EntCo.1_21400_1-391_NEs	0.355363	0.391624	0.389231	0.000000	0.389231	0.389231	0.366173	0.355657	0.359011	0.330429	0.324981	0.362978	0.386464	0.329587
SalEn.2_MW06601_1-391_NEs	0.269347	0.011226	0.000000	0.389231	0.000000	0.000000	0.275185	0.270817	0.269010	0.253700	0.392963	0.269440	0.007704	0.395147
SalEn.4_06601_1-391_NEs	0.269347	0.011226	0.000000	0.389231	0.000000	0.000000	0.275185	0.270817	0.269010	0.253700	0.392963	0.269440	0.007704	0.395147
EscCo.4_03402_1-391_NEs	0.022325	0.279791	0.275185	0.366173	0.275185	0.275185	0.000000	0.023211	0.019730	0.259147	0.372266	0.023229	0.275343	0.374323
EscCo.3_0623_1-391_NEs	0.000848	0.275367	0.270817	0.355657	0.270817	0.270817	0.023211	0.000000	0.011952	0.259624	0.361682	0.020608	0.272146	0.363704
EscCo.2_46970_5-395_NEs	0.011085	0.271072	0.269010	0.359011	0.269010	0.269010	0.019730	0.011952	0.000000	0.256695	0.365860	0.017136	0.270333	0.367897
CitRo.1_06021_1-391_NEs	0.258182	0.255557	0.253700	0.330429	0.253700	0.253700	0.259147	0.259624	0.256695	0.000000	0.341723	0.258663	0.252617	0.340925
KlePn.1_03049_1-391_NEs	0.361378	0.396538	0.392963	0.324981	0.392963	0.392963	0.372266	0.361682	0.365860	0.341723	0.000000	0.369970	0.396163	0.004347
EscCo.1_00598_1-391_NEs	0.019726	0.273973	0.269440	0.362978	0.269440	0.269440	0.023229	0.020608	0.017136	0.258663	0.369970	0.000000	0.270767	0.372021
SalEn.10564_1-391_NEs	0.270673	0.010351	0.007704	0.386464	0.007704	0.007704	0.275343	0.272146	0.270333	0.252617	0.396163	0.270767	0.000000	0.398360
KlePn.2_11891_1-391_NEs	0.363397	0.398752	0.395147	0.329587	0.395147	0.395147	0.374323	0.363704	0.367897	0.340925	0.004347	0.372021	0.398360	0.000000