CitRo.1_42941_1-239_NEs	0.000000	1.793365	1.182428	1.981006	1.182428	1.924674	1.182428	0.304262	0.302197	0.302197	0.304262	0.302535
CitRo.1_37151_1-227_NEs	1.793365	0.000000	1.429343	1.704837	1.429343	1.618804	1.429343	1.871861	1.871861	1.871861	1.871861	1.849895
EscCo.1_03796_1-238_NEs	1.182428	1.429343	0.000000	1.797382	0.000000	1.923085	0.000000	1.253128	1.260537	1.260200	1.253128	1.254680
EntCo.1_19680_9-240_NEs	1.981006	1.704837	1.797382	0.000000	1.797382	2.241407	1.797382	1.931306	1.931306	1.939689	1.931306	1.909783
EscCo.53375_1-238	1.182428	1.429343	0.000000	1.797382	0.000000	1.923085	0.000000	1.253128	1.260537	1.260200	1.253128	1.254680
EscCo.1_01703_2-226_Ess	1.924674	1.618804	1.923085	2.241407	1.923085	0.000000	1.923085	1.913648	1.913648	1.904776	1.913648	1.900671
EscCo.3_3625_1-238_NEs	1.182428	1.429343	0.000000	1.797382	0.000000	1.923085	0.000000	1.253128	1.260537	1.260200	1.253128	1.254680
SalEn.3_3567_1-239_NEs	0.304262	1.871861	1.253128	1.931306	1.253128	1.913648	1.253128	0.000000	0.005594	0.001395	0.000000	0.005598
SalEn.13425_1-239_NEs	0.302197	1.871861	1.260537	1.931306	1.260537	1.913648	1.260537	0.005594	0.000000	0.006997	0.005594	0.008410
SalEn.2_MW35911_1-239_NEs	0.302197	1.871861	1.260200	1.939689	1.260200	1.904776	1.260200	0.001395	0.006997	0.000000	0.001395	0.007003
SalEn.4_35911_1-239_NEs	0.304262	1.871861	1.253128	1.931306	1.253128	1.913648	1.253128	0.000000	0.005594	0.001395	0.000000	0.005598
SalEn.53915_1-239_NEs	0.302535	1.849895	1.254680	1.909783	1.254680	1.900671	1.254680	0.005598	0.008410	0.007003	0.005598	0.000000