EscCo.1_03469_1-217_NEs	0.000000	0.028057	0.203290	0.229219	0.029613	0.031195	0.158832	0.162089	0.162089	0.156441	0.207191	0.162089	0.162238
EscCo.3_00647_1-217_NEs	0.028057	0.000000	0.196173	0.221589	0.024913	0.026490	0.159466	0.158644	0.158644	0.153006	0.196093	0.158644	0.158790
KlePn.2_41061_1-217_Ess	0.203290	0.196173	0.000000	0.187338	0.205969	0.207945	0.151023	0.202513	0.202513	0.200555	0.006204	0.202513	0.204738
EntCo.1_32880_1-217_Ess	0.229219	0.221589	0.187338	0.000000	0.232878	0.234911	0.174839	0.192529	0.192529	0.192544	0.191234	0.192529	0.194721
EscCo.43041_1-217	0.029613	0.024913	0.205969	0.232878	0.000000	0.001527	0.164522	0.152477	0.152477	0.146894	0.209892	0.152477	0.152615
EscCo.2_3313_1-217_NEs	0.031195	0.026490	0.207945	0.234911	0.001527	0.000000	0.166376	0.154320	0.154320	0.148728	0.211875	0.154320	0.154461
CitRo.1_35901_1-217_Ess	0.158832	0.159466	0.151023	0.174839	0.164522	0.166376	0.000000	0.160529	0.160529	0.156782	0.149112	0.160529	0.160677
SalEn.2_MW31561_1-217_Ess	0.162089	0.158644	0.202513	0.192529	0.152477	0.154320	0.160529	0.000000	0.000000	0.007718	0.202444	0.000000	0.003082
SalEn.4_31561_1-217_Ess	0.162089	0.158644	0.202513	0.192529	0.152477	0.154320	0.160529	0.000000	0.000000	0.007718	0.202444	0.000000	0.003082
SalEn.53115_1-217_Ess	0.156441	0.153006	0.200555	0.192544	0.146894	0.148728	0.156782	0.007718	0.007718	0.000000	0.200488	0.007718	0.007724
KlePn.1_01154_1-217_Ess	0.207191	0.196093	0.006204	0.191234	0.209892	0.211875	0.149112	0.202444	0.202444	0.200488	0.000000	0.202444	0.204669
SalEn.3_3168_1-217_Ess	0.162089	0.158644	0.202513	0.192529	0.152477	0.154320	0.160529	0.000000	0.000000	0.007718	0.202444	0.000000	0.003082
SalEn.13037_1-217_Ess	0.162238	0.158790	0.204738	0.194721	0.152615	0.154461	0.160677	0.003082	0.003082	0.007724	0.204669	0.003082	0.000000