EscCo.2_3043_1-235_Ess	0.000000	2.102221	2.074402	2.066795	2.065344	2.074402	0.000000
SalEn.2_MW28311_1-227_NEs	2.102221	0.000000	0.000000	0.018028	0.001461	0.000000	2.102221
SalEn.4_28311_1-226_NEs	2.074402	0.000000	0.000000	0.018028	0.001461	0.000000	2.074402
SalEn.52771_1-223_NEs	2.066795	0.018028	0.018028	0.000000	0.016515	0.018028	2.066795
SalEn.12711_1-226_NEs	2.065344	0.001461	0.001461	0.016515	0.000000	0.001461	2.065344
SalEn.3_2849_1-226_NEs	2.074402	0.000000	0.000000	0.018028	0.001461	0.000000	2.074402
EscCo.42858_1-236	0.000000	2.102221	2.074402	2.066795	2.065344	2.074402	0.000000