SalEn.3_3082_1-239_NEs	0.000000	0.262726	0.000000	0.204171	0.007003	0.156472	0.257396	0.209792	0.250535	0.012637	0.000000	0.202073	0.209792
EntCo.1_32070_1-238_NEs	0.262726	0.000000	0.262726	0.282799	0.255234	0.232623	0.291017	0.289104	0.282269	0.266791	0.262726	0.285020	0.289104
SalEn.4_30681_1-239_NEs	0.000000	0.262726	0.000000	0.204171	0.007003	0.156472	0.257396	0.209792	0.250535	0.012637	0.000000	0.202073	0.209792
EscCo.1_03320_1-239_NEs	0.204171	0.282799	0.204171	0.000000	0.202669	0.207692	0.270933	0.004182	0.276522	0.207889	0.204171	0.015453	0.004182
SalEn.53020_1-239_NEs	0.007003	0.255234	0.007003	0.202669	0.000000	0.154673	0.251393	0.208289	0.244560	0.014044	0.007003	0.200574	0.208289
CitRo.1_50291_1-239_NEs	0.156472	0.232623	0.156472	0.207692	0.154673	0.000000	0.220513	0.213333	0.219805	0.161366	0.156472	0.209683	0.213333
KlePn.2_40461_1-239_NEs	0.257396	0.291017	0.257396	0.270933	0.251393	0.220513	0.000000	0.273168	0.009929	0.258913	0.257396	0.266042	0.273168
EscCo.3_3148_1-239_NEs	0.209792	0.289104	0.209792	0.004182	0.208289	0.213333	0.273168	0.000000	0.278785	0.209877	0.209792	0.016883	0.000000
KlePn.1_01273_1-238_NEs	0.250535	0.282269	0.250535	0.276522	0.244560	0.219805	0.009929	0.278785	0.000000	0.252058	0.250535	0.271561	0.278785
SalEn.12950_1-239_NEs	0.012637	0.266791	0.012637	0.207889	0.014044	0.161366	0.258913	0.209877	0.252058	0.000000	0.012637	0.205777	0.209877
SalEn.2_MW30681_1-239_NEs	0.000000	0.262726	0.000000	0.204171	0.007003	0.156472	0.257396	0.209792	0.250535	0.012637	0.000000	0.202073	0.209792
EscCo.4_00790_1-239_NEs	0.202073	0.285020	0.202073	0.015453	0.200574	0.209683	0.266042	0.016883	0.271561	0.205777	0.202073	0.000000	0.016883
EscCo.52958_1-239	0.209792	0.289104	0.209792	0.004182	0.208289	0.213333	0.273168	0.000000	0.278785	0.209877	0.209792	0.016883	0.000000