EntCo.1_07240_5-152_NEs	0.000000	0.852038	1.274157	0.427043	1.562869	1.685875	0.384831	0.422818	0.427043	0.427043	1.407337	1.403792	0.421250	1.352087
CitRo.1_34171_1-170_NEs	0.852038	0.000000	1.271371	1.065812	1.701031	1.379322	0.953349	1.065812	1.065812	1.065812	1.255689	1.235982	1.048689	1.377951
EscCo.3_3925_1-144_NEs	1.274157	1.271371	0.000000	1.360674	1.163641	0.481216	1.454885	1.360674	1.360674	1.360674	0.523618	0.532765	1.350446	0.633334
SalEn.4_02731_2-173_NEs	0.427043	1.065812	1.360674	0.000000	1.732652	1.475438	0.396736	0.000000	0.000000	0.000000	1.366710	1.347773	0.005856	1.274508
EscCo.2_42850_2-166_NEs	1.562869	1.701031	1.163641	1.732652	0.000000	1.314349	1.967590	1.732652	1.732652	1.732652	1.251229	1.258237	1.742326	1.204220
EntCo.1_08900_1-162_NEs	1.685875	1.379322	0.481216	1.475438	1.314349	0.000000	1.582680	1.475438	1.475438	1.475438	0.222887	0.225236	1.447424	0.482961
CitRo.1_27761_1-172_NEs	0.384831	0.953349	1.454885	0.396736	1.967590	1.582680	0.000000	0.393515	0.396736	0.396736	1.454793	1.472323	0.393543	1.520138
SalEn.2_MW02721_3-175_NEs	0.422818	1.065812	1.360674	0.000000	1.732652	1.475438	0.393515	0.000000	0.000000	0.000000	1.366710	1.347773	0.005856	1.274508
SalEn.2_MW02731_2-173_NEs	0.427043	1.065812	1.360674	0.000000	1.732652	1.475438	0.396736	0.000000	0.000000	0.000000	1.366710	1.347773	0.005856	1.274508
SalEn.3_0267_2-173_NEs	0.427043	1.065812	1.360674	0.000000	1.732652	1.475438	0.396736	0.000000	0.000000	0.000000	1.366710	1.347773	0.005856	1.274508
KlePn.1_05286_1-163_BeL	1.407337	1.255689	0.523618	1.366710	1.251229	0.222887	1.454793	1.366710	1.366710	1.366710	0.000000	0.010369	1.343210	0.517687
KlePn.2_19491_1-162_NEs	1.403792	1.235982	0.532765	1.347773	1.258237	0.225236	1.472323	1.347773	1.347773	1.347773	0.010369	0.000000	1.324688	0.512121
SalEn.52588_2-173_NEs	0.421250	1.048689	1.350446	0.005856	1.742326	1.447424	0.393543	0.005856	0.005856	0.005856	1.343210	1.324688	0.000000	1.295072
EscCo.4_00957_1-166_NEs	1.352087	1.377951	0.633334	1.274508	1.204220	0.482961	1.520138	1.274508	1.274508	1.274508	0.517687	0.512121	1.295072	0.000000