EscCo.1_00082_1-313_NEs	0.000000	0.138620	0.137624	0.137624	0.137624	0.002129	0.158246	0.007477	0.141309	0.018319	0.166232	0.142828	0.002129	0.164797
CitRo.1_00881_1-313_NEs	0.138620	0.000000	0.115238	0.114013	0.114013	0.141125	0.167087	0.142464	0.119043	0.147771	0.171338	0.120309	0.141125	0.165882
SalEn.3_0120_1-313_NEs	0.137624	0.115238	0.000000	0.001066	0.001066	0.140132	0.171345	0.138928	0.004275	0.140407	0.151727	0.004275	0.140132	0.150556
SalEn.4_01261_1-313_NEs	0.137624	0.114013	0.001066	0.000000	0.000000	0.140132	0.171345	0.138928	0.005347	0.140407	0.151727	0.005347	0.140132	0.150556
SalEn.2_MW01261_1-313_Ess	0.137624	0.114013	0.001066	0.000000	0.000000	0.140132	0.171345	0.138928	0.005347	0.140407	0.151727	0.005347	0.140132	0.150556
EscCo.3_0080_1-313_NEs	0.002129	0.141125	0.140132	0.140132	0.140132	0.000000	0.158212	0.007476	0.143823	0.018315	0.166196	0.145350	0.000000	0.164761
EntCo.1_45940_1-313_NEs	0.158246	0.167087	0.171345	0.171345	0.171345	0.158212	0.000000	0.159597	0.173854	0.156987	0.150580	0.176810	0.158212	0.154576
EscCo.2_41340_1-313_Ess	0.007477	0.142464	0.138928	0.138928	0.138928	0.007476	0.159597	0.000000	0.142618	0.021595	0.164960	0.144142	0.007476	0.163527
SalEn.50124_1-313_Ess	0.141309	0.119043	0.004275	0.005347	0.005347	0.143823	0.173854	0.142618	0.000000	0.144106	0.154200	0.006424	0.143823	0.153030
EscCo.4_03903_1-313_NEs	0.018319	0.147771	0.140407	0.140407	0.140407	0.018315	0.156987	0.021595	0.144106	0.000000	0.169450	0.145637	0.018315	0.168004
KlePn.1_02423_1-313_NEs	0.166232	0.171338	0.151727	0.151727	0.151727	0.166196	0.150580	0.164960	0.154200	0.169450	0.000000	0.157066	0.166196	0.004281
SalEn.10121_1-313_NEs	0.142828	0.120309	0.004275	0.005347	0.005347	0.145350	0.176810	0.144142	0.006424	0.145637	0.157066	0.000000	0.145350	0.155892
EscCo.50082_1-313	0.002129	0.141125	0.140132	0.140132	0.140132	0.000000	0.158212	0.007476	0.143823	0.018315	0.166196	0.145350	0.000000	0.164761
KlePn.2_05751_1-313_NEs	0.164797	0.165882	0.150556	0.150556	0.150556	0.164761	0.154576	0.163527	0.153030	0.168004	0.004281	0.155892	0.164761	0.000000