EscCo.2_48590_1-348_NEs	0.000000	0.193458	0.193458	0.014450	0.011523	0.026219	0.195796	0.190989	0.201130	0.215828	0.193458	0.216971	0.026219
SalEn.4_08271_1-348_NEs	0.193458	0.000000	0.000000	0.189974	0.194551	0.191057	0.008668	0.006738	0.171799	0.210346	0.000000	0.211417	0.191057
SalEn.3_0752_1-348_NEs	0.193458	0.000000	0.000000	0.189974	0.194551	0.191057	0.008668	0.006738	0.171799	0.210346	0.000000	0.211417	0.191057
EscCo.4_03236_1-348_NEs	0.014450	0.189974	0.189974	0.000000	0.015394	0.022283	0.192308	0.187512	0.198573	0.214369	0.189974	0.216800	0.022283
EscCo.1_00757_1-348_NEs	0.011523	0.194551	0.194551	0.015394	0.000000	0.020293	0.194447	0.192080	0.199420	0.216910	0.194551	0.220598	0.020293
EscCo.3_0762_1-348_NEs	0.026219	0.191057	0.191057	0.022283	0.020293	0.000000	0.190955	0.188593	0.189876	0.208086	0.191057	0.211746	0.000000
SalEn.52112_1-348_NEs	0.195796	0.008668	0.008668	0.192308	0.194447	0.190955	0.000000	0.009636	0.166902	0.210169	0.008668	0.211240	0.190955
SalEn.10720_1-348_NEs	0.190989	0.006738	0.006738	0.187512	0.192080	0.188593	0.009636	0.000000	0.168157	0.207721	0.006738	0.208792	0.188593
CitRo.1_07541_1-348_NEs	0.201130	0.171799	0.171799	0.198573	0.199420	0.189876	0.166902	0.168157	0.000000	0.203765	0.171799	0.206139	0.189876
KlePn.2_13281_1-348_Ess	0.215828	0.210346	0.210346	0.214369	0.216910	0.208086	0.210169	0.207721	0.203765	0.000000	0.210346	0.004841	0.208086
SalEn.2_MW08271_1-348_NEs	0.193458	0.000000	0.000000	0.189974	0.194551	0.191057	0.008668	0.006738	0.171799	0.210346	0.000000	0.211417	0.191057
KlePn.1_03205_1-348_NEs	0.216971	0.211417	0.211417	0.216800	0.220598	0.211746	0.211240	0.208792	0.206139	0.004841	0.211417	0.000000	0.211746
EscCo.50758_1-348	0.026219	0.191057	0.191057	0.022283	0.020293	0.000000	0.190955	0.188593	0.189876	0.208086	0.191057	0.211746	0.000000