SalEn.2_MW18711_1-439_NEs	0.000000	0.013019	0.000000	0.217233	0.238961	0.240122	0.192272	0.218120	0.013779	0.217297	0.000000	0.220543	0.211153
SalEn.50987_1-439_NEs	0.013019	0.000000	0.013019	0.220246	0.242461	0.241552	0.190412	0.220158	0.014568	0.220311	0.013019	0.223571	0.214146
SalEn.3_1824_1-439_NEs	0.000000	0.013019	0.000000	0.217233	0.238961	0.240122	0.192272	0.218120	0.013779	0.217297	0.000000	0.220543	0.211153
EscCo.1_02045_1-440_NEs	0.217233	0.220246	0.217233	0.000000	0.264862	0.263945	0.204470	0.239989	0.222047	0.006823	0.217233	0.005302	0.012936
KlePn.1_04290_1-439_NEs	0.238961	0.242461	0.238961	0.264862	0.000000	0.006910	0.224183	0.204055	0.246626	0.260661	0.238961	0.266249	0.259384
KlePn.2_29571_1-439_NEs	0.240122	0.241552	0.240122	0.263945	0.006910	0.000000	0.223282	0.202093	0.247802	0.259745	0.240122	0.265330	0.260582
CitRo.1_18971_1-440_NEs	0.192272	0.190412	0.192272	0.204470	0.224183	0.223282	0.000000	0.201739	0.192586	0.202782	0.192272	0.205713	0.206283
EntCo.1_06390_1-418_NEs	0.218120	0.220158	0.218120	0.239989	0.204055	0.202093	0.201739	0.000000	0.220300	0.236461	0.218120	0.239997	0.241215
SalEn.11113_1-439_NEs	0.013779	0.014568	0.013779	0.222047	0.246626	0.247802	0.192586	0.220300	0.000000	0.222079	0.013779	0.225377	0.219889
EscCo.51856_1-440	0.217297	0.220311	0.217297	0.006823	0.260661	0.259745	0.202782	0.236461	0.222079	0.000000	0.217297	0.006063	0.012172
SalEn.4_18711_1-439_NEs	0.000000	0.013019	0.000000	0.217233	0.238961	0.240122	0.192272	0.218120	0.013779	0.217297	0.000000	0.220543	0.211153
EscCo.3_1889_1-440_NEs	0.220543	0.223571	0.220543	0.005302	0.266249	0.265330	0.205713	0.239997	0.225377	0.006063	0.220543	0.000000	0.013716
EscCo.4_02027_1-440_NEs	0.211153	0.214146	0.211153	0.012936	0.259384	0.260582	0.206283	0.241215	0.219889	0.012172	0.211153	0.013716	0.000000