CitRo.1_49621_1-279_NEs	0.000000	0.081861	0.066673	0.138454	0.092342	0.113235	0.177736	0.122607
EscCo.1_00308_1-253_NEs	0.081861	0.000000	0.078371	0.110348	0.076692	0.113595	0.147649	0.078643
EscCo.1_03375_1-280_NEs	0.066673	0.078371	0.000000	0.152954	0.118132	0.122582	0.181006	0.117422
EscCo.3_04857_1-280_NEs	0.138454	0.110348	0.152954	0.000000	0.122931	0.135443	0.145209	0.122244
EscCo.2_4448_1-280_NEs	0.092342	0.076692	0.118132	0.122931	0.000000	0.106804	0.165465	0.082326
EscCo.3_04979_1-280_NEs	0.113235	0.113595	0.122582	0.135443	0.106804	0.000000	0.176632	0.129066
CitRo.1_10891_1-280_NEs	0.177736	0.147649	0.181006	0.145209	0.165465	0.176632	0.000000	0.169754
EscCo.2_3951_1-280_NEs	0.122607	0.078643	0.117422	0.122244	0.082326	0.129066	0.169754	0.000000