EscCo.3_00919_1-962_NEs	0.000000	0.246663	0.247229	0.028211	0.225687	0.282156	0.300219	0.299790	0.247390	0.026420	0.247229	0.247229	0.028211
SalEn.12837_1-962_NEs	0.246663	0.000000	0.009047	0.245801	0.236251	0.293228	0.307182	0.304897	0.006612	0.245769	0.009047	0.009047	0.245801
SalEn.3_2973_1-962_NEs	0.247229	0.009047	0.000000	0.244457	0.233814	0.294656	0.303752	0.302488	0.014324	0.243479	0.000000	0.000000	0.244457
EscCo.42821_1-962	0.028211	0.245801	0.244457	0.000000	0.218834	0.282628	0.302953	0.302551	0.248425	0.011500	0.244457	0.244457	0.000000
CitRo.1_28631_1-962_NEs	0.225687	0.236251	0.233814	0.218834	0.000000	0.275474	0.292731	0.290764	0.237474	0.221237	0.233814	0.233814	0.218834
EntCo.1_30570_1-960_NEs	0.282156	0.293228	0.294656	0.282628	0.275474	0.000000	0.278033	0.276363	0.295028	0.282108	0.294656	0.294656	0.282628
KlePn.1_01438_1-962_NEs	0.300219	0.307182	0.303752	0.302953	0.292731	0.278033	0.000000	0.008165	0.308508	0.303437	0.303752	0.303752	0.302953
KlePn.2_38601_1-950_NEs	0.299790	0.304897	0.302488	0.302551	0.290764	0.276363	0.008165	0.000000	0.306425	0.303040	0.302488	0.302488	0.302551
SalEn.52903_1-962_NEs	0.247390	0.006612	0.014324	0.248425	0.237474	0.295028	0.308508	0.306425	0.000000	0.248393	0.014324	0.014324	0.248425
EscCo.1_03155_1-962_NEs	0.026420	0.245769	0.243479	0.011500	0.221237	0.282108	0.303437	0.303040	0.248393	0.000000	0.243479	0.243479	0.011500
SalEn.4_29561_1-962_NEs	0.247229	0.009047	0.000000	0.244457	0.233814	0.294656	0.303752	0.302488	0.014324	0.243479	0.000000	0.000000	0.244457
SalEn.2_MW29561_1-962_NEs	0.247229	0.009047	0.000000	0.244457	0.233814	0.294656	0.303752	0.302488	0.014324	0.243479	0.000000	0.000000	0.244457
EscCo.2_3008_1-962_NEs	0.028211	0.245801	0.244457	0.000000	0.218834	0.282628	0.302953	0.302551	0.248425	0.011500	0.244457	0.244457	0.000000