SalEn.53808_1-348_Ess	0.000000	0.021381	0.218034	0.227196	0.198401	0.230447	0.225924	0.021381	0.228773	0.227062	0.026392	0.223714	0.022363
SalEn.4_37001_1-348_NEs	0.021381	0.000000	0.215541	0.235050	0.209741	0.238638	0.223028	0.000000	0.225861	0.224162	0.022410	0.220824	0.000959
CitRo.1_41971_1-348_NEs	0.218034	0.215541	0.000000	0.219710	0.189511	0.223961	0.220575	0.215541	0.221484	0.219721	0.214357	0.220010	0.216791
KlePn.2_46051_1-352_Ess	0.227196	0.235050	0.219710	0.000000	0.183979	0.005977	0.254756	0.235050	0.252412	0.252614	0.232928	0.250834	0.236337
EntCo.1_02390_1-348_NEs	0.198401	0.209741	0.189511	0.183979	0.000000	0.182981	0.197504	0.209741	0.199252	0.199096	0.212736	0.197845	0.210987
KlePn.1_00615_1-340_Ess	0.230447	0.238638	0.223961	0.005977	0.182981	0.000000	0.261143	0.238638	0.259053	0.259269	0.239183	0.257036	0.239981
EscCo.43620_1-348	0.225924	0.223028	0.220575	0.254756	0.197504	0.261143	0.000000	0.223028	0.013445	0.016323	0.224811	0.012469	0.221732
SalEn.2_MW37001_1-349_Ess	0.021381	0.000000	0.215541	0.235050	0.209741	0.238638	0.223028	0.000000	0.225861	0.224162	0.022410	0.220824	0.000959
EscCo.1_04068_1-349_Ess	0.228773	0.225861	0.221484	0.252412	0.199252	0.259053	0.013445	0.225861	0.000000	0.015344	0.227658	0.000952	0.224559
EscCo.3_00064_1-349_NEs	0.227062	0.224162	0.219721	0.252614	0.199096	0.259269	0.016323	0.224162	0.015344	0.000000	0.223402	0.014411	0.222865
SalEn.13533_1-348_NEs	0.026392	0.022410	0.214357	0.232928	0.212736	0.239183	0.224811	0.022410	0.227658	0.223402	0.000000	0.222601	0.023395
EscCo.2_3863_1-348_NEs	0.223714	0.220824	0.220010	0.250834	0.197845	0.257036	0.012469	0.220824	0.000952	0.014411	0.222601	0.000000	0.219530
SalEn.3_3677_1-348_NEs	0.022363	0.000959	0.216791	0.236337	0.210987	0.239981	0.221732	0.000959	0.224559	0.222865	0.023395	0.219530	0.000000