EscCo.2_960_1-145_NEs	0.000000	0.944237	0.016235	0.013925	0.016350	0.013903	1.044016	0.334549	0.023496
SalEn.2_MW10511_1-118_NEs	0.944237	0.000000	0.932801	0.934244	0.928151	0.934244	0.597740	1.033923	0.925118
EscCo.1_01312_1-145_NEs	0.016235	0.932801	0.000000	0.009255	0.000000	0.006922	1.044016	0.321734	0.016375
EscCo.1_00821_1-145_NEs	0.013925	0.934244	0.009255	0.000000	0.009321	0.002306	1.044016	0.335412	0.011689
EscCo.3_1236_1-144_NEs	0.016350	0.928151	0.000000	0.009321	0.000000	0.006971	1.039765	0.316302	0.016375
EscCo.4_02734_1-145_NEs	0.013903	0.934244	0.006922	0.002306	0.006971	0.000000	1.044016	0.330333	0.009324
EscCo.2_49070_1-110_NEs	1.044016	0.597740	1.044016	1.044016	1.039765	1.044016	0.000000	1.194573	1.047238
EscCo.2_51970_1-130_NEs	0.334549	1.033923	0.321734	0.335412	0.316302	0.330333	1.194573	0.000000	0.324916
EscCo.3_4717_1-144_NEs	0.023496	0.925118	0.016375	0.011689	0.016375	0.009324	1.047238	0.324916	0.000000