EscCo.3_0443_1-225_NEs	0.000000	0.358532	0.358532	0.013447	0.041362	0.587577	0.374242	0.461723	0.361427	0.589485	0.000000	0.358532	0.041327
SalEn.2_MW04601_1-225_NEs	0.358532	0.000000	0.000000	0.355080	0.345510	0.523814	0.319013	0.433349	0.004465	0.526672	0.358532	0.000000	0.348358
SalEn.3_0385_1-225_NEs	0.358532	0.000000	0.000000	0.355080	0.345510	0.523814	0.319013	0.433349	0.004465	0.526672	0.358532	0.000000	0.348358
EscCo.1_00422_1-225_NEs	0.013447	0.355080	0.355080	0.000000	0.039718	0.593962	0.375329	0.468637	0.357953	0.595772	0.013447	0.355080	0.036571
EscCo.4_03588_1-225_NEs	0.041362	0.345510	0.345510	0.039718	0.000000	0.597043	0.368214	0.471953	0.348324	0.598815	0.041362	0.345510	0.019490
KlePn.1_02684_1-221_NEs	0.587577	0.523814	0.523814	0.593962	0.597043	0.000000	0.517289	0.538629	0.521757	0.001508	0.587577	0.523814	0.598201
CitRo.1_04351_1-225_NEs	0.374242	0.319013	0.319013	0.375329	0.368214	0.517289	0.000000	0.431855	0.318650	0.514442	0.374242	0.319013	0.371277
EntCo.1_23710_1-225_NEs	0.461723	0.433349	0.433349	0.468637	0.471953	0.538629	0.431855	0.000000	0.430249	0.544086	0.461723	0.433349	0.470147
SalEn.10373_1-225_NEs	0.361427	0.004465	0.004465	0.357953	0.348324	0.521757	0.318650	0.430249	0.000000	0.524649	0.361427	0.004465	0.351187
KlePn.2_08221_1-226_NEs	0.589485	0.526672	0.526672	0.595772	0.598815	0.001508	0.514442	0.544086	0.524649	0.000000	0.589485	0.526672	0.599958
EscCo.50390_1-225	0.000000	0.358532	0.358532	0.013447	0.041362	0.587577	0.374242	0.461723	0.361427	0.589485	0.000000	0.358532	0.041327
SalEn.4_04601_1-225_NEs	0.358532	0.000000	0.000000	0.355080	0.345510	0.523814	0.319013	0.433349	0.004465	0.526672	0.358532	0.000000	0.348358
EscCo.2_44940_1-225_NEs	0.041327	0.348358	0.348358	0.036571	0.019490	0.598201	0.371277	0.470147	0.351187	0.599958	0.041327	0.348358	0.000000