SalEn.10539_17-283_NEs	0.000000	0.018953	0.019027	0.487562	1.641887	1.770142	0.480390	1.817530	0.478251	0.018953	0.018953	0.478251	0.480552	1.599725	1.760755
SalEn.3_0551_17-283_NEs	0.018953	0.000000	0.019039	0.484554	1.645612	1.818069	0.474125	1.862940	0.476568	0.000000	0.000000	0.476568	0.474284	1.603388	1.808331
SalEn.52299_17-282_NEs	0.019027	0.019039	0.000000	0.473484	1.704741	1.772745	0.467742	1.862946	0.465620	0.019039	0.019039	0.465620	0.467898	1.674309	1.763458
EscCo.4_03661_13-284_BeL	0.487562	0.484554	0.473484	0.000000	2.107922	1.584424	0.023296	1.862592	0.023384	0.484554	0.484554	0.023384	0.019585	2.120129	1.569115
KlePn.1_05010_29-315_NEs	1.641887	1.645612	1.704741	2.107922	0.000000	1.981571	2.046833	1.825425	2.042789	1.645612	1.645612	2.042789	2.038973	0.015646	1.948879
KlePn.1_00548_7-302_NEs	1.770142	1.818069	1.772745	1.584424	1.981571	0.000000	1.611742	1.516651	1.613846	1.818069	1.818069	1.613846	1.619217	1.962535	0.006984
EscCo.1_00348_13-284_NEs	0.480390	0.474125	0.467742	0.023296	2.046833	1.611742	0.000000	1.956854	0.010928	0.474125	0.474125	0.010928	0.013328	2.058267	1.583456
KlePn.2_25891_27-304_NEs	1.817530	1.862940	1.862946	1.862592	1.825425	1.516651	1.956854	0.000000	1.950134	1.862940	1.862940	1.950134	1.953529	1.800387	1.514395
EscCo.3_0362_13-283_NEs	0.478251	0.476568	0.465620	0.023384	2.042789	1.613846	0.010928	1.950134	0.000000	0.476568	0.476568	0.000000	0.012155	2.054230	1.585506
SalEn.4_06281_17-283_NEs	0.018953	0.000000	0.019039	0.484554	1.645612	1.818069	0.474125	1.862940	0.476568	0.000000	0.000000	0.476568	0.474284	1.603388	1.808331
SalEn.2_MW06281_17-283_NEs	0.018953	0.000000	0.019039	0.484554	1.645612	1.818069	0.474125	1.862940	0.476568	0.000000	0.000000	0.476568	0.474284	1.603388	1.808331
EscCo.50305_13-283	0.478251	0.476568	0.465620	0.023384	2.042789	1.613846	0.010928	1.950134	0.000000	0.476568	0.476568	0.000000	0.012155	2.054230	1.585506
EscCo.2_43940_13-284_BeL	0.480552	0.474284	0.467898	0.019585	2.038973	1.619217	0.013328	1.953529	0.012155	0.474284	0.474284	0.012155	0.000000	2.050228	1.590601
KlePn.2_22381_29-314_NEs	1.599725	1.603388	1.674309	2.120129	0.015646	1.962535	2.058267	1.800387	2.054230	1.603388	1.603388	2.054230	2.050228	0.000000	1.930605
KlePn.2_46731_7-301_NEs	1.760755	1.808331	1.763458	1.569115	1.948879	0.006984	1.583456	1.514395	1.585506	1.808331	1.808331	1.585506	1.590601	1.930605	0.000000