SalEn.2_MW18481_1-137_NEs	0.000000	0.000000	0.000000	0.027373	0.009826	0.695608	0.737987	0.621314	0.688322
SalEn.3_1787_1-137_NEs	0.000000	0.000000	0.000000	0.027373	0.009826	0.695608	0.737987	0.621314	0.688322
SalEn.4_18481_1-137_NEs	0.000000	0.000000	0.000000	0.027373	0.009826	0.695608	0.737987	0.621314	0.688322
SalEn.51020_1-137_NEs	0.027373	0.027373	0.027373	0.000000	0.027336	0.675653	0.717711	0.599944	0.674201
SalEn.11179_1-137_NEs	0.009826	0.009826	0.009826	0.027336	0.000000	0.687640	0.747956	0.619423	0.686254
KlePn.2_46801_1-138_NEs	0.695608	0.695608	0.695608	0.675653	0.687640	0.000000	0.488260	0.541762	0.012135
CitRo.1_41201_1-138_NEs	0.737987	0.737987	0.737987	0.717711	0.747956	0.488260	0.000000	0.672401	0.492722
EntCo.1_03360_1-139_BeL	0.621314	0.621314	0.621314	0.599944	0.619423	0.541762	0.672401	0.000000	0.549809
KlePn.1_00541_1-138_BeL	0.688322	0.688322	0.688322	0.674201	0.686254	0.012135	0.492722	0.549809	0.000000