SalEn.11542_1-67	0.000000	0.009985	0.286299	0.286299	0.009985	0.287482	0.309433	0.025178	0.009985	0.690414	0.674335	0.208517	0.286299
SalEn.3_1439_1-67	0.009985	0.000000	0.279162	0.279162	0.000000	0.280310	0.309677	0.015032	0.000000	0.678690	0.662829	0.195381	0.279162
EscCo.41541_1-67_BeL	0.286299	0.279162	0.000000	0.000000	0.279162	0.005001	0.391805	0.272129	0.279162	0.657028	0.642082	0.255675	0.000000
EscCo.2_1611_1-67	0.286299	0.279162	0.000000	0.000000	0.279162	0.005001	0.391805	0.272129	0.279162	0.657028	0.642082	0.255675	0.000000
SalEn.2_MW15091_1-67	0.009985	0.000000	0.279162	0.279162	0.000000	0.280310	0.309677	0.015032	0.000000	0.678690	0.662829	0.195381	0.279162
EscCo.1_01713_1-67	0.287482	0.280310	0.005001	0.005001	0.280310	0.000000	0.393634	0.280524	0.280310	0.661150	0.646039	0.256697	0.005001
EntCo.1_12000_1-67	0.309433	0.309677	0.391805	0.391805	0.309677	0.393634	0.000000	0.302356	0.309677	0.539834	0.526831	0.284303	0.391805
SalEn.51430_1-67	0.025178	0.015032	0.272129	0.272129	0.015032	0.280524	0.302356	0.000000	0.015032	0.703051	0.686722	0.195392	0.272129
SalEn.4_15091_1-67	0.009985	0.000000	0.279162	0.279162	0.000000	0.280310	0.309677	0.015032	0.000000	0.678690	0.662829	0.195381	0.279162
KlePn.1_05176_1-67	0.690414	0.678690	0.657028	0.657028	0.678690	0.661150	0.539834	0.703051	0.678690	0.000000	0.010060	0.661674	0.657028
KlePn.2_20651_1-67	0.674335	0.662829	0.642082	0.642082	0.662829	0.646039	0.526831	0.686722	0.662829	0.010060	0.000000	0.645988	0.642082
CitRo.1_14861_1-77_NEs	0.208517	0.195381	0.255675	0.255675	0.195381	0.256697	0.284303	0.195392	0.195381	0.661674	0.645988	0.000000	0.255675
EscCo.3_02307_1-67	0.286299	0.279162	0.000000	0.000000	0.279162	0.005001	0.391805	0.272129	0.279162	0.657028	0.642082	0.255675	0.000000