KlePn.2_38171_1-93_NEs	0.000000	0.214021	0.003613	0.208687	0.208687	0.193852	0.213420	0.213488
SalEn.50852_1-93_NEs	0.214021	0.000000	0.219321	0.010837	0.010837	0.208324	0.014480	0.014484
KlePn.1_01483_1-93_NEs	0.003613	0.219321	0.000000	0.213930	0.213930	0.194398	0.218702	0.218771
SalEn.2_MW20531_1-93_NEs	0.208687	0.010837	0.213930	0.000000	0.000000	0.202999	0.003589	0.003590
SalEn.3_1998_1-93_NEs	0.208687	0.010837	0.213930	0.000000	0.000000	0.202999	0.003589	0.003590
CitRo.1_21071_1-93_NEs	0.193852	0.208324	0.194398	0.202999	0.202999	0.000000	0.207680	0.207745
SalEn.12020_1-93_NEs	0.213420	0.014480	0.218702	0.003589	0.003589	0.207680	0.000000	0.007195
SalEn.4_20531_1-93_NEs	0.213488	0.014484	0.218771	0.003590	0.003590	0.207745	0.007195	0.000000