SalEn.12590_1-355_NEs	0.000000	0.210850	0.212073	0.204743	0.008508	0.007554	0.010399	0.254860	0.008508	0.208975	0.253554	0.251365	0.205317
EscCo.2_2807_1-373_NEs	0.210850	0.000000	0.000891	0.014384	0.210018	0.208636	0.195829	0.240724	0.210018	0.022632	0.239511	0.225151	0.197415
EscCo.42600_1-373	0.212073	0.000891	0.000000	0.015290	0.211242	0.209857	0.196974	0.241935	0.211242	0.023549	0.240720	0.226343	0.198565
EscCo.1_02941_1-373_NEs	0.204743	0.014384	0.015290	0.000000	0.206344	0.204969	0.190112	0.240717	0.206344	0.015324	0.239504	0.223049	0.201151
SalEn.4_26831_1-355_NEs	0.008508	0.210018	0.211242	0.206344	0.000000	0.000941	0.011355	0.253704	0.000000	0.210594	0.252398	0.255353	0.204196
SalEn.3_2627_1-355_NEs	0.007554	0.208636	0.209857	0.204969	0.000941	0.000000	0.010397	0.252198	0.000941	0.209207	0.250896	0.253834	0.202808
SalEn.52624_1-373_NEs	0.010399	0.195829	0.196974	0.190112	0.011355	0.010397	0.000000	0.237761	0.011355	0.195217	0.236542	0.237981	0.198492
KlePn.1_01721_1-373_NEs	0.254860	0.240724	0.241935	0.240717	0.253704	0.252198	0.237761	0.000000	0.253704	0.245481	0.003594	0.218792	0.216567
SalEn.2_MW26831_1-355_NEs	0.008508	0.210018	0.211242	0.206344	0.000000	0.000941	0.011355	0.253704	0.000000	0.210594	0.252398	0.255353	0.204196
EscCo.3_01141_1-373_NEs	0.208975	0.022632	0.023549	0.015324	0.210594	0.209207	0.195217	0.245481	0.210594	0.000000	0.244263	0.216748	0.206100
KlePn.2_35761_1-373_NEs	0.253554	0.239511	0.240720	0.239504	0.252398	0.250896	0.236542	0.003594	0.252398	0.244263	0.000000	0.217594	0.215372
EntCo.1_27970_1-373_NEs	0.251365	0.225151	0.226343	0.223049	0.255353	0.253834	0.237981	0.218792	0.255353	0.216748	0.217594	0.000000	0.230526
CitRo.1_25511_1-373_NEs	0.205317	0.197415	0.198565	0.201151	0.204196	0.202808	0.198492	0.216567	0.204196	0.206100	0.215372	0.230526	0.000000