EscCo.52377_1-80	0.000000	0.008356	0.456418	0.456418	0.456418	0.000000	0.463426	0.025399	0.456418
EscCo.1_02666_1-81_NEs	0.008356	0.000000	0.447300	0.439325	0.447300	0.008356	0.454245	0.016603	0.447300
SalEn.12386_1-80_NEs	0.456418	0.447300	0.000000	0.000000	0.000000	0.456418	0.004190	0.473012	0.000000
SalEn.2_MW24231_1-81_BeL	0.456418	0.439325	0.000000	0.000000	0.000000	0.456418	0.004190	0.464433	0.000000
SalEn.4_24231_1-80_BeL	0.456418	0.447300	0.000000	0.000000	0.000000	0.456418	0.004190	0.473012	0.000000
EscCo.3_2496_1-80_NEs	0.000000	0.008356	0.456418	0.456418	0.456418	0.000000	0.463426	0.025399	0.456418
SalEn.50458_1-80_BeL	0.463426	0.454245	0.004190	0.004190	0.004190	0.463426	0.000000	0.480112	0.004190
EscCo.4_01339_1-81_NEs	0.025399	0.016603	0.473012	0.464433	0.473012	0.025399	0.480112	0.000000	0.473012
SalEn.3_2368_1-80_NEs	0.456418	0.447300	0.000000	0.000000	0.000000	0.456418	0.004190	0.473012	0.000000