KlePn.1_03851_1-309_NEs	0.000000	0.321734	0.305162	0.324599	0.323157	0.318155	0.324599	0.010877	0.324585	0.321734	0.301141	0.322290	0.321734
SalEn.2_MW24151_1-309_NEs	0.321734	0.000000	0.238791	0.261927	0.013048	0.015260	0.261927	0.321163	0.256860	0.002160	0.314461	0.256849	0.002160
CitRo.1_27501_1-380_NEs	0.305162	0.238791	0.000000	0.251957	0.236099	0.236089	0.251957	0.301369	0.248445	0.238791	0.268559	0.243947	0.238791
EscCo.3_2482_1-306_NEs	0.324599	0.261927	0.251957	0.000000	0.262236	0.256098	0.000000	0.317376	0.021005	0.258877	0.289305	0.012086	0.258877
SalEn.12375_1-309_NEs	0.323157	0.013048	0.236099	0.262236	0.000000	0.013076	0.262236	0.322583	0.260207	0.010860	0.314859	0.260196	0.010860
SalEn.50471_1-309_NEs	0.318155	0.015260	0.236089	0.256098	0.013076	0.000000	0.256098	0.317593	0.254093	0.013065	0.315446	0.254083	0.013065
EscCo.52347_1-306	0.324599	0.261927	0.251957	0.000000	0.262236	0.256098	0.000000	0.317376	0.021005	0.258877	0.289305	0.012086	0.258877
KlePn.2_33381_1-309_NEs	0.010877	0.321163	0.301369	0.317376	0.322583	0.317593	0.317376	0.000000	0.315735	0.321163	0.298949	0.315100	0.321163
EscCo.4_01366_1-306_NEs	0.324585	0.256860	0.248445	0.021005	0.260207	0.254093	0.021005	0.315735	0.000000	0.253831	0.285515	0.017606	0.253831
SalEn.3_2362_1-309_NEs	0.321734	0.002160	0.238791	0.258877	0.010860	0.013065	0.258877	0.321163	0.253831	0.000000	0.314461	0.253820	0.000000
EntCo.1_38690_1-309_NEs	0.301141	0.314461	0.268559	0.289305	0.314859	0.315446	0.289305	0.298949	0.285515	0.314461	0.000000	0.288748	0.314461
EscCo.1_02648_1-306_NEs	0.322290	0.256849	0.243947	0.012086	0.260196	0.254083	0.012086	0.315100	0.017606	0.253820	0.288748	0.000000	0.253820
SalEn.4_24151_1-309_NEs	0.321734	0.002160	0.238791	0.258877	0.010860	0.013065	0.258877	0.321163	0.253831	0.000000	0.314461	0.253820	0.000000