EscCo.42184_1-586_BeL	0.000000	0.031813	0.192636	0.246620	0.192636	0.235230	0.203409	0.192636	0.243796	0.194199	0.192636	0.000565	0.013100
EscCo.3_01525_1-586_NEs	0.031813	0.000000	0.190278	0.246575	0.190278	0.239700	0.202836	0.190278	0.242192	0.193283	0.190278	0.032403	0.030632
SalEn.50631_1-586_NEs	0.192636	0.190278	0.000000	0.231558	0.000000	0.218730	0.184809	0.000000	0.231051	0.008014	0.000000	0.191926	0.194083
KlePn.1_03963_1-586_NEs	0.246620	0.246575	0.231558	0.000000	0.231558	0.201649	0.220593	0.231558	0.005195	0.229149	0.231558	0.246620	0.246813
SalEn.4_22541_1-586_NEs	0.192636	0.190278	0.000000	0.231558	0.000000	0.218730	0.184809	0.000000	0.231051	0.008014	0.000000	0.191926	0.194083
EntCo.1_39840_1-586_NEs	0.235230	0.239700	0.218730	0.201649	0.218730	0.000000	0.189813	0.218730	0.202106	0.222071	0.218730	0.234484	0.232207
CitRo.1_23151_1-586_NEs	0.203409	0.202836	0.184809	0.220593	0.184809	0.189813	0.000000	0.184809	0.220080	0.183203	0.184809	0.202690	0.202715
SalEn.3_2200_1-586_NEs	0.192636	0.190278	0.000000	0.231558	0.000000	0.218730	0.184809	0.000000	0.231051	0.008014	0.000000	0.191926	0.194083
KlePn.2_32231_1-585_NEs	0.243796	0.242192	0.231051	0.005195	0.231051	0.202106	0.220080	0.231051	0.000000	0.227098	0.231051	0.243796	0.243987
SalEn.12216_1-586_NEs	0.194199	0.193283	0.008014	0.229149	0.008014	0.222071	0.183203	0.008014	0.227098	0.000000	0.008014	0.193488	0.194936
SalEn.2_MW22541_1-586_NEs	0.192636	0.190278	0.000000	0.231558	0.000000	0.218730	0.184809	0.000000	0.231051	0.008014	0.000000	0.191926	0.194083
EscCo.2_2321_1-586_NEs	0.000565	0.032403	0.191926	0.246620	0.191926	0.234484	0.202690	0.191926	0.243796	0.193488	0.191926	0.000000	0.013674
EscCo.1_02435_1-586_NEs	0.013100	0.030632	0.194083	0.246813	0.194083	0.232207	0.202715	0.194083	0.243987	0.194936	0.194083	0.013674	0.000000