SalEn.14158_1-104_NEs	0.000000	0.125938	0.042911	0.000000	0.000000	0.003212	0.039545	0.052868	0.053564	0.036189	0.125938	0.000000	0.042911
KlePn.2_02061_1-104_NEs	0.125938	0.000000	0.107612	0.125938	0.125938	0.129666	0.111315	0.133696	0.104021	0.115034	0.000000	0.125938	0.107612
EscCo.1_04680_1-104_NEs	0.042911	0.107612	0.000000	0.042911	0.042911	0.046289	0.009662	0.080949	0.074925	0.006431	0.107612	0.042911	0.000000
SalEn.3_4325_1-104_NEs	0.000000	0.125938	0.042911	0.000000	0.000000	0.003212	0.039545	0.052868	0.053564	0.036189	0.125938	0.000000	0.042911
SalEn.4_43361_1-104_Ess	0.000000	0.125938	0.042911	0.000000	0.000000	0.003212	0.039545	0.052868	0.053564	0.036189	0.125938	0.000000	0.042911
SalEn.54443_1-104_Ess	0.003212	0.129666	0.046289	0.003212	0.003212	0.000000	0.042911	0.056266	0.057008	0.039545	0.129666	0.003212	0.046289
EscCo.4_04252_1-104_Ess	0.039545	0.111315	0.009662	0.039545	0.039545	0.042911	0.000000	0.070450	0.071397	0.009665	0.111315	0.039545	0.009662
CitRo.1_32552_1-104_Ess	0.052868	0.133696	0.080949	0.052868	0.052868	0.056266	0.070450	0.000000	0.081344	0.073952	0.133696	0.052868	0.080949
EntCo.1_43010_1-104_Ess	0.053564	0.104021	0.074925	0.053564	0.053564	0.057008	0.071397	0.081344	0.000000	0.074948	0.104021	0.053564	0.074925
EscCo.54201_1-104	0.036189	0.115034	0.006431	0.036189	0.036189	0.039545	0.009665	0.073952	0.074948	0.000000	0.115034	0.036189	0.006431
KlePn.1_02073_1-104_Ess	0.125938	0.000000	0.107612	0.125938	0.125938	0.129666	0.111315	0.133696	0.104021	0.115034	0.000000	0.125938	0.107612
SalEn.2_MW43361_1-104_Ess	0.000000	0.125938	0.042911	0.000000	0.000000	0.003212	0.039545	0.052868	0.053564	0.036189	0.125938	0.000000	0.042911
EscCo.3_4547_1-104_NEs	0.042911	0.107612	0.000000	0.042911	0.042911	0.046289	0.009662	0.080949	0.074925	0.006431	0.107612	0.042911	0.000000