SalEn.4_38631_1-498_NEs	0.000000	0.000000	0.254842	0.254842	0.014901	0.000000	0.296526	0.014889	0.249669	0.253906	0.305244	0.212315	0.304241
SalEn.3_3846_1-498_NEs	0.000000	0.000000	0.254842	0.254842	0.014901	0.000000	0.296526	0.014889	0.249669	0.253906	0.305244	0.212315	0.304241
EscCo.1_04202_1-498_NEs	0.254842	0.254842	0.000000	0.000000	0.256537	0.254842	0.313504	0.255622	0.017574	0.001334	0.351673	0.265683	0.351686
EscCo.43746_1-498	0.254842	0.254842	0.000000	0.000000	0.256537	0.254842	0.313504	0.255622	0.017574	0.001334	0.351673	0.265683	0.351686
SalEn.53640_1-498_NEs	0.014901	0.014901	0.256537	0.256537	0.000000	0.014901	0.300013	0.009436	0.253205	0.255600	0.308446	0.211303	0.307435
SalEn.2_MW38631_1-498_NEs	0.000000	0.000000	0.254842	0.254842	0.014901	0.000000	0.296526	0.014889	0.249669	0.253906	0.305244	0.212315	0.304241
EntCo.1_04320_1-498_NEs	0.296526	0.296526	0.313504	0.313504	0.300013	0.296526	0.000000	0.300726	0.313143	0.312521	0.276225	0.271337	0.276234
SalEn.13693_1-498_NEs	0.014889	0.014889	0.255622	0.255622	0.009436	0.014889	0.300726	0.000000	0.252295	0.254686	0.305757	0.215970	0.304752
EscCo.3_04770_1-498_NEs	0.249669	0.249669	0.017574	0.017574	0.253205	0.249669	0.313143	0.252295	0.000000	0.018940	0.350043	0.261332	0.348988
EscCo.2_4037_1-498_NEs	0.253906	0.253906	0.001334	0.001334	0.255600	0.253906	0.312521	0.254686	0.018940	0.000000	0.351683	0.265692	0.351697
KlePn.2_47881_1-499_NEs	0.305244	0.305244	0.351673	0.351673	0.308446	0.305244	0.276225	0.305757	0.350043	0.351683	0.000000	0.291672	0.003361
CitRo.1_39941_1-498_NEs	0.212315	0.212315	0.265683	0.265683	0.211303	0.212315	0.271337	0.215970	0.261332	0.265692	0.291672	0.000000	0.293627
KlePn.1_00432_1-499_NEs	0.304241	0.304241	0.351686	0.351686	0.307435	0.304241	0.276234	0.304752	0.348988	0.351697	0.003361	0.293627	0.000000