SalEn.11257_1-92_NEs	0.000000	0.198600	0.198859	0.198600	0.198600	0.224197	0.014686	0.014686	0.198600	0.223992	0.282069	0.185732	0.014686
EscCo.3_1309_1-92_NEs	0.198600	0.000000	0.007317	0.000000	0.000000	0.240442	0.193474	0.193474	0.000000	0.240225	0.311276	0.190712	0.193474
EscCo.4_02637_1-92_NEs	0.198859	0.007317	0.000000	0.007317	0.007317	0.245601	0.198288	0.198288	0.007317	0.245378	0.306028	0.196552	0.198288
EscCo.51205_1-92	0.198600	0.000000	0.007317	0.000000	0.000000	0.240442	0.193474	0.193474	0.000000	0.240225	0.311276	0.190712	0.193474
EscCo.1_01383_1-92_NEs	0.198600	0.000000	0.007317	0.000000	0.000000	0.240442	0.193474	0.193474	0.000000	0.240225	0.311276	0.190712	0.193474
KlePn.1_04427_1-92_NEs	0.224197	0.240442	0.245601	0.240442	0.240442	0.000000	0.213699	0.213699	0.240442	0.007331	0.300824	0.200088	0.213699
SalEn.4_17741_1-92_NEs	0.014686	0.193474	0.198288	0.193474	0.193474	0.213699	0.000000	0.000000	0.193474	0.213507	0.286182	0.200037	0.000000
SalEn.3_1710_1-92_NEs	0.014686	0.193474	0.198288	0.193474	0.193474	0.213699	0.000000	0.000000	0.193474	0.213507	0.286182	0.200037	0.000000
EscCo.2_1640_1-92_Ess	0.198600	0.000000	0.007317	0.000000	0.000000	0.240442	0.193474	0.193474	0.000000	0.240225	0.311276	0.190712	0.193474
KlePn.2_28351_1-91_NEs	0.223992	0.240225	0.245378	0.240225	0.240225	0.007331	0.213507	0.213507	0.240225	0.000000	0.289897	0.190480	0.213507
EntCo.1_07520_1-91_NEs	0.282069	0.311276	0.306028	0.311276	0.311276	0.300824	0.286182	0.286182	0.311276	0.289897	0.000000	0.285439	0.286182
CitRo.1_18081_1-92_NEs	0.185732	0.190712	0.196552	0.190712	0.190712	0.200088	0.200037	0.200037	0.190712	0.190480	0.285439	0.000000	0.200037
SalEn.2_MW17741_1-92_Ess	0.014686	0.193474	0.198288	0.193474	0.193474	0.213699	0.000000	0.000000	0.193474	0.213507	0.286182	0.200037	0.000000