SalEn.52434_2-336_NEs	0.000000	0.290388	0.293389	0.012856	0.011770	0.008548	0.011770
KlePn.2_47051_3-336_NEs	0.290388	0.000000	0.029744	0.278235	0.276468	0.281204	0.276468
KlePn.1_00516_3-336_NEs	0.293389	0.029744	0.000000	0.279896	0.278124	0.282871	0.278124
SalEn.3_0423_1-313_NEs	0.012856	0.278235	0.279896	0.000000	0.001064	0.006403	0.001064
SalEn.4_04991_1-313_NEs	0.011770	0.276468	0.278124	0.001064	0.000000	0.005329	0.000000
SalEn.10411_1-313_NEs	0.008548	0.281204	0.282871	0.006403	0.005329	0.000000	0.005329
SalEn.2_MW04991_1-313_NEs	0.011770	0.276468	0.278124	0.001064	0.000000	0.005329	0.000000