SalEn.3_0952_1-327_NEs	0.000000	0.015427	1.053661	0.002043	1.091371	1.529155	1.874920	1.875213
SalEn.4_10251_1-307_NEs	0.015427	0.000000	1.085765	0.017665	1.142946	1.569005	1.838550	1.839254
KlePn.1_05426_1-287_NEs	1.053661	1.085765	0.000000	1.053661	0.168321	0.794035	0.866094	0.866094
SalEn.51918_1-327_NEs	0.002043	0.017665	1.053661	0.000000	1.088561	1.537608	1.888937	1.889066
SalEn.4_26441_1-294_NEs	1.091371	1.142946	0.168321	1.088561	0.000000	0.787864	0.917731	0.917731
SalEn.3_2591_1-253_NEs	1.529155	1.569005	0.794035	1.537608	0.787864	0.000000	0.874803	0.874803
SalEn.4_03571_1-277_NEs	1.874920	1.838550	0.866094	1.888937	0.917731	0.874803	0.000000	0.000000
SalEn.2_MW03571_1-281_NEs	1.875213	1.839254	0.866094	1.889066	0.917731	0.874803	0.000000	0.000000