SalEn.51818_1-429_NEs	0.000000	0.263665	0.008602	0.012534	0.008602	0.008602	0.275434
EntCo.1_44720_1-425_NEs	0.263665	0.000000	0.263725	0.269051	0.263725	0.263725	0.262464
SalEn.4_11111_1-429_NEs	0.008602	0.263725	0.000000	0.010167	0.000000	0.000000	0.277806
SalEn.10965_1-429_NEs	0.012534	0.269051	0.010167	0.000000	0.010167	0.010167	0.278612
SalEn.2_MW11111_1-430_NEs	0.008602	0.263725	0.000000	0.010167	0.000000	0.000000	0.276951
SalEn.3_1040_1-429_NEs	0.008602	0.263725	0.000000	0.010167	0.000000	0.000000	0.277806
EscCo.1_04820_1-430_NEs	0.275434	0.262464	0.277806	0.278612	0.276951	0.277806	0.000000