CitRo.1_43381_1-85_NEs	0.000000	0.987311	0.224359	1.201174	0.202190	1.084285	1.318666	1.177666
CitRo.1_43371_1-83_NEs	0.987311	0.000000	1.218057	1.994196	1.162139	0.290911	1.144926	0.151683
EntCo.1_26730_1-85_NEs	0.224359	1.218057	0.000000	1.132503	0.298091	1.121144	1.479769	1.402517
EscCo.2_52870_1-91_BeL	1.201174	1.994196	1.132503	0.000000	1.109152	1.862695	2.862032	1.573766
EscCo.3_3172_1-85_NEs	0.202190	1.162139	0.298091	1.109152	0.000000	1.146904	1.531000	1.104142
EntCo.1_26740_1-86_NEs	1.084285	0.290911	1.121144	1.862695	1.146904	0.000000	1.331889	0.290906
CitRo.1_35131_1-83_NEs	1.318666	1.144926	1.479769	2.862032	1.531000	1.331889	0.000000	1.613559
EscCo.3_3173_1-83_NEs	1.177666	0.151683	1.402517	1.573766	1.104142	0.290906	1.613559	0.000000