EscCo.2_41530_1-247_NEs	0.000000	0.016349	0.246266	0.342393	0.004054	0.228807	0.349994	0.228807	0.228807	0.236290	0.002701	0.002701	0.227025	0.347820
EscCo.4_03884_1-247_NEs	0.016349	0.000000	0.242271	0.338624	0.014960	0.224457	0.348666	0.224457	0.224457	0.231879	0.013591	0.013591	0.222688	0.346503
CitRo.1_01071_1-247_NEs	0.246266	0.242271	0.000000	0.291719	0.244152	0.245944	0.310906	0.245944	0.245944	0.249358	0.244152	0.244152	0.247832	0.310906
EntCo.1_46130_1-247_NEs	0.342393	0.338624	0.291719	0.000000	0.342802	0.328781	0.290984	0.328781	0.328781	0.330446	0.342802	0.342802	0.330886	0.292941
EscCo.3_0099_1-247_NEs	0.004054	0.014960	0.244152	0.342802	0.000000	0.228550	0.349541	0.228550	0.228550	0.234229	0.001348	0.001348	0.226770	0.347371
SalEn.50145_1-247_NEs	0.228807	0.224457	0.245944	0.328781	0.228550	0.000000	0.298771	0.000000	0.000000	0.009499	0.226770	0.226770	0.001350	0.298771
KlePn.1_02442_1-247_NEs	0.349994	0.348666	0.310906	0.290984	0.349541	0.298771	0.000000	0.298771	0.298771	0.299104	0.347461	0.347461	0.300815	0.001356
SalEn.2_MW01451_1-247_NEs	0.228807	0.224457	0.245944	0.328781	0.228550	0.000000	0.298771	0.000000	0.000000	0.009499	0.226770	0.226770	0.001350	0.298771
SalEn.4_01451_1-247_NEs	0.228807	0.224457	0.245944	0.328781	0.228550	0.000000	0.298771	0.000000	0.000000	0.009499	0.226770	0.226770	0.001350	0.298771
SalEn.10143_1-247_NEs	0.236290	0.231879	0.249358	0.330446	0.234229	0.009499	0.299104	0.009499	0.009499	0.000000	0.234229	0.234229	0.010865	0.299104
EscCo.50102_1-247	0.002701	0.013591	0.244152	0.342802	0.001348	0.226770	0.347461	0.226770	0.226770	0.234229	0.000000	0.000000	0.224994	0.345295
EscCo.1_00101_1-247_NEs	0.002701	0.013591	0.244152	0.342802	0.001348	0.226770	0.347461	0.226770	0.226770	0.234229	0.000000	0.000000	0.224994	0.345295
SalEn.3_0139_1-247_NEs	0.227025	0.222688	0.247832	0.330886	0.226770	0.001350	0.300815	0.001350	0.001350	0.010865	0.224994	0.224994	0.000000	0.300815
KlePn.2_05941_1-247_NEs	0.347820	0.346503	0.310906	0.292941	0.347371	0.298771	0.001356	0.298771	0.298771	0.299104	0.345295	0.345295	0.300815	0.000000