EscCo.4_04371_1-253_NEs	0.000000	0.058910	0.367041	0.054872	0.366775	0.339641	0.062024	0.060608
EscCo.1_04570_1-253_NEs	0.058910	0.000000	0.345156	0.046297	0.340836	0.342913	0.039394	0.038012
KlePn.2_01031_1-252_NEs	0.367041	0.345156	0.000000	0.359815	0.008016	0.313919	0.350480	0.352681
EscCo.2_37530_1-253_NEs	0.054872	0.046297	0.359815	0.000000	0.355326	0.352665	0.036761	0.035378
KlePn.1_01967_1-253_NEs	0.366775	0.340836	0.008016	0.355326	0.000000	0.309941	0.350326	0.352525
EntCo.1_05260_1-252_NEs	0.339641	0.342913	0.313919	0.352665	0.309941	0.000000	0.344541	0.342510
EscCo.3_4401A_1-252_NEs	0.062024	0.039394	0.350480	0.036761	0.350326	0.344541	0.000000	0.001322
EscCo.54092_1-252	0.060608	0.038012	0.352681	0.035378	0.352525	0.342510	0.001322	0.000000