EscCo.4_03259_1-97_NEs	0.000000	0.031787	0.299764	0.271634	0.271634	0.021033	0.299764	0.263206	0.031787	0.270798	0.031787	0.255362	0.322351	0.271634
EscCo.50735_1-97	0.031787	0.000000	0.274011	0.256311	0.256311	0.010415	0.274011	0.246810	0.000000	0.255531	0.000000	0.281594	0.314945	0.256311
KlePn.1_03182_1-96_NEs	0.299764	0.274011	0.000000	0.277467	0.277467	0.283879	0.000000	0.272237	0.274011	0.289001	0.274011	0.306252	0.362523	0.277467
SalEn.4_08001_1-93_NEs	0.271634	0.256311	0.277467	0.000000	0.000000	0.261271	0.277467	0.003872	0.256311	0.014420	0.256311	0.256036	0.295353	0.000000
SalEn.3_0725_1-93_NEs	0.271634	0.256311	0.277467	0.000000	0.000000	0.261271	0.277467	0.003872	0.256311	0.014420	0.256311	0.256036	0.295353	0.000000
EscCo.2_48420_1-97_Ess	0.021033	0.010415	0.283879	0.261271	0.261271	0.000000	0.283879	0.252121	0.010415	0.260474	0.010415	0.271101	0.314477	0.261271
KlePn.2_13121_1-96_NEs	0.299764	0.274011	0.000000	0.277467	0.277467	0.283879	0.000000	0.272237	0.274011	0.289001	0.274011	0.306252	0.362523	0.277467
SalEn.10693_1-86_NEs	0.263206	0.246810	0.272237	0.003872	0.003872	0.252121	0.272237	0.000000	0.246810	0.011694	0.246810	0.263676	0.258423	0.003872
EscCo.3_0746_1-97_NEs	0.031787	0.000000	0.274011	0.256311	0.256311	0.010415	0.274011	0.246810	0.000000	0.255531	0.000000	0.281594	0.314945	0.256311
SalEn.52133_1-93_NEs	0.270798	0.255531	0.289001	0.014420	0.014420	0.260474	0.289001	0.011694	0.255531	0.000000	0.255531	0.265430	0.318305	0.014420
EscCo.1_00734_1-97_NEs	0.031787	0.000000	0.274011	0.256311	0.256311	0.010415	0.274011	0.246810	0.000000	0.255531	0.000000	0.281594	0.314945	0.256311
EntCo.1_20020_1-96_NEs	0.255362	0.281594	0.306252	0.256036	0.256036	0.271101	0.306252	0.263676	0.281594	0.265430	0.281594	0.000000	0.310497	0.256036
CitRo.1_07291_1-97_NEs	0.322351	0.314945	0.362523	0.295353	0.295353	0.314477	0.362523	0.258423	0.314945	0.318305	0.314945	0.310497	0.000000	0.295353
SalEn.2_MW08001_1-93_NEs	0.271634	0.256311	0.277467	0.000000	0.000000	0.261271	0.277467	0.003872	0.256311	0.014420	0.256311	0.256036	0.295353	0.000000