EntCo.1_01450_1-127_Ess	0.000000	0.129193	0.093053	0.096654	0.099030	0.087346	0.099030	0.090302	0.087346	0.129193	0.099030	0.099030	0.099030	0.087346
KlePn.2_49741_1-127_Ess	0.129193	0.000000	0.137839	0.128595	0.108853	0.138191	0.108853	0.135016	0.138191	0.000000	0.108853	0.108853	0.108853	0.138191
EscCo.4_04515_1-127_Ess	0.093053	0.137839	0.000000	0.060515	0.066591	0.007923	0.066591	0.005274	0.007923	0.137839	0.066591	0.066591	0.066591	0.010581
CitRo.1_37711_1-127_Ess	0.096654	0.128595	0.060515	0.000000	0.084203	0.057838	0.084203	0.060683	0.057838	0.128595	0.084203	0.084203	0.084203	0.060689
SalEn.4_41001_16-142_Ess	0.099030	0.108853	0.066591	0.084203	0.000000	0.072538	0.000000	0.069635	0.072538	0.108853	0.000000	0.000000	0.000000	0.072538
EscCo.53981_1-127	0.087346	0.138191	0.007923	0.057838	0.072538	0.000000	0.072538	0.002630	0.000000	0.138191	0.072538	0.072538	0.072538	0.002631
SalEn.13931_1-127_Ess	0.099030	0.108853	0.066591	0.084203	0.000000	0.072538	0.000000	0.069635	0.072538	0.108853	0.000000	0.000000	0.000000	0.072538
EscCo.1_04442_1-127_Ess	0.090302	0.135016	0.005274	0.060683	0.069635	0.002630	0.069635	0.000000	0.002630	0.135016	0.069635	0.069635	0.069635	0.005268
EscCo.3_4240_1-127_Ess	0.087346	0.138191	0.007923	0.057838	0.072538	0.000000	0.072538	0.002630	0.000000	0.138191	0.072538	0.072538	0.072538	0.002631
KlePn.1_01828_1-127_Ess	0.129193	0.000000	0.137839	0.128595	0.108853	0.138191	0.108853	0.135016	0.138191	0.000000	0.108853	0.108853	0.108853	0.138191
SalEn.53480_1-127_Ess	0.099030	0.108853	0.066591	0.084203	0.000000	0.072538	0.000000	0.069635	0.072538	0.108853	0.000000	0.000000	0.000000	0.072538
SalEn.2_MW41001_16-142_Ess	0.099030	0.108853	0.066591	0.084203	0.000000	0.072538	0.000000	0.069635	0.072538	0.108853	0.000000	0.000000	0.000000	0.072538
SalEn.3_4086_1-127_Ess	0.099030	0.108853	0.066591	0.084203	0.000000	0.072538	0.000000	0.069635	0.072538	0.108853	0.000000	0.000000	0.000000	0.072538
EscCo.2_36040_1-127_Ess	0.087346	0.138191	0.010581	0.060689	0.072538	0.002631	0.072538	0.005268	0.002631	0.138191	0.072538	0.072538	0.072538	0.000000