KlePn.1_03514_2-129_NEs	0.000000	0.262749	0.244162	0.187087	0.255357	0.246280	0.246280	0.002623
EscCo.2_52490_2-129_NEs	0.262749	0.000000	0.029077	0.195693	0.013074	0.013182	0.013182	0.259159
EscCo.4_02895_2-129_NEs	0.244162	0.029077	0.000000	0.192736	0.018393	0.018546	0.018546	0.240637
EntCo.1_16310_2-128_NEs	0.187087	0.195693	0.192736	0.000000	0.188871	0.188871	0.188871	0.183759
EscCo.1_01072_2-129_NEs	0.255357	0.013074	0.018393	0.188871	0.000000	0.000000	0.000000	0.251792
EscCo.3_1079_2-128_NEs	0.246280	0.013182	0.018546	0.188871	0.000000	0.000000	0.000000	0.242721
EscCo.51010_2-128	0.246280	0.013182	0.018546	0.188871	0.000000	0.000000	0.000000	0.242721
KlePn.2_16511_2-129_NEs	0.002623	0.259159	0.240637	0.183759	0.251792	0.242721	0.242721	0.000000