EscCo.2_3140_1-645_Ess	0.000000	0.204026	0.198685	0.233829	0.204002	0.009318	0.204026	0.016629	0.011425	0.203625	0.234676	0.011948	0.207193
SalEn.4_16981_1-644_NEs	0.204026	0.000000	0.007286	0.226078	0.010958	0.202198	0.000000	0.202837	0.202277	0.000000	0.226693	0.202939	0.191949
SalEn.11330_1-644_NEs	0.198685	0.007286	0.000000	0.223506	0.009910	0.196862	0.007286	0.197499	0.196938	0.007286	0.224121	0.197598	0.191967
KlePn.2_19081_1-644_NEs	0.233829	0.226078	0.223506	0.000000	0.224870	0.228277	0.226078	0.231006	0.230250	0.226078	0.004179	0.230934	0.215508
SalEn.51615_1-644_NEs	0.204002	0.010958	0.009910	0.224870	0.000000	0.202174	0.010958	0.202813	0.202253	0.010958	0.224803	0.202915	0.195395
EscCo.1_01472_1-645_NEs	0.009318	0.202198	0.196862	0.228277	0.202174	0.000000	0.202198	0.011922	0.002067	0.201801	0.229131	0.002584	0.205167
SalEn.3_1633_1-644_NEs	0.204026	0.000000	0.007286	0.226078	0.010958	0.202198	0.000000	0.202837	0.202277	0.000000	0.226693	0.202939	0.191949
EscCo.4_02476_1-645_NEs	0.016629	0.202837	0.197499	0.231006	0.202813	0.011922	0.202837	0.000000	0.012993	0.202439	0.231858	0.013516	0.207830
EscCo.51286_1-644	0.011425	0.202277	0.196938	0.230250	0.202253	0.002067	0.202277	0.012993	0.000000	0.202277	0.230862	0.000516	0.205913
SalEn.2_MW16981_1-645_NEs	0.203625	0.000000	0.007286	0.226078	0.010958	0.201801	0.000000	0.202439	0.202277	0.000000	0.226940	0.202939	0.191949
KlePn.1_05446_1-645_NEs	0.234676	0.226693	0.224121	0.004179	0.224803	0.229131	0.226693	0.231858	0.230862	0.226940	0.000000	0.231547	0.213371
EscCo.3_1390_1-644_NEs	0.011948	0.202939	0.197598	0.230934	0.202915	0.002584	0.202939	0.013516	0.000516	0.202939	0.231547	0.000000	0.206578
CitRo.1_17131_1-644_NEs	0.207193	0.191949	0.191967	0.215508	0.195395	0.205167	0.191949	0.207830	0.205913	0.191949	0.213371	0.206578	0.000000