EscCo.4_04033_1-157_NEs	0.000000	0.283490	0.025857	0.331814	0.241654	0.283490	0.283490	0.026020	0.286220	0.289874	0.331814	0.293553	0.028215
SalEn.4_44911_1-157_NEs	0.283490	0.000000	0.298769	0.257789	0.251699	0.000000	0.000000	0.277072	0.176032	0.008525	0.257789	0.010686	0.277003
EscCo.1_04830_1-157_NEs	0.025857	0.298769	0.000000	0.345210	0.259889	0.298769	0.298769	0.043858	0.291136	0.305256	0.345210	0.309017	0.046094
KlePn.1_02291_1-157_NEs	0.331814	0.257789	0.345210	0.000000	0.270153	0.257789	0.257789	0.333783	0.232319	0.257789	0.000000	0.261316	0.330296
EntCo.1_44830_1-157_NEs	0.241654	0.251699	0.259889	0.270153	0.000000	0.251699	0.251699	0.255151	0.231831	0.248806	0.270153	0.251369	0.246142
SalEn.2_MW44911_1-157_NEs	0.283490	0.000000	0.298769	0.257789	0.251699	0.000000	0.000000	0.277072	0.176032	0.008525	0.257789	0.010686	0.277003
SalEn.3_4476_1-157_NEs	0.283490	0.000000	0.298769	0.257789	0.251699	0.000000	0.000000	0.277072	0.176032	0.008525	0.257789	0.010686	0.277003
EscCo.54363_1-157	0.026020	0.277072	0.043858	0.333783	0.255151	0.277072	0.277072	0.000000	0.274569	0.283405	0.333783	0.287046	0.006389
CitRo.1_48621_1-162_NEs	0.286220	0.176032	0.291136	0.232319	0.231831	0.176032	0.176032	0.274569	0.000000	0.184170	0.232319	0.184563	0.274501
SalEn.14310_1-157_NEs	0.289874	0.008525	0.305256	0.257789	0.248806	0.008525	0.008525	0.283405	0.184170	0.000000	0.257789	0.006397	0.283334
KlePn.2_04411_1-157_NEs	0.331814	0.257789	0.345210	0.000000	0.270153	0.257789	0.257789	0.333783	0.232319	0.257789	0.000000	0.261316	0.330296
SalEn.54588_1-157_NEs	0.293553	0.010686	0.309017	0.261316	0.251369	0.010686	0.010686	0.287046	0.184563	0.006397	0.261316	0.000000	0.286974
EscCo.2_40110_1-157_NEs	0.028215	0.277003	0.046094	0.330296	0.246142	0.277003	0.277003	0.006389	0.274501	0.283334	0.330296	0.286974	0.000000