CitRo.1_05921_1-223_NEs	0.000000	0.548372	0.605106	0.590494	0.563097	0.606173	0.606173	0.764024	0.563097	0.753196	0.598884	0.620754	0.606173
EscCo.2_46850_1-208_NEs	0.548372	0.000000	0.773796	0.030957	0.030957	0.790602	0.790602	0.801449	0.031425	0.794877	0.175753	0.807934	0.790602
SalEn.52284_1-214_NEs	0.605106	0.773796	0.000000	0.793250	0.793250	0.027042	0.027042	0.992514	0.793250	0.972693	0.723428	0.025427	0.027042
EscCo.1_00587_26-246_NEs	0.590494	0.030957	0.793250	0.000000	0.000000	0.796917	0.796917	0.843667	0.000000	0.836712	0.148915	0.805439	0.796917
EscCo.3_0612_1-208_NEs	0.563097	0.030957	0.793250	0.000000	0.000000	0.796917	0.796917	0.843667	0.000000	0.836712	0.155282	0.805439	0.796917
SalEn.2_MW06491_1-214_NEs	0.606173	0.790602	0.027042	0.796917	0.796917	0.000000	0.000000	1.031803	0.796917	1.011204	0.734628	0.010989	0.000000
SalEn.4_06491_1-214_NEs	0.606173	0.790602	0.027042	0.796917	0.796917	0.000000	0.000000	1.031803	0.796917	1.011204	0.734628	0.010989	0.000000
KlePn.2_11791_1-206_NEs	0.764024	0.801449	0.992514	0.843667	0.843667	1.031803	1.031803	0.000000	0.843667	0.004932	0.876327	1.025829	1.031803
EscCo.50583_1-205	0.563097	0.031425	0.793250	0.000000	0.000000	0.796917	0.796917	0.843667	0.000000	0.836712	0.153909	0.805439	0.796917
KlePn.1_03039_1-206_NEs	0.753196	0.794877	0.972693	0.836712	0.836712	1.011204	1.011204	0.004932	0.836712	0.000000	0.869030	1.005332	1.011204
EscCo.4_03413_26-246_NEs	0.598884	0.175753	0.723428	0.148915	0.155282	0.734628	0.734628	0.876327	0.153909	0.869030	0.000000	0.734315	0.734628
SalEn.10553_1-214_NEs	0.620754	0.807934	0.025427	0.805439	0.805439	0.010989	0.010989	1.025829	0.805439	1.005332	0.734315	0.000000	0.010989
SalEn.3_0572_1-214_NEs	0.606173	0.790602	0.027042	0.796917	0.796917	0.000000	0.000000	1.031803	0.796917	1.011204	0.734628	0.010989	0.000000