KlePn.2_08751_190-558_NEs	0.000000	0.955701	0.396029	0.016465	0.981163	0.979013
KlePn.2_08731_173-559_NEs	0.955701	0.000000	0.849749	0.942580	0.010531	0.365084
CitRo.1_04811_187-564_NEs	0.396029	0.849749	0.000000	0.396737	0.874934	0.932617
KlePn.1_02737_190-559_NEs	0.016465	0.942580	0.396737	0.000000	0.970976	0.990384
KlePn.1_02735_173-566_NEs	0.981163	0.010531	0.874934	0.970976	0.000000	0.377775
CitRo.1_04791_168-564_NEs	0.979013	0.365084	0.932617	0.990384	0.377775	0.000000