SalEn.2_MW02361_1-198_NEs	0.000000	0.255818	0.005060	0.264998	0.000000	0.000000	0.215805	0.264998	0.218695	0.216705	0.001682	0.211630	0.205334
EntCo.1_47060_1-198_NEs	0.255818	0.000000	0.259990	0.235848	0.255818	0.255818	0.237467	0.235848	0.235944	0.229197	0.258089	0.235474	0.257555
SalEn.10237_1-198_NEs	0.005060	0.259990	0.000000	0.272319	0.005060	0.005060	0.215963	0.272319	0.218857	0.216865	0.003369	0.211785	0.207659
KlePn.1_02538_1-198_NEs	0.264998	0.235848	0.272319	0.000000	0.264998	0.264998	0.253430	0.000000	0.259121	0.259282	0.267304	0.257722	0.267346
SalEn.4_02361_1-198_NEs	0.000000	0.255818	0.005060	0.264998	0.000000	0.000000	0.215805	0.264998	0.218695	0.216705	0.001682	0.211630	0.205334
SalEn.3_0231_1-198_NEs	0.000000	0.255818	0.005060	0.264998	0.000000	0.000000	0.215805	0.264998	0.218695	0.216705	0.001682	0.211630	0.205334
EscCo.4_03793_1-198_NEs	0.215805	0.237467	0.215963	0.253430	0.215805	0.215805	0.000000	0.253430	0.017008	0.027436	0.215805	0.015260	0.226599
KlePn.2_06881_1-198_NEs	0.264998	0.235848	0.272319	0.000000	0.264998	0.264998	0.253430	0.000000	0.259121	0.259282	0.267304	0.257722	0.267346
EscCo.50183_1-198	0.218695	0.235944	0.218857	0.259121	0.218695	0.218695	0.017008	0.259121	0.000000	0.017025	0.218695	0.029135	0.217637
EscCo.1_00193_1-198_NEs	0.216705	0.229197	0.216865	0.259282	0.216705	0.216705	0.027436	0.259282	0.017025	0.000000	0.216705	0.034469	0.217239
SalEn.50231_1-198_NEs	0.001682	0.258089	0.003369	0.267304	0.001682	0.001682	0.215805	0.267304	0.218695	0.216705	0.000000	0.211630	0.203045
EscCo.3_0178_1-198_NEs	0.211630	0.235474	0.211785	0.257722	0.211630	0.211630	0.015260	0.257722	0.029135	0.034469	0.211630	0.000000	0.219489
CitRo.1_01861_1-198_NEs	0.205334	0.257555	0.207659	0.267346	0.205334	0.205334	0.226599	0.267346	0.217637	0.217239	0.203045	0.219489	0.000000