EscCo.53212_1-1486	0.000000	0.036194	0.137480	0.021091	0.009913	0.158196	0.144422	0.142729	0.144422	0.158174	0.144737	0.144422
EscCo.4_00479_1-1517_NEs	0.036194	0.000000	0.143290	0.038892	0.035482	0.157091	0.150231	0.149608	0.150231	0.157014	0.151134	0.150231
CitRo.1_46051_1-1522_NEs	0.137480	0.143290	0.000000	0.139859	0.140981	0.151511	0.139975	0.140521	0.139975	0.151809	0.141166	0.139975
EscCo.1_03655_1-1517_NEs	0.021091	0.038892	0.139859	0.000000	0.025884	0.156785	0.141167	0.141099	0.141167	0.157862	0.142837	0.141167
EscCo.3_3477_1-1517_NEs	0.009913	0.035482	0.140981	0.025884	0.000000	0.157286	0.143055	0.142440	0.143055	0.157813	0.143321	0.143055
KlePn.1_00973_1-1486_NEs	0.158196	0.157091	0.151511	0.156785	0.157286	0.000000	0.159100	0.157820	0.159100	0.004295	0.159243	0.159100
SalEn.3_3302_1-1486_BeL	0.144422	0.150231	0.139975	0.141167	0.143055	0.159100	0.000000	0.011526	0.000000	0.159401	0.021413	0.000000
SalEn.13163_1-1486_NEs	0.142729	0.149608	0.140521	0.141099	0.142440	0.157820	0.011526	0.000000	0.011526	0.157016	0.017267	0.011526
SalEn.4_33291_1-1486_NEs	0.144422	0.150231	0.139975	0.141167	0.143055	0.159100	0.000000	0.011526	0.000000	0.159401	0.021413	0.000000
KlePn.2_42741_1-1486_NEs	0.158174	0.157014	0.151809	0.157862	0.157813	0.004295	0.159401	0.157016	0.159401	0.000000	0.160098	0.159401
SalEn.53247_1-1486_NEs	0.144737	0.151134	0.141166	0.142837	0.143321	0.159243	0.021413	0.017267	0.021413	0.160098	0.000000	0.021413
SalEn.2_MW33291_1-1486_NEs	0.144422	0.150231	0.139975	0.141167	0.143055	0.159100	0.000000	0.011526	0.000000	0.159401	0.021413	0.000000