EscCo.3_3658_1-75_BeL	0.000000	0.004454	0.180280	0.000000	0.172228	0.174041	0.232702	0.174041	0.004454	0.232702	0.307980	0.174041	0.174041
EscCo.1_03829_1-75_BeL	0.004454	0.000000	0.185952	0.004454	0.177780	0.179659	0.238680	0.179659	0.008929	0.238680	0.314692	0.179659	0.179659
SalEn.54001_1-75_BeL	0.180280	0.185952	0.000000	0.180280	0.190394	0.004469	0.262654	0.008960	0.185978	0.262654	0.256233	0.008960	0.008960
EscCo.53408_1-75	0.000000	0.004454	0.180280	0.000000	0.172228	0.174041	0.232702	0.174041	0.004454	0.232702	0.307980	0.174041	0.174041
CitRo.1_44151_1-75_BeL	0.172228	0.177780	0.190394	0.172228	0.000000	0.184100	0.209001	0.178467	0.166701	0.209001	0.290070	0.178467	0.178467
SalEn.13331_1-75_BeL	0.174041	0.179659	0.004469	0.174041	0.184100	0.000000	0.255452	0.004457	0.179685	0.255452	0.249102	0.004457	0.004457
KlePn.2_44171_1-75_BeL	0.232702	0.238680	0.262654	0.232702	0.209001	0.255452	0.000000	0.255452	0.226752	0.000000	0.274937	0.255452	0.255452
SalEn.4_34951_1-75_BeL	0.174041	0.179659	0.008960	0.174041	0.178467	0.004457	0.255452	0.000000	0.179685	0.255452	0.255288	0.000000	0.000000
EscCo.4_00291_1-75_BeL	0.004454	0.008929	0.185978	0.004454	0.166701	0.179685	0.226752	0.179685	0.000000	0.226752	0.301304	0.179685	0.179685
KlePn.1_00808_1-75_BeL	0.232702	0.238680	0.262654	0.232702	0.209001	0.255452	0.000000	0.255452	0.226752	0.000000	0.274937	0.255452	0.255452
EntCo.1_26080_1-75_BeL	0.307980	0.314692	0.256233	0.307980	0.290070	0.249102	0.274937	0.255288	0.301304	0.274937	0.000000	0.255288	0.255288
SalEn.2_MW34951_1-75_BeL	0.174041	0.179659	0.008960	0.174041	0.178467	0.004457	0.255452	0.000000	0.179685	0.255452	0.255288	0.000000	0.000000
SalEn.3_3472_1-75_NEs	0.174041	0.179659	0.008960	0.174041	0.178467	0.004457	0.255452	0.000000	0.179685	0.255452	0.255288	0.000000	0.000000