SalEn.2_MW27121_1-690_NEs	0.000000	0.794624	1.376254	0.000000	1.595542	0.000000
EscCo.4_01360_1-896_NEs	0.794624	0.000000	1.585472	0.790988	2.827652	0.790988
KlePn.1_00922_1-712_NEs	1.376254	1.585472	0.000000	1.375786	1.655273	1.375786
SalEn.4_27121_1-689_NEs	0.000000	0.790988	1.375786	0.000000	1.595316	0.000000
KlePn.2_37321_1-558_NEs	1.595542	2.827652	1.655273	1.595316	0.000000	1.595316
SalEn.3_2729_1-689_NEs	0.000000	0.790988	1.375786	0.000000	1.595316	0.000000