CitRo.1_27281_1-304_Ess	0.000000	0.114100	0.114120	0.137676	0.119191	0.119191	0.114120	0.140308	0.114120	0.115533	0.120359	0.117641	0.125110
SalEn.50498_1-304_Ess	0.114100	0.000000	0.012158	0.157458	0.138928	0.138928	0.013269	0.157458	0.012158	0.009935	0.138783	0.141866	0.148036
SalEn.3_2335_1-304_Ess	0.114120	0.012158	0.000000	0.156111	0.137630	0.137630	0.001097	0.156111	0.000000	0.013267	0.137486	0.140561	0.146704
KlePn.1_03873_22-327_Ess	0.137676	0.157458	0.156111	0.000000	0.157416	0.157416	0.157435	0.004388	0.156111	0.157675	0.157289	0.158625	0.128918
EscCo.3_2452_1-304_Ess	0.119191	0.138928	0.137630	0.157416	0.000000	0.000000	0.138909	0.158730	0.137630	0.146974	0.002191	0.013258	0.143437
EscCo.52316_1-304	0.119191	0.138928	0.137630	0.157416	0.000000	0.000000	0.138909	0.158730	0.137630	0.146974	0.002191	0.013258	0.143437
SalEn.4_23881_1-304_Ess	0.114120	0.013269	0.001097	0.157435	0.138909	0.138909	0.000000	0.157435	0.001097	0.014379	0.138764	0.141846	0.148015
KlePn.2_33161_1-306_Ess	0.140308	0.157458	0.156111	0.004388	0.158730	0.158730	0.157435	0.000000	0.156111	0.157675	0.158601	0.159939	0.131557
SalEn.2_MW23881_1-304_Ess	0.114120	0.012158	0.000000	0.156111	0.137630	0.137630	0.001097	0.156111	0.000000	0.013267	0.137486	0.140561	0.146704
SalEn.12348_1-304_Ess	0.115533	0.009935	0.013267	0.157675	0.146974	0.146974	0.014379	0.157675	0.013267	0.000000	0.148158	0.151307	0.149592
EscCo.1_02563_1-304_Ess	0.120359	0.138783	0.137486	0.157289	0.002191	0.002191	0.138764	0.158601	0.137486	0.148158	0.000000	0.013246	0.144633
EscCo.4_01395_1-304_Ess	0.117641	0.141866	0.140561	0.158625	0.013258	0.013258	0.141846	0.159939	0.140561	0.151307	0.013246	0.000000	0.147226
EntCo.1_38910_1-301_Ess	0.125110	0.148036	0.146704	0.128918	0.143437	0.143437	0.148015	0.131557	0.146704	0.149592	0.144633	0.147226	0.000000