SalEn.53682_1-366_Ess	0.000000	0.016622	0.016622	0.173697	0.152062	0.016622	0.166734	0.142626	0.150743	0.154780	0.020350	0.173697	0.182138
SalEn.4_38221_1-366_Ess	0.016622	0.000000	0.000000	0.167440	0.156672	0.000000	0.160548	0.141670	0.155339	0.154884	0.009168	0.167440	0.184875
SalEn.3_3804_1-366_Ess	0.016622	0.000000	0.000000	0.167440	0.156672	0.000000	0.160548	0.141670	0.155339	0.154884	0.009168	0.167440	0.184875
EscCo.3_3991_1-366_Ess	0.173697	0.167440	0.167440	0.000000	0.166214	0.167440	0.026745	0.160397	0.164860	0.033585	0.168519	0.000000	0.168684
KlePn.1_00471_1-366_Ess	0.152062	0.156672	0.156672	0.166214	0.000000	0.156672	0.167390	0.162090	0.003664	0.157201	0.152156	0.166214	0.161171
SalEn.2_MW38221_1-366_Ess	0.016622	0.000000	0.000000	0.167440	0.156672	0.000000	0.160548	0.141670	0.155339	0.154884	0.009168	0.167440	0.184875
EscCo.4_04815_1-366_Ess	0.166734	0.160548	0.160548	0.026745	0.167390	0.160548	0.000000	0.158219	0.163778	0.031697	0.161621	0.026745	0.164040
CitRo.1_40261_1-366_Ess	0.142626	0.141670	0.141670	0.160397	0.162090	0.141670	0.158219	0.000000	0.159624	0.159661	0.144927	0.160397	0.178663
KlePn.2_47481_1-366_Ess	0.150743	0.155339	0.155339	0.164860	0.003664	0.155339	0.163778	0.159624	0.000000	0.155872	0.151940	0.164860	0.157580
EscCo.1_04152_1-366_Ess	0.154780	0.154884	0.154884	0.033585	0.157201	0.154884	0.031697	0.159661	0.155872	0.000000	0.154817	0.033585	0.158860
SalEn.13654_1-366_Ess	0.020350	0.009168	0.009168	0.168519	0.152156	0.009168	0.161621	0.144927	0.151940	0.154817	0.000000	0.168519	0.182511
EscCo.53701_1-366	0.173697	0.167440	0.167440	0.000000	0.166214	0.167440	0.026745	0.160397	0.164860	0.033585	0.168519	0.000000	0.168684
EntCo.1_03930_1-366_Ess	0.182138	0.184875	0.184875	0.168684	0.161171	0.184875	0.164040	0.178663	0.157580	0.158860	0.182511	0.168684	0.000000