SalEn.2_MW19901_5-359_NEs	0.000000	0.575443	0.000000	0.004734	1.893384	0.000000	1.462907	1.516345	0.568253
EscCo.2_4349_1-357_NEs	0.575443	0.000000	0.575443	0.574780	1.658300	0.575443	1.275989	1.426959	0.028604
SalEn.3_1936_1-352_NEs	0.000000	0.575443	0.000000	0.004734	1.867761	0.000000	1.462907	1.499024	0.568253
SalEn.11927_1-352_NEs	0.004734	0.574780	0.004734	0.000000	1.894682	0.004734	1.472836	1.524784	0.567604
CitRo.1_02471_1-403_NEs	1.893384	1.658300	1.867761	1.894682	0.000000	1.867761	1.813245	2.415832	1.704162
SalEn.4_19901_1-352_NEs	0.000000	0.575443	0.000000	0.004734	1.867761	0.000000	1.462907	1.499024	0.568253
CitRo.1_47321_1-375_NEs	1.462907	1.275989	1.462907	1.472836	1.813245	1.462907	0.000000	1.283236	1.263635
CitRo.1_25841_1-359_NEs	1.516345	1.426959	1.499024	1.524784	2.415832	1.499024	1.283236	0.000000	1.453318
EscCo.2_0303_1-357_NEs	0.568253	0.028604	0.568253	0.567604	1.704162	0.568253	1.263635	1.453318	0.000000