KlePn.2_37151_1-113_NEs	0.000000	0.363278	0.363278	0.338014	0.347358	0.390017	0.342690	0.011990	0.358326	0.343337	0.348179	0.342690	0.363278
SalEn.2_MW28221_1-114_NEs	0.363278	0.000000	0.000000	0.192034	0.233384	0.334561	0.237332	0.364626	0.008814	0.014774	0.241817	0.237332	0.000000
SalEn.4_28221_1-114_NEs	0.363278	0.000000	0.000000	0.192034	0.233384	0.334561	0.237332	0.364626	0.008814	0.014774	0.241817	0.237332	0.000000
CitRo.1_30791_1-114_NEs	0.338014	0.192034	0.192034	0.000000	0.224928	0.339900	0.232709	0.339220	0.195719	0.203860	0.237151	0.232709	0.192034
EscCo.4_01043_1-114_NEs	0.347358	0.233384	0.233384	0.224928	0.000000	0.359262	0.023604	0.348608	0.237266	0.242033	0.026642	0.023604	0.233384
EntCo.1_29850_10-123_NEs	0.390017	0.334561	0.334561	0.339900	0.359262	0.000000	0.368491	0.386605	0.338950	0.333706	0.374085	0.368491	0.334561
EscCo.1_03052_1-114_NEs	0.342690	0.237332	0.237332	0.232709	0.023604	0.368491	0.000000	0.343918	0.233315	0.246028	0.002922	0.000000	0.237332
KlePn.1_01578_1-113_NEs	0.011990	0.364626	0.364626	0.339220	0.348608	0.386605	0.343918	0.000000	0.359650	0.344585	0.349436	0.343918	0.364626
SalEn.52762_1-114_NEs	0.358326	0.008814	0.008814	0.195719	0.237266	0.338950	0.233315	0.359650	0.000000	0.011797	0.237772	0.233315	0.008814
SalEn.12702_1-114_NEs	0.343337	0.014774	0.014774	0.203860	0.242033	0.333706	0.246028	0.344585	0.011797	0.000000	0.250583	0.246028	0.014774
EscCo.3_2923_1-114_NEs	0.348179	0.241817	0.241817	0.237151	0.026642	0.374085	0.002922	0.349436	0.237772	0.250583	0.000000	0.002922	0.241817
EscCo.52732_1-114	0.342690	0.237332	0.237332	0.232709	0.023604	0.368491	0.000000	0.343918	0.233315	0.246028	0.002922	0.000000	0.237332
SalEn.3_2840_1-114_NEs	0.363278	0.000000	0.000000	0.192034	0.233384	0.334561	0.237332	0.364626	0.008814	0.014774	0.241817	0.237332	0.000000