SalEn.4_27981_1-119_NEs	0.000000	0.008445	0.251962	0.255109	0.000000	0.005625	0.366931	0.207298	0.000000	0.408543	0.251415	0.251415
SalEn.52737_1-119_NEs	0.008445	0.000000	0.255612	0.258756	0.008445	0.008444	0.375847	0.210802	0.008445	0.408133	0.255056	0.255056
EscCo.1_03024_1-119_NEs	0.251962	0.255612	0.000000	0.022766	0.251962	0.244023	0.329997	0.247723	0.251962	0.396339	0.005624	0.005624
EscCo.4_01070_1-119_NEs	0.255109	0.258756	0.022766	0.000000	0.255109	0.247168	0.353990	0.250802	0.255109	0.392960	0.016993	0.016993
SalEn.3_2816_1-119_NEs	0.000000	0.008445	0.251962	0.255109	0.000000	0.005625	0.366931	0.207298	0.000000	0.408543	0.251415	0.251415
SalEn.12677_1-119_NEs	0.005625	0.008444	0.244023	0.247168	0.005625	0.000000	0.366847	0.199796	0.005625	0.408446	0.243497	0.243497
KlePn.1_01619_1-119_NEs	0.366931	0.375847	0.329997	0.353990	0.366931	0.366847	0.000000	0.342491	0.366931	0.334475	0.335110	0.335110
CitRo.1_31081_1-119_NEs	0.207298	0.210802	0.247723	0.250802	0.207298	0.199796	0.342491	0.000000	0.207298	0.420846	0.247188	0.247188
SalEn.2_MW27981_1-119_NEs	0.000000	0.008445	0.251962	0.255109	0.000000	0.005625	0.366931	0.207298	0.000000	0.408543	0.251415	0.251415
EntCo.1_29550_1-119_NEs	0.408543	0.408133	0.396339	0.392960	0.408543	0.408446	0.334475	0.420846	0.408543	0.000000	0.390679	0.390679
EscCo.3_2897_1-119_NEs	0.251415	0.255056	0.005624	0.016993	0.251415	0.243497	0.335110	0.247188	0.251415	0.390679	0.000000	0.000000
EscCo.52706_1-119	0.251415	0.255056	0.005624	0.016993	0.251415	0.243497	0.335110	0.247188	0.251415	0.390679	0.000000	0.000000