KlePn.1_03502_1-41	0.000000	1.506174	0.872867	0.000000	0.822190	1.851780
KlePn.1_05089_1-41	1.506174	0.000000	1.291254	1.618611	1.272343	1.585469
KlePn.2_25011_1-40	0.872867	1.291254	0.000000	0.872867	0.016781	2.525813
KlePn.2_16361_1-40	0.000000	1.618611	0.872867	0.000000	0.837871	1.742437
KlePn.1_04754_1-41	0.822190	1.272343	0.016781	0.837871	0.000000	2.539612
KlePn.1_04058_1-47	1.851780	1.585469	2.525813	1.742437	2.539612	0.000000