EscCo.1_02419_1-376_NEs	0.000000	0.013363	0.234820	0.216626	0.215386	0.275104	0.271112	0.216626	0.217716	0.216626	0.012453	0.211862	0.012453
EscCo.3_01541_1-376_NEs	0.013363	0.000000	0.235772	0.215582	0.214343	0.273926	0.269938	0.215582	0.216672	0.215582	0.013357	0.209011	0.013357
EntCo.1_40040_1-376_NEs	0.234820	0.235772	0.000000	0.247140	0.249541	0.239221	0.236571	0.247140	0.247081	0.247140	0.242832	0.232456	0.242832
SalEn.3_2183_1-376_NEs	0.216626	0.215582	0.247140	0.000000	0.009779	0.267346	0.265921	0.000000	0.007103	0.000000	0.217705	0.188713	0.217705
SalEn.50650_1-376_NEs	0.215386	0.214343	0.249541	0.009779	0.000000	0.270975	0.267005	0.009779	0.011566	0.009779	0.216464	0.190896	0.216464
KlePn.1_03980_1-376_NEs	0.275104	0.273926	0.239221	0.267346	0.270975	0.000000	0.004493	0.267346	0.267280	0.267346	0.278833	0.265243	0.278833
KlePn.2_32041_1-376_NEs	0.271112	0.269938	0.236571	0.265921	0.267005	0.004493	0.000000	0.265921	0.263325	0.265921	0.274825	0.261237	0.274825
SalEn.4_22381_1-376_NEs	0.216626	0.215582	0.247140	0.000000	0.009779	0.267346	0.265921	0.000000	0.007103	0.000000	0.217705	0.188713	0.217705
SalEn.12199_1-376_NEs	0.217716	0.216672	0.247081	0.007103	0.011566	0.267280	0.263325	0.007103	0.000000	0.007103	0.218796	0.189828	0.218796
SalEn.2_MW22381_1-376_NEs	0.216626	0.215582	0.247140	0.000000	0.009779	0.267346	0.265921	0.000000	0.007103	0.000000	0.217705	0.188713	0.217705
EscCo.42169_1-376	0.012453	0.013357	0.242832	0.217705	0.216464	0.278833	0.274825	0.217705	0.218796	0.217705	0.000000	0.212650	0.000000
CitRo.1_22961_1-376_NEs	0.211862	0.209011	0.232456	0.188713	0.190896	0.265243	0.261237	0.188713	0.189828	0.188713	0.212650	0.000000	0.212650
EscCo.2_2304_1-376_NEs	0.012453	0.013357	0.242832	0.217705	0.216464	0.278833	0.274825	0.217705	0.218796	0.217705	0.000000	0.212650	0.000000