SalEn.13959_4-465_NEs	0.000000	0.010168	0.411737	0.519143	0.007984	0.517776	1.555824	0.007984	0.007984	0.419067	0.422337	0.418042	0.386171	0.420760
SalEn.53458_4-465_NEs	0.010168	0.000000	0.406207	0.517786	0.010905	0.516421	1.549098	0.010905	0.010905	0.413492	0.419190	0.412454	0.383793	0.415169
EscCo.2_36280_1-458_NEs	0.411737	0.406207	0.000000	0.513289	0.409031	0.510383	1.503058	0.409031	0.410525	0.016918	0.160608	0.027443	0.393381	0.028141
KlePn.2_50001_4-463_NEs	0.519143	0.517786	0.513289	0.000000	0.510977	0.002195	1.716750	0.510977	0.512476	0.513373	0.529992	0.513247	0.501589	0.514575
SalEn.3_4112_4-465_NEs	0.007984	0.010905	0.409031	0.510977	0.000000	0.509622	1.567529	0.000000	0.000000	0.416340	0.419594	0.415309	0.381761	0.418025
KlePn.1_01856_4-463_NEs	0.517776	0.516421	0.510383	0.002195	0.509622	0.000000	1.711075	0.509622	0.511121	0.510474	0.528577	0.510341	0.498884	0.511674
EscCo.4_04418_181-607_BeL	1.555824	1.549098	1.503058	1.716750	1.567529	1.711075	0.000000	1.567529	1.567529	1.507627	1.538778	1.485553	1.574077	1.483174
SalEn.4_41261_4-465_NEs	0.007984	0.010905	0.409031	0.510977	0.000000	0.509622	1.567529	0.000000	0.000000	0.416340	0.419594	0.415309	0.381761	0.418025
SalEn.2_MW41261_4-466_NEs	0.007984	0.010905	0.410525	0.512476	0.000000	0.511121	1.567529	0.000000	0.000000	0.417829	0.421085	0.416804	0.382017	0.419515
EscCo.1_04469_1-458_NEs	0.419067	0.413492	0.016918	0.513373	0.416340	0.510474	1.507627	0.416340	0.417829	0.000000	0.147597	0.022157	0.401084	0.016906
EscCo.54003_1-465	0.422337	0.419190	0.160608	0.529992	0.419594	0.528577	1.538778	0.419594	0.421085	0.147597	0.000000	0.164319	0.401185	0.162285
EscCo.4_04491_1-458_NEs	0.418042	0.412454	0.027443	0.513247	0.415309	0.510341	1.485553	0.415309	0.416804	0.022157	0.164319	0.000000	0.396433	0.021405
CitRo.1_37491_1-467_NEs	0.386171	0.383793	0.393381	0.501589	0.381761	0.498884	1.574077	0.381761	0.382017	0.401084	0.401185	0.396433	0.000000	0.402074
EscCo.3_4262A_1-458_NEs	0.420760	0.415169	0.028141	0.514575	0.418025	0.511674	1.483174	0.418025	0.419515	0.016906	0.162285	0.021405	0.402074	0.000000