EscCo.3_0609_1-371_NEs	0.000000	0.282783	0.281810	0.024525	0.265591	0.037609	0.284043	0.010797	0.012631	0.370209	0.282783	0.441465	0.445794	0.278679
SalEn.3_0571_1-371_NEs	0.282783	0.000000	0.012663	0.286061	0.277308	0.289316	0.000898	0.285362	0.284696	0.377317	0.000000	0.462759	0.464890	0.008125
SalEn.52285_1-371_NEs	0.281810	0.012663	0.000000	0.285086	0.275865	0.290942	0.013573	0.284390	0.283721	0.381620	0.012663	0.460997	0.463122	0.015405
EscCo.2_46820_1-371_NEs	0.024525	0.286061	0.285086	0.000000	0.271409	0.038585	0.287328	0.020853	0.020864	0.377194	0.286061	0.443581	0.447921	0.281932
CitRo.1_05731_1-371_NEs	0.265591	0.277308	0.275865	0.271409	0.000000	0.275371	0.278567	0.266874	0.268332	0.286805	0.277308	0.398914	0.400765	0.279999
EscCo.4_03426_1-371_NEs	0.037609	0.289316	0.290942	0.038585	0.275371	0.000000	0.290584	0.041366	0.043325	0.380539	0.289316	0.450371	0.454735	0.285180
SalEn.2_MW06481_1-371_NEs	0.284043	0.000898	0.013573	0.287328	0.278567	0.290584	0.000000	0.286626	0.285962	0.377317	0.000898	0.464338	0.466473	0.009032
EscCo.1_00585_1-371_NEs	0.010797	0.285362	0.284390	0.020853	0.266874	0.041366	0.286626	0.000000	0.013542	0.373175	0.285362	0.443177	0.447512	0.281246
EscCo.50581_1-371	0.012631	0.284696	0.283721	0.020864	0.268332	0.043325	0.285962	0.013542	0.000000	0.372641	0.284696	0.440393	0.444724	0.280575
EntCo.1_21800_1-371_NEs	0.370209	0.377317	0.381620	0.377194	0.286805	0.380539	0.377317	0.373175	0.372641	0.000000	0.377317	0.397253	0.392317	0.379003
SalEn.4_06481_1-371_NEs	0.282783	0.000000	0.012663	0.286061	0.277308	0.289316	0.000898	0.285362	0.284696	0.377317	0.000000	0.462759	0.464890	0.008125
KlePn.2_11351_1-371_NEs	0.441465	0.462759	0.460997	0.443581	0.398914	0.450371	0.464338	0.443177	0.440393	0.397253	0.462759	0.000000	0.005462	0.461508
KlePn.1_03004_1-371_NEs	0.445794	0.464890	0.463122	0.447921	0.400765	0.454735	0.466473	0.447512	0.444724	0.392317	0.464890	0.005462	0.000000	0.463637
SalEn.10552_1-371_NEs	0.278679	0.008125	0.015405	0.281932	0.279999	0.285180	0.009032	0.281246	0.280575	0.379003	0.008125	0.461508	0.463637	0.000000