EscCo.3_3739_1-385_NEs	0.000000	0.305896	0.297840	0.301111	0.005201	0.305152	0.306980	0.021954	0.034522	0.296622	0.265047	0.297840
KlePn.1_00727_1-383_NEs	0.305896	0.000000	0.279510	0.275157	0.303050	0.275578	0.004409	0.301489	0.294739	0.278299	0.243533	0.279510
SalEn.4_35771_1-398_NEs	0.297840	0.279510	0.000000	0.026459	0.283619	0.016061	0.270235	0.282215	0.275423	0.000838	0.232809	0.000000
SalEn.53928_1-398_NEs	0.301111	0.275157	0.026459	0.000000	0.287934	0.027333	0.269734	0.285647	0.284537	0.025597	0.235136	0.026459
EscCo.53492_1-398	0.005201	0.303050	0.283619	0.287934	0.000000	0.290569	0.295178	0.016050	0.028951	0.282461	0.249023	0.283619
SalEn.13411_1-398_NEs	0.305152	0.275578	0.016061	0.027333	0.290569	0.000000	0.266485	0.289152	0.282302	0.015211	0.234854	0.016061
KlePn.2_44931_1-397_NEs	0.306980	0.004409	0.270235	0.269734	0.295178	0.266485	0.000000	0.295196	0.292338	0.269076	0.236859	0.270235
EscCo.1_03927_1-398_NEs	0.021954	0.301489	0.282215	0.285647	0.016050	0.289152	0.295196	0.000000	0.033260	0.281059	0.245365	0.282215
EscCo.4_00206_1-398_NEs	0.034522	0.294739	0.275423	0.284537	0.028951	0.282302	0.292338	0.033260	0.000000	0.274277	0.246204	0.275423
SalEn.3_3553_1-398_NEs	0.296622	0.278299	0.000838	0.025597	0.282461	0.015211	0.269076	0.281059	0.274277	0.000000	0.231707	0.000838
CitRo.1_43071_1-398_NEs	0.265047	0.243533	0.232809	0.235136	0.249023	0.234854	0.236859	0.245365	0.246204	0.231707	0.000000	0.232809
SalEn.2_MW35771_1-398_NEs	0.297840	0.279510	0.000000	0.026459	0.283619	0.016061	0.270235	0.282215	0.275423	0.000838	0.232809	0.000000