EscCo.3_4319_22-304_NEs	0.000000	1.543405	1.260167	0.448393	0.451137	1.279408	0.471282	1.278639	0.013093
SalEn.3_2591_1-301_NEs	1.543405	0.000000	0.354691	1.335189	1.335189	0.362358	1.357931	0.422384	1.559608
EscCo.1_00792_1-335_NEs	1.260167	0.354691	0.000000	1.401846	1.401846	0.018161	1.446608	0.045288	1.255721
EscCo.4_02566_18-314_NEs	0.448393	1.335189	1.401846	0.000000	0.001123	1.416666	0.012499	1.426135	0.452115
EscCo.4_01804_18-314_NEs	0.451137	1.335189	1.401846	0.001123	0.000000	1.416666	0.013653	1.426135	0.454859
EscCo.4_02763_1-335_NEs	1.279408	0.362358	0.018161	1.416666	1.416666	0.000000	1.461312	0.034944	1.261734
EscCo.2_2230_18-314_NEs	0.471282	1.357931	1.446608	0.012499	0.013653	1.461312	0.000000	1.476194	0.475009
EscCo.2_650_1-275_NEs	1.278639	0.422384	0.045288	1.426135	1.426135	0.034944	1.476194	0.000000	1.260991
EscCo.3_0277A_20-304_NEs	0.013093	1.559608	1.255721	0.452115	0.454859	1.261734	0.475009	1.260991	0.000000