EscCo.50965_1-137	0.000000	0.210059	0.210059	0.017171	0.203613	0.002428	0.214048	0.230264	0.014690	0.221456	0.017210	0.210059	0.223791	0.209670
SalEn.2_MW10911_1-138_NEs	0.210059	0.000000	0.000000	0.200424	0.012149	0.210059	0.213733	0.256749	0.193943	0.217813	0.200166	0.000000	0.253553	0.002421
SalEn.4_10911_1-138_NEs	0.210059	0.000000	0.000000	0.200424	0.012149	0.210059	0.213733	0.256749	0.193943	0.217813	0.200166	0.000000	0.253553	0.002421
EscCo.2_51420_1-137_NEs	0.017171	0.200424	0.200424	0.000000	0.194050	0.014700	0.213812	0.220126	0.012215	0.217892	0.014719	0.200424	0.213722	0.200056
SalEn.51842_1-138_NEs	0.203613	0.012149	0.012149	0.194050	0.000000	0.203613	0.213733	0.267051	0.187621	0.217813	0.193802	0.012149	0.263831	0.014620
EscCo.3_1035_1-137_NEs	0.002428	0.210059	0.210059	0.014700	0.203613	0.000000	0.214048	0.230264	0.012227	0.221456	0.014733	0.210059	0.223791	0.209670
EntCo.1_16620_1-137_NEs	0.214048	0.213733	0.213733	0.213812	0.213733	0.214048	0.000000	0.208407	0.210532	0.187518	0.213528	0.213733	0.205187	0.217389
KlePn.2_16061_1-137_NEs	0.230264	0.256749	0.256749	0.220126	0.267051	0.230264	0.208407	0.000000	0.226595	0.240800	0.226368	0.256749	0.014792	0.260699
EscCo.1_01028_1-137_NEs	0.014690	0.193943	0.193943	0.012215	0.187621	0.012227	0.210532	0.226595	0.000000	0.214462	0.012243	0.193943	0.220154	0.193589
CitRo.1_10271_1-154_NEs	0.221456	0.217813	0.217813	0.217892	0.217813	0.221456	0.187518	0.240800	0.214462	0.000000	0.213625	0.217813	0.231005	0.221454
EscCo.4_02931_1-137_NEs	0.017210	0.200166	0.200166	0.014719	0.193802	0.014733	0.213528	0.226368	0.012243	0.213625	0.000000	0.200166	0.219935	0.199799
SalEn.3_1018_1-138_NEs	0.210059	0.000000	0.000000	0.200424	0.012149	0.210059	0.213733	0.256749	0.193943	0.217813	0.200166	0.000000	0.253553	0.002421
KlePn.1_03477_1-137_NEs	0.223791	0.253553	0.253553	0.213722	0.263831	0.223791	0.205187	0.014792	0.220154	0.231005	0.219935	0.253553	0.000000	0.257487
SalEn.10943_1-138_NEs	0.209670	0.002421	0.002421	0.200056	0.014620	0.209670	0.217389	0.260699	0.193589	0.221454	0.199799	0.002421	0.257487	0.000000