SalEn.12877_1-132_NEs	0.000000	0.352629	0.020483	0.002529	0.002529	1.129940	0.002529
EscCo.1_02756_1-133_BeL	0.352629	0.000000	0.354854	0.356586	0.356586	1.115680	0.352931
SalEn.52943_1-132_BeL	0.020483	0.354854	0.000000	0.023073	0.023073	1.169237	0.023073
SalEn.4_29941_1-132_NEs	0.002529	0.356586	0.023073	0.000000	0.000000	1.139513	0.000000
SalEn.3_3011_1-132_NEs	0.002529	0.356586	0.023073	0.000000	0.000000	1.139513	0.000000
KlePn.1_05729_1-134_NEs	1.129940	1.115680	1.169237	1.139513	1.139513	0.000000	1.144147
SalEn.2_MW29941_1-133_NEs	0.002529	0.352931	0.023073	0.000000	0.000000	1.144147	0.000000