EscCo.3_0470_1-325_Ess	0.000000	0.010296	0.289106	0.015498	0.283796	0.228392	0.226892	0.289117	0.228459	0.011339	0.228459	0.249749	0.228459
EscCo.50417_1-325	0.010296	0.000000	0.296691	0.015456	0.283363	0.232952	0.227275	0.296699	0.233020	0.011312	0.233020	0.248396	0.233020
KlePn.1_02720_1-324_Ess	0.289106	0.296691	0.000000	0.286733	0.270880	0.295705	0.265217	0.008362	0.297350	0.289488	0.297350	0.307143	0.297350
EscCo.4_03562_1-325_Ess	0.015498	0.015456	0.286733	0.000000	0.287069	0.220591	0.221882	0.286745	0.220654	0.014448	0.220654	0.244650	0.220654
EntCo.1_23420_1-323_Ess	0.283796	0.283363	0.270880	0.287069	0.000000	0.320390	0.255633	0.265893	0.318926	0.280240	0.318926	0.301800	0.318926
SalEn.52444_1-325_Ess	0.228392	0.232952	0.295705	0.220591	0.320390	0.000000	0.193690	0.292664	0.004117	0.229023	0.004117	0.223697	0.004117
CitRo.1_04661_1-325_NEs	0.226892	0.227275	0.265217	0.221882	0.255633	0.193690	0.000000	0.260813	0.195040	0.227109	0.195040	0.233976	0.195040
KlePn.2_08581_1-323_NEs	0.289117	0.296699	0.008362	0.286745	0.265893	0.292664	0.260813	0.000000	0.291255	0.287972	0.291255	0.300936	0.291255
SalEn.2_MW04891_1-325_Ess	0.228459	0.233020	0.297350	0.220654	0.318926	0.004117	0.195040	0.291255	0.000000	0.229090	0.000000	0.225510	0.000000
EscCo.1_00447_1-325_Ess	0.011339	0.011312	0.289488	0.014448	0.280240	0.229023	0.227109	0.287972	0.229090	0.000000	0.229090	0.248213	0.229090
SalEn.3_0413_1-325_NEs	0.228459	0.233020	0.297350	0.220654	0.318926	0.004117	0.195040	0.291255	0.000000	0.229090	0.000000	0.225510	0.000000
SalEn.10401_1-326_Ess	0.249749	0.248396	0.307143	0.244650	0.301800	0.223697	0.233976	0.300936	0.225510	0.248213	0.225510	0.000000	0.225510
SalEn.4_04891_1-325_Ess	0.228459	0.233020	0.297350	0.220654	0.318926	0.004117	0.195040	0.291255	0.000000	0.229090	0.000000	0.225510	0.000000