SalEn.10217_1-128_NEs	0.000000	0.151101	0.209019	0.182719	0.010477	0.010477	0.194842	0.201875	0.010477	0.201875	0.013118	0.201875	0.188263	0.201875
CitRo.1_01681_1-128_NEs	0.151101	0.000000	0.163539	0.180638	0.144729	0.144729	0.143951	0.167770	0.144729	0.167770	0.147897	0.167770	0.137713	0.167770
EscCo.4_03813_1-128_NEs	0.209019	0.163539	0.000000	0.165258	0.208878	0.208878	0.186201	0.015848	0.208878	0.015848	0.205551	0.015848	0.182944	0.015848
EntCo.1_46860_1-128_NEs	0.182719	0.180638	0.165258	0.000000	0.185973	0.185973	0.186669	0.172087	0.185973	0.172087	0.182708	0.172087	0.183403	0.172087
SalEn.4_02171_1-128_NEs	0.010477	0.144729	0.208878	0.185973	0.000000	0.000000	0.181720	0.201740	0.000000	0.201740	0.007844	0.201740	0.175235	0.201740
SalEn.3_0212_1-128_NEs	0.010477	0.144729	0.208878	0.185973	0.000000	0.000000	0.181720	0.201740	0.000000	0.201740	0.007844	0.201740	0.175235	0.201740
KlePn.2_06691_1-128_NEs	0.194842	0.143951	0.186201	0.186669	0.181720	0.181720	0.000000	0.183323	0.181720	0.183323	0.184997	0.183323	0.005221	0.183323
EscCo.50163_1-128	0.201875	0.167770	0.015848	0.172087	0.201740	0.201740	0.183323	0.000000	0.201740	0.000000	0.198441	0.000000	0.180068	0.000000
SalEn.2_MW02171_1-128_NEs	0.010477	0.144729	0.208878	0.185973	0.000000	0.000000	0.181720	0.201740	0.000000	0.201740	0.007844	0.201740	0.175235	0.201740
EscCo.2_42170_1-128_NEs	0.201875	0.167770	0.015848	0.172087	0.201740	0.201740	0.183323	0.000000	0.201740	0.000000	0.198441	0.000000	0.180068	0.000000
SalEn.50212_1-128_NEs	0.013118	0.147897	0.205551	0.182708	0.007844	0.007844	0.184997	0.198441	0.007844	0.198441	0.000000	0.198441	0.178488	0.198441
EscCo.3_0159_1-128_NEs	0.201875	0.167770	0.015848	0.172087	0.201740	0.201740	0.183323	0.000000	0.201740	0.000000	0.198441	0.000000	0.180068	0.000000
KlePn.1_02519_1-128_NEs	0.188263	0.137713	0.182944	0.183403	0.175235	0.175235	0.005221	0.180068	0.175235	0.180068	0.178488	0.180068	0.000000	0.180068
EscCo.1_00173_1-128_NEs	0.201875	0.167770	0.015848	0.172087	0.201740	0.201740	0.183323	0.000000	0.201740	0.000000	0.198441	0.000000	0.180068	0.000000