SalEn.54591_1-201_BeL	0.000000	0.483224	1.069185	0.018462	0.757983	0.490774	0.484093	0.006655	1.081541	0.478476	0.493757	0.484571	0.016768	0.016768
CitRo.1_48681_1-210_NEs	0.483224	0.000000	0.850652	0.458281	0.778748	0.469878	0.503216	0.456159	0.896770	0.478702	0.469878	0.472859	0.455404	0.455404
KlePn.1_02296_1-214_BeL	1.069185	0.850652	0.000000	0.976858	0.777559	0.994991	1.041799	0.993621	0.000000	0.994991	0.999897	0.989300	0.981974	0.981974
SalEn.2_MW44941_1-217_BeL	0.018462	0.458281	0.976858	0.000000	0.757400	0.465602	0.487261	0.017082	1.043524	0.454559	0.468284	0.460035	0.001537	0.001537
EntCo.1_44860_1-208_BeL	0.757983	0.778748	0.777559	0.757400	0.000000	0.771640	0.758283	0.745234	0.777559	0.762214	0.771640	0.758283	0.761647	0.761647
EscCo.54366_1-222	0.490774	0.469878	0.994991	0.465602	0.771640	0.000000	0.011592	0.471054	1.048242	0.006063	0.001506	0.010636	0.462841	0.462841
EscCo.3_4668_1-203_BeL	0.484093	0.503216	1.041799	0.487261	0.758283	0.011592	0.000000	0.493337	1.041799	0.008264	0.009926	0.000000	0.484183	0.484183
SalEn.14313_1-217_BeL	0.006655	0.456159	0.993621	0.017082	0.745234	0.471054	0.493337	0.000000	1.063305	0.459958	0.473748	0.465460	0.015516	0.015516
KlePn.2_04461_1-197_BeL	1.081541	0.896770	0.000000	1.043524	0.777559	1.048242	1.041799	1.063305	0.000000	1.048242	1.053764	1.041799	1.049371	1.049371
EscCo.1_04833_1-221_NEs	0.478476	0.478702	0.994991	0.454559	0.762214	0.006063	0.008264	0.459958	1.048242	0.000000	0.007584	0.007584	0.451826	0.451826
EscCo.2_40140_1-222_BeL	0.493757	0.469878	0.999897	0.468284	0.771640	0.001506	0.009926	0.473748	1.053764	0.007584	0.000000	0.009108	0.465517	0.465517
EscCo.4_04030_1-221_BeL	0.484571	0.472859	0.989300	0.460035	0.758283	0.010636	0.000000	0.465460	1.041799	0.007584	0.009108	0.000000	0.457288	0.457288
SalEn.4_44941_1-217_NEs	0.016768	0.455404	0.981974	0.001537	0.761647	0.462841	0.484183	0.015516	1.049371	0.451826	0.465517	0.457288	0.000000	0.000000
SalEn.3_4479_1-217_NEs	0.016768	0.455404	0.981974	0.001537	0.761647	0.462841	0.484183	0.015516	1.049371	0.451826	0.465517	0.457288	0.000000	0.000000