EntCo.1_06240_1-131_NEs	0.000000	0.301460	0.240510	0.297818	0.255809	0.227927	0.259234	0.256030	0.252888	0.255809	0.237280	0.255809	0.237091
KlePn.1_04278_1-131_NEs	0.301460	0.000000	0.261631	0.002548	0.280556	0.280457	0.284044	0.283412	0.273085	0.280556	0.258358	0.280556	0.258149
EscCo.41869_1-131	0.240510	0.261631	0.000000	0.258149	0.122402	0.135180	0.125314	0.125080	0.020716	0.122402	0.007677	0.122402	0.002550
KlePn.2_29691_1-131_NEs	0.297818	0.002548	0.258149	0.000000	0.277006	0.276908	0.280486	0.279863	0.269560	0.277006	0.254882	0.277006	0.254676
SalEn.2_MW18871_1-131_NEs	0.255809	0.280556	0.122402	0.277006	0.000000	0.164451	0.002545	0.005104	0.135240	0.000000	0.122485	0.000000	0.119470
CitRo.1_19151_1-131_NEs	0.227927	0.280457	0.135180	0.276908	0.164451	0.000000	0.167517	0.164129	0.136035	0.164451	0.138364	0.164451	0.132195
SalEn.50973_1-131_NEs	0.259234	0.284044	0.125314	0.280486	0.002545	0.167517	0.000000	0.007663	0.138203	0.002545	0.125399	0.002545	0.122375
SalEn.11099_1-131_NEs	0.256030	0.283412	0.125080	0.279863	0.005104	0.164129	0.007663	0.000000	0.137940	0.005104	0.125164	0.005104	0.122147
EscCo.1_02058_1-131_NEs	0.252888	0.273085	0.020716	0.269560	0.135240	0.136035	0.138203	0.137940	0.000000	0.135240	0.023361	0.135240	0.018106
SalEn.4_18871_1-131_NEs	0.255809	0.280556	0.122402	0.277006	0.000000	0.164451	0.002545	0.005104	0.135240	0.000000	0.122485	0.000000	0.119470
EscCo.3_02012_1-131_NEs	0.237280	0.258358	0.007677	0.254882	0.122485	0.138364	0.125399	0.125164	0.023361	0.122485	0.000000	0.122485	0.005112
SalEn.3_1839_1-131_NEs	0.255809	0.280556	0.122402	0.277006	0.000000	0.164451	0.002545	0.005104	0.135240	0.000000	0.122485	0.000000	0.119470
EscCo.2_1902_1-131_NEs	0.237091	0.258149	0.002550	0.254676	0.119470	0.132195	0.122375	0.122147	0.018106	0.119470	0.005112	0.119470	0.000000