CitRo.1_23461_1-354_NEs	0.000000	0.435736	0.383516	0.371168	0.399219	0.397304	1.301380	0.474498	0.471095	0.391741	1.301380	0.397304	0.372988	0.398447
EntCo.1_39710_1-352_NEs	0.435736	0.000000	0.490043	0.488099	0.480007	0.476187	1.192070	0.510215	0.504688	0.481973	1.192070	0.476187	0.490282	0.478631
EscCo.4_01495_1-354_NEs	0.383516	0.490043	0.000000	0.048307	0.423796	0.421728	1.252441	0.544485	0.546186	0.414941	1.252441	0.421728	0.050327	0.417601
EscCo.52213_1-354	0.371168	0.488099	0.048307	0.000000	0.407359	0.405304	1.249211	0.517896	0.515859	0.400173	1.249211	0.405304	0.001868	0.402794
SalEn.2_MW22901_1-354_NEs	0.399219	0.480007	0.423796	0.407359	0.000000	0.000000	1.346235	0.556402	0.552380	0.019161	1.346235	0.000000	0.409276	0.013375
SalEn.4_22901_1-353_NEs	0.397304	0.476187	0.421728	0.405304	0.000000	0.000000	1.345687	0.556373	0.552342	0.019161	1.345687	0.000000	0.407220	0.013375
KlePn.1_00587_1-350_NEs	1.301380	1.192070	1.252441	1.249211	1.346235	1.345687	0.000000	1.251215	1.263872	1.327365	0.000000	1.345687	1.249460	1.341658
KlePn.2_32391_1-354_NEs	0.474498	0.510215	0.544485	0.517896	0.556402	0.556373	1.251215	0.000000	0.006742	0.561160	1.251215	0.556373	0.520219	0.552521
KlePn.1_03946_1-354_NEs	0.471095	0.504688	0.546186	0.515859	0.552380	0.552342	1.263872	0.006742	0.000000	0.557120	1.263872	0.552342	0.518175	0.548517
SalEn.50599_1-353_Ess	0.391741	0.481973	0.414941	0.400173	0.019161	0.019161	1.327365	0.561160	0.557120	0.000000	1.327365	0.019161	0.402075	0.016248
KlePn.2_46341_1-350_NEs	1.301380	1.192070	1.252441	1.249211	1.346235	1.345687	0.000000	1.251215	1.263872	1.327365	0.000000	1.345687	1.249460	1.341658
SalEn.3_2235_1-353_NEs	0.397304	0.476187	0.421728	0.405304	0.000000	0.000000	1.345687	0.556373	0.552342	0.019161	1.345687	0.000000	0.407220	0.013375
EscCo.1_02463_1-354_NEs	0.372988	0.490282	0.050327	0.001868	0.409276	0.407220	1.249460	0.520219	0.518175	0.402075	1.249460	0.407220	0.000000	0.404700
SalEn.12248_1-353_NEs	0.398447	0.478631	0.417601	0.402794	0.013375	0.013375	1.341658	0.552521	0.548517	0.016248	1.341658	0.013375	0.404700	0.000000