EscCo.1_00418_1-269_NEs	0.000000	0.214249	0.189147	0.225832	0.194559	0.007468	0.193867	0.189147	0.193934	0.189147	0.017521	0.006204	0.227665	0.006204
EntCo.1_23750_1-269_NEs	0.214249	0.000000	0.211838	0.251124	0.211075	0.208774	0.213387	0.211838	0.220550	0.211838	0.217376	0.217544	0.252506	0.214241
SalEn.3_0381_1-269_NEs	0.189147	0.211838	0.000000	0.228813	0.198140	0.188954	0.006217	0.000000	0.009985	0.000000	0.190212	0.190348	0.234086	0.188780
KlePn.1_02679_1-269_NEs	0.225832	0.251124	0.228813	0.000000	0.216505	0.226048	0.226991	0.228813	0.225807	0.228813	0.233968	0.225823	0.007513	0.230842
CitRo.1_04301_1-269_NEs	0.194559	0.211075	0.198140	0.216505	0.000000	0.195937	0.199656	0.198140	0.196889	0.198140	0.197124	0.194175	0.221600	0.195750
EscCo.2_44900_31-299_NEs	0.007468	0.208774	0.188954	0.226048	0.195937	0.000000	0.193669	0.188954	0.195700	0.188954	0.014985	0.008704	0.224058	0.008704
SalEn.52478_1-269_NEs	0.193867	0.213387	0.006217	0.226991	0.199656	0.193669	0.000000	0.006217	0.008728	0.006217	0.194925	0.191856	0.232251	0.193491
SalEn.4_04561_1-269_NEs	0.189147	0.211838	0.000000	0.228813	0.198140	0.188954	0.006217	0.000000	0.009985	0.000000	0.190212	0.190348	0.234086	0.188780
SalEn.10369_1-269_NEs	0.193934	0.220550	0.009985	0.225807	0.196889	0.195700	0.008728	0.009985	0.000000	0.009985	0.198545	0.191922	0.229389	0.193557
SalEn.2_MW04561_1-269_Ess	0.189147	0.211838	0.000000	0.228813	0.198140	0.188954	0.006217	0.000000	0.009985	0.000000	0.190212	0.190348	0.234086	0.188780
EscCo.4_03592_1-269_NEs	0.017521	0.217376	0.190212	0.233968	0.197124	0.014985	0.194925	0.190212	0.198545	0.190212	0.000000	0.018753	0.237480	0.016230
EscCo.50386_1-269	0.006204	0.217544	0.190348	0.225823	0.194175	0.008704	0.191856	0.190348	0.191922	0.190348	0.018753	0.000000	0.227656	0.007437
KlePn.2_08171_1-269_NEs	0.227665	0.252506	0.234086	0.007513	0.221600	0.224058	0.232251	0.234086	0.229389	0.234086	0.237480	0.227656	0.000000	0.232688
EscCo.3_0439_1-269_Ess	0.006204	0.214241	0.188780	0.230842	0.195750	0.008704	0.193491	0.188780	0.193557	0.188780	0.016230	0.007437	0.232688	0.000000