EscCo.1_02745_1-347_NEs	0.000000	0.025463	0.323106	0.333157	0.507676	0.014475	0.500912	0.388250	0.331169	0.014475	0.331169	0.331169	0.331256
EscCo.3_01264_1-332_NEs	0.025463	0.000000	0.323253	0.335658	0.522653	0.032710	0.515448	0.390197	0.333572	0.032710	0.333572	0.333572	0.333663
CitRo.1_24141_1-346_NEs	0.323106	0.323253	0.000000	0.331353	0.493864	0.324729	0.498484	0.376052	0.325589	0.324729	0.325589	0.325589	0.328695
SalEn.50383_1-347_NEs	0.333157	0.335658	0.331353	0.000000	0.587588	0.334495	0.586187	0.417040	0.005778	0.334495	0.005778	0.005778	0.010623
KlePn.1_03779_1-348_NEs	0.507676	0.522653	0.493864	0.587588	0.000000	0.502709	0.006807	0.533712	0.584928	0.502709	0.584928	0.584928	0.587265
EscCo.42466_1-347	0.014475	0.032710	0.324729	0.334495	0.502709	0.000000	0.496003	0.395317	0.332503	0.000000	0.332503	0.332503	0.332590
KlePn.2_34591_1-348_NEs	0.500912	0.515448	0.498484	0.586187	0.006807	0.496003	0.000000	0.526678	0.583533	0.496003	0.583533	0.583533	0.585861
EntCo.1_38120_1-347_NEs	0.388250	0.390197	0.376052	0.417040	0.533712	0.395317	0.526678	0.000000	0.415631	0.395317	0.415631	0.415631	0.420626
SalEn.2_MW24951_1-347_NEs	0.331169	0.333572	0.325589	0.005778	0.584928	0.332503	0.583533	0.415631	0.000000	0.332503	0.000000	0.000000	0.004808
EscCo.2_2570_1-347_NEs	0.014475	0.032710	0.324729	0.334495	0.502709	0.000000	0.496003	0.395317	0.332503	0.000000	0.332503	0.332503	0.332590
SalEn.4_24951_1-347_NEs	0.331169	0.333572	0.325589	0.005778	0.584928	0.332503	0.583533	0.415631	0.000000	0.332503	0.000000	0.000000	0.004808
SalEn.3_2439_1-347_NEs	0.331169	0.333572	0.325589	0.005778	0.584928	0.332503	0.583533	0.415631	0.000000	0.332503	0.000000	0.000000	0.004808
SalEn.12455_1-347_NEs	0.331256	0.333663	0.328695	0.010623	0.587265	0.332590	0.585861	0.420626	0.004808	0.332590	0.004808	0.004808	0.000000