KlePn.2_13381_1-88_NEs	0.000000	1.475286	1.459945	1.425338	0.821177	0.793321	0.433797	0.425599	0.821177	0.000000	1.475286	0.766427	1.475286
SalEn.4_12731_6-82_NEs	1.475286	0.000000	0.004367	0.013205	1.209291	1.145699	1.719345	1.295645	1.209291	1.475286	0.000000	1.166314	0.000000
SalEn.11785_6-82_NEs	1.459945	0.004367	0.000000	0.008787	1.195126	1.131959	1.701579	1.280470	1.195126	1.459945	0.004367	1.151934	0.004367
SalEn.51145_6-82_NEs	1.425338	0.013205	0.008787	0.000000	1.226778	1.161570	1.649670	1.281340	1.226778	1.425338	0.013205	1.183315	0.013205
EscCo.51166_1-88	0.821177	1.209291	1.195126	1.226778	0.000000	0.015517	0.970260	0.780862	0.000000	0.821177	1.209291	0.039782	1.209291
EscCo.1_01342_1-88_NEs	0.793321	1.145699	1.131959	1.161570	0.015517	0.000000	0.923798	0.754846	0.015517	0.793321	1.145699	0.031569	1.145699
EntCo.1_13760_1-92_NEs	0.433797	1.719345	1.701579	1.649670	0.970260	0.923798	0.000000	0.465279	0.970260	0.422652	1.719345	0.903991	1.719345
CitRo.1_15401_1-92_NEs	0.425599	1.295645	1.280470	1.281340	0.780862	0.754846	0.465279	0.000000	0.780862	0.418937	1.295645	0.740130	1.295645
EscCo.3_1267_1-88_NEs	0.821177	1.209291	1.195126	1.226778	0.000000	0.015517	0.970260	0.780862	0.000000	0.821177	1.209291	0.039782	1.209291
KlePn.1_03215_1-92_NEs	0.000000	1.475286	1.459945	1.425338	0.821177	0.793321	0.422652	0.418937	0.821177	0.000000	1.475286	0.766427	1.475286
SalEn.2_MW12731_6-82_NEs	1.475286	0.000000	0.004367	0.013205	1.209291	1.145699	1.719345	1.295645	1.209291	1.475286	0.000000	1.166314	0.000000
EscCo.4_02714_1-88_NEs	0.766427	1.166314	1.151934	1.183315	0.039782	0.031569	0.903991	0.740130	0.039782	0.766427	1.166314	0.000000	1.166314
SalEn.3_1202_6-82_NEs	1.475286	0.000000	0.004367	0.013205	1.209291	1.145699	1.719345	1.295645	1.209291	1.475286	0.000000	1.166314	0.000000