EscCo.4_01886_1-553_NEs	0.000000	0.265374	1.287966	0.338896	0.020096	0.023830	1.349301	0.601862	0.265374	0.264712	0.272932	0.271972	0.021292	0.270042
SalEn.4_19491_1-560_NEs	0.265374	0.000000	1.269674	0.278855	0.261248	0.254437	1.324098	0.609653	0.000000	0.000000	0.008383	0.011390	0.262247	0.218934
EscCo.4_03742_1-548_NEs	1.287966	1.269674	0.000000	1.203736	1.284076	1.290780	0.244146	1.239601	1.269674	1.272795	1.265718	1.275546	1.284852	1.255558
EntCo.1_42260_1-543_NEs	0.338896	0.278855	1.203736	0.000000	0.332568	0.329694	1.250711	0.625637	0.278855	0.278855	0.279252	0.278546	0.333729	0.257830
EscCo.3_2041_1-552_NEs	0.020096	0.261248	1.284076	0.332568	0.000000	0.012120	1.338713	0.595074	0.261248	0.261248	0.270478	0.267806	0.001204	0.266963
EscCo.51938_1-552	0.023830	0.254437	1.290780	0.329694	0.012120	0.000000	1.355120	0.592999	0.254437	0.254437	0.263607	0.260956	0.013345	0.266125
CitRo.1_02371_1-554_NEs	1.349301	1.324098	0.244146	1.250711	1.338713	1.355120	0.000000	1.246710	1.324098	1.327354	1.324618	1.318677	1.342031	1.313580
EntCo.1_28730_1-510_NEs	0.601862	0.609653	1.239601	0.625637	0.595074	0.592999	1.246710	0.000000	0.609653	0.609653	0.614374	0.614869	0.595509	0.613466
SalEn.3_1898_1-560_NEs	0.265374	0.000000	1.269674	0.278855	0.261248	0.254437	1.324098	0.609653	0.000000	0.000000	0.008383	0.011390	0.262247	0.218934
SalEn.2_MW19491_1-561_NEs	0.264712	0.000000	1.272795	0.278855	0.261248	0.254437	1.327354	0.609653	0.000000	0.000000	0.008383	0.011390	0.261595	0.218934
SalEn.11040_1-560_NEs	0.272932	0.008383	1.265718	0.279252	0.270478	0.263607	1.324618	0.614374	0.008383	0.008383	0.000000	0.009577	0.271491	0.214532
SalEn.50908_1-560_NEs	0.271972	0.011390	1.275546	0.278546	0.267806	0.260956	1.318677	0.614869	0.011390	0.011390	0.009577	0.000000	0.268814	0.217865
EscCo.1_02173_1-553_NEs	0.021292	0.262247	1.284852	0.333729	0.001204	0.013345	1.342031	0.595509	0.262247	0.261595	0.271491	0.268814	0.000000	0.267971
CitRo.1_20181_1-560_NEs	0.270042	0.218934	1.255558	0.257830	0.266963	0.266125	1.313580	0.613466	0.218934	0.218934	0.214532	0.217865	0.267971	0.000000