EscCo.3_00813_1-244_BeL	0.000000	0.395477	0.023609	0.393121	0.390840	0.393121
SalEn.2_MW30461_1-244_NEs	0.395477	0.000000	0.396436	0.001373	0.002747	0.001373
EscCo.1_03301_1-244_NEs	0.023609	0.396436	0.000000	0.394078	0.391788	0.394078
SalEn.3_3061_1-243_NEs	0.393121	0.001373	0.394078	0.000000	0.001372	0.000000
SalEn.12929_1-243_NEs	0.390840	0.002747	0.391788	0.001372	0.000000	0.001372
SalEn.4_30461_1-243_NEs	0.393121	0.001373	0.394078	0.000000	0.001372	0.000000