SalEn.3_3994_1-275_NEs	0.000000	0.196353	0.015843	0.198630	0.000000	0.235759	0.198630	0.210262	0.211629	0.205709	0.000000	0.233884
EscCo.4_04597_1-275_NEs	0.196353	0.000000	0.193333	0.024666	0.196353	0.256465	0.024666	0.221649	0.207440	0.037214	0.196353	0.254504
SalEn.13836_1-275_NEs	0.015843	0.193333	0.000000	0.192469	0.015843	0.230455	0.192469	0.207166	0.208554	0.194430	0.015843	0.228598
EscCo.3_4172_1-274_NEs	0.198630	0.024666	0.192469	0.000000	0.198630	0.241733	0.000000	0.215597	0.201527	0.034789	0.198630	0.239810
SalEn.4_40101_1-275_NEs	0.000000	0.196353	0.015843	0.198630	0.000000	0.235759	0.198630	0.210262	0.211629	0.205709	0.000000	0.233884
KlePn.1_00371_1-275_NEs	0.235759	0.256465	0.230455	0.241733	0.235759	0.000000	0.241733	0.176066	0.202975	0.243031	0.235759	0.001223
EscCo.53902_1-274	0.198630	0.024666	0.192469	0.000000	0.198630	0.241733	0.000000	0.215597	0.201527	0.034789	0.198630	0.239810
EntCo.1_00630_1-275_NEs	0.210262	0.221649	0.207166	0.215597	0.210262	0.176066	0.215597	0.000000	0.143643	0.224541	0.210262	0.174366
CitRo.1_38491_1-275_NEs	0.211629	0.207440	0.208554	0.201527	0.211629	0.202975	0.201527	0.143643	0.000000	0.203560	0.211629	0.201203
EscCo.1_04358_1-275_NEs	0.205709	0.037214	0.194430	0.034789	0.205709	0.243031	0.034789	0.224541	0.203560	0.000000	0.205709	0.241119
SalEn.2_MW40101_1-275_NEs	0.000000	0.196353	0.015843	0.198630	0.000000	0.235759	0.198630	0.210262	0.211629	0.205709	0.000000	0.233884
KlePn.2_48441_1-275_NEs	0.233884	0.254504	0.228598	0.239810	0.233884	0.001223	0.239810	0.174366	0.201203	0.241119	0.233884	0.000000