EscCo.51200_1-356	0.000000	0.007511	0.014134	0.000000	0.011291	0.282152	0.280820
EscCo.1_01377_1-357_NEs	0.007511	0.000000	0.014096	0.007511	0.013151	0.280805	0.280544
EscCo.4_02674_1-357_NEs	0.014134	0.014096	0.000000	0.014134	0.015974	0.287501	0.287262
EscCo.3_1304_1-356_NEs	0.000000	0.007511	0.014134	0.000000	0.011291	0.282152	0.280820
EscCo.2_1590_1-357_NEs	0.011291	0.013151	0.015974	0.011291	0.000000	0.285281	0.285034
KlePn.1_01110_1-357_NEs	0.282152	0.280805	0.287501	0.282152	0.285281	0.000000	0.001890
KlePn.2_41491_1-356_NEs	0.280820	0.280544	0.287262	0.280820	0.285034	0.001890	0.000000