SalEn.3_0508_1-160_NEs	0.000000	0.290584	0.297093	0.287502	0.008407	0.000000	0.000000	0.286460	0.287484
EscCo.50505_1-160	0.290584	0.000000	0.012584	0.002083	0.290584	0.290584	0.290584	0.023368	0.010491
EscCo.1_00531_1-161_NEs	0.297093	0.012584	0.000000	0.010474	0.297093	0.297093	0.294776	0.027533	0.018871
EscCo.3_0558_1-160_NEs	0.287502	0.002083	0.010474	0.000000	0.287502	0.287502	0.287502	0.021217	0.008383
SalEn.10496_1-160_NEs	0.008407	0.290584	0.297093	0.287502	0.000000	0.008407	0.008407	0.280409	0.287484
SalEn.4_05851_1-160_NEs	0.000000	0.290584	0.297093	0.287502	0.008407	0.000000	0.000000	0.286460	0.287484
SalEn.2_MW05851_1-161_NEs	0.000000	0.290584	0.294776	0.287502	0.008407	0.000000	0.000000	0.284248	0.285256
EscCo.4_03471_1-161_NEs	0.286460	0.023368	0.027533	0.021217	0.280409	0.286460	0.284248	0.000000	0.021083
EscCo.2_46290_1-161_NEs	0.287484	0.010491	0.018871	0.008383	0.287484	0.287484	0.285256	0.021083	0.000000