SalEn.13042_1-477_NEs	0.000000	0.220290	0.196002	0.220290	0.011258	0.233724	0.011258	0.223237	0.007727	0.213243	0.231712	0.226394	0.011258
EscCo.53052_1-477	0.220290	0.000000	0.196020	0.000000	0.222049	0.222985	0.222049	0.025476	0.219317	0.202056	0.219083	0.026216	0.222049
CitRo.1_35951_1-477_Ess	0.196002	0.196020	0.000000	0.196020	0.197779	0.196826	0.197779	0.195098	0.196916	0.187174	0.194924	0.199107	0.197779
EscCo.3_3323_1-477_NEs	0.220290	0.000000	0.196020	0.000000	0.222049	0.222985	0.222049	0.025476	0.219317	0.202056	0.219083	0.026216	0.222049
SalEn.3_3173_1-477_NEs	0.011258	0.222049	0.197779	0.222049	0.000000	0.235290	0.000000	0.225000	0.009128	0.208336	0.233276	0.229324	0.000000
KlePn.1_01150_1-477_Ess	0.233724	0.222985	0.196826	0.222985	0.235290	0.000000	0.235290	0.221268	0.231557	0.186468	0.004945	0.228109	0.235290
SalEn.4_31611_1-477_NEs	0.011258	0.222049	0.197779	0.222049	0.000000	0.235290	0.000000	0.225000	0.009128	0.208336	0.233276	0.229324	0.000000
EscCo.1_03482_1-477_Ess	0.223237	0.025476	0.195098	0.025476	0.225000	0.221268	0.225000	0.000000	0.222259	0.201331	0.221132	0.027602	0.225000
SalEn.53120_1-477_Ess	0.007727	0.219317	0.196916	0.219317	0.009128	0.231557	0.009128	0.222259	0.000000	0.211152	0.229552	0.226576	0.009128
EntCo.1_32900_1-476_Ess	0.213243	0.202056	0.187174	0.202056	0.208336	0.186468	0.208336	0.201331	0.211152	0.000000	0.186403	0.204506	0.208336
KlePn.2_41091_1-477_Ess	0.231712	0.219083	0.194924	0.219083	0.233276	0.004945	0.233276	0.221132	0.229552	0.186403	0.000000	0.226072	0.233276
EscCo.4_00640_1-477_Ess	0.226394	0.026216	0.199107	0.026216	0.229324	0.228109	0.229324	0.027602	0.226576	0.204506	0.226072	0.000000	0.229324
SalEn.2_MW31611_1-477_Ess	0.011258	0.222049	0.197779	0.222049	0.000000	0.235290	0.000000	0.225000	0.009128	0.208336	0.233276	0.229324	0.000000