SalEn.3_4155_1-115_NEs	0.000000	0.832990	0.000000	0.014591	0.832002	0.790003
EscCo.4_02981_1-129_NEs	0.832990	0.000000	0.832990	0.816211	0.018339	0.153621
SalEn.4_41681_1-115_NEs	0.000000	0.832990	0.000000	0.014591	0.832002	0.790003
SalEn.13985_1-115_BeL	0.014591	0.816211	0.014591	0.000000	0.815268	0.789768
SalEn.51397_1-129_NEs	0.832002	0.018339	0.832002	0.815268	0.000000	0.162450
CitRo.1_09461_1-129_NEs	0.790003	0.153621	0.790003	0.789768	0.162450	0.000000