EscCo.52295_1-151	0.000000	0.196641	0.256160	0.008886	0.253097	0.172268	0.178131	0.172268	0.177887	0.013345	0.000000	0.172268	0.309756
CitRo.1_26971_1-151_NEs	0.196641	0.000000	0.218535	0.199085	0.218535	0.174791	0.183487	0.174791	0.172057	0.195966	0.196641	0.174791	0.250959
KlePn.2_32961_1-151_NEs	0.256160	0.218535	0.000000	0.248794	0.002217	0.230917	0.237299	0.230917	0.227981	0.261326	0.256160	0.230917	0.204536
EscCo.1_02542_1-151_NEs	0.008886	0.199085	0.248794	0.000000	0.245768	0.180841	0.186776	0.180841	0.186518	0.013320	0.008886	0.180841	0.309832
KlePn.1_03893_1-151_NEs	0.253097	0.218535	0.002217	0.245768	0.000000	0.227907	0.234265	0.227907	0.224980	0.258257	0.253097	0.227907	0.204536
SalEn.4_23581_1-151_NEs	0.172268	0.174791	0.230917	0.180841	0.227907	0.000000	0.013359	0.000000	0.004426	0.180628	0.172268	0.000000	0.292400
SalEn.50528_1-151_NEs	0.178131	0.183487	0.237299	0.186776	0.234265	0.013359	0.000000	0.013359	0.008886	0.186554	0.178131	0.013359	0.292941
SalEn.2_MW23581_1-151_NEs	0.172268	0.174791	0.230917	0.180841	0.227907	0.000000	0.013359	0.000000	0.004426	0.180628	0.172268	0.000000	0.292400
SalEn.12318_1-151_NEs	0.177887	0.172057	0.227981	0.186518	0.224980	0.004426	0.008886	0.004426	0.000000	0.186297	0.177887	0.004426	0.288633
EscCo.4_01415_1-151_NEs	0.013345	0.195966	0.261326	0.013320	0.258257	0.180628	0.186554	0.180628	0.186297	0.000000	0.013345	0.180628	0.305856
EscCo.3_2430_1-151_NEs	0.000000	0.196641	0.256160	0.008886	0.253097	0.172268	0.178131	0.172268	0.177887	0.013345	0.000000	0.172268	0.309756
SalEn.3_2305_1-151_NEs	0.172268	0.174791	0.230917	0.180841	0.227907	0.000000	0.013359	0.000000	0.004426	0.180628	0.172268	0.000000	0.292400
EntCo.1_39160_1-125_NEs	0.309756	0.250959	0.204536	0.309832	0.204536	0.292400	0.292941	0.292400	0.288633	0.305856	0.309756	0.292400	0.000000