SalEn.13663_1-249_NEs	0.000000	0.318283	0.005367	0.334850	0.005367	0.615356	0.005367	0.005367	0.312142	0.309954	0.610250	0.309954
EscCo.1_04162_1-249_NEs	0.318283	0.000000	0.316349	0.387305	0.314283	0.624623	0.314283	0.314283	0.014852	0.008057	0.625632	0.008057
SalEn.53674_1-249_NEs	0.005367	0.316349	0.000000	0.332780	0.005368	0.615486	0.005368	0.005368	0.310218	0.308035	0.610378	0.308035
CitRo.1_40211_1-253_NEs	0.334850	0.387305	0.332780	0.000000	0.332780	0.639348	0.332780	0.332780	0.380361	0.371922	0.634139	0.380272
SalEn.2_MW38341_1-249_NEs	0.005367	0.314283	0.005368	0.332780	0.000000	0.612310	0.000000	0.000000	0.308166	0.305988	0.607228	0.305988
KlePn.2_47581_1-242_BeL	0.615356	0.624623	0.615486	0.639348	0.612310	0.000000	0.612310	0.612310	0.632342	0.617632	0.005567	0.617632
SalEn.3_3816_1-249_NEs	0.005367	0.314283	0.005368	0.332780	0.000000	0.612310	0.000000	0.000000	0.308166	0.305988	0.607228	0.305988
SalEn.4_38341_1-249_NEs	0.005367	0.314283	0.005368	0.332780	0.000000	0.612310	0.000000	0.000000	0.308166	0.305988	0.607228	0.305988
EscCo.4_04805_1-249_NEs	0.312142	0.014852	0.310218	0.380361	0.308166	0.632342	0.308166	0.308166	0.000000	0.014843	0.630297	0.014843
EscCo.3_4003_1-253_NEs	0.309954	0.008057	0.308035	0.371922	0.305988	0.617632	0.305988	0.305988	0.014843	0.000000	0.618657	0.000000
KlePn.1_00463_1-242_NEs	0.610250	0.625632	0.610378	0.634139	0.607228	0.005567	0.607228	0.607228	0.630297	0.618657	0.000000	0.618657
EscCo.53712_1-249	0.309954	0.008057	0.308035	0.380272	0.305988	0.617632	0.305988	0.305988	0.014843	0.000000	0.618657	0.000000