SalEn.4_11321_1-131_NEs	0.000000	0.000000	0.461511	0.346129	0.000000	0.471398	0.026019	0.020646	0.423848
SalEn.2_MW11321_1-131_NEs	0.000000	0.000000	0.461511	0.346129	0.000000	0.471398	0.026019	0.020646	0.423848
KlePn.2_16551_1-131_NEs	0.461511	0.461511	0.000000	0.436864	0.461511	0.005157	0.479047	0.459059	0.489835
CitRo.1_10671_1-131_NEs	0.346129	0.346129	0.436864	0.000000	0.346129	0.446555	0.350800	0.348060	0.375174
SalEn.3_1061_1-131_NEs	0.000000	0.000000	0.461511	0.346129	0.000000	0.471398	0.026019	0.020646	0.423848
KlePn.1_03518_1-131_NEs	0.471398	0.471398	0.005157	0.446555	0.471398	0.000000	0.489197	0.468966	0.488443
SalEn.10986_1-131_NEs	0.026019	0.026019	0.479047	0.350800	0.026019	0.489197	0.000000	0.020648	0.425078
SalEn.51798_1-131_NEs	0.020646	0.020646	0.459059	0.348060	0.020646	0.468966	0.020648	0.000000	0.410268
EntCo.1_16210_1-131_NEs	0.423848	0.423848	0.489835	0.375174	0.423848	0.488443	0.425078	0.410268	0.000000