SalEn.3_4279_1-244_NEs	0.000000	1.118700	0.006857	1.050809	0.100016	0.103110	0.079605	1.105215	1.050809	0.167839	0.004109	0.103110	0.171158	1.053945	1.052731	0.000000	1.103735	1.052731	0.106213	0.000000	1.099376	0.103110	1.127719	0.154895	1.052731	1.057499	1.108713	1.068115
EscCo.4_03271_1-238_NEs	1.118700	0.000000	1.118700	0.147636	1.093403	1.088079	1.044227	0.014098	0.149307	1.110081	1.118744	1.082769	1.086987	0.126727	0.124999	1.118700	0.009838	0.124999	1.087637	1.118700	0.175870	1.092932	0.009845	1.116603	0.124999	0.129890	0.008426	0.137120
SalEn.54394_1-244_NEs	0.006857	1.118700	0.000000	1.050809	0.103126	0.106229	0.079605	1.105215	1.050809	0.167839	0.005482	0.106230	0.171159	1.053945	1.052731	0.006857	1.103735	1.052731	0.109343	0.006857	1.104805	0.106230	1.127719	0.154896	1.052731	1.057499	1.108713	1.073004
KlePn.1_03174_1-238_NEs	1.050809	0.147636	1.050809	0.000000	1.061476	1.061476	0.997102	0.149506	0.001405	1.027832	1.050848	1.056228	1.016550	0.157989	0.151002	1.050809	0.140976	0.151002	1.071061	1.050809	0.145255	1.066283	0.147808	1.042313	0.151002	0.152696	0.145991	0.104490
EscCo.4_04299_1-244_NEs	0.100016	1.093403	0.103126	1.061476	0.000000	0.002737	0.102845	1.090986	1.056228	0.174486	0.101578	0.002737	0.174041	1.043360	1.051850	0.100016	1.094346	1.051850	0.005482	0.100016	1.091913	0.002737	1.097164	0.143500	1.051850	1.056503	1.089016	1.076405
EscCo.2_38160_1-244_NEs	0.103110	1.088079	0.106229	1.061476	0.002737	0.000000	0.105940	1.085684	1.056228	0.174457	0.104677	0.002737	0.174011	1.038325	1.046772	0.103110	1.089016	1.046772	0.005481	0.103110	1.096740	0.002737	1.091808	0.146780	1.046772	1.051413	1.083700	1.071174
CitRo.1_32171_1-244_NEs	0.079605	1.044227	0.079605	0.997102	0.102845	0.105940	0.000000	1.036974	0.992030	0.162292	0.081123	0.105941	0.158524	0.994531	0.993174	0.079605	1.030263	0.993174	0.109044	0.079605	1.052631	0.105941	1.052349	0.143188	0.993174	0.997653	1.034907	0.997996
EscCo.50724_1-238	1.105215	0.014098	1.105215	0.149506	1.090986	1.085684	1.036974	0.000000	0.151183	1.096684	1.105258	1.080398	1.073928	0.128540	0.126805	1.105215	0.007025	0.126805	1.085245	1.105215	0.176112	1.090518	0.009857	1.113528	0.126805	0.131712	0.008435	0.137301
KlePn.2_13041_1-238_NEs	1.050809	0.149307	1.050809	0.001405	1.056228	1.056228	0.992030	0.151183	0.000000	1.027832	1.050848	1.050997	1.016550	0.156258	0.149285	1.050809	0.142637	0.149285	1.065787	1.050809	0.146933	1.061022	0.149482	1.042313	0.149285	0.150976	0.147660	0.102881
KlePn.1_02030_1-244_NEs	0.167839	1.110081	0.167839	1.027832	0.174486	0.174457	0.162292	1.096684	1.027832	0.000000	0.169556	0.174458	0.013846	1.028916	1.023043	0.167839	1.105588	1.023043	0.177855	0.167839	1.028347	0.174458	1.119027	0.119521	1.023043	1.027675	1.100134	1.059721
SalEn.14112_1-244_NEs	0.004109	1.118744	0.005482	1.050848	0.101578	0.104677	0.081123	1.105258	1.050848	0.169556	0.000000	0.104677	0.172881	1.044069	1.042823	0.004109	1.103778	1.042823	0.107785	0.004109	1.094430	0.104677	1.127764	0.153244	1.042823	1.047567	1.108756	1.068156
EscCo.54153_1-244	0.103110	1.082769	0.106230	1.056228	0.002737	0.002737	0.105941	1.080398	1.050997	0.174458	0.104677	0.000000	0.174012	1.033306	1.041709	0.103110	1.083700	1.041709	0.005481	0.103110	1.091446	0.002737	1.086467	0.146781	1.041709	1.046337	1.078401	1.065959
KlePn.2_01651_1-244_NEs	0.171158	1.086987	0.171159	1.016550	0.174041	0.174011	0.158524	1.073928	1.016550	0.013846	0.172881	0.174012	0.000000	1.022218	1.016383	0.171158	1.082570	1.016383	0.177399	0.171158	1.026579	0.174012	1.095669	0.117631	1.016383	1.020964	1.077225	1.042776
SalEn.52141_1-239_NEs	1.053945	0.126727	1.053945	0.157989	1.043360	1.038325	0.994531	0.128540	0.156258	1.028916	1.044069	1.033306	1.022218	0.000000	0.009800	1.053945	0.121885	0.009800	1.032903	1.053945	0.167813	1.042929	0.128519	1.055983	0.009800	0.014031	0.126767	0.129591
SalEn.3_0717_1-239_NEs	1.052731	0.124999	1.052731	0.151002	1.051850	1.046772	0.993174	0.126805	0.149285	1.023043	1.042823	1.041709	1.016383	0.009800	0.000000	1.052731	0.120168	0.000000	1.041300	1.052731	0.171131	1.051413	0.126784	1.054769	0.000000	0.004184	0.125038	0.128096
SalEn.2_MW42901_1-244_NEs	0.000000	1.118700	0.006857	1.050809	0.100016	0.103110	0.079605	1.105215	1.050809	0.167839	0.004109	0.103110	0.171158	1.053945	1.052731	0.000000	1.103735	1.052731	0.106213	0.000000	1.099376	0.103110	1.127719	0.154895	1.052731	1.057499	1.108713	1.068115
EscCo.1_00723_1-238_NEs	1.103735	0.009838	1.103735	0.140976	1.094346	1.089016	1.030263	0.007025	0.142637	1.105588	1.103778	1.083700	1.082570	0.121885	0.120168	1.103735	0.000000	0.120168	1.088573	1.103735	0.170735	1.093875	0.005615	1.112065	0.120168	0.125038	0.004205	0.128916
SalEn.2_MW07921_1-239_NEs	1.052731	0.124999	1.052731	0.151002	1.051850	1.046772	0.993174	0.126805	0.149285	1.023043	1.042823	1.041709	1.016383	0.009800	0.000000	1.052731	0.120168	0.000000	1.041300	1.052731	0.171131	1.051413	0.126784	1.054769	0.000000	0.004184	0.125038	0.128096
EscCo.1_04634_1-244_BeL	0.106213	1.087637	0.109343	1.071061	0.005482	0.005481	0.109044	1.085245	1.065787	0.177855	0.107785	0.005481	0.177399	1.032903	1.041300	0.106213	1.088573	1.041300	0.000000	0.106213	1.096297	0.002736	1.091363	0.150072	1.041300	1.045927	1.083261	1.070745
SalEn.4_42901_1-244_NEs	0.000000	1.118700	0.006857	1.050809	0.100016	0.103110	0.079605	1.105215	1.050809	0.167839	0.004109	0.103110	0.171158	1.053945	1.052731	0.000000	1.103735	1.052731	0.106213	0.000000	1.099376	0.103110	1.127719	0.154895	1.052731	1.057499	1.108713	1.068115
EntCo.1_20140_1-238_NEs	1.099376	0.175870	1.104805	0.145255	1.091913	1.096740	1.052631	0.176112	0.146933	1.028347	1.094430	1.091446	1.026579	0.167813	0.171131	1.099376	0.170735	0.171131	1.096297	1.099376	0.000000	1.101576	0.177841	1.096401	0.171131	0.172854	0.172454	0.157926
EscCo.3_4502_1-244_NEs	0.103110	1.092932	0.106230	1.066283	0.002737	0.002737	0.105941	1.090518	1.061022	0.174458	0.104677	0.002737	0.174012	1.042929	1.051413	0.103110	1.093875	1.051413	0.002736	0.103110	1.101576	0.000000	1.096689	0.146781	1.051413	1.056063	1.088547	1.075947
EscCo.3_0735_1-238_NEs	1.127719	0.009845	1.127719	0.147808	1.097164	1.091808	1.052349	0.009857	0.149482	1.119027	1.127764	1.086467	1.095669	0.128519	0.126784	1.127719	0.005615	0.126784	1.091363	1.127719	0.177841	1.096689	0.000000	1.125671	0.126784	0.131691	0.004208	0.135630
EntCo.1_42560_1-244_NEs	0.154895	1.116603	0.154896	1.042313	0.143500	0.146780	0.143188	1.113528	1.042313	0.119521	0.153244	0.146781	0.117631	1.055983	1.054769	0.154895	1.112065	1.054769	0.150072	0.154895	1.096401	0.146781	1.125671	0.000000	1.054769	1.059572	1.112065	1.060773
SalEn.4_07921_1-239_NEs	1.052731	0.124999	1.052731	0.151002	1.051850	1.046772	0.993174	0.126805	0.149285	1.023043	1.042823	1.041709	1.016383	0.009800	0.000000	1.052731	0.120168	0.000000	1.041300	1.052731	0.171131	1.051413	0.126784	1.054769	0.000000	0.004184	0.125038	0.128096
SalEn.10685_1-239_NEs	1.057499	0.129890	1.057499	0.152696	1.056503	1.051413	0.997653	0.131712	0.150976	1.027675	1.047567	1.046337	1.020964	0.014031	0.004184	1.057499	0.125038	0.004184	1.045927	1.057499	0.172854	1.056063	0.131691	1.059572	0.004184	0.000000	0.129931	0.129741
EscCo.2_48200_1-238_NEs	1.108713	0.008426	1.108713	0.145991	1.089016	1.083700	1.034907	0.008435	0.147660	1.100134	1.108756	1.078401	1.077225	0.126767	0.125038	1.108713	0.004205	0.125038	1.083261	1.108713	0.172454	1.088547	0.004208	1.112065	0.125038	0.129931	0.000000	0.133852
CitRo.1_07221_1-238_NEs	1.068115	0.137120	1.073004	0.104490	1.076405	1.071174	0.997996	0.137301	0.102881	1.059721	1.068156	1.065959	1.042776	0.129591	0.128096	1.068115	0.128916	0.128096	1.070745	1.068115	0.157926	1.075947	0.135630	1.060773	0.128096	0.129741	0.133852	0.000000