SalEn.3_3564_1-439_NEs	0.000000	1.104506	1.094240	1.149443	1.136106	0.988158	1.156811	0.238557	1.174307	0.969469	1.091665	0.975432	0.937989	1.103044	1.402841	1.032011	1.104506	0.000760	0.970530	0.932478	0.000760	0.009171	1.023815	1.146261	1.094240	1.104506	1.112826	0.970530	1.102714	1.171235	0.971263	1.156811
SalEn.4_42521_1-446_NEs	1.104506	0.000000	1.134983	0.164690	0.157048	1.055504	0.159056	1.102641	0.218738	1.035304	1.133289	1.045611	0.961235	1.133470	1.485967	1.244255	0.000000	1.107291	1.042073	0.958791	1.107291	1.112849	1.014738	0.158228	1.134983	0.000000	0.009018	1.042073	0.006758	0.215727	1.018485	0.159056
EscCo.44138_1-433	1.094240	1.134983	0.000000	1.092856	1.056588	0.169928	1.090734	1.142841	1.091541	0.165608	0.003849	0.166554	0.518870	0.005398	0.864574	0.887452	1.134983	1.096987	0.167603	0.526598	1.096987	1.083330	0.165871	1.089229	0.000768	1.134983	1.120777	0.167603	1.124602	1.083349	0.497021	1.090734
EscCo.1_04600_1-446_NEs	1.149443	0.164690	1.092856	0.000000	0.168337	1.037836	0.004495	1.148084	0.243867	1.045363	1.091327	1.049713	1.011455	1.091488	1.443873	1.238395	0.164690	1.152331	1.046164	1.003538	1.152331	1.158753	1.014163	0.009774	1.092856	0.164690	0.165584	1.046164	0.165674	0.241792	1.025174	0.004495
CitRo.1_34861_1-446_NEs	1.136106	0.157048	1.056588	0.168337	0.000000	1.037703	0.167258	1.135727	0.199865	1.038272	1.055164	1.048671	0.970219	1.060621	1.504672	1.219282	0.157048	1.138952	1.045103	0.967748	1.138952	1.142076	1.003475	0.164617	1.056588	0.157048	0.158857	1.045103	0.158023	0.196929	0.987836	0.167258
SalEn.54376_1-433_NEs	0.988158	1.055504	0.169928	1.037836	1.037703	0.000000	1.041004	1.100453	1.082159	0.007630	0.170781	0.011900	0.504221	0.168859	0.901887	0.835492	1.055504	0.990657	0.011045	0.511915	0.990657	0.975921	0.141878	1.039836	0.170886	1.055504	1.063124	0.011045	1.051325	1.076872	0.493684	1.041004
EscCo.44123_1-446	1.156811	0.159056	1.090734	0.004495	0.167258	1.041004	0.000000	1.154641	0.240892	1.048856	1.089211	1.053220	1.008994	1.089371	1.447510	1.238554	0.159056	1.159721	1.049663	1.001094	1.159721	1.166196	1.006788	0.006751	1.090734	0.159056	0.159945	1.049663	0.160032	0.238823	1.022825	0.000000
CitRo.1_42971_1-439_NEs	0.238557	1.102641	1.142841	1.148084	1.135727	1.100453	1.154641	0.000000	1.119013	1.089841	1.146291	1.103286	0.910562	1.146496	1.355861	1.080371	1.102641	0.239593	1.094402	0.912177	0.239593	0.236831	1.003838	1.149617	1.142841	1.102641	1.102595	1.094402	1.100704	1.109891	0.945415	1.154641
KlePn.1_01837_1-446_NEs	1.174307	0.218738	1.091541	0.243867	0.199865	1.082159	0.240892	1.119013	0.000000	1.073967	1.087252	1.078791	0.999259	1.100802	1.434554	1.240371	0.218738	1.177302	1.075092	0.996653	1.177302	1.175019	1.039881	0.240039	1.091541	0.218738	0.227695	1.075092	0.221845	0.003753	1.026680	0.240892
SalEn.14095_1-394_NEs	0.969469	1.035304	0.165608	1.045363	1.038272	0.007630	1.048856	1.089841	1.073967	0.000000	0.166541	0.005932	0.502198	0.164445	0.903006	0.806531	1.035304	0.972189	0.005083	0.510639	0.972189	0.956157	0.149002	1.047556	0.166653	1.035304	1.043511	0.005083	1.030847	1.070925	0.497720	1.048856
EscCo.3_04317_1-434_NEs	1.091665	1.133289	0.003849	1.091327	1.055164	0.170781	1.089211	1.146291	1.087252	0.166541	0.000000	0.166955	0.514831	0.006153	0.876505	0.875389	1.133289	1.094408	0.168536	0.524579	1.094408	1.080771	0.164814	1.087713	0.004621	1.133289	1.119125	0.168536	1.122943	1.079094	0.498871	1.089211
SalEn.2_MW42741_1-395_NEs	0.975432	1.045611	0.166554	1.049713	1.048671	0.011900	1.053220	1.103286	1.078791	0.005932	0.166955	0.000000	0.496206	0.165910	0.900610	0.800148	1.045611	0.978170	0.000844	0.506748	0.978170	0.962030	0.150932	1.051908	0.167598	1.045611	1.053871	0.000844	1.041104	1.075736	0.495576	1.053220
KlePn.1_02004_1-434_NEs	0.937989	0.961235	0.518870	1.011455	0.970219	0.504221	1.008994	0.910562	0.999259	0.502198	0.514831	0.496206	0.000000	0.520208	0.854992	0.933601	0.961235	0.940421	0.499979	0.006983	0.940421	0.938846	0.495086	1.016242	0.520362	0.961235	0.966075	0.499979	0.960024	0.993733	0.176566	1.008994
EscCo.1_04616_1-434_NEs	1.103044	1.133470	0.005398	1.091488	1.060621	0.168859	1.089371	1.146496	1.100802	0.164445	0.006153	0.165910	0.520208	0.000000	0.873965	0.880490	1.133470	1.105802	0.166437	0.530038	1.105802	1.092091	0.163857	1.087872	0.006172	1.133470	1.119301	0.166437	1.123120	1.090094	0.502742	1.089371
CitRo.1_03541_1-429_NEs	1.402841	1.485967	0.864574	1.443873	1.504672	0.901887	1.447510	1.355861	1.434554	0.903006	0.876505	0.900610	0.854992	0.873965	0.000000	1.256578	1.485967	1.406457	0.896051	0.853884	1.406457	1.406827	0.815443	1.456125	0.864574	1.485967	1.489143	0.896051	1.482624	1.430897	0.850653	1.447510
EscCo.1_01108_2-358_NEs	1.032011	1.244255	0.887452	1.238395	1.219282	0.835492	1.238554	1.080371	1.240371	0.806531	0.875389	0.800148	0.933601	0.880490	1.256578	0.000000	1.244255	1.035257	0.799740	0.940763	1.035257	1.027933	0.801694	1.235517	0.884779	1.244255	1.243576	0.799740	1.241262	1.248619	0.876259	1.238554
SalEn.3_4238_1-446_NEs	1.104506	0.000000	1.134983	0.164690	0.157048	1.055504	0.159056	1.102641	0.218738	1.035304	1.133289	1.045611	0.961235	1.133470	1.485967	1.244255	0.000000	1.107291	1.042073	0.958791	1.107291	1.112849	1.014738	0.158228	1.134983	0.000000	0.009018	1.042073	0.006758	0.215727	1.018485	0.159056
SalEn.4_35881_1-439_NEs	0.000760	1.107291	1.096987	1.152331	1.138952	0.990657	1.159721	0.239593	1.177302	0.972189	1.094408	0.978170	0.940421	1.105802	1.406457	1.035257	1.107291	0.000000	0.973256	0.934904	0.000000	0.009939	1.026390	1.149153	1.096987	1.107291	1.115621	0.973256	1.105491	1.174226	0.973740	1.159721
SalEn.4_42741_1-394_NEs	0.970530	1.042073	0.167603	1.046164	1.045103	0.011045	1.049663	1.094402	1.075092	0.005083	0.168536	0.000844	0.499979	0.166437	0.896051	0.799740	1.042073	0.973256	0.000000	0.508394	0.973256	0.957186	0.151965	1.048360	0.168649	1.042073	1.050319	0.000000	1.037581	1.072044	0.497195	1.049663
KlePn.2_01391_1-433_NEs	0.932478	0.958791	0.526598	1.003538	0.967748	0.511915	1.001094	0.912177	0.996653	0.510639	0.524579	0.506748	0.006983	0.530038	0.853884	0.940763	0.958791	0.934904	0.508394	0.000000	0.934904	0.938245	0.501190	1.008276	0.528101	0.958791	0.963616	0.508394	0.957587	0.991147	0.181313	1.001094
SalEn.2_MW35881_1-439_BeL	0.000760	1.107291	1.096987	1.152331	1.138952	0.990657	1.159721	0.239593	1.177302	0.972189	1.094408	0.978170	0.940421	1.105802	1.406457	1.035257	1.107291	0.000000	0.973256	0.934904	0.000000	0.009939	1.026390	1.149153	1.096987	1.107291	1.115621	0.973256	1.105491	1.174226	0.973740	1.159721
SalEn.13422_1-439_BeL	0.009171	1.112849	1.083330	1.158753	1.142076	0.975921	1.166196	0.236831	1.175019	0.956157	1.080771	0.962030	0.938846	1.092091	1.406827	1.027933	1.112849	0.009939	0.957186	0.938245	0.009939	0.000000	1.018983	1.155580	1.083330	1.112849	1.121170	0.957186	1.111039	1.171943	0.977187	1.166196
CitRo.1_32011_1-433_NEs	1.023815	1.014738	0.165871	1.014163	1.003475	0.141878	1.006788	1.003838	1.039881	0.149002	0.164814	0.150932	0.495086	0.163857	0.815443	0.801694	1.014738	1.026390	0.151965	0.501190	1.026390	1.018983	0.000000	1.002917	0.164915	1.014738	1.017002	0.151965	1.008246	1.032204	0.476329	1.006788
EscCo.3_04342_1-446_NEs	1.146261	0.158228	1.089229	0.009774	0.164617	1.039836	0.006751	1.149617	0.240039	1.047556	1.087713	1.051908	1.016242	1.087872	1.456125	1.235517	0.158228	1.149153	1.048360	1.008276	1.149153	1.155580	1.002917	0.000000	1.089229	0.158228	0.160953	1.048360	0.161041	0.237971	1.016092	0.006751
EscCo.2_4485_1-433_NEs	1.094240	1.134983	0.000768	1.092856	1.056588	0.170886	1.090734	1.142841	1.091541	0.166653	0.004621	0.167598	0.520362	0.006172	0.864574	0.884779	1.134983	1.096987	0.168649	0.528101	1.096987	1.083330	0.164915	1.089229	0.000000	1.134983	1.120777	0.168649	1.124602	1.083349	0.498478	1.090734
SalEn.2_MW42521_1-446_NEs	1.104506	0.000000	1.134983	0.164690	0.157048	1.055504	0.159056	1.102641	0.218738	1.035304	1.133289	1.045611	0.961235	1.133470	1.485967	1.244255	0.000000	1.107291	1.042073	0.958791	1.107291	1.112849	1.014738	0.158228	1.134983	0.000000	0.009018	1.042073	0.006758	0.215727	1.018485	0.159056
SalEn.54208_1-446_NEs	1.112826	0.009018	1.120777	0.165584	0.158857	1.063124	0.159945	1.102595	0.227695	1.043511	1.119125	1.053871	0.966075	1.119301	1.489143	1.243576	0.009018	1.115621	1.050319	0.963616	1.115621	1.121170	1.017002	0.160953	1.120777	0.009018	0.000000	1.050319	0.009776	0.224656	1.031264	0.159945
SalEn.3_4262_1-394_NEs	0.970530	1.042073	0.167603	1.046164	1.045103	0.011045	1.049663	1.094402	1.075092	0.005083	0.168536	0.000844	0.499979	0.166437	0.896051	0.799740	1.042073	0.973256	0.000000	0.508394	0.973256	0.957186	0.151965	1.048360	0.168649	1.042073	1.050319	0.000000	1.037581	1.072044	0.497195	1.049663
SalEn.14073_1-446_NEs	1.102714	0.006758	1.124602	0.165674	0.158023	1.051325	0.160032	1.100704	0.221845	1.030847	1.122943	1.041104	0.960024	1.123120	1.482624	1.241262	0.006758	1.105491	1.037581	0.957587	1.105491	1.111039	1.008246	0.161041	1.124602	0.006758	0.009776	1.037581	0.000000	0.218823	1.027127	0.160032
KlePn.2_49821_1-446_NEs	1.171235	0.215727	1.083349	0.241792	0.196929	1.076872	0.238823	1.109891	0.003753	1.070925	1.079094	1.075736	0.993733	1.090094	1.430897	1.248619	0.215727	1.174226	1.072044	0.991147	1.174226	1.171943	1.032204	0.237971	1.083349	0.215727	0.224656	1.072044	0.218823	0.000000	1.023848	0.238823
EntCo.1_42350_1-433_NEs	0.971263	1.018485	0.497021	1.025174	0.987836	0.493684	1.022825	0.945415	1.026680	0.497720	0.498871	0.495576	0.176566	0.502742	0.850653	0.876259	1.018485	0.973740	0.497195	0.181313	0.973740	0.977187	0.476329	1.016092	0.498478	1.018485	1.031264	0.497195	1.027127	1.023848	0.000000	1.022825
EscCo.2_4433_1-446_NEs	1.156811	0.159056	1.090734	0.004495	0.167258	1.041004	0.000000	1.154641	0.240892	1.048856	1.089211	1.053220	1.008994	1.089371	1.447510	1.238554	0.159056	1.159721	1.049663	1.001094	1.159721	1.166196	1.006788	0.006751	1.090734	0.159056	0.159945	1.049663	0.160032	0.238823	1.022825	0.000000