SalEn.4_24531_1-79_NEs	0.000000	0.404833	0.404833	0.000000	0.012752	0.000000	0.012803
KlePn.1_03814_1-80_NEs	0.404833	0.000000	0.008484	0.396094	0.420302	0.404833	0.397086
KlePn.2_34241_1-79_Ess	0.404833	0.008484	0.000000	0.404833	0.420302	0.404833	0.397086
SalEn.2_MW24531_1-80_NEs	0.000000	0.396094	0.404833	0.000000	0.012752	0.000000	0.012803
SalEn.50422_1-79_NEs	0.012752	0.420302	0.420302	0.012752	0.000000	0.012752	0.017111
SalEn.3_2397_1-79_NEs	0.000000	0.404833	0.404833	0.000000	0.012752	0.000000	0.012803
SalEn.12415_1-79_NEs	0.012803	0.397086	0.397086	0.012803	0.017111	0.012803	0.000000