CitRo.1_37661_1-121_Ess	0.000000	0.045797	0.031237	0.028307	0.008314	0.028307	0.008314	0.028307	0.008314	0.028307	0.011104	0.025340	0.025340	0.008314
EntCo.1_01400_1-121_Ess	0.045797	0.000000	0.042868	0.039882	0.036971	0.039882	0.036971	0.039882	0.036971	0.039882	0.034079	0.045872	0.045872	0.036971
EscCo.4_04510_1-121_Ess	0.031237	0.042868	0.000000	0.002764	0.034073	0.002764	0.034073	0.002764	0.034073	0.002764	0.036976	0.040146	0.040146	0.034073
EscCo.2_36090_1-121_Ess	0.028307	0.039882	0.002764	0.000000	0.031134	0.000000	0.031134	0.000000	0.031134	0.000000	0.034024	0.037159	0.037159	0.031134
SalEn.3_4091_1-121_Ess	0.008314	0.036971	0.034073	0.031134	0.000000	0.031134	0.000000	0.031134	0.000000	0.031134	0.002759	0.028152	0.028152	0.000000
EscCo.53986_1-121	0.028307	0.039882	0.002764	0.000000	0.031134	0.000000	0.031134	0.000000	0.031134	0.000000	0.034024	0.037159	0.037159	0.031134
SalEn.53475_1-121_Ess	0.008314	0.036971	0.034073	0.031134	0.000000	0.031134	0.000000	0.031134	0.000000	0.031134	0.002759	0.028152	0.028152	0.000000
EscCo.3_4245_1-121_Ess	0.028307	0.039882	0.002764	0.000000	0.031134	0.000000	0.031134	0.000000	0.031134	0.000000	0.034024	0.037159	0.037159	0.031134
SalEn.2_MW41051_1-121_Ess	0.008314	0.036971	0.034073	0.031134	0.000000	0.031134	0.000000	0.031134	0.000000	0.031134	0.002759	0.028152	0.028152	0.000000
EscCo.1_04447_1-121_Ess	0.028307	0.039882	0.002764	0.000000	0.031134	0.000000	0.031134	0.000000	0.031134	0.000000	0.034024	0.037159	0.037159	0.031134
SalEn.13936_1-121_Ess	0.011104	0.034079	0.036976	0.034024	0.002759	0.034024	0.002759	0.034024	0.002759	0.034024	0.000000	0.031020	0.031020	0.002759
KlePn.2_49791_1-121_Ess	0.025340	0.045872	0.040146	0.037159	0.028152	0.037159	0.028152	0.037159	0.028152	0.037159	0.031020	0.000000	0.000000	0.028152
KlePn.1_01833_1-121_Ess	0.025340	0.045872	0.040146	0.037159	0.028152	0.037159	0.028152	0.037159	0.028152	0.037159	0.031020	0.000000	0.000000	0.028152
SalEn.4_41051_1-121_Ess	0.008314	0.036971	0.034073	0.031134	0.000000	0.031134	0.000000	0.031134	0.000000	0.031134	0.002759	0.028152	0.028152	0.000000