SalEn.10479_72-229_NEs	0.000000	0.129881	0.129881	0.219330	0.012536	0.130266	0.135976	0.012536	0.220990	0.214519	0.002110	0.012536	0.133220	0.127438
EscCo.3_0536_103-230_NEs	0.129881	0.000000	0.000000	0.230918	0.118778	0.010489	0.013092	0.118778	0.225581	0.181541	0.126839	0.118778	0.015770	0.143777
EscCo.50484_103-230	0.129881	0.000000	0.000000	0.230918	0.118778	0.010489	0.013092	0.118778	0.225581	0.181541	0.126839	0.118778	0.015770	0.143777
KlePn.1_02817_80-228_NEs	0.219330	0.230918	0.230918	0.000000	0.215256	0.237975	0.237975	0.215256	0.006790	0.203570	0.216367	0.215256	0.233978	0.212263
SalEn.2_MW05681_73-206_NEs	0.012536	0.118778	0.118778	0.215256	0.000000	0.126737	0.122454	0.000000	0.215514	0.233146	0.010019	0.000000	0.126462	0.127211
EscCo.2_46000_103-230_NEs	0.130266	0.010489	0.010489	0.237975	0.126737	0.000000	0.023769	0.126737	0.232559	0.192147	0.133449	0.126737	0.021072	0.157064
EscCo.4_03491_103-230_NEs	0.135976	0.013092	0.013092	0.237975	0.122454	0.023769	0.000000	0.122454	0.232559	0.181345	0.132920	0.122454	0.023752	0.150010
SalEn.4_05681_73-206_NEs	0.012536	0.118778	0.118778	0.215256	0.000000	0.126737	0.122454	0.000000	0.215514	0.233146	0.010019	0.000000	0.126462	0.127211
KlePn.2_09531_80-231_NEs	0.220990	0.225581	0.225581	0.006790	0.215514	0.232559	0.232559	0.215514	0.000000	0.201958	0.218038	0.215514	0.228617	0.213669
EntCo.1_22440_93-231_NEs	0.214519	0.181541	0.181541	0.203570	0.233146	0.192147	0.181345	0.233146	0.201958	0.000000	0.211356	0.233146	0.181965	0.182333
SalEn.52362_72-229_NEs	0.002110	0.126839	0.126839	0.216367	0.010019	0.133449	0.132920	0.010019	0.218038	0.211356	0.000000	0.010019	0.130164	0.124952
SalEn.3_0491_73-206_NEs	0.012536	0.118778	0.118778	0.215256	0.000000	0.126737	0.122454	0.000000	0.215514	0.233146	0.010019	0.000000	0.126462	0.127211
EscCo.1_00516_103-230_NEs	0.133220	0.015770	0.015770	0.233978	0.126462	0.021072	0.023752	0.126462	0.228617	0.181965	0.130164	0.126462	0.000000	0.150502
CitRo.1_05411_73-233_NEs	0.127438	0.143777	0.143777	0.212263	0.127211	0.157064	0.150010	0.127211	0.213669	0.182333	0.124952	0.127211	0.150502	0.000000