KlePn.1_02449_1-187_NEs	0.000000	0.346008	0.312086	0.267195	0.267195	0.301096	0.314686	0.312580	0.265256	0.312580	0.312580	0.267195	0.000000	0.267715
EntCo.1_46210_1-187_NEs	0.346008	0.000000	0.287199	0.302069	0.302069	0.306079	0.292231	0.285126	0.295327	0.285126	0.285126	0.302069	0.346008	0.298941
SalEn.50152_1-187_NEs	0.312086	0.287199	0.000000	0.245369	0.245369	0.212655	0.003571	0.003577	0.250119	0.003577	0.003577	0.245369	0.312086	0.242507
EscCo.1_00119_1-184_NEs	0.267195	0.302069	0.245369	0.000000	0.000000	0.244298	0.247823	0.248285	0.018388	0.248285	0.248285	0.000000	0.267195	0.003630
EscCo.50110_1-183	0.267195	0.302069	0.245369	0.000000	0.000000	0.244298	0.247823	0.248285	0.018493	0.248285	0.248285	0.000000	0.267195	0.003650
CitRo.1_01141_1-187_NEs	0.301096	0.306079	0.212655	0.244298	0.244298	0.000000	0.214937	0.212953	0.237347	0.212953	0.212953	0.244298	0.301096	0.238939
SalEn.10150_1-187_NEs	0.314686	0.292231	0.003571	0.247823	0.247823	0.214937	0.000000	0.007165	0.252581	0.007165	0.007165	0.247823	0.314686	0.244951
SalEn.4_01521_1-187_NEs	0.312580	0.285126	0.003577	0.248285	0.248285	0.212953	0.007165	0.000000	0.250496	0.000000	0.000000	0.248285	0.312580	0.245407
EscCo.4_03877_1-184_NEs	0.265256	0.295327	0.250119	0.018388	0.018493	0.237347	0.252581	0.250496	0.000000	0.250496	0.250496	0.018493	0.265256	0.014664
SalEn.3_0146_1-187_NEs	0.312580	0.285126	0.003577	0.248285	0.248285	0.212953	0.007165	0.000000	0.250496	0.000000	0.000000	0.248285	0.312580	0.245407
SalEn.2_MW01521_1-187_NEs	0.312580	0.285126	0.003577	0.248285	0.248285	0.212953	0.007165	0.000000	0.250496	0.000000	0.000000	0.248285	0.312580	0.245407
EscCo.3_0106_1-183_NEs	0.267195	0.302069	0.245369	0.000000	0.000000	0.244298	0.247823	0.248285	0.018493	0.248285	0.248285	0.000000	0.267195	0.003650
KlePn.2_06021_1-187_NEs	0.000000	0.346008	0.312086	0.267195	0.267195	0.301096	0.314686	0.312580	0.265256	0.312580	0.312580	0.267195	0.000000	0.267715
EscCo.2_41600_1-184_NEs	0.267715	0.298941	0.242507	0.003630	0.003650	0.238939	0.244951	0.245407	0.014664	0.245407	0.245407	0.003650	0.267715	0.000000