SalEn.3_1787_1-137_NEs	0.000000	0.000000	0.009826	0.688322	0.621314	0.695608	0.027373	0.737987	0.000000
SalEn.2_MW18481_1-137_NEs	0.000000	0.000000	0.009826	0.688322	0.621314	0.695608	0.027373	0.737987	0.000000
SalEn.11179_1-137_NEs	0.009826	0.009826	0.000000	0.686254	0.619423	0.687640	0.027336	0.747956	0.009826
KlePn.1_00541_1-138_BeL	0.688322	0.688322	0.686254	0.000000	0.549809	0.012135	0.674201	0.492722	0.688322
EntCo.1_03360_1-139_BeL	0.621314	0.621314	0.619423	0.549809	0.000000	0.541762	0.599944	0.672401	0.621314
KlePn.2_46801_1-138_NEs	0.695608	0.695608	0.687640	0.012135	0.541762	0.000000	0.675653	0.488260	0.695608
SalEn.51020_1-137_NEs	0.027373	0.027373	0.027336	0.674201	0.599944	0.675653	0.000000	0.717711	0.027373
CitRo.1_41201_1-138_NEs	0.737987	0.737987	0.747956	0.492722	0.672401	0.488260	0.717711	0.000000	0.737987
SalEn.4_18481_1-137_NEs	0.000000	0.000000	0.009826	0.688322	0.621314	0.695608	0.027373	0.737987	0.000000