EscCo.4_04597_1-275_NEs	0.000000	0.254575	0.024675	0.207494	0.196435	0.256538	0.196435	0.221710	0.196435	0.193416	0.037229	0.034714	0.024675
KlePn.2_48441_1-275_NEs	0.254575	0.000000	0.239872	0.201234	0.233950	0.001223	0.233950	0.174389	0.233950	0.228664	0.241186	0.253678	0.239872
EscCo.53902_1-274	0.024675	0.239872	0.000000	0.201578	0.198712	0.241797	0.198712	0.215655	0.198712	0.192551	0.034802	0.052890	0.000000
CitRo.1_38491_1-275_NEs	0.207494	0.201234	0.201578	0.000000	0.211689	0.203006	0.211689	0.143661	0.211689	0.208615	0.203611	0.206881	0.201578
SalEn.4_40101_1-275_BeL	0.196435	0.233950	0.198712	0.211689	0.000000	0.235826	0.000000	0.210323	0.000000	0.015849	0.205794	0.203533	0.198712
KlePn.1_00371_1-275_NEs	0.256538	0.001223	0.241797	0.203006	0.235826	0.000000	0.235826	0.176090	0.235826	0.230522	0.243099	0.255631	0.241797
SalEn.2_MW40101_1-275_BeL	0.196435	0.233950	0.198712	0.211689	0.000000	0.235826	0.000000	0.210323	0.000000	0.015849	0.205794	0.203533	0.198712
EntCo.1_00630_1-275_BeL	0.221710	0.174389	0.215655	0.143661	0.210323	0.176090	0.210323	0.000000	0.210323	0.207227	0.224600	0.234304	0.215655
SalEn.3_3994_1-275_NEs	0.196435	0.233950	0.198712	0.211689	0.000000	0.235826	0.000000	0.210323	0.000000	0.015849	0.205794	0.203533	0.198712
SalEn.13836_1-275_NEs	0.193416	0.228664	0.192551	0.208615	0.015849	0.230522	0.015849	0.207227	0.015849	0.000000	0.194514	0.195356	0.192551
EscCo.1_04358_1-275_NEs	0.037229	0.241186	0.034802	0.203611	0.205794	0.243099	0.205794	0.224600	0.205794	0.194514	0.000000	0.039839	0.034802
EscCo.2_35230_1-275_NEs	0.034714	0.253678	0.052890	0.206881	0.203533	0.255631	0.203533	0.234304	0.203533	0.195356	0.039839	0.000000	0.052890
EscCo.3_4172_1-274_NEs	0.024675	0.239872	0.000000	0.201578	0.198712	0.241797	0.198712	0.215655	0.198712	0.192551	0.034802	0.052890	0.000000