KlePn.2_29031_1-88_Ess	0.000000	0.233791	0.243582	0.238838	0.243582	0.243582	0.238838	0.000000	0.246669	0.233791	0.233791	0.206256	0.243582	0.243582
EscCo.3_1278_1-88_NEs	0.233791	0.000000	0.174999	0.003804	0.174999	0.174999	0.003804	0.233791	0.150839	0.000000	0.000000	0.207969	0.174999	0.174999
SalEn.3_1744_1-88_NEs	0.243582	0.174999	0.000000	0.170348	0.000000	0.000000	0.170348	0.243582	0.113999	0.174999	0.174999	0.204478	0.000000	0.000000
EscCo.4_02706_1-88_NEs	0.238838	0.003804	0.170348	0.000000	0.170348	0.170348	0.007625	0.238838	0.146328	0.003804	0.003804	0.212969	0.170348	0.170348
SalEn.11221_1-88_NEs	0.243582	0.174999	0.000000	0.170348	0.000000	0.000000	0.170348	0.243582	0.113999	0.174999	0.174999	0.204478	0.000000	0.000000
SalEn.51061_1-88_NEs	0.243582	0.174999	0.000000	0.170348	0.000000	0.000000	0.170348	0.243582	0.113999	0.174999	0.174999	0.204478	0.000000	0.000000
EscCo.2_1210_1-88_Ess	0.238838	0.003804	0.170348	0.007625	0.170348	0.170348	0.000000	0.238838	0.155418	0.003804	0.003804	0.212969	0.170348	0.170348
KlePn.1_04346_1-88_NEs	0.000000	0.233791	0.243582	0.238838	0.243582	0.243582	0.238838	0.000000	0.246669	0.233791	0.233791	0.206256	0.243582	0.243582
CitRo.1_18401_1-88_Ess	0.246669	0.150839	0.113999	0.146328	0.113999	0.113999	0.155418	0.246669	0.000000	0.150839	0.150839	0.195738	0.113999	0.113999
EscCo.1_01349_1-88_NEs	0.233791	0.000000	0.174999	0.003804	0.174999	0.174999	0.003804	0.233791	0.150839	0.000000	0.000000	0.207969	0.174999	0.174999
EscCo.51174_1-88	0.233791	0.000000	0.174999	0.003804	0.174999	0.174999	0.003804	0.233791	0.150839	0.000000	0.000000	0.207969	0.174999	0.174999
EntCo.1_06940_1-88_Ess	0.206256	0.207969	0.204478	0.212969	0.204478	0.204478	0.212969	0.206256	0.195738	0.207969	0.207969	0.000000	0.204478	0.204478
SalEn.2_MW18081_1-88_NEs	0.243582	0.174999	0.000000	0.170348	0.000000	0.000000	0.170348	0.243582	0.113999	0.174999	0.174999	0.204478	0.000000	0.000000
SalEn.4_18081_1-88_Ess	0.243582	0.174999	0.000000	0.170348	0.000000	0.000000	0.170348	0.243582	0.113999	0.174999	0.174999	0.204478	0.000000	0.000000