KlePn.1_04160_1-987_BeL	0.000000	1.216324	1.216324	1.219929	0.083998	1.218545
SalEn.4_04281_1-990_NEs	1.216324	0.000000	0.000000	0.006071	1.257382	0.000336
SalEn.3_0353_1-991_NEs	1.216324	0.000000	0.000000	0.006065	1.257382	0.000336
SalEn.10341_1-991_NEs	1.219929	0.006071	0.006065	0.000000	1.257307	0.006409
SalEn.50871_1-986_BeL	0.083998	1.257382	1.257382	1.257307	0.000000	1.259664
SalEn.2_MW04281_1-991_NEs	1.218545	0.000336	0.000336	0.006409	1.259664	0.000000