KlePn.1_00229_1-666_NEs	0.000000	0.859879	0.894115	0.896058	0.900364	0.026381	0.896887	0.863210
KlePn.1_03024_1-678_NEs	0.859879	0.000000	0.158836	0.159061	0.160982	0.869726	0.159699	0.003971
EscCo.40314_1-677_BeL	0.894115	0.158836	0.000000	0.009923	0.020006	0.900517	0.000494	0.159443
EscCo.1_00356_1-678_NEs	0.896058	0.159061	0.009923	0.000000	0.024027	0.899211	0.010437	0.159345
EscCo.3_03647_1-678_NEs	0.900364	0.160982	0.020006	0.024027	0.000000	0.900281	0.020542	0.161270
EscCo.3_04158_1-666_NEs	0.026381	0.869726	0.900517	0.899211	0.900281	0.000000	0.903323	0.873111
EscCo.2_0370_1-676_NEs	0.896887	0.159699	0.000494	0.010437	0.020542	0.903323	0.000000	0.160307
KlePn.2_11641_1-677_NEs	0.863210	0.003971	0.159443	0.159345	0.161270	0.873111	0.160307	0.000000