SalEn.51137_1-196_NEs	0.000000	0.018963	0.705004	0.018963	0.020728	0.018963
SalEn.4_12661_1-196_NEs	0.018963	0.000000	0.679758	0.000000	0.001705	0.000000
KlePn.2_39681_1-197_NEs	0.705004	0.679758	0.000000	0.687426	0.678146	0.679758
SalEn.2_MW12661_1-197_NEs	0.018963	0.000000	0.687426	0.000000	0.001705	0.000000
SalEn.11792_1-196_NEs	0.020728	0.001705	0.678146	0.001705	0.000000	0.001705
SalEn.3_1195_1-196_NEs	0.018963	0.000000	0.679758	0.000000	0.001705	0.000000