SalEn.50778_2-182_BeL	0.000000	0.022372	0.490763	0.016702	0.557268	0.022372	0.022372	0.597504
SalEn.4_21251_2-182_BeL	0.022372	0.000000	0.507496	0.009251	0.555266	0.000000	0.000000	0.590009
EscCo.4_01675_1-180_NEs	0.490763	0.507496	0.000000	0.510125	0.350545	0.507496	0.507496	0.644772
SalEn.12090_2-182_BeL	0.016702	0.009251	0.510125	0.000000	0.560601	0.009251	0.009251	0.595622
CitRo.1_21741_1-182_NEs	0.557268	0.555266	0.350545	0.560601	0.000000	0.555266	0.555266	0.555311
SalEn.2_MW21251_2-182_BeL	0.022372	0.000000	0.507496	0.009251	0.555266	0.000000	0.000000	0.590009
SalEn.3_2071_2-182_NEs	0.022372	0.000000	0.507496	0.009251	0.555266	0.000000	0.000000	0.590009
EscCo.52038_1-182	0.597504	0.590009	0.644772	0.595622	0.555311	0.590009	0.590009	0.000000