EscCo.2_54660_2-213_NEs	0.000000	0.268715	0.269017	0.269017	0.241861	0.017491	0.322870	0.004731	0.275949	0.322870	0.004731	0.006310	0.269017
SalEn.11842_2-212_NEs	0.268715	0.000000	0.012710	0.012710	0.254154	0.269918	0.367761	0.268399	0.011119	0.367761	0.268399	0.268346	0.012710
SalEn.3_1144_2-212_NEs	0.269017	0.012710	0.000000	0.000000	0.247890	0.270221	0.362105	0.268701	0.011102	0.362105	0.268701	0.268648	0.000000
SalEn.4_12161_2-212_NEs	0.269017	0.012710	0.000000	0.000000	0.247890	0.270221	0.362105	0.268701	0.011102	0.362105	0.268701	0.268648	0.000000
CitRo.1_11671_1-212_NEs	0.241861	0.254154	0.247890	0.247890	0.000000	0.237322	0.288822	0.239447	0.254498	0.288822	0.239447	0.241563	0.247890
EscCo.4_02807_2-213_NEs	0.017491	0.269918	0.270221	0.270221	0.237322	0.000000	0.332108	0.019123	0.277135	0.332108	0.019123	0.017467	0.270221
KlePn.1_03580_2-215_NEs	0.322870	0.367761	0.362105	0.362105	0.288822	0.332108	0.000000	0.323378	0.367221	0.000000	0.323378	0.322398	0.362105
EscCo.3_1170_2-213_NEs	0.004731	0.268399	0.268701	0.268701	0.239447	0.019123	0.323378	0.000000	0.275623	0.323378	0.000000	0.007905	0.268701
SalEn.51713_2-212_NEs	0.275949	0.011119	0.011102	0.011102	0.254498	0.277135	0.367221	0.275623	0.000000	0.367221	0.275623	0.275568	0.011102
KlePn.2_17161_2-215_NEs	0.322870	0.367761	0.362105	0.362105	0.288822	0.332108	0.000000	0.323378	0.367221	0.000000	0.323378	0.322398	0.362105
EscCo.51105_2-213	0.004731	0.268399	0.268701	0.268701	0.239447	0.019123	0.323378	0.000000	0.275623	0.323378	0.000000	0.007905	0.268701
EscCo.1_01243_2-213_NEs	0.006310	0.268346	0.268648	0.268648	0.241563	0.017467	0.322398	0.007905	0.275568	0.322398	0.007905	0.000000	0.268648
SalEn.2_MW12161_2-212_NEs	0.269017	0.012710	0.000000	0.000000	0.247890	0.270221	0.362105	0.268701	0.011102	0.362105	0.268701	0.268648	0.000000