KlePn.1_04639_1-330_NEs	0.000000	0.732024	0.012277	0.729219	1.522417	1.473898
KlePn.2_26281_1-327_NEs	0.732024	0.000000	0.736596	0.010260	1.626986	1.602733
KlePn.2_26211_1-329_NEs	0.012277	0.736596	0.000000	0.743714	1.510509	1.462314
KlePn.1_04633_1-328_NEs	0.729219	0.010260	0.743714	0.000000	1.653602	1.629141
KlePn.1_04859_1-268_NEs	1.522417	1.626986	1.510509	1.653602	0.000000	0.006320
KlePn.2_23781_1-265_NEs	1.473898	1.602733	1.462314	1.629141	0.006320	0.000000