EscCo.54373_1-148	0.000000	0.006772	0.250597	0.250597	0.250848	0.009041	0.243829	0.250597	0.280560	0.022813	0.347142	0.270996	0.225997
EscCo.1_04841_1-148_NEs	0.006772	0.000000	0.250950	0.250950	0.251202	0.006762	0.244170	0.250950	0.283180	0.020473	0.351292	0.273612	0.225591
SalEn.3_4486_1-148_NEs	0.250597	0.250950	0.000000	0.000000	0.015973	0.250950	0.011345	0.000000	0.285667	0.248392	0.312866	0.285667	0.299547
SalEn.2_MW45011_1-148_NEs	0.250597	0.250950	0.000000	0.000000	0.015973	0.250950	0.011345	0.000000	0.285667	0.248392	0.312866	0.285667	0.299547
SalEn.14320_1-148_NEs	0.250848	0.251202	0.015973	0.015973	0.000000	0.251202	0.018238	0.015973	0.289309	0.248641	0.317914	0.289309	0.296654
EscCo.3_4673_1-148_NEs	0.009041	0.006762	0.250950	0.250950	0.251202	0.000000	0.244170	0.250950	0.286346	0.018178	0.347687	0.276751	0.225591
SalEn.54601_1-148_NEs	0.243829	0.244170	0.011345	0.011345	0.018238	0.244170	0.000000	0.011345	0.278404	0.241622	0.326853	0.278404	0.292209
SalEn.4_45011_1-148_NEs	0.250597	0.250950	0.000000	0.000000	0.015973	0.250950	0.011345	0.000000	0.285667	0.248392	0.312866	0.285667	0.299547
KlePn.1_02307_1-148_NEs	0.280560	0.283180	0.285667	0.285667	0.289309	0.286346	0.278404	0.285667	0.000000	0.280565	0.286390	0.009084	0.247220
EscCo.4_04022_1-148_NEs	0.022813	0.020473	0.248392	0.248392	0.248641	0.018178	0.241622	0.248392	0.280565	0.000000	0.343418	0.271001	0.222260
EntCo.1_44940_1-147_NEs	0.347142	0.351292	0.312866	0.312866	0.317914	0.347687	0.326853	0.312866	0.286390	0.343418	0.000000	0.293112	0.311879
KlePn.2_04541_1-148_NEs	0.270996	0.273612	0.285667	0.285667	0.289309	0.276751	0.278404	0.285667	0.009084	0.271001	0.293112	0.000000	0.244142
CitRo.1_48741_1-148_NEs	0.225997	0.225591	0.299547	0.299547	0.296654	0.225591	0.292209	0.299547	0.247220	0.222260	0.311879	0.244142	0.000000