EscCo.3_4328_1-128_NEs	0.000000	0.218006	0.580675	0.801690	0.830153	0.801690	0.563133
EntCo.1_17290_1-128_NEs	0.218006	0.000000	0.596454	0.781746	0.987781	0.781746	0.590457
SalEn.11944_1-129_NEs	0.580675	0.596454	0.000000	0.808566	0.963970	0.808566	0.020706
EscCo.3_1213_1-130_NEs	0.801690	0.781746	0.808566	0.000000	0.603376	0.000000	0.810188
CitRo.1_02691_1-130_NEs	0.830153	0.987781	0.963970	0.603376	0.000000	0.603376	0.958029
EscCo.1_01293_1-130_NEs	0.801690	0.781746	0.808566	0.000000	0.603376	0.000000	0.810188
SalEn.51901_1-129_BeL	0.563133	0.590457	0.020706	0.810188	0.958029	0.810188	0.000000