SalEn.4_00401_1-388_NEs	0.000000	0.241389	0.293599	0.228526	0.202214	0.295867	0.000000	0.004319	0.240555	0.014783	0.247750	0.000862	0.243559
EscCo.3_0017_1-388_NEs	0.241389	0.000000	0.341381	0.081106	0.248968	0.338949	0.241389	0.243844	0.010340	0.244244	0.009475	0.242620	0.008599
KlePn.2_04981_1-388_NEs	0.293599	0.341381	0.000000	0.339224	0.310312	0.006074	0.293599	0.290859	0.339353	0.289915	0.345521	0.294968	0.346285
EscCo.4_03972_1-388_NEs	0.228526	0.081106	0.339224	0.000000	0.246465	0.337504	0.228526	0.231873	0.080070	0.233439	0.080096	0.229732	0.083891
CitRo.1_00161_1-388_NEs	0.202214	0.248968	0.310312	0.246465	0.000000	0.305622	0.202214	0.201234	0.249147	0.202011	0.254288	0.203399	0.254748
KlePn.1_02352_17-404_NEs	0.295867	0.338949	0.006074	0.337504	0.305622	0.000000	0.295867	0.293123	0.334273	0.292181	0.343082	0.297239	0.341173
SalEn.3_0040_1-388_NEs	0.000000	0.241389	0.293599	0.228526	0.202214	0.295867	0.000000	0.004319	0.240555	0.014783	0.247750	0.000862	0.243559
SalEn.10039_1-388_NEs	0.004319	0.243844	0.290859	0.231873	0.201234	0.293123	0.004319	0.000000	0.243011	0.013901	0.250228	0.005186	0.246018
EscCo.1_00017_1-388_NEs	0.240555	0.010340	0.339353	0.080070	0.249147	0.334273	0.240555	0.243011	0.000000	0.243413	0.012947	0.241787	0.010330
SalEn.50041_1-388_NEs	0.014783	0.244244	0.289915	0.233439	0.202011	0.292181	0.014783	0.013901	0.243413	0.000000	0.250612	0.015663	0.246412
EscCo.50019_1-388	0.247750	0.009475	0.345521	0.080096	0.254288	0.343082	0.247750	0.250228	0.012947	0.250612	0.000000	0.248993	0.012933
SalEn.2_MW00401_1-388_NEs	0.000862	0.242620	0.294968	0.229732	0.203399	0.297239	0.000862	0.005186	0.241787	0.015663	0.248993	0.000000	0.244793
EscCo.2_40660_1-388_NEs	0.243559	0.008599	0.346285	0.083891	0.254748	0.341173	0.243559	0.246018	0.010330	0.246412	0.012933	0.244793	0.000000