KlePn.1_03152_1-546_Ess	0.000000	0.157845	0.183054	0.001229	0.160979	0.180753	0.166426	0.182262	0.180753	0.181384	0.158123	0.156531	0.153459
EscCo.1_00690_1-546_BeL	0.157845	0.000000	0.165184	0.159319	0.019120	0.166366	0.177829	0.160603	0.166366	0.165029	0.021023	0.023551	0.161274
SalEn.10662_1-546_NEs	0.183054	0.165184	0.000000	0.183028	0.161345	0.008838	0.186962	0.009812	0.008838	0.008594	0.167772	0.161940	0.161250
KlePn.2_12821_1-546_NEs	0.001229	0.159319	0.183028	0.000000	0.162459	0.180726	0.166402	0.182236	0.180726	0.181358	0.159600	0.158005	0.154942
EscCo.4_03303_1-546_NEs	0.160979	0.019120	0.161345	0.162459	0.000000	0.163347	0.179542	0.156787	0.163347	0.162098	0.024138	0.024774	0.162788
SalEn.2_MW07561_1-531_Ess	0.180753	0.166366	0.008838	0.180726	0.163347	0.000000	0.185481	0.015212	0.000000	0.000000	0.169032	0.163805	0.159183
EntCo.1_20380_1-546_NEs	0.166426	0.177829	0.186962	0.166402	0.179542	0.185481	0.000000	0.190241	0.185481	0.185893	0.179072	0.173406	0.159339
SalEn.52177_1-546_Ess	0.182262	0.160603	0.009812	0.182236	0.156787	0.015212	0.190241	0.000000	0.015212	0.014791	0.163168	0.158136	0.159821
SalEn.4_07561_1-531_NEs	0.180753	0.166366	0.008838	0.180726	0.163347	0.000000	0.185481	0.015212	0.000000	0.000000	0.169032	0.163805	0.159183
SalEn.3_0680_1-546_NEs	0.181384	0.165029	0.008594	0.181358	0.162098	0.000000	0.185893	0.014791	0.000000	0.000000	0.167614	0.162545	0.158141
EscCo.50688_1-546	0.158123	0.021023	0.167772	0.159600	0.024138	0.169032	0.179072	0.163168	0.169032	0.167614	0.000000	0.013537	0.159470
EscCo.3_0705_1-546_NEs	0.156531	0.023551	0.161940	0.158005	0.024774	0.163805	0.173406	0.158136	0.163805	0.162545	0.013537	0.000000	0.157094
CitRo.1_06961_1-546_NEs	0.153459	0.161274	0.161250	0.154942	0.162788	0.159183	0.159339	0.159821	0.159183	0.158141	0.159470	0.157094	0.000000