EscCo.1_03752_1-273_Ess	0.000000	0.028694	0.028693	0.029963	0.000000	0.000000	0.030019	0.000000	0.031290	0.031163	0.028693	0.031231	0.028693
EntCo.1_25310_1-273_Ess	0.028694	0.000000	0.032566	0.031294	0.028694	0.028694	0.028802	0.028694	0.030073	0.024849	0.032566	0.032566	0.032566
SalEn.2_MW34291_1-273_Ess	0.028693	0.032566	0.000000	0.001222	0.028693	0.028693	0.028665	0.028693	0.029929	0.037651	0.000000	0.002445	0.000000
SalEn.54068_1-273_Ess	0.029963	0.031294	0.001222	0.000000	0.029963	0.029963	0.028665	0.029963	0.029929	0.036373	0.001222	0.001222	0.001222
EscCo.4_00378_1-273_Ess	0.000000	0.028694	0.028693	0.029963	0.000000	0.000000	0.030019	0.000000	0.031290	0.031163	0.028693	0.031231	0.028693
EscCo.53317_1-273	0.000000	0.028694	0.028693	0.029963	0.000000	0.000000	0.030019	0.000000	0.031290	0.031163	0.028693	0.031231	0.028693
KlePn.1_00870_1-273_Ess	0.030019	0.028802	0.028665	0.028665	0.030019	0.030019	0.000000	0.030019	0.001223	0.035160	0.028665	0.029929	0.028665
EscCo.3_3569_1-273_Ess	0.000000	0.028694	0.028693	0.029963	0.000000	0.000000	0.030019	0.000000	0.031290	0.031163	0.028693	0.031231	0.028693
KlePn.2_43531_1-273_Ess	0.031290	0.030073	0.029929	0.029929	0.031290	0.031290	0.001223	0.031290	0.000000	0.036438	0.029929	0.031196	0.029929
CitRo.1_45051_1-273_Ess	0.031163	0.024849	0.037651	0.036373	0.031163	0.031163	0.035160	0.031163	0.036438	0.000000	0.037651	0.037651	0.037651
SalEn.4_34291_1-273_Ess	0.028693	0.032566	0.000000	0.001222	0.028693	0.028693	0.028665	0.028693	0.029929	0.037651	0.000000	0.002445	0.000000
SalEn.13265_1-273_Ess	0.031231	0.032566	0.002445	0.001222	0.031231	0.031231	0.029929	0.031231	0.031196	0.037651	0.002445	0.000000	0.002445
SalEn.3_3404_1-273_Ess	0.028693	0.032566	0.000000	0.001222	0.028693	0.028693	0.028665	0.028693	0.029929	0.037651	0.000000	0.002445	0.000000