KlePn.1_04674_5-411_NEs	0.000000	0.413143	1.779062	2.287372	2.010726	1.702773	2.279395	2.255705	1.457296	1.721644	2.251164	1.670709	1.775264	0.413736	1.963008	2.108372	1.794325	2.277356	2.305661	1.775619	0.000855	1.995506	2.075004	2.287372	2.227736	2.363120	1.948159	2.221700	2.133683	0.407804	2.010726	2.198637	2.221700	1.767054	2.006228	1.560682	1.743993	1.969604	0.410022	0.364481	2.277356	2.068108	2.024792	1.535480	1.699886	0.413143	0.405395	2.083568	1.698059	2.221700	0.406787	1.751459	1.539838	1.771162	2.057965	1.770280	1.456845	2.185072	1.654123	2.244768	2.269255	2.108818	2.168960	2.240474	2.247032	2.297440	1.692054	2.223166	1.698059	1.966084	1.767541	1.522905	2.137927	2.179063	1.646753	0.413143	0.406966	1.698059	2.165232	1.763253	1.743993	2.158224	1.560668	2.367112	2.010726
SalEn.2_MW14311_1-401_Ess	0.413143	0.000000	1.977711	2.381176	2.282984	1.763828	2.373737	2.413282	1.703563	1.955642	2.279738	2.422453	2.002633	0.014149	2.177790	2.101779	2.053375	2.293362	2.301007	2.037012	0.411680	2.291829	2.709311	2.381176	2.233496	2.371650	2.190330	2.197835	2.450043	0.337875	2.282984	2.305470	2.192844	1.994329	2.272772	1.668133	2.088067	2.190473	0.012483	0.284933	2.293362	2.684796	2.389612	1.666339	2.397888	0.000000	0.327690	2.311215	1.768496	2.197835	0.333057	1.985559	1.670798	1.998485	2.458607	2.002462	1.699024	2.165410	2.079601	2.464289	2.358092	2.138597	2.362515	2.254311	2.280639	2.344415	1.759374	2.346661	1.775816	2.167099	2.107577	1.891363	2.159501	2.285530	1.782129	0.000000	0.329033	1.768496	2.147105	2.103470	2.088067	2.365228	1.709531	2.382785	2.282984
EscCo.4_04839_1-395_NEs	1.779062	1.977711	0.000000	2.352225	1.733951	1.919836	2.337545	1.913009	1.701323	0.271337	1.722391	1.687593	0.027716	1.991401	2.008456	2.073903	0.194557	1.725878	1.734778	0.191889	1.781567	1.736557	1.603154	2.344903	1.933458	2.463593	2.154491	1.909949	1.938577	1.937418	1.733951	2.236346	1.909949	0.025018	1.767196	1.962994	0.201673	2.145107	2.008976	1.872815	1.725878	1.613245	2.126134	1.971572	1.687731	1.977711	1.920189	2.129667	1.928811	1.909949	1.961984	0.024366	1.981127	0.025968	2.096159	0.196129	1.681292	2.149634	0.206088	1.730712	2.336637	2.133815	1.837796	1.937237	1.706470	2.341843	1.960824	1.974138	1.933079	1.998794	0.251120	1.842239	2.127911	1.930239	1.802136	1.977711	1.920189	1.928811	2.131816	0.251685	0.201673	1.899138	1.968990	2.473606	1.733951
SalEn.4_09171_1-410_NEs	2.287372	2.381176	2.352225	0.000000	1.984436	2.309420	0.001631	1.055779	2.246063	2.121037	2.073549	2.042963	2.325637	2.352971	1.877029	0.255802	2.262698	2.122021	2.093017	2.255695	2.224047	1.977572	2.052286	0.000815	1.023273	1.047613	0.280176	1.016347	1.037105	2.475824	1.984436	0.264411	1.016347	2.349821	1.978894	1.990102	2.167403	0.277810	2.346461	2.384892	2.122021	2.057324	1.000249	1.994583	2.059944	2.381176	2.487709	0.235072	2.309420	1.016347	2.471854	2.257807	1.989563	2.325637	0.998792	2.263713	2.232505	0.255576	2.081698	1.953027	0.004084	0.250594	1.044112	1.025791	2.084509	0.009011	2.348816	1.057514	2.325152	1.905683	2.316637	2.071701	0.257198	1.057800	2.119000	2.381176	2.487709	2.309420	0.254204	2.331893	2.167403	1.058869	2.043074	1.046782	1.984436
SalEn.4_38321_1-395_NEs	2.010726	2.282984	1.733951	1.984436	0.000000	1.884979	1.988776	1.952689	1.728341	1.703807	0.345656	1.622868	1.694442	2.322850	1.735530	2.106735	1.829927	0.345935	0.340655	1.821589	2.001179	0.004227	0.393373	1.984805	1.926076	2.136615	1.949930	1.947453	2.055149	2.069572	0.000000	1.751261	1.928176	1.682184	0.017943	1.948388	1.736221	1.946397	2.332190	2.355247	0.345935	0.393684	1.951636	1.970782	1.624911	2.282984	2.087239	2.039587	1.874155	1.947453	2.096608	1.692961	1.970782	1.690538	1.913421	1.825804	1.699903	2.108041	1.727671	0.433265	1.993561	2.068241	1.890949	1.917629	0.346205	2.011116	1.862691	1.915426	1.873806	1.793713	1.619451	1.543898	2.075164	1.949138	1.925152	2.282984	2.087239	1.874155	2.089064	1.589177	1.736221	2.005572	1.949578	2.115643	0.000000
SalEn.50633_1-396_NEs	1.702773	1.763828	1.919836	2.309420	1.884979	0.000000	2.306054	2.184676	0.290580	1.766623	1.651354	1.465152	1.920150	1.732916	1.407267	2.154619	1.993308	1.693712	1.678575	1.992614	1.706587	1.898296	2.079064	2.301492	2.417132	2.359862	2.445828	2.407329	2.292954	1.657059	1.884979	2.225097	2.407329	1.911789	1.887786	0.238941	1.988024	2.440498	1.747080	1.655479	1.693712	2.067828	2.440904	0.231838	1.473500	1.763828	1.643387	1.969441	0.007630	2.407329	1.635729	1.889799	0.234130	1.915973	2.423644	1.970830	0.287835	2.217429	1.971256	1.732954	2.293849	2.196028	2.073096	2.436348	1.697844	2.322105	0.011915	2.150807	0.007630	1.365248	1.895616	1.379910	2.154219	2.147930	0.223115	1.763828	1.643387	0.007630	2.191632	1.888422	1.988024	2.088656	0.231522	2.340936	1.884979
SalEn.3_0842_1-410_NEs	2.279395	2.373737	2.337545	0.001631	1.988776	2.306054	0.000000	1.054661	2.242580	2.107620	2.077649	2.027362	2.310987	2.345581	1.862793	0.255688	2.248597	2.126031	2.097070	2.241682	2.215930	1.981879	2.056536	0.000815	1.022214	1.046546	0.280046	1.015296	1.036016	2.468527	1.988776	0.264291	1.015296	2.335133	1.983165	1.987112	2.152476	0.277680	2.338922	2.377511	2.126031	2.061561	0.999214	1.991587	2.044207	2.373737	2.480396	0.234969	2.306054	1.015296	2.464543	2.242418	1.986562	2.310987	0.997762	2.249795	2.229064	0.255463	2.067989	1.957419	0.004083	0.250483	1.043006	1.024726	2.088624	0.009008	2.345434	1.056388	2.321797	1.891350	2.302522	2.056195	0.257083	1.056671	2.115701	2.373737	2.480396	2.306054	0.254091	2.317829	2.152476	1.057760	2.040050	1.045718	1.988776
EscCo.1_04803_1-411_NEs	2.255705	2.413282	1.913009	1.055779	1.952689	2.184676	1.054661	0.000000	2.077196	1.958399	2.028651	2.347302	1.922877	2.405769	2.293552	1.062450	2.046294	2.066606	2.023219	2.063395	2.190771	1.963368	2.215351	1.058470	0.284989	0.640992	0.996466	0.284648	0.270998	2.017929	1.952689	1.041108	0.284865	1.923044	2.002048	2.087101	2.010130	1.000200	2.418554	2.348505	2.066606	2.209975	0.407190	2.105614	2.332381	2.413282	2.037987	1.040314	2.183919	0.284648	2.011454	1.905746	2.105614	1.922877	0.407663	2.046767	2.109957	1.068069	1.904908	1.763427	1.056629	1.071279	0.054567	0.285205	1.959807	1.053930	2.207291	0.032340	2.168629	2.284025	1.859301	2.540865	1.069139	0.046064	2.130884	2.413282	2.044787	2.183919	1.062297	1.870681	2.010130	0.039386	2.085287	0.642910	1.952689
KlePn.1_03965_1-399_NEs	1.457296	1.703563	1.701323	2.246063	1.728341	0.290580	2.242580	2.077196	0.000000	1.682081	1.804257	1.313794	1.724311	1.736019	1.473707	2.216806	1.746030	1.862226	1.785458	1.731999	1.454253	1.749543	1.980554	2.237814	2.394198	2.201456	2.285872	2.353447	2.196731	1.638508	1.728341	2.402679	2.353447	1.716458	1.718091	0.296686	1.713252	2.303218	1.722696	1.736265	1.862226	1.970331	2.526555	0.298002	1.315586	1.703563	1.634269	2.120482	0.288056	2.353447	1.643658	1.682254	0.300550	1.720386	2.450760	1.706010	0.005078	2.262499	1.739083	1.763754	2.230675	2.238239	2.038316	2.413220	1.802309	2.258505	0.285483	2.131776	0.289972	1.427676	1.544797	1.268619	2.195361	2.120607	0.252781	1.703563	1.634269	0.288056	2.236309	1.544797	1.713252	1.993976	0.304223	2.212743	1.728341
EntCo.1_03670_1-394_NEs	1.721644	1.955642	0.271337	2.121037	1.703807	1.766623	2.107620	1.958399	1.682081	0.000000	1.732332	1.610955	0.266066	1.956215	1.966123	2.018046	0.215486	1.726178	1.749901	0.214945	1.718727	1.694336	1.626365	2.114340	1.981359	2.610911	1.998523	1.978191	1.987132	1.992723	1.703807	1.978744	1.978191	0.263763	1.694531	1.822408	0.219781	1.998593	1.974765	1.827454	1.726178	1.636815	2.290042	1.841782	1.617033	1.955642	1.942999	2.018472	1.774029	1.978191	1.975186	0.270190	1.851058	0.264914	2.284178	0.213633	1.679331	2.081108	0.210290	1.581224	2.109050	2.038237	1.951541	1.989503	1.774514	2.117587	1.801144	2.071900	1.778718	1.911998	0.224628	1.725174	2.046175	1.973848	1.685753	1.955642	1.942999	1.774029	2.064502	0.223515	0.219781	1.965159	1.851433	2.587653	1.703807
EscCo.4_04807_1-391_NEs	2.251164	2.279738	1.722391	2.073549	0.345656	1.651354	2.077649	2.028651	1.804257	1.732332	0.000000	1.624292	1.759210	2.327334	1.809052	2.114662	1.888435	0.034849	0.032249	1.903413	2.251164	0.346642	0.417745	2.073338	1.924732	2.337241	1.974273	1.976554	2.007691	2.348001	0.345656	1.902876	1.982561	1.745820	0.343022	1.585559	1.841934	1.966148	2.311462	2.427875	0.034849	0.417363	2.060049	1.571121	1.635693	2.279738	2.307114	2.011381	1.655289	1.976554	2.279016	1.726998	1.571121	1.755074	2.005249	1.932723	1.777185	2.174797	1.778387	0.421302	2.083088	2.125644	1.965329	1.921637	0.038379	2.110579	1.630807	1.943764	1.656451	1.740276	1.801261	1.624563	2.118455	1.968782	1.620300	2.279738	2.307114	1.655289	2.155687	1.791425	1.841934	1.958673	1.572943	2.309921	0.345656
KlePn.1_00537_1-388_NEs	1.670709	2.422453	1.687593	2.042963	1.622868	1.465152	2.027362	2.347302	1.313794	1.610955	1.624292	0.000000	1.727693	2.423097	0.500677	1.992961	1.839535	1.701990	1.650075	1.839462	1.684398	1.648230	1.487716	2.035174	2.467870	2.649262	2.015563	2.458354	2.361496	2.450922	1.622868	2.100208	2.458354	1.727693	1.636995	1.439663	1.840060	1.999025	2.458386	2.268359	1.701990	1.473413	2.411865	1.420917	0.005244	2.422453	2.408653	2.007411	1.448143	2.458354	2.396967	1.752039	1.420967	1.727693	2.343701	1.805041	1.310061	2.011785	1.667562	1.517572	2.050809	1.961153	2.341559	2.479239	1.611754	2.032697	1.466003	2.369515	1.449829	0.513704	1.494938	0.435602	1.965752	2.453800	1.355962	2.422453	2.408653	1.448143	1.987881	1.494938	1.840060	2.302150	1.431317	2.644914	1.622868
EscCo.3_3967_1-394_NEs	1.775264	2.002633	0.027716	2.325637	1.694442	1.920150	2.310987	1.922877	1.724311	0.266066	1.759210	1.727693	0.000000	2.021347	1.968028	2.091859	0.196050	1.758571	1.767809	0.193370	1.777749	1.696880	1.583708	2.318330	1.932070	2.444324	2.136244	1.904832	1.965827	1.950440	1.694442	2.205353	1.904832	0.002555	1.726938	1.954077	0.203492	2.126699	2.039371	1.848648	1.758571	1.593783	2.112021	1.967481	1.727749	2.002633	1.933118	2.116572	1.929186	1.904832	1.986728	0.022544	1.977117	0.001703	2.088973	0.194367	1.703957	2.156969	0.202312	1.715510	2.310393	2.140979	1.843193	1.931928	1.732398	2.315282	1.961429	1.982299	1.933482	1.976100	0.247126	1.787303	2.125569	1.926619	1.804198	2.002633	1.933118	1.929186	2.139045	0.248618	0.203492	1.898936	1.964887	2.454026	1.694442
SalEn.11619_1-401_NEs	0.413736	0.014149	1.991401	2.352971	2.322850	1.732916	2.345581	2.405769	1.736019	1.956215	2.327334	2.423097	2.021347	0.000000	2.178505	2.074392	2.057492	2.329490	2.337050	2.041479	0.412275	2.332127	2.727560	2.352971	2.223277	2.380477	2.164699	2.187590	2.451525	0.339210	2.322850	2.276841	2.182635	2.013131	2.312096	1.670329	2.091850	2.164841	0.013306	0.285352	2.329490	2.702043	2.349363	1.677502	2.410757	0.014149	0.329011	2.287104	1.737560	2.187590	0.334386	1.999910	1.682010	2.017244	2.427694	2.007577	1.731358	2.141556	2.060378	2.497566	2.330359	2.110515	2.354596	2.243890	2.316199	2.328532	1.728893	2.338908	1.744723	2.167825	2.089790	1.878641	2.131124	2.277652	1.807045	0.014149	0.330356	1.737560	2.123621	2.085717	2.091850	2.357495	1.716825	2.391652	2.322850
EscCo.4_02469_1-388_NEs	1.963008	2.177790	2.008456	1.877029	1.735530	1.407267	1.862793	2.293552	1.473707	1.966123	1.809052	0.500677	1.968028	2.178505	0.000000	1.945051	2.077232	1.820662	1.809357	2.028482	1.985513	1.738256	1.642702	1.869916	2.683882	2.662998	2.151211	2.634079	2.456318	2.123151	1.735530	2.113846	2.634079	1.971174	1.738334	1.479310	2.006945	2.156212	2.202421	2.017848	1.820662	1.641192	2.330639	1.430177	0.505382	2.177790	2.115808	1.979617	1.407218	2.634079	2.095549	1.938744	1.426239	1.971174	2.262024	2.078553	1.490138	1.969228	1.938276	1.664823	1.878516	1.962785	2.358398	2.655681	1.782193	1.865013	1.415756	2.289681	1.412116	0.019419	1.990392	0.544977	1.959718	2.358603	1.369358	2.177790	2.115808	1.407218	1.948077	2.002291	2.006945	2.204285	1.447067	2.658497	1.735530
EscCo.1_00902_1-410_NEs	2.108372	2.101779	2.073903	0.255802	2.106735	2.154619	0.255688	1.062450	2.216806	2.018046	2.114662	1.992961	2.091859	2.074392	1.945051	0.000000	2.066966	2.094580	2.120205	2.095496	2.074320	2.087884	2.098783	0.254608	1.024066	1.106407	0.269205	1.013186	1.011399	2.205449	2.106735	0.266286	1.013186	2.097280	2.140752	2.056940	2.031159	0.269208	2.103401	2.185325	2.094580	2.104043	1.022268	2.082192	1.979448	2.101779	2.201316	0.240716	2.154619	1.013186	2.224434	2.010608	2.077115	2.087798	1.007911	2.065417	2.214886	0.013894	1.921887	2.027760	0.254672	0.018828	1.045628	1.030600	2.100322	0.253245	2.176343	1.056388	2.169466	1.968776	2.112707	2.107508	0.025484	1.052395	2.119767	2.101779	2.201316	2.154619	0.012241	2.105257	2.031159	1.073886	2.128557	1.095362	2.106735
SalEn.13615_1-394_NEs	1.794325	2.053375	0.194557	2.262698	1.829927	1.993308	2.248597	2.046294	1.746030	0.215486	1.888435	1.839535	0.196050	2.057492	2.077232	2.066966	0.000000	1.956119	1.950352	0.013689	1.792066	1.835302	1.669637	2.255663	2.016998	2.697588	2.045129	2.009114	2.001039	1.985437	1.829927	2.145632	2.009114	0.194988	1.835681	2.037417	0.014986	2.045199	2.048195	1.881626	1.956119	1.680568	2.310111	2.027248	1.850918	2.053375	1.965863	2.083898	2.011740	2.009114	2.011063	0.204588	2.036743	0.194988	2.311257	0.012846	1.731827	2.139871	0.177571	1.798023	2.248703	2.110986	2.016971	2.034081	1.886601	2.257486	2.009920	2.093035	2.015576	2.060960	0.223701	2.032220	2.122090	2.029741	1.833138	2.053375	1.965863	2.011740	2.121737	0.225137	0.014986	2.048213	2.031821	2.721092	1.829927
EscCo.3_4001_1-391_NEs	2.277356	2.293362	1.725878	2.122021	0.345935	1.693712	2.126031	2.066606	1.862226	1.726178	0.034849	1.701990	1.758571	2.329490	1.820662	2.094580	1.956119	0.000000	0.016360	1.983196	2.277356	0.346918	0.421871	2.121503	1.953851	2.411479	1.928054	2.006020	2.054918	2.430865	0.345935	1.896779	2.002754	1.745183	0.343209	1.632146	1.913657	1.920323	2.313395	2.498321	0.000000	0.421485	2.054094	1.622163	1.707952	2.293362	2.382462	1.989896	1.697796	2.006020	2.357973	1.726349	1.622163	1.754435	2.014350	1.990578	1.833485	2.159851	1.799456	0.420983	2.131875	2.096312	2.000482	1.950268	0.037520	2.159212	1.671853	1.965723	1.698851	1.750077	1.797063	1.646319	2.100383	2.025858	1.683346	2.293362	2.382462	1.697796	2.141357	1.787241	1.913657	2.004177	1.614761	2.382562	0.345935
EscCo.1_04160_1-392_NEs	2.305661	2.301007	1.734778	2.093017	0.340655	1.678575	2.097070	2.023219	1.785458	1.749901	0.032249	1.650075	1.767809	2.337050	1.809357	2.120205	1.950352	0.016360	0.000000	1.977201	2.305661	0.341632	0.416047	2.092684	1.961508	2.421956	1.911326	2.014296	2.015282	2.402096	0.340655	1.885045	2.010958	1.754272	0.337962	1.597111	1.907797	1.903545	2.361818	2.524970	0.016360	0.414108	2.026629	1.580319	1.655520	2.301007	2.399616	1.994459	1.682569	2.014296	2.370335	1.735433	1.580319	1.763645	1.987494	1.984554	1.758978	2.180544	1.793437	0.420246	2.102657	2.114689	1.953776	1.957759	0.033807	2.130011	1.648042	1.920418	1.683654	1.734774	1.791144	1.670444	2.108892	1.977900	1.648264	2.301007	2.399616	1.682569	2.161383	1.781250	1.907797	1.985536	1.577667	2.393374	0.340655
SalEn.3_3766_1-394_NEs	1.775619	2.037012	0.191889	2.255695	1.821589	1.992614	2.241682	2.063395	1.731999	0.214945	1.903413	1.839462	0.193370	2.041479	2.028482	2.095496	0.013689	1.983196	1.977201	0.000000	1.773172	1.826924	1.676488	2.248703	2.014853	2.669728	2.053790	2.006888	2.019063	1.947984	1.821589	2.182572	2.006888	0.192313	1.827247	2.005007	0.000000	2.053861	2.032236	1.850674	1.983196	1.687589	2.331450	1.997079	1.850844	2.037012	1.928774	2.108370	2.011053	2.006888	1.972726	0.201743	2.006554	0.192313	2.332609	0.011104	1.721934	2.169186	0.178224	1.809779	2.241861	2.139274	2.033922	2.032097	1.911628	2.250520	2.009231	2.110466	2.014894	2.011398	0.220905	1.998683	2.150591	2.046335	1.821581	2.037012	1.928774	2.011053	2.150840	0.222331	0.000000	2.065081	2.011094	2.693057	1.821589
KlePn.2_25811_2-392_NEs	0.000855	0.411680	1.781567	2.224047	2.001179	1.706587	2.215930	2.190771	1.454253	1.718727	2.251164	1.684398	1.777749	0.412275	1.985513	2.074320	1.792066	2.277356	2.305661	1.773172	0.000000	1.986095	2.075004	2.224047	2.169320	2.269135	1.856319	2.163025	2.042458	0.406356	2.001179	2.105227	2.163025	1.769469	1.996802	1.558428	1.738614	1.877865	0.408569	0.363084	2.277356	2.068108	1.954462	1.532874	1.714136	0.411680	0.403954	2.033950	1.701801	2.163025	0.405340	1.751459	1.537293	1.773612	1.985255	1.767814	1.453816	2.139307	1.660153	2.232646	2.206335	2.063040	2.103474	2.181876	2.247032	2.235253	1.695705	2.168496	1.701801	1.966084	1.770063	1.538584	2.091885	2.111818	1.649738	0.411680	0.405523	1.701801	2.119486	1.765737	1.738614	2.135197	1.558391	2.271958	2.001179
SalEn.13661_1-395_NEs	1.995506	2.291829	1.736557	1.977572	0.004227	1.898296	1.981879	1.963368	1.749543	1.694336	0.346642	1.648230	1.696880	2.332127	1.738256	2.087884	1.835302	0.346918	0.341632	1.826924	1.986095	0.000000	0.395690	1.977982	1.941596	2.109908	1.933823	1.963278	2.066471	2.048162	0.004227	1.748113	1.943751	1.684560	0.019650	1.966798	1.741191	1.930394	2.341509	2.331674	0.346918	0.395996	1.968550	1.990024	1.640250	2.291829	2.065840	2.032231	1.887430	1.963278	2.074988	1.695404	1.990024	1.692961	1.929960	1.831154	1.720809	2.089139	1.707250	0.432621	1.986557	2.049823	1.896119	1.933146	0.344479	2.004059	1.875690	1.925798	1.887004	1.796861	1.628033	1.546587	2.056562	1.960055	1.949339	2.291829	2.065840	1.887430	2.070410	1.597487	1.741191	2.016826	1.968723	2.089365	0.004227
KlePn.2_47561_1-392_BeL	2.075004	2.709311	1.603154	2.052286	0.393373	2.079064	2.056536	2.215351	1.980554	1.626365	0.417745	1.487716	1.583708	2.727560	1.642702	2.098783	1.669637	0.421871	0.416047	1.676488	2.075004	0.395690	0.000000	2.052209	2.254743	2.160026	1.806759	2.254743	2.041176	2.371846	0.393373	1.949718	2.248438	1.588576	0.390570	1.874265	1.576608	1.809065	2.739937	2.160487	0.421871	0.001707	2.152201	1.883325	1.480240	2.709311	2.367423	1.832491	2.078982	2.254743	2.345784	1.599871	1.883325	1.596426	2.087392	1.704838	1.942750	2.131980	1.569493	0.402969	2.067005	2.082360	2.158714	2.239297	0.411452	2.103705	2.045610	2.171062	2.066313	1.660719	1.586979	1.534968	2.085940	2.089872	1.803083	2.709311	2.367423	2.078982	2.112617	1.578900	1.576608	2.232545	1.880518	2.124134	0.393373
SalEn.2_MW09171_1-411_NEs	2.287372	2.381176	2.344903	0.000815	1.984805	2.301492	0.000815	1.058470	2.237814	2.114340	2.073338	2.035174	2.318330	2.352971	1.869916	0.254608	2.255663	2.121503	2.092684	2.248703	2.224047	1.977982	2.052209	0.000000	1.027798	1.044147	0.278921	1.020851	1.039781	2.475824	1.984805	0.263192	1.020851	2.342496	1.979293	1.982821	2.159954	0.278046	2.346461	2.384892	2.121503	2.057214	1.004723	1.987292	2.052088	2.381176	2.487709	0.233905	2.301492	1.020851	2.471854	2.250131	1.982256	2.318330	1.003250	2.256769	2.224348	0.254384	2.074854	1.953603	0.003265	0.249411	1.046809	1.030336	2.084226	0.008186	2.340874	1.056581	2.317260	1.898523	2.309596	2.063960	0.256006	1.060511	2.111090	2.381176	2.487709	2.301492	0.253015	2.324878	2.159954	1.057949	2.035760	1.037164	1.984805
SalEn.14278_1-413_NEs	2.227736	2.233496	1.933458	1.023273	1.926076	2.417132	1.022214	0.284989	2.394198	1.981359	1.924732	2.467870	1.932070	2.223277	2.683882	1.024066	2.016998	1.953851	1.961508	2.014853	2.169320	1.941596	2.254743	1.027798	0.000000	0.594417	0.981341	0.007320	0.262817	1.894987	1.926076	1.035077	0.007320	1.928355	1.957298	2.227320	2.016583	0.983645	2.214507	2.152679	1.953851	2.254743	0.350279	2.238650	2.509461	2.233496	1.877802	1.011694	2.425847	0.007320	1.866242	1.960850	2.238650	1.928200	0.346620	2.003174	2.418661	1.020674	1.924338	1.867690	1.024054	1.024056	0.272167	0.009775	1.927124	1.021184	2.413152	0.269087	2.413298	2.634850	1.839379	2.712303	1.031406	0.272801	2.425600	2.233496	1.884625	2.425847	1.015346	1.847465	2.016583	0.292710	2.225974	0.596987	1.926076
KlePn.2_26791_4-410_NEs	2.363120	2.371650	2.463593	1.047613	2.136615	2.359862	1.046546	0.640992	2.201456	2.610911	2.337241	2.649262	2.444324	2.380477	2.662998	1.106407	2.697588	2.411479	2.421956	2.669728	2.269135	2.109908	2.160026	1.044147	0.594417	0.000000	1.091294	0.598720	0.604658	1.979130	2.136615	1.154611	0.598720	2.473256	2.117514	2.195930	2.645915	1.091324	2.353066	2.195103	2.411479	2.165638	0.565105	2.263814	2.644081	2.371650	1.941194	1.153936	2.359862	0.598720	1.984409	2.431442	2.263814	2.444324	0.566857	2.677560	2.209735	1.092785	2.475767	2.089212	1.053969	1.102439	0.606967	0.597120	2.443661	1.051917	2.394251	0.642234	2.340037	2.674878	2.503267	2.470775	1.124478	0.625978	2.266913	2.371650	1.936825	2.359862	1.086982	2.518924	2.645915	0.648516	2.237296	0.003264	2.136615
KlePn.2_14411_1-410_NEs	1.948159	2.190330	2.154491	0.280176	1.949930	2.445828	0.280046	0.996466	2.285872	1.998523	1.974273	2.015563	2.136244	2.164699	2.151211	0.269205	2.045129	1.928054	1.911326	2.053790	1.856319	1.933823	1.806759	0.278921	0.981341	1.091294	0.000000	0.972157	0.952430	2.206866	1.949930	0.235219	0.972157	2.141443	1.971027	2.155420	1.989963	0.004109	2.184714	2.138753	1.928054	1.801731	0.911127	2.205073	2.021369	2.190330	2.193983	0.231173	2.429433	0.972157	2.198541	2.121608	2.200136	2.143235	0.905112	2.033824	2.270929	0.266714	2.021820	1.856136	0.279006	0.267373	0.964521	0.978212	1.909055	0.284966	2.474300	0.985421	2.463931	2.164031	2.006672	2.181979	0.265258	0.964952	2.154095	2.190330	2.193983	2.429433	0.265300	2.000805	1.989963	0.980854	2.261547	1.086703	1.949930
SalEn.3_4448_1-413_NEs	2.221700	2.197835	1.909949	1.016347	1.947453	2.407329	1.015296	0.284648	2.353447	1.978191	1.976554	2.458354	1.904832	2.187590	2.634079	1.013186	2.009114	2.006020	2.014296	2.006888	2.163025	1.963278	2.254743	1.020851	0.007320	0.598720	0.972157	0.000000	0.262936	1.893757	1.947453	1.033010	0.000000	1.901234	1.979321	2.230276	2.007839	0.974434	2.179131	2.136355	2.006020	2.254743	0.349141	2.232118	2.461316	2.197835	1.876561	1.009599	2.416123	0.000000	1.864996	1.931937	2.232118	1.900972	0.345484	1.995303	2.377172	1.012251	1.911863	1.895817	1.017116	1.019211	0.275902	0.012259	1.959767	1.014275	2.403295	0.272798	2.403666	2.584911	1.805008	2.675687	1.017370	0.273718	2.366131	2.197835	1.883393	2.416123	1.006990	1.812943	2.007839	0.293634	2.219478	0.601299	1.947453
CitRo.1_48291_1-413_NEs	2.133683	2.450043	1.938577	1.037105	2.055149	2.292954	1.036016	0.270998	2.196731	1.987132	2.007691	2.361496	1.965827	2.451525	2.456318	1.011399	2.001039	2.054918	2.015282	2.019063	2.042458	2.066471	2.041176	1.039781	0.262817	0.604658	0.952430	0.262936	0.000000	2.022878	2.055149	0.983675	0.262936	1.962021	2.105864	2.278824	1.930453	0.950656	2.427624	2.384255	2.054918	2.041176	0.372533	2.269379	2.392329	2.450043	2.016566	0.970147	2.292214	0.262936	1.993186	1.900843	2.269379	1.962001	0.366764	1.983246	2.205655	1.019881	1.926103	1.865515	1.040787	1.026030	0.265488	0.262685	1.985821	1.043466	2.318010	0.263612	2.282162	2.438754	1.871756	2.525614	1.009261	0.265323	2.074100	2.450043	2.012538	2.292214	1.014567	1.879931	1.930453	0.289762	2.245635	0.604481	2.055149
EscCo.4_02221_1-403_NEs	0.407804	0.337875	1.937418	2.475824	2.069572	1.657059	2.468527	2.017929	1.638508	1.992723	2.348001	2.450922	1.950440	0.339210	2.123151	2.205449	1.985437	2.430865	2.402096	1.947984	0.406356	2.048162	2.371846	2.475824	1.894987	1.979130	2.206866	1.893757	2.022878	0.000000	2.069572	2.352093	1.883744	1.957135	2.028084	1.701479	1.992174	2.216694	0.336618	0.314684	2.430865	2.359106	1.971198	1.706709	2.470680	0.337875	0.016587	2.397835	1.655232	1.893757	0.019113	1.986326	1.706709	1.950440	2.022564	1.929084	1.648060	2.234107	1.942684	2.385104	2.461773	2.210995	2.032826	1.931888	2.349015	2.472672	1.640261	1.994078	1.660322	2.138929	1.949473	2.148678	2.215883	1.971595	1.751853	0.337875	0.017427	1.655232	2.213603	1.945591	1.992174	2.047661	1.730098	1.978569	2.069572
SalEn.3_3814_1-395_NEs	2.010726	2.282984	1.733951	1.984436	0.000000	1.884979	1.988776	1.952689	1.728341	1.703807	0.345656	1.622868	1.694442	2.322850	1.735530	2.106735	1.829927	0.345935	0.340655	1.821589	2.001179	0.004227	0.393373	1.984805	1.926076	2.136615	1.949930	1.947453	2.055149	2.069572	0.000000	1.751261	1.928176	1.682184	0.017943	1.948388	1.736221	1.946397	2.332190	2.355247	0.345935	0.393684	1.951636	1.970782	1.624911	2.282984	2.087239	2.039587	1.874155	1.947453	2.096608	1.692961	1.970782	1.690538	1.913421	1.825804	1.699903	2.108041	1.727671	0.433265	1.993561	2.068241	1.890949	1.917629	0.346205	2.011116	1.862691	1.915426	1.873806	1.793713	1.619451	1.543898	2.075164	1.949138	1.925152	2.282984	2.087239	1.874155	2.089064	1.589177	1.736221	2.005572	1.949578	2.115643	0.000000
EntCo.1_18690_1-409_NEs	2.198637	2.305470	2.236346	0.264411	1.751261	2.225097	0.264291	1.041108	2.402679	1.978744	1.902876	2.100208	2.205353	2.276841	2.113846	0.266286	2.145632	1.896779	1.885045	2.182572	2.105227	1.748113	1.949718	0.263192	1.035077	1.154611	0.235219	1.033010	0.983675	2.352093	1.751261	0.000000	1.033010	2.212869	1.771697	2.073262	2.113909	0.235219	2.294951	2.283768	1.896779	1.949718	0.982179	2.127938	2.128658	2.305470	2.382928	0.223928	2.208895	1.033010	2.326508	2.185457	2.133034	2.212869	0.983208	2.148125	2.396654	0.262595	2.030713	1.901580	0.260956	0.263249	1.001965	1.027937	1.893358	0.269854	2.264946	1.030434	2.237839	2.126016	2.219631	2.207070	0.262228	1.018242	2.124956	2.305470	2.382928	2.208895	0.261194	2.203093	2.113909	1.026994	2.192375	1.145855	1.751261
SalEn.2_MW44641_1-414_NEs	2.221700	2.192844	1.909949	1.016347	1.928176	2.407329	1.015296	0.284865	2.353447	1.978191	1.982561	2.458354	1.904832	2.182635	2.634079	1.013186	2.009114	2.002754	2.010958	2.006888	2.163025	1.943751	2.248438	1.020851	0.007320	0.598720	0.972157	0.000000	0.262936	1.883744	1.928176	1.033010	0.000000	1.901234	1.966732	2.230276	2.007839	0.974434	2.174252	2.123723	2.002754	2.248438	0.349172	2.232118	2.461316	2.192844	1.866679	1.009599	2.416123	0.000000	1.855214	1.931937	2.232118	1.900972	0.345484	1.995303	2.377172	1.012251	1.911863	1.883891	1.017116	1.019211	0.276143	0.012259	1.956794	1.014275	2.403295	0.273046	2.403666	2.584911	1.805008	2.675687	1.017370	0.273718	2.366131	2.192844	1.873489	2.416123	1.006990	1.812943	2.007839	0.293634	2.219478	0.601299	1.928176
EscCo.1_04125_1-395_NEs	1.767054	1.994329	0.025018	2.349821	1.682184	1.911789	2.335133	1.923044	1.716458	0.263763	1.745820	1.727693	0.002555	2.013131	1.971174	2.097280	0.194988	1.745183	1.754272	0.192313	1.769469	1.684560	1.588576	2.342496	1.928355	2.473256	2.141443	1.901234	1.962021	1.957135	1.682184	2.212869	1.901234	0.000000	1.714285	1.945958	0.202322	2.131986	2.031157	1.840588	1.745183	1.598632	2.100858	1.959322	1.727749	1.994329	1.939795	2.110416	1.920860	1.901234	1.993484	0.019819	1.968998	0.000851	2.078011	0.193309	1.696087	2.162035	0.202400	1.702549	2.334254	2.146083	1.843658	1.928185	1.730116	2.339434	1.953059	1.982238	1.925207	1.979293	0.246111	1.790262	2.130755	1.920450	1.795990	1.994329	1.939795	1.920860	2.144214	0.246685	0.202322	1.899193	1.956738	2.483298	1.682184
SalEn.53676_1-395_NEs	2.006228	2.272772	1.767196	1.978894	0.017943	1.887786	1.983165	2.002048	1.718091	1.694531	0.343022	1.636995	1.726938	2.312096	1.738334	2.140752	1.835681	0.343209	0.337962	1.827247	1.996802	0.019650	0.390570	1.979293	1.957298	2.117514	1.971027	1.979321	2.105864	2.028084	0.017943	1.771697	1.966732	1.714285	0.000000	1.943916	1.740945	1.967407	2.321375	2.296310	0.343209	0.390887	1.974336	1.961630	1.633967	2.272772	2.045607	2.062419	1.877183	1.979321	2.054469	1.721566	1.961630	1.722971	1.928805	1.831505	1.690133	2.142118	1.743007	0.439289	1.987815	2.102358	1.944523	1.948834	0.340807	2.005151	1.865897	1.958377	1.876824	1.795747	1.601763	1.579182	2.109465	1.992178	1.921943	2.272772	2.045607	1.877183	2.123133	1.571766	1.740945	2.038429	1.940386	2.097113	0.017943
EscCo.4_01527_1-397_NEs	1.560682	1.668133	1.962994	1.990102	1.948388	0.238941	1.987112	2.087101	0.296686	1.822408	1.585559	1.439663	1.954077	1.670329	1.479310	2.056940	2.037417	1.632146	1.597111	2.005007	1.558428	1.966798	1.874265	1.982821	2.227320	2.195930	2.155420	2.230276	2.278824	1.701479	1.948388	2.073262	2.230276	1.945958	1.943916	0.000000	2.002346	2.155493	1.665898	1.703423	1.632146	1.865666	2.406906	0.034406	1.463615	1.668133	1.697874	1.921593	0.241186	2.230276	1.672362	1.924740	0.036162	1.950021	2.389361	1.984453	0.291479	2.112021	2.024242	1.716118	1.978994	2.062967	2.096587	2.248285	1.603257	1.979097	0.237801	2.082963	0.240428	1.440134	2.003873	1.416347	2.045471	2.039578	0.225814	1.668133	1.697874	0.241186	2.089076	2.003873	2.002346	2.034878	0.038749	2.172138	1.948388
SalEn.4_37891_1-361_NEs	1.743993	2.088067	0.201673	2.167403	1.736221	1.988024	2.152476	2.010130	1.713252	0.219781	1.841934	1.840060	0.203492	2.091850	2.006945	2.031159	0.014986	1.913657	1.907797	0.000000	1.738614	1.741191	1.576608	2.159954	2.016583	2.645915	1.989963	2.007839	1.930453	1.992174	1.736221	2.113909	2.007839	0.202322	1.740945	2.002346	0.000000	1.990038	2.081312	1.926980	1.913657	1.587398	2.187287	1.998889	1.852546	2.088067	1.970746	2.017345	2.003505	2.007839	2.020370	0.206637	2.009050	0.202322	2.181122	0.012154	1.698318	2.107000	0.189258	1.711468	2.149305	2.077809	1.983548	2.035528	1.842120	2.161953	2.015234	2.045566	2.007681	2.057785	0.227412	2.018313	2.089235	2.009523	1.811251	2.088067	1.970746	2.003505	2.088144	0.228996	0.000000	2.050973	2.013908	2.670813	1.736221
KlePn.1_03312_1-411_NEs	1.969604	2.190473	2.145107	0.277810	1.946397	2.440498	0.277680	1.000200	2.303218	1.998593	1.966148	1.999025	2.126699	2.164841	2.156212	0.269208	2.045199	1.920323	1.903545	2.053861	1.877865	1.930394	1.809065	0.278046	0.983645	1.091324	0.004109	0.974434	0.950656	2.216694	1.946397	0.235219	0.974434	2.131986	1.967407	2.155493	1.990038	0.000000	2.184856	2.159571	1.920323	1.804070	0.926461	2.195181	2.004797	2.190473	2.203771	0.234545	2.424025	0.974434	2.208410	2.111803	2.190208	2.133730	0.917744	2.033894	2.276705	0.266717	2.016772	1.868345	0.276642	0.267376	0.965443	0.980511	1.901360	0.282588	2.468913	0.988756	2.458547	2.159031	2.006744	2.159852	0.265262	0.965869	2.165351	2.190473	2.203771	2.424025	0.265303	2.000877	1.990038	0.986846	2.251635	1.086164	1.946397
SalEn.51296_1-401_NEs	0.410022	0.012483	2.008976	2.346461	2.332190	1.747080	2.338922	2.418554	1.722696	1.974765	2.311462	2.458386	2.039371	0.013306	2.202421	2.103401	2.048195	2.313395	2.361818	2.032236	0.408569	2.341509	2.739937	2.346461	2.214507	2.353066	2.184714	2.179131	2.427624	0.336618	2.332190	2.294951	2.174252	2.031157	2.321375	1.665898	2.081312	2.184856	0.000000	0.284941	2.313395	2.714375	2.365467	1.664085	2.445708	0.012483	0.326446	2.265893	1.751705	2.179131	0.331804	2.018421	1.668547	2.035269	2.442736	1.998615	1.718123	2.166435	2.087998	2.521623	2.323472	2.139876	2.371331	2.234747	2.300210	2.321626	1.742888	2.351181	1.758893	2.181538	2.111043	1.894717	2.160575	2.289320	1.792520	0.012483	0.327787	1.751705	2.148307	2.106985	2.081312	2.369987	1.698265	2.363984	2.332190
CitRo.1_14091_1-401_NEs	0.364481	0.284933	1.872815	2.384892	2.355247	1.655479	2.377511	2.348505	1.736265	1.827454	2.427875	2.268359	1.848648	0.285352	2.017848	2.185325	1.881626	2.498321	2.524970	1.850674	0.363084	2.331674	2.160487	2.384892	2.152679	2.195103	2.138753	2.136355	2.384255	0.314684	2.355247	2.283768	2.123723	1.840588	2.296310	1.703423	1.926980	2.159571	0.284941	0.000000	2.498321	2.152196	2.339931	1.724546	2.265294	0.284933	0.309521	2.156929	1.662949	2.136355	0.308814	1.891632	1.729080	1.844621	2.423311	1.833080	1.708166	2.182944	1.806659	2.788566	2.371917	2.219464	2.330600	2.206734	2.475937	2.388656	1.643288	2.378719	1.668019	2.001323	1.893752	1.783976	2.223285	2.269009	1.740590	0.284933	0.310829	1.662949	2.164322	1.889476	1.926980	2.360669	1.742605	2.192259	2.355247
EscCo.53710_1-391	2.277356	2.293362	1.725878	2.122021	0.345935	1.693712	2.126031	2.066606	1.862226	1.726178	0.034849	1.701990	1.758571	2.329490	1.820662	2.094580	1.956119	0.000000	0.016360	1.983196	2.277356	0.346918	0.421871	2.121503	1.953851	2.411479	1.928054	2.006020	2.054918	2.430865	0.345935	1.896779	2.002754	1.745183	0.343209	1.632146	1.913657	1.920323	2.313395	2.498321	0.000000	0.421485	2.054094	1.622163	1.707952	2.293362	2.382462	1.989896	1.697796	2.006020	2.357973	1.726349	1.622163	1.754435	2.014350	1.990578	1.833485	2.159851	1.799456	0.420983	2.131875	2.096312	2.000482	1.950268	0.037520	2.159212	1.671853	1.965723	1.698851	1.750077	1.797063	1.646319	2.100383	2.025858	1.683346	2.293362	2.382462	1.697796	2.141357	1.787241	1.913657	2.004177	1.614761	2.382562	0.345935
KlePn.1_00465_1-393_NEs	2.068108	2.684796	1.613245	2.057324	0.393684	2.067828	2.061561	2.209975	1.970331	1.636815	0.417363	1.473413	1.593783	2.702043	1.641192	2.104043	1.680568	0.421485	0.414108	1.687589	2.068108	0.395996	0.001707	2.057214	2.254743	2.165638	1.801731	2.254743	2.041176	2.359106	0.393684	1.949718	2.248438	1.598632	0.390887	1.865666	1.587398	1.804070	2.714375	2.152196	0.421485	0.000000	2.152201	1.879283	1.485313	2.684796	2.354757	1.837584	2.067747	2.254743	2.333608	1.610275	1.879283	1.606577	2.087392	1.716214	1.932971	2.137260	1.584663	0.406243	2.072052	2.087574	2.164420	2.239297	0.409540	2.108682	2.034837	2.165659	2.055361	1.649769	1.581708	1.548557	2.091082	2.084371	1.795332	2.684796	2.354757	2.067747	2.117897	1.573708	1.587398	2.227154	1.876554	2.129754	0.393684
KlePn.1_02239_2-414_NEs	2.024792	2.389612	2.126134	1.000249	1.951636	2.440904	0.999214	0.407190	2.526555	2.290042	2.060049	2.411865	2.112021	2.349363	2.330639	1.022268	2.310111	2.054094	2.026629	2.331450	1.954462	1.968550	2.152201	1.004723	0.350279	0.565105	0.911127	0.349141	0.372533	1.971198	1.951636	0.982179	0.349172	2.100858	1.974336	2.406906	2.187287	0.926461	2.365467	2.339931	2.054094	2.152201	0.000000	2.382044	2.454358	2.389612	1.959643	0.980941	2.421462	0.349141	1.946146	2.109612	2.382044	2.112021	0.011481	2.303129	2.568660	1.006984	2.102151	1.873507	1.000995	1.016400	0.406020	0.352676	1.985133	1.003727	2.465727	0.406605	2.419038	2.314726	2.119779	2.543265	1.029329	0.405183	2.524599	2.389612	1.955407	2.421462	1.005179	2.118870	2.187287	0.422753	2.371730	0.565451	1.951636
EscCo.52182_1-396	1.535480	1.666339	1.971572	1.994583	1.970782	0.231838	1.991587	2.105614	0.298002	1.841782	1.571121	1.420917	1.967481	1.677502	1.430177	2.082192	2.027248	1.622163	1.580319	1.997079	1.532874	1.990024	1.883325	1.987292	2.238650	2.263814	2.205073	2.232118	2.269379	1.706709	1.970782	2.127938	2.232118	1.959322	1.961630	0.034406	1.998889	2.195181	1.664085	1.724546	1.622163	1.879283	2.382044	0.000000	1.441126	1.666339	1.703863	1.938501	0.232934	2.232118	1.677843	1.935816	0.001681	1.963405	2.364302	1.973735	0.295296	2.138983	2.018440	1.778921	1.983420	2.088309	2.108225	2.250182	1.580498	1.983561	0.230701	2.106425	0.232934	1.399448	2.011899	1.417724	2.049918	2.050234	0.228624	1.666339	1.703863	0.232934	2.115492	2.011899	1.998889	2.057360	0.006752	2.239006	1.970782
KlePn.2_46841_1-387_NEs	1.699886	2.397888	1.687731	2.059944	1.624911	1.473500	2.044207	2.332381	1.315586	1.617033	1.635693	0.005244	1.727749	2.410757	0.505382	1.979448	1.850918	1.707952	1.655520	1.850844	1.714136	1.640250	1.480240	2.052088	2.509461	2.644081	2.021369	2.461316	2.392329	2.470680	1.624911	2.128658	2.461316	1.727749	1.633967	1.463615	1.852546	2.004797	2.445708	2.265294	1.707952	1.485313	2.454358	1.441126	0.000000	2.397888	2.427362	2.025686	1.456396	2.461316	2.415256	1.752037	1.441178	1.727749	2.385457	1.815827	1.311817	2.002758	1.681127	1.526102	2.068034	1.978048	2.327099	2.521372	1.622891	2.037066	1.474443	2.353980	1.458067	0.518656	1.500246	0.433736	1.957146	2.437897	1.363448	2.397888	2.427362	1.456396	1.978981	1.500246	1.852546	2.287822	1.451646	2.639862	1.624911
SalEn.3_1360_1-401_NEs	0.413143	0.000000	1.977711	2.381176	2.282984	1.763828	2.373737	2.413282	1.703563	1.955642	2.279738	2.422453	2.002633	0.014149	2.177790	2.101779	2.053375	2.293362	2.301007	2.037012	0.411680	2.291829	2.709311	2.381176	2.233496	2.371650	2.190330	2.197835	2.450043	0.337875	2.282984	2.305470	2.192844	1.994329	2.272772	1.668133	2.088067	2.190473	0.012483	0.284933	2.293362	2.684796	2.389612	1.666339	2.397888	0.000000	0.327690	2.311215	1.768496	2.197835	0.333057	1.985559	1.670798	1.998485	2.458607	2.002462	1.699024	2.165410	2.079601	2.464289	2.358092	2.138597	2.362515	2.254311	2.280639	2.344415	1.759374	2.346661	1.775816	2.167099	2.107577	1.891363	2.159501	2.285530	1.782129	0.000000	0.329033	1.768496	2.147105	2.103470	2.088067	2.365228	1.709531	2.382785	2.282984
EscCo.3_1695_1-403_NEs	0.405395	0.327690	1.920189	2.487709	2.087239	1.643387	2.480396	2.037987	1.634269	1.942999	2.307114	2.408653	1.933118	0.329011	2.115808	2.201316	1.965863	2.382462	2.399616	1.928774	0.403954	2.065840	2.367423	2.487709	1.877802	1.941194	2.193983	1.876561	2.016566	0.016587	2.087239	2.382928	1.866679	1.939795	2.045607	1.697874	1.970746	2.203771	0.326446	0.309521	2.382462	2.354757	1.959643	1.703863	2.427362	0.327690	0.000000	2.409628	1.641569	1.876561	0.009927	1.967967	1.703863	1.933118	2.010473	1.910214	1.643804	2.229530	1.917383	2.376681	2.473468	2.206793	2.052970	1.914189	2.341679	2.484363	1.626726	2.006848	1.646714	2.131473	1.957911	2.165950	2.223828	1.984302	1.754434	0.327690	0.000820	1.641569	2.209322	1.954020	1.970746	2.061045	1.727527	1.940294	2.087239
CitRo.1_08491_1-410_NEs	2.083568	2.311215	2.129667	0.235072	2.039587	1.969441	0.234969	1.040314	2.120482	2.018472	2.011381	2.007411	2.116572	2.287104	1.979617	0.240716	2.083898	1.989896	1.994459	2.108370	2.033950	2.032231	1.832491	0.233905	1.011694	1.153936	0.231173	1.009599	0.970147	2.397835	2.039587	0.223928	1.009599	2.110416	2.062419	1.921593	2.017345	0.234545	2.265893	2.156929	1.989896	1.837584	0.980941	1.938501	2.025686	2.311215	2.409628	0.000000	1.958460	1.009599	2.392139	2.048247	1.943650	2.112161	0.973719	2.077102	2.108736	0.234686	2.031616	2.176919	0.233963	0.234532	1.015650	1.013065	1.969446	0.238169	1.980491	1.035573	1.983165	2.036277	2.237890	2.063353	0.233258	1.025118	1.852476	2.311215	2.409628	1.958460	0.233365	2.222934	2.017345	1.053675	1.975544	1.146227	2.039587
SalEn.4_22521_1-396_NEs	1.698059	1.768496	1.928811	2.309420	1.874155	0.007630	2.306054	2.183919	0.288056	1.774029	1.655289	1.448143	1.929186	1.737560	1.407218	2.154619	2.011740	1.697796	1.682569	2.011053	1.701801	1.887430	2.078982	2.301492	2.425847	2.359862	2.429433	2.416123	2.292214	1.655232	1.874155	2.208895	2.416123	1.920860	1.877183	0.241186	2.003505	2.424025	1.751705	1.662949	1.697796	2.067747	2.421462	0.232934	1.456396	1.768496	1.641569	1.958460	0.000000	2.416123	1.633926	1.899241	0.235227	1.925027	2.403900	1.989128	0.285320	2.217429	1.985820	1.723207	2.293849	2.196028	2.077212	2.445027	1.701766	2.322105	0.007640	2.150056	0.000000	1.365200	1.904871	1.379863	2.154219	2.147163	0.219671	1.768496	1.641569	0.000000	2.191632	1.897698	2.003505	2.087902	0.230335	2.340936	1.874155
SalEn.4_44641_1-413_NEs	2.221700	2.197835	1.909949	1.016347	1.947453	2.407329	1.015296	0.284648	2.353447	1.978191	1.976554	2.458354	1.904832	2.187590	2.634079	1.013186	2.009114	2.006020	2.014296	2.006888	2.163025	1.963278	2.254743	1.020851	0.007320	0.598720	0.972157	0.000000	0.262936	1.893757	1.947453	1.033010	0.000000	1.901234	1.979321	2.230276	2.007839	0.974434	2.179131	2.136355	2.006020	2.254743	0.349141	2.232118	2.461316	2.197835	1.876561	1.009599	2.416123	0.000000	1.864996	1.931937	2.232118	1.900972	0.345484	1.995303	2.377172	1.012251	1.911863	1.895817	1.017116	1.019211	0.275902	0.012259	1.959767	1.014275	2.403295	0.272798	2.403666	2.584911	1.805008	2.675687	1.017370	0.273718	2.366131	2.197835	1.883393	2.416123	1.006990	1.812943	2.007839	0.293634	2.219478	0.601299	1.947453
