SalEn.3_1699_1-366_NEs	0.000000	0.006402	0.189914	0.000000	0.253202	0.220724	0.000000	0.235271	0.219564	0.220920	0.234968	0.011012	0.220934	0.221463
SalEn.11268_1-366_NEs	0.006402	0.000000	0.190038	0.006402	0.255903	0.224527	0.006402	0.240394	0.223362	0.224727	0.240083	0.010083	0.224741	0.225281
CitRo.1_17971_1-366_NEs	0.189914	0.190038	0.000000	0.189914	0.196341	0.233879	0.189914	0.180480	0.230778	0.234984	0.179344	0.195747	0.232217	0.237681
SalEn.2_MW17631_1-366_NEs	0.000000	0.006402	0.189914	0.000000	0.253202	0.220724	0.000000	0.235271	0.219564	0.220920	0.234968	0.011012	0.220934	0.221463
EntCo.1_07660_1-366_NEs	0.253202	0.255903	0.196341	0.253202	0.000000	0.243616	0.253202	0.220903	0.236781	0.243456	0.220030	0.258689	0.236973	0.242468
EscCo.2_1770_1-366_NEs	0.220724	0.224527	0.233879	0.220724	0.243616	0.000000	0.220724	0.254438	0.012851	0.012844	0.252764	0.225964	0.015640	0.020326
SalEn.4_17631_1-366_NEs	0.000000	0.006402	0.189914	0.000000	0.253202	0.220724	0.000000	0.235271	0.219564	0.220920	0.234968	0.011012	0.220934	0.221463
KlePn.1_04439_1-366_NEs	0.235271	0.240394	0.180480	0.235271	0.220903	0.254438	0.235271	0.000000	0.254946	0.254284	0.003659	0.246876	0.255174	0.255760
EscCo.3_1322_1-366_NEs	0.219564	0.223362	0.230778	0.219564	0.236781	0.012851	0.219564	0.254946	0.000000	0.009155	0.253276	0.224797	0.002734	0.014719
EscCo.51216_1-366	0.220920	0.224727	0.234984	0.220920	0.243456	0.012844	0.220920	0.254284	0.009155	0.000000	0.251369	0.226166	0.008233	0.016587
KlePn.2_28231_1-366_NEs	0.234968	0.240083	0.179344	0.234968	0.220030	0.252764	0.234968	0.003659	0.253276	0.251369	0.000000	0.246555	0.253501	0.254081
SalEn.51680_1-366_NEs	0.011012	0.010083	0.195747	0.011012	0.258689	0.225964	0.011012	0.246876	0.224797	0.226166	0.246555	0.000000	0.226181	0.224272
EscCo.1_01398_1-366_NEs	0.220934	0.224741	0.232217	0.220934	0.236973	0.015640	0.220934	0.255174	0.002734	0.008233	0.253501	0.226181	0.000000	0.017518
EscCo.4_02624_1-366_NEs	0.221463	0.225281	0.237681	0.221463	0.242468	0.020326	0.221463	0.255760	0.014719	0.016587	0.254081	0.224272	0.017518	0.000000