SalEn.2_MW37331_1-693_NEs	0.000000	0.014566	0.000000	0.021459	0.185184	0.000000	0.199387	0.208012	0.198756	0.200996	0.186664	0.187415	0.188055
SalEn.13566_1-693_NEs	0.014566	0.000000	0.014566	0.028945	0.190537	0.014566	0.200087	0.210616	0.199455	0.203579	0.187745	0.189204	0.191085
SalEn.3_3710_1-693_NEs	0.000000	0.014566	0.000000	0.021459	0.185184	0.000000	0.199387	0.208012	0.198756	0.200996	0.186664	0.187415	0.188055
SalEn.53774_1-693_NEs	0.021459	0.028945	0.021459	0.000000	0.196598	0.021459	0.200112	0.210832	0.199480	0.206866	0.190597	0.190403	0.191046
EntCo.1_02760_1-693_NEs	0.185184	0.190537	0.185184	0.196598	0.000000	0.185184	0.220304	0.222918	0.220931	0.221240	0.210235	0.200029	0.198794
SalEn.4_37331_1-693_NEs	0.000000	0.014566	0.000000	0.021459	0.185184	0.000000	0.199387	0.208012	0.198756	0.200996	0.186664	0.187415	0.188055
EscCo.43652_1-693	0.199387	0.200087	0.199387	0.200112	0.220304	0.199387	0.000000	0.048449	0.000479	0.018443	0.198443	0.214524	0.214527
EscCo.3_00032_1-693_NEs	0.208012	0.210616	0.208012	0.210832	0.222918	0.208012	0.048449	0.000000	0.048954	0.052089	0.207683	0.219255	0.219923
EscCo.2_3893_1-693_NEs	0.198756	0.199455	0.198756	0.199480	0.220931	0.198756	0.000479	0.048954	0.000000	0.018932	0.199050	0.213870	0.213874
EscCo.1_04100_1-693_NEs	0.200996	0.203579	0.200996	0.206866	0.221240	0.200996	0.018443	0.052089	0.018932	0.000000	0.203757	0.216643	0.215364
CitRo.1_41641_1-693_NEs	0.186664	0.187745	0.186664	0.190597	0.210235	0.186664	0.198443	0.207683	0.199050	0.203757	0.000000	0.202298	0.204358
KlePn.1_00579_1-693_NEs	0.187415	0.189204	0.187415	0.190403	0.200029	0.187415	0.214524	0.219255	0.213870	0.216643	0.202298	0.000000	0.009280
KlePn.2_46421_1-693_NEs	0.188055	0.191085	0.188055	0.191046	0.198794	0.188055	0.214527	0.219923	0.213874	0.215364	0.204358	0.009280	0.000000