EscCo.3_1292_1-510_NEs	0.000000	0.009203	0.205486	0.176360	0.174631	0.165991	0.208033	0.010521	0.173890	0.168424	0.001308	0.012511	0.173929	0.173929
EscCo.2_1360_1-510_NEs	0.009203	0.000000	0.204238	0.172133	0.170397	0.163396	0.206777	0.012507	0.169658	0.164080	0.007880	0.011838	0.169714	0.169714
KlePn.1_04356_1-510_NEs	0.205486	0.204238	0.000000	0.192297	0.190494	0.159610	0.001967	0.207071	0.191218	0.175217	0.203699	0.208439	0.191281	0.191281
SalEn.51073_1-510_NEs	0.176360	0.172133	0.192297	0.000000	0.005924	0.163213	0.194813	0.172040	0.009907	0.168125	0.174653	0.175193	0.009868	0.009868
SalEn.11233_1-508_NEs	0.174631	0.170397	0.190494	0.005924	0.000000	0.163968	0.193013	0.171928	0.005269	0.164691	0.172922	0.173465	0.005269	0.005269
EntCo.1_07030_1-504_NEs	0.165991	0.163396	0.159610	0.163213	0.163968	0.000000	0.157181	0.164933	0.162407	0.152135	0.164290	0.164844	0.162407	0.162407
KlePn.2_28931_1-510_NEs	0.208033	0.206777	0.001967	0.194813	0.193013	0.157181	0.000000	0.209621	0.192062	0.176042	0.206240	0.210988	0.192122	0.192122
EscCo.1_01364_1-510_NEs	0.010521	0.012507	0.207071	0.172040	0.171928	0.164933	0.209621	0.000000	0.171189	0.171410	0.009196	0.013832	0.171238	0.171238
SalEn.3_1732_1-508_NEs	0.173890	0.169658	0.191218	0.009907	0.005269	0.162407	0.192062	0.171189	0.000000	0.163955	0.172182	0.172726	0.000000	0.000000
CitRo.1_18301_1-510_NEs	0.168424	0.164080	0.175217	0.168125	0.164691	0.152135	0.176042	0.171410	0.163955	0.000000	0.166732	0.169700	0.164112	0.164112
EscCo.51188_1-510	0.001308	0.007880	0.203699	0.174653	0.172922	0.164290	0.206240	0.009196	0.172182	0.166732	0.000000	0.011182	0.172228	0.172228
EscCo.4_02691_1-510_NEs	0.012511	0.011838	0.208439	0.175193	0.173465	0.164844	0.210988	0.013832	0.172726	0.169700	0.011182	0.000000	0.172770	0.172770
SalEn.4_17961_1-510_NEs	0.173929	0.169714	0.191281	0.009868	0.005269	0.162407	0.192122	0.171238	0.000000	0.164112	0.172228	0.172770	0.000000	0.000000
SalEn.2_MW17961_1-510_NEs	0.173929	0.169714	0.191281	0.009868	0.005269	0.162407	0.192122	0.171238	0.000000	0.164112	0.172228	0.172770	0.000000	0.000000