SalEn.4_28881_1-377_NEs	0.000000	0.000000	0.296302	0.278157	0.297635	0.203473	0.203645	0.002682	0.200281	0.202674	0.001769	0.000000	0.171783
SalEn.2_MW28881_1-377_NEs	0.000000	0.000000	0.296302	0.278157	0.297635	0.203473	0.203645	0.002682	0.200281	0.202674	0.001769	0.000000	0.171783
KlePn.2_37481_1-378_NEs	0.296302	0.296302	0.000000	0.299724	0.000886	0.271564	0.273060	0.293110	0.274926	0.269109	0.297832	0.296302	0.271675
EntCo.1_29960_1-374_NEs	0.278157	0.278157	0.299724	0.000000	0.298388	0.267547	0.272987	0.275031	0.270446	0.273231	0.278372	0.278157	0.265371
KlePn.1_01556_1-378_NEs	0.297635	0.297635	0.000886	0.298388	0.000000	0.270289	0.271782	0.294443	0.273643	0.267836	0.299169	0.297635	0.272972
EscCo.42742_1-379	0.203473	0.203473	0.271564	0.267547	0.270289	0.000000	0.005295	0.203435	0.015132	0.007960	0.205939	0.203473	0.175955
EscCo.2_2933_1-379_NEs	0.203645	0.203645	0.273060	0.272987	0.271782	0.005295	0.000000	0.203609	0.015124	0.002644	0.206114	0.203645	0.173612
SalEn.52826_1-373_NEs	0.002682	0.002682	0.293110	0.275031	0.294443	0.203435	0.203609	0.000000	0.200228	0.202633	0.002680	0.002682	0.168440
EscCo.3_01031_1-379_NEs	0.200281	0.200281	0.274926	0.270446	0.273643	0.015132	0.015124	0.200228	0.000000	0.014238	0.202741	0.200281	0.176428
EscCo.1_03067_1-379_NEs	0.202674	0.202674	0.269109	0.273231	0.267836	0.007960	0.002644	0.202633	0.014238	0.000000	0.205142	0.202674	0.171306
SalEn.12764_1-377_NEs	0.001769	0.001769	0.297832	0.278372	0.299169	0.205939	0.206114	0.002680	0.202741	0.205142	0.000000	0.001769	0.172999
SalEn.3_2904_1-377_NEs	0.000000	0.000000	0.296302	0.278157	0.297635	0.203473	0.203645	0.002682	0.200281	0.202674	0.001769	0.000000	0.171783
CitRo.1_30671_1-375_NEs	0.171783	0.171783	0.271675	0.265371	0.272972	0.175955	0.173612	0.168440	0.176428	0.171306	0.172999	0.171783	0.000000