EntCo.1_16210_1-131_NEs	0.000000	0.423848	0.488443	0.425078	0.423848	0.375174	0.423848	0.410268	0.489835
SalEn.2_MW11321_1-131_NEs	0.423848	0.000000	0.471398	0.026019	0.000000	0.346129	0.000000	0.020646	0.461511
KlePn.1_03518_1-131_NEs	0.488443	0.471398	0.000000	0.489197	0.471398	0.446555	0.471398	0.468966	0.005157
SalEn.10986_1-131_NEs	0.425078	0.026019	0.489197	0.000000	0.026019	0.350800	0.026019	0.020648	0.479047
SalEn.4_11321_1-131_NEs	0.423848	0.000000	0.471398	0.026019	0.000000	0.346129	0.000000	0.020646	0.461511
CitRo.1_10671_1-131_NEs	0.375174	0.346129	0.446555	0.350800	0.346129	0.000000	0.346129	0.348060	0.436864
SalEn.3_1061_1-131_NEs	0.423848	0.000000	0.471398	0.026019	0.000000	0.346129	0.000000	0.020646	0.461511
SalEn.51798_1-131_NEs	0.410268	0.020646	0.468966	0.020648	0.020646	0.348060	0.020646	0.000000	0.459059
KlePn.2_16551_1-131_NEs	0.489835	0.461511	0.005157	0.479047	0.461511	0.436864	0.461511	0.459059	0.000000