SalEn.4_44231_1-503_NEs	0.000000	0.139587	0.121555	0.145110	0.138165	0.006667	0.000000	0.014751	0.000664	0.140363	0.137228	0.137336	0.138811
EscCo.1_04745_1-503_NEs	0.139587	0.000000	0.141983	0.015985	0.168133	0.137099	0.139587	0.138044	0.140363	0.007286	0.146088	0.168914	0.005958
CitRo.1_33261_1-503_NEs	0.121555	0.141983	0.000000	0.142651	0.131489	0.123802	0.121555	0.123835	0.122323	0.143574	0.140883	0.129860	0.142008
EscCo.3_04188_1-503_NEs	0.145110	0.015985	0.142651	0.000000	0.167933	0.142604	0.145110	0.145952	0.145891	0.015312	0.151536	0.168714	0.013972
KlePn.2_02821_1-503_NEs	0.138165	0.168133	0.131489	0.167933	0.000000	0.140455	0.138165	0.142995	0.138950	0.168131	0.129790	0.006696	0.166519
SalEn.14230_1-503_NEs	0.006667	0.137099	0.123802	0.142604	0.140455	0.000000	0.006667	0.017479	0.007336	0.137873	0.136331	0.139624	0.136326
SalEn.2_MW44231_1-503_NEs	0.000000	0.139587	0.121555	0.145110	0.138165	0.006667	0.000000	0.014751	0.000664	0.140363	0.137228	0.137336	0.138811
SalEn.54512_1-503_NEs	0.014751	0.138044	0.123835	0.145952	0.142995	0.017479	0.014751	0.000000	0.015426	0.138709	0.136344	0.140560	0.137159
SalEn.3_4407_1-503_NEs	0.000664	0.140363	0.122323	0.145891	0.138950	0.007336	0.000664	0.015426	0.000000	0.141140	0.138012	0.138120	0.139587
EscCo.2_4606_1-503_NEs	0.140363	0.007286	0.143574	0.015312	0.168131	0.137873	0.140363	0.138709	0.141140	0.000000	0.149289	0.168913	0.002641
EntCo.1_34500_1-503_NEs	0.137228	0.146088	0.140883	0.151536	0.129790	0.136331	0.137228	0.136344	0.138012	0.149289	0.000000	0.127387	0.146114
KlePn.1_02147_1-503_NEs	0.137336	0.168914	0.129860	0.168714	0.006696	0.139624	0.137336	0.140560	0.138120	0.168913	0.127387	0.000000	0.167300
EscCo.44260_1-503_BeL	0.138811	0.005958	0.142008	0.013972	0.166519	0.136326	0.138811	0.137159	0.139587	0.002641	0.146114	0.167300	0.000000