SalEn.4_43081_1-419_NEs	0.000000	0.157113	0.000795	0.000000	0.182817	0.182700	0.156002	0.158976	0.189629	0.144003	0.158068	0.161840	0.003985	0.007181
EscCo.3_4520_1-419_NEs	0.157113	0.000000	0.158106	0.157113	0.188341	0.188221	0.004779	0.007982	0.180305	0.132074	0.001590	0.009587	0.158964	0.157043
SalEn.3_4297_1-419_NEs	0.000795	0.158106	0.000000	0.000795	0.181819	0.181703	0.156993	0.159970	0.188622	0.143058	0.159062	0.162837	0.003187	0.006381
SalEn.2_MW43081_1-419_NEs	0.000000	0.157113	0.000795	0.000000	0.182817	0.182700	0.156002	0.158976	0.189629	0.144003	0.158068	0.161840	0.003985	0.007181
KlePn.1_02050_1-420_NEs	0.182817	0.188341	0.181819	0.182817	0.000000	0.000799	0.192234	0.192290	0.163180	0.186902	0.190344	0.191231	0.181889	0.183737
KlePn.2_01821_1-420_NEs	0.182700	0.188221	0.181703	0.182700	0.000799	0.000000	0.192111	0.192167	0.164256	0.186781	0.190222	0.191109	0.181773	0.183619
EscCo.2_38320_1-419_NEs	0.156002	0.004779	0.156993	0.156002	0.192234	0.192111	0.000000	0.009577	0.185435	0.136828	0.003182	0.011194	0.157850	0.155933
EscCo.4_04279_1-419_NEs	0.158976	0.007982	0.159970	0.158976	0.192290	0.192167	0.009577	0.000000	0.182428	0.133091	0.007980	0.012809	0.160828	0.158905
EntCo.1_42750_1-419_NEs	0.189629	0.180305	0.188622	0.189629	0.163180	0.164256	0.185435	0.182428	0.000000	0.169465	0.181304	0.185332	0.188736	0.189539
CitRo.1_32341_1-418_NEs	0.144003	0.132074	0.143058	0.144003	0.186902	0.186781	0.136828	0.133091	0.169465	0.000000	0.133006	0.131969	0.141080	0.143940
EscCo.54174_1-419	0.158068	0.001590	0.159062	0.158068	0.190344	0.190222	0.003182	0.007980	0.181304	0.133006	0.000000	0.007980	0.159920	0.157997
EscCo.1_04653_1-419_BeL	0.161840	0.009587	0.162837	0.161840	0.191231	0.191109	0.011194	0.012809	0.185332	0.131969	0.007980	0.000000	0.163696	0.161767
SalEn.14130_1-419_NEs	0.003985	0.158964	0.003187	0.003985	0.181889	0.181773	0.157850	0.160828	0.188736	0.141080	0.159920	0.163696	0.000000	0.007986
SalEn.54414_1-419_NEs	0.007181	0.157043	0.006381	0.007181	0.183737	0.183619	0.155933	0.158905	0.189539	0.143940	0.157997	0.161767	0.007986	0.000000