EscCo.40888_1-321_BeL	0.000000	0.010413	0.029583	0.203238	0.197271	0.187886	0.184001	0.184001	0.184001	0.184001	1.196691	0.008330	0.176101	0.197301
EscCo.1_00950_1-322_NEs	0.010413	0.000000	0.035905	0.203857	0.196542	0.185854	0.183280	0.183280	0.183280	0.183280	1.204740	0.010419	0.179663	0.196572
EscCo.3_03105_36-357_NEs	0.029583	0.035905	0.000000	0.194513	0.192681	0.191794	0.189197	0.189197	0.189197	0.189197	1.208067	0.027374	0.170339	0.192709
EntCo.1_17940_1-322_NEs	0.203238	0.203857	0.194513	0.000000	0.157519	0.216121	0.214767	0.214767	0.214767	0.214767	1.251859	0.203044	0.162495	0.157542
KlePn.2_15361_1-322_NEs	0.197271	0.196542	0.192681	0.157519	0.000000	0.205707	0.203106	0.203106	0.203106	0.203106	1.228450	0.198450	0.175727	0.002086
SalEn.51976_1-322_NEs	0.187886	0.185854	0.191794	0.216121	0.205707	0.000000	0.009350	0.009350	0.009350	0.009350	1.361033	0.190606	0.174407	0.208446
SalEn.3_0896_1-322_NEs	0.184001	0.183280	0.189197	0.214767	0.203106	0.009350	0.000000	0.000000	0.000000	0.000000	1.354750	0.188010	0.175753	0.205839
SalEn.2_MW09701_1-322_NEs	0.184001	0.183280	0.189197	0.214767	0.203106	0.009350	0.000000	0.000000	0.000000	0.000000	1.354750	0.188010	0.175753	0.205839
SalEn.10862_1-322_NEs	0.184001	0.183280	0.189197	0.214767	0.203106	0.009350	0.000000	0.000000	0.000000	0.000000	1.354750	0.188010	0.175753	0.205839
SalEn.4_09701_1-322_NEs	0.184001	0.183280	0.189197	0.214767	0.203106	0.009350	0.000000	0.000000	0.000000	0.000000	1.354750	0.188010	0.175753	0.205839
EntCo.1_34620_1-264_BeL	1.196691	1.204740	1.208067	1.251859	1.228450	1.361033	1.354750	1.354750	1.354750	1.354750	0.000000	1.204943	1.251418	1.222563
EscCo.2_0956_1-321_NEs	0.008330	0.010419	0.027374	0.203044	0.198450	0.190606	0.188010	0.188010	0.188010	0.188010	1.204943	0.000000	0.172296	0.198480
CitRo.1_09521_1-322_NEs	0.176101	0.179663	0.170339	0.162495	0.175727	0.174407	0.175753	0.175753	0.175753	0.175753	1.251418	0.172296	0.000000	0.175753
KlePn.1_03407_3-331_NEs	0.197301	0.196572	0.192709	0.157542	0.002086	0.208446	0.205839	0.205839	0.205839	0.205839	1.222563	0.198480	0.175753	0.000000