SalEn.2_MW16541_1-187_NEs	0.000000	0.240150	0.234898	0.345038	0.245350	0.347930	0.434693	0.008939	0.000000	0.237581	0.289638	0.007137	0.000000	0.234898
EscCo.4_02425_1-187_NEs	0.240150	0.000000	0.021628	0.297447	0.019838	0.300169	0.420107	0.247887	0.240150	0.025299	0.255235	0.242574	0.240150	0.021628
EscCo.51340_1-187	0.234898	0.021628	0.000000	0.286489	0.016188	0.289175	0.402646	0.237655	0.234898	0.017988	0.247417	0.232418	0.234898	0.000000
KlePn.1_05147_1-187_NEs	0.345038	0.297447	0.286489	0.000000	0.297890	0.001799	0.420304	0.348377	0.345038	0.302680	0.311093	0.336692	0.345038	0.286489
EscCo.1_01526_1-187_NEs	0.245350	0.019838	0.016188	0.297890	0.000000	0.300616	0.413189	0.248156	0.245350	0.023435	0.255479	0.242837	0.245350	0.016188
KlePn.2_20931_1-187_NEs	0.347930	0.300169	0.289175	0.001799	0.300616	0.000000	0.417204	0.351283	0.347930	0.305415	0.308396	0.339560	0.347930	0.289175
EntCo.1_12600_1-187_NEs	0.434693	0.420107	0.402646	0.420304	0.413189	0.417204	0.000000	0.447955	0.434693	0.422933	0.395280	0.434705	0.434693	0.402646
SalEn.51562_1-187_NEs	0.008939	0.247887	0.237655	0.348377	0.248156	0.351283	0.447955	0.000000	0.008939	0.240351	0.297823	0.008940	0.008939	0.237655
SalEn.3_1589_1-187_NEs	0.000000	0.240150	0.234898	0.345038	0.245350	0.347930	0.434693	0.008939	0.000000	0.237581	0.289638	0.007137	0.000000	0.234898
EscCo.2_3800_1-187_NEs	0.237581	0.025299	0.017988	0.302680	0.023435	0.305415	0.422933	0.240351	0.237581	0.000000	0.257594	0.235091	0.237581	0.017988
CitRo.1_16701_1-187_NEs	0.289638	0.255235	0.247417	0.311093	0.255479	0.308396	0.395280	0.297823	0.289638	0.257594	0.000000	0.292202	0.289638	0.247417
SalEn.11373_1-187_NEs	0.007137	0.242574	0.232418	0.336692	0.242837	0.339560	0.434705	0.008940	0.007137	0.235091	0.292202	0.000000	0.007137	0.232418
SalEn.4_16541_1-187_NEs	0.000000	0.240150	0.234898	0.345038	0.245350	0.347930	0.434693	0.008939	0.000000	0.237581	0.289638	0.007137	0.000000	0.234898
EscCo.3_1445_1-187_NEs	0.234898	0.021628	0.000000	0.286489	0.016188	0.289175	0.402646	0.237655	0.234898	0.017988	0.247417	0.232418	0.234898	0.000000