EscCo.4_03113_1-106_NEs	0.000000	0.101296	0.104908	0.157724	0.154906	0.090311	0.006314	0.101296	0.101296	0.006314	0.154906	0.006314	0.101296
SalEn.3_0883_1-106_NEs	0.101296	0.000000	0.003150	0.105703	0.145736	0.062400	0.094122	0.000000	0.006310	0.094122	0.145736	0.094122	0.000000
SalEn.51989_1-106_NEs	0.104908	0.003150	0.000000	0.105703	0.145736	0.065826	0.097701	0.003150	0.009485	0.097701	0.145736	0.097701	0.003150
EntCo.1_18040_1-106_NEs	0.157724	0.105703	0.105703	0.000000	0.199440	0.105373	0.150010	0.105703	0.105703	0.150010	0.199440	0.150010	0.105703
KlePn.2_15301_1-105_NEs	0.154906	0.145736	0.145736	0.199440	0.000000	0.153672	0.150935	0.145736	0.153468	0.150935	0.000000	0.150935	0.145736
CitRo.1_08921_1-106_NEs	0.090311	0.062400	0.065826	0.105373	0.153672	0.000000	0.086775	0.062400	0.062400	0.086775	0.153672	0.086775	0.062400
EscCo.1_00942_1-106_NEs	0.006314	0.094122	0.097701	0.150010	0.150935	0.086775	0.000000	0.094122	0.094122	0.000000	0.150935	0.000000	0.094122
SalEn.4_09571_1-106_NEs	0.101296	0.000000	0.003150	0.105703	0.145736	0.062400	0.094122	0.000000	0.006310	0.094122	0.145736	0.094122	0.000000
SalEn.10852_1-106_NEs	0.101296	0.006310	0.009485	0.105703	0.153468	0.062400	0.094122	0.006310	0.000000	0.094122	0.153468	0.094122	0.006310
EscCo.50881_1-106	0.006314	0.094122	0.097701	0.150010	0.150935	0.086775	0.000000	0.094122	0.094122	0.000000	0.150935	0.000000	0.094122
KlePn.1_03401_1-105_NEs	0.154906	0.145736	0.145736	0.199440	0.000000	0.153672	0.150935	0.145736	0.153468	0.150935	0.000000	0.150935	0.145736
EscCo.3_0950_1-106_NEs	0.006314	0.094122	0.097701	0.150010	0.150935	0.086775	0.000000	0.094122	0.094122	0.000000	0.150935	0.000000	0.094122
SalEn.2_MW09571_1-106_NEs	0.101296	0.000000	0.003150	0.105703	0.145736	0.062400	0.094122	0.000000	0.006310	0.094122	0.145736	0.094122	0.000000