CitRo.1_02111_15-1003_NEs	0.000000	0.909259	1.019951	0.415059	0.842551	0.897792	0.909259	0.906598	0.909259	1.032166	1.042072	0.438596	1.431956	1.003656
SalEn.2_MW37461_52-955_BeL	0.909259	0.000000	0.914562	0.846450	0.660912	0.799935	0.000000	0.005180	0.000000	1.005516	1.009672	0.910727	1.581449	0.985595
CitRo.1_27631_88-969_NEs	1.019951	0.914562	0.000000	0.988942	0.920025	0.971896	0.914562	0.917313	0.914562	1.040334	1.039183	0.969524	1.636717	1.068858
CitRo.1_15731_37-994_BeL	0.415059	0.846450	0.988942	0.000000	0.787421	0.867073	0.846450	0.847707	0.846450	1.081088	1.071426	0.342778	1.484536	0.993956
CitRo.1_38761_56-920_NEs	0.842551	0.660912	0.920025	0.787421	0.000000	0.749371	0.660912	0.661997	0.660912	1.056533	1.091512	0.852069	1.572965	1.005749
CitRo.1_03921_1-884_NEs	0.897792	0.799935	0.971896	0.867073	0.749371	0.000000	0.799935	0.798016	0.799935	1.153758	1.275127	0.950808	1.651764	1.101994
SalEn.3_3723_52-955_NEs	0.909259	0.000000	0.914562	0.846450	0.660912	0.799935	0.000000	0.005180	0.000000	1.005516	1.009672	0.910727	1.581449	0.985595
SalEn.13580_52-955_NEs	0.906598	0.005180	0.917313	0.847707	0.661997	0.798016	0.005180	0.000000	0.005180	1.003882	1.006361	0.910727	1.574309	0.988516
SalEn.4_37461_52-955_BeL	0.909259	0.000000	0.914562	0.846450	0.660912	0.799935	0.000000	0.005180	0.000000	1.005516	1.009672	0.910727	1.581449	0.985595
EscCo.1_01346_48-892_NEs	1.032166	1.005516	1.040334	1.081088	1.056533	1.153758	1.005516	1.003882	1.005516	0.000000	0.370550	1.181408	1.582297	1.159155
EscCo.54491_33-882	1.042072	1.009672	1.039183	1.071426	1.091512	1.275127	1.009672	1.006361	1.009672	0.370550	0.000000	1.151701	1.676994	1.227660
CitRo.1_03891_129-1023_NEs	0.438596	0.910727	0.969524	0.342778	0.852069	0.950808	0.910727	0.910727	0.910727	1.181408	1.151701	0.000000	1.547118	0.972521
CitRo.1_00511_25-953_NEs	1.431956	1.581449	1.636717	1.484536	1.572965	1.651764	1.581449	1.574309	1.581449	1.582297	1.676994	1.547118	0.000000	1.529267
CitRo.1_16391_138-1079_BeL	1.003656	0.985595	1.068858	0.993956	1.005749	1.101994	0.985595	0.988516	0.985595	1.159155	1.227660	0.972521	1.529267	0.000000