SalEn.4_27201_3-333_NEs	0.000000	1.994820	2.009317	1.942531	1.835717	0.000000	2.114037	0.000000
CitRo.1_32771_1-345_NEs	1.994820	0.000000	1.447488	1.261442	1.392525	1.994820	1.437864	1.994820
CitRo.1_32781_3-351_NEs	2.009317	1.447488	0.000000	1.361495	1.375052	2.009317	0.210462	2.009317
CitRo.1_32741_2-337_NEs	1.942531	1.261442	1.361495	0.000000	0.502266	1.942531	1.428417	1.942531
EntCo.1_43230_3-336_NEs	1.835717	1.392525	1.375052	0.502266	0.000000	1.835717	1.324595	1.835717
SalEn.3_2737_3-333_NEs	0.000000	1.994820	2.009317	1.942531	1.835717	0.000000	2.114037	0.000000
EntCo.1_43270_3-337_BeL	2.114037	1.437864	0.210462	1.428417	1.324595	2.114037	0.000000	2.114037
SalEn.2_MW27201_3-333_NEs	0.000000	1.994820	2.009317	1.942531	1.835717	0.000000	2.114037	0.000000