EscCo.4_00374_1-103_Ess	0.000000	0.050335	0.003244	0.046929	0.003244	0.050335	0.040069	0.043451	0.043451	0.050335	0.003244	0.053784	0.050335
SalEn.13269_1-103_Ess	0.050335	0.000000	0.046909	0.029622	0.046909	0.000000	0.029617	0.039671	0.039671	0.000000	0.046909	0.003242	0.000000
EscCo.3_3573_1-103_Ess	0.003244	0.046909	0.000000	0.050394	0.000000	0.046909	0.036675	0.046897	0.046897	0.046909	0.000000	0.050347	0.046909
EntCo.1_25350_1-103_Ess	0.046929	0.029622	0.050394	0.000000	0.050394	0.029622	0.026299	0.022951	0.022951	0.029622	0.050394	0.032969	0.029622
EscCo.53321_1-103	0.003244	0.046909	0.000000	0.050394	0.000000	0.046909	0.036675	0.046897	0.046897	0.046909	0.000000	0.050347	0.046909
SalEn.3_3408_1-103_Ess	0.050335	0.000000	0.046909	0.029622	0.046909	0.000000	0.029617	0.039671	0.039671	0.000000	0.046909	0.003242	0.000000
CitRo.1_45011_1-103_Ess	0.040069	0.029617	0.036675	0.026299	0.036675	0.029617	0.000000	0.016331	0.016331	0.029617	0.036675	0.032963	0.029617
KlePn.1_00866_1-103_Ess	0.043451	0.039671	0.046897	0.022951	0.046897	0.039671	0.016331	0.000000	0.000000	0.039671	0.046897	0.043050	0.039671
KlePn.2_43571_1-103_Ess	0.043451	0.039671	0.046897	0.022951	0.046897	0.039671	0.016331	0.000000	0.000000	0.039671	0.046897	0.043050	0.039671
SalEn.4_34331_1-103_NEs	0.050335	0.000000	0.046909	0.029622	0.046909	0.000000	0.029617	0.039671	0.039671	0.000000	0.046909	0.003242	0.000000
EscCo.1_03756_1-103_Ess	0.003244	0.046909	0.000000	0.050394	0.000000	0.046909	0.036675	0.046897	0.046897	0.046909	0.000000	0.050347	0.046909
SalEn.54064_1-103_Ess	0.053784	0.003242	0.050347	0.032969	0.050347	0.003242	0.032963	0.043050	0.043050	0.003242	0.050347	0.000000	0.003242
SalEn.2_MW34331_1-103_Ess	0.050335	0.000000	0.046909	0.029622	0.046909	0.000000	0.029617	0.039671	0.039671	0.000000	0.046909	0.003242	0.000000