KlePn.1_01148_1-432_NEs	0.000000	0.536301	0.536294	0.529306	0.538092	0.538213	0.536301	0.516954	0.538092	0.542149	0.538092	0.005499
EscCo.3_3325_1-433_NEs	0.536301	0.000000	0.281771	0.025732	0.277431	0.282836	0.000000	0.266007	0.276371	0.032103	0.276371	0.533835
SalEn.53122_1-433_NEs	0.536294	0.281771	0.000000	0.279861	0.013930	0.009261	0.281771	0.266108	0.013151	0.282425	0.013151	0.541127
EscCo.1_03484_1-433_NEs	0.529306	0.025732	0.279861	0.000000	0.276586	0.280925	0.025732	0.265153	0.275526	0.031293	0.275526	0.529288
SalEn.3_3175_1-433_NEs	0.538092	0.277431	0.013930	0.276586	0.000000	0.015493	0.277431	0.263693	0.000768	0.278093	0.000768	0.542941
SalEn.13044_1-433_NEs	0.538213	0.282836	0.009261	0.280925	0.015493	0.000000	0.282836	0.263943	0.014713	0.285691	0.014713	0.543064
EscCo.53054_1-433	0.536301	0.000000	0.281771	0.025732	0.277431	0.282836	0.000000	0.266007	0.276371	0.032103	0.276371	0.533835
CitRo.1_35981_1-433_NEs	0.516954	0.266007	0.266108	0.265153	0.263693	0.263943	0.266007	0.000000	0.262644	0.269425	0.262644	0.518366
SalEn.4_31631_1-433_NEs	0.538092	0.276371	0.013151	0.275526	0.000768	0.014713	0.276371	0.262644	0.000000	0.279219	0.000000	0.542941
EscCo.4_00638_1-433_NEs	0.542149	0.032103	0.282425	0.031293	0.278093	0.285691	0.032103	0.269425	0.279219	0.000000	0.279219	0.542168
SalEn.2_MW31631_1-433_NEs	0.538092	0.276371	0.013151	0.275526	0.000768	0.014713	0.276371	0.262644	0.000000	0.279219	0.000000	0.542941
KlePn.2_41111_1-432_NEs	0.005499	0.533835	0.541127	0.529288	0.542941	0.543064	0.533835	0.518366	0.542941	0.542168	0.542941	0.000000