SalEn.51404_1-273_NEs	0.000000	0.439998	0.297812	0.404339	0.404339	0.404604	0.016049	0.016049	0.014805	0.437919	0.397800	0.017298
KlePn.1_05116_1-271_NEs	0.439998	0.000000	0.379749	0.457776	0.457776	0.448832	0.431011	0.433541	0.437842	0.002492	0.463289	0.435801
CitRo.1_14671_1-273_NEs	0.297812	0.379749	0.000000	0.361595	0.361595	0.354357	0.306048	0.303889	0.303869	0.379681	0.357380	0.305782
EscCo.3_1632_1-273_NEs	0.404339	0.457776	0.361595	0.000000	0.000000	0.019701	0.407450	0.407450	0.407419	0.455492	0.028552	0.409599
EscCo.51598_1-273	0.404339	0.457776	0.361595	0.000000	0.000000	0.019701	0.407450	0.407450	0.407419	0.455492	0.028552	0.409599
EscCo.4_02285_1-274_NEs	0.404604	0.448832	0.354357	0.019701	0.019701	0.000000	0.407392	0.409700	0.409669	0.449235	0.024640	0.411855
SalEn.2_MW14841_1-274_Ess	0.016049	0.431011	0.306048	0.407450	0.407450	0.407392	0.000000	0.000000	0.003673	0.431473	0.398470	0.001223
SalEn.3_1414_1-273_NEs	0.016049	0.433541	0.303889	0.407450	0.407450	0.409700	0.000000	0.000000	0.003673	0.431473	0.400724	0.001223
SalEn.11565_1-273_NEs	0.014805	0.437842	0.303869	0.407419	0.407419	0.409669	0.003673	0.003673	0.000000	0.435767	0.400694	0.004902
KlePn.2_21241_1-270_NEs	0.437919	0.002492	0.379681	0.455492	0.455492	0.449235	0.431473	0.431473	0.435767	0.000000	0.463768	0.433728
EscCo.1_01776_1-274_NEs	0.397800	0.463289	0.357380	0.028552	0.028552	0.024640	0.398470	0.400724	0.400694	0.463768	0.000000	0.402866
SalEn.4_14841_1-273_Ess	0.017298	0.435801	0.305782	0.409599	0.409599	0.411855	0.001223	0.001223	0.004902	0.433728	0.402866	0.000000