SalEn.51773_1-184_NEs	0.000000	0.352122	0.566430	0.001885	0.559454	0.348553	0.348553	0.561375	0.001885	0.391888	0.339676	0.001885	0.001885	0.355825
EscCo.2_54080_1-177_NEs	0.352122	0.000000	0.567282	0.352122	0.521348	0.005646	0.005646	0.575490	0.352122	0.337848	0.013232	0.352122	0.352122	0.007535
KlePn.2_16741_1-174_NEs	0.566430	0.567282	0.000000	0.566430	0.504655	0.572737	0.572737	0.007765	0.566430	0.529454	0.568905	0.566430	0.566430	0.580811
SalEn.11901_1-177_NEs	0.001885	0.352122	0.566430	0.000000	0.559454	0.348553	0.348553	0.561375	0.000000	0.388588	0.339676	0.000000	0.000000	0.355825
EntCo.1_15950_1-177_NEs	0.559454	0.521348	0.504655	0.559454	0.000000	0.522479	0.522479	0.514991	0.559454	0.507860	0.515077	0.559454	0.559454	0.526387
EscCo.3_1110_1-177_NEs	0.348553	0.005646	0.572737	0.348553	0.522479	0.000000	0.000000	0.581017	0.348553	0.331518	0.007532	0.348553	0.348553	0.009443
EscCo.51045_1-177	0.348553	0.005646	0.572737	0.348553	0.522479	0.000000	0.000000	0.581017	0.348553	0.331518	0.007532	0.348553	0.348553	0.009443
KlePn.1_03537_1-175_NEs	0.561375	0.575490	0.007765	0.561375	0.514991	0.581017	0.581017	0.000000	0.561375	0.524715	0.577152	0.561375	0.561375	0.589168
SalEn.4_11551_1-177_NEs	0.001885	0.352122	0.566430	0.000000	0.559454	0.348553	0.348553	0.561375	0.000000	0.388588	0.339676	0.000000	0.000000	0.355825
CitRo.1_11041_1-187_NEs	0.391888	0.337848	0.529454	0.388588	0.507860	0.331518	0.331518	0.524715	0.388588	0.000000	0.334540	0.388588	0.388588	0.338398
EscCo.4_02866_1-177_NEs	0.339676	0.013232	0.568905	0.339676	0.515077	0.007532	0.007532	0.577152	0.339676	0.334540	0.000000	0.339676	0.339676	0.013251
SalEn.2_MW11551_1-177_NEs	0.001885	0.352122	0.566430	0.000000	0.559454	0.348553	0.348553	0.561375	0.000000	0.388588	0.339676	0.000000	0.000000	0.355825
SalEn.3_1084_1-177_NEs	0.001885	0.352122	0.566430	0.000000	0.559454	0.348553	0.348553	0.561375	0.000000	0.388588	0.339676	0.000000	0.000000	0.355825
EscCo.1_01184_1-177_NEs	0.355825	0.007535	0.580811	0.355825	0.526387	0.009443	0.009443	0.589168	0.355825	0.338398	0.013251	0.355825	0.355825	0.000000