EntCo.1_34990_1-324_BeL	0.000000	0.448262	0.287751	0.278711	0.287751	0.287751	0.276090	0.234600	0.276090	0.280705	0.289236	0.448503	0.289466
KlePn.1_04171_1-325_NEs	0.448262	0.000000	0.438692	0.487060	0.438692	0.438692	0.493046	0.432381	0.491202	0.491893	0.438749	0.003125	0.435594
SalEn.4_33741_1-324_NEs	0.287751	0.438692	0.000000	0.241102	0.000000	0.000000	0.244652	0.217963	0.244652	0.248626	0.002056	0.435969	0.005153
EscCo.3_00447_1-325_NEs	0.278711	0.487060	0.241102	0.000000	0.241102	0.241102	0.017605	0.239879	0.016562	0.019664	0.241126	0.485841	0.244115
SalEn.2_MW33741_1-324_NEs	0.287751	0.438692	0.000000	0.241102	0.000000	0.000000	0.244652	0.217963	0.244652	0.248626	0.002056	0.435969	0.005153
SalEn.3_3349_1-324_NEs	0.287751	0.438692	0.000000	0.241102	0.000000	0.000000	0.244652	0.217963	0.244652	0.248626	0.002056	0.435969	0.005153
EscCo.2_3513_1-324_NEs	0.276090	0.493046	0.244652	0.017605	0.244652	0.244652	0.000000	0.250545	0.001025	0.010318	0.244676	0.493321	0.247687
CitRo.1_45631_1-324_NEs	0.234600	0.432381	0.217963	0.239879	0.217963	0.217963	0.250545	0.000000	0.249161	0.249837	0.217984	0.432610	0.216807
EscCo.43253_1-324	0.276090	0.491202	0.244652	0.016562	0.244652	0.244652	0.001025	0.249161	0.000000	0.009282	0.244676	0.491475	0.247687
EscCo.1_03689_1-325_NEs	0.280705	0.491893	0.248626	0.019664	0.248626	0.248626	0.010318	0.249837	0.009282	0.000000	0.248651	0.490689	0.251673
SalEn.13210_1-324_NEs	0.289236	0.438749	0.002056	0.241126	0.002056	0.002056	0.244676	0.217984	0.244676	0.248651	0.000000	0.436026	0.005153
KlePn.2_30231_1-324_NEs	0.448503	0.003125	0.435969	0.485841	0.435969	0.435969	0.493321	0.432610	0.491475	0.490689	0.436026	0.000000	0.432882
SalEn.53291_1-324_NEs	0.289466	0.435594	0.005153	0.244115	0.005153	0.005153	0.247687	0.216807	0.247687	0.251673	0.005153	0.432882	0.000000