SalEn.3_2350_1-182_NEs	0.000000	0.241997	0.000000	0.009207	0.267097	0.164403	0.154985	0.267097	0.153846	0.000000	0.160828
EntCo.1_38810_1-181_NEs	0.241997	0.000000	0.241997	0.242020	0.291128	0.229359	0.218312	0.293778	0.219206	0.241997	0.227598
SalEn.2_MW24031_1-182_NEs	0.000000	0.241997	0.000000	0.009207	0.267097	0.164403	0.154985	0.267097	0.153846	0.000000	0.160828
SalEn.12363_1-182_NEs	0.009207	0.242020	0.009207	0.000000	0.264557	0.164416	0.157237	0.264557	0.158324	0.009207	0.165346
KlePn.2_33261_1-182_NEs	0.267097	0.291128	0.267097	0.264557	0.000000	0.281965	0.266235	0.003676	0.285105	0.267097	0.271509
EscCo.1_02628_1-182_NEs	0.164403	0.229359	0.164403	0.164416	0.281965	0.000000	0.146707	0.284584	0.035500	0.164403	0.056782
CitRo.1_27381_1-182_NEs	0.154985	0.218312	0.154985	0.157237	0.266235	0.146707	0.000000	0.268818	0.140294	0.154985	0.138371
KlePn.1_03863_1-182_NEs	0.267097	0.293778	0.267097	0.264557	0.003676	0.284584	0.268818	0.000000	0.287736	0.267097	0.274105
EscCo.52326_1-182	0.153846	0.219206	0.153846	0.158324	0.285105	0.035500	0.140294	0.287736	0.000000	0.153846	0.041354
SalEn.4_24031_1-182_NEs	0.000000	0.241997	0.000000	0.009207	0.267097	0.164403	0.154985	0.267097	0.153846	0.000000	0.160828
EscCo.4_01385_1-182_NEs	0.160828	0.227598	0.160828	0.165346	0.271509	0.056782	0.138371	0.274105	0.041354	0.160828	0.000000