EscCo.4_01804_18-313_NEs	0.000000	1.426089	0.447462	1.401821	0.012542	1.335126	0.000000	1.416625	0.456696
EscCo.2_650_1-275_NEs	1.426089	0.000000	1.278646	0.045286	1.476144	0.422351	1.426089	0.034943	1.261030
EscCo.3_4319_23-304_NEs	0.447462	1.278646	0.000000	1.245586	0.470462	1.543371	0.447462	1.264691	0.013140
EscCo.1_00792_1-335_NEs	1.401821	0.045286	1.245586	0.000000	1.446581	0.354675	1.401821	0.018160	1.245766
EscCo.2_2230_18-313_NEs	0.012542	1.476144	0.470462	1.446581	0.000000	1.357861	0.012542	1.461268	0.480024
SalEn.3_2591_1-301_NEs	1.335126	0.422351	1.543371	0.354675	1.357861	0.000000	1.335126	0.362342	1.559583
EscCo.4_02566_18-313_NEs	0.000000	1.426089	0.447462	1.401821	0.012542	1.335126	0.000000	1.416625	0.456696
EscCo.4_02763_1-335_NEs	1.416625	0.034943	1.264691	0.018160	1.461268	0.362342	1.416625	0.000000	1.251824
EscCo.3_0277A_22-304_NEs	0.456696	1.261030	0.013140	1.245766	0.480024	1.559583	0.456696	1.251824	0.000000