SalEn.2_MW40721_1-726_NEs	0.000000	0.173952	0.192391	0.194321	0.285108	0.192672	0.006914	0.192391	0.284634	0.000000	0.226925	0.000000	0.008769
CitRo.1_38001_1-726_NEs	0.173952	0.000000	0.191793	0.187084	0.278002	0.187428	0.171511	0.191793	0.276015	0.173952	0.218078	0.173952	0.173550
EscCo.43942_1-726	0.192391	0.191793	0.000000	0.029358	0.305258	0.014757	0.189950	0.000000	0.303902	0.192391	0.234647	0.192391	0.194360
EscCo.3_04556_1-726_NEs	0.194321	0.187084	0.029358	0.000000	0.301898	0.024603	0.191880	0.029358	0.300547	0.194321	0.233530	0.194321	0.195112
KlePn.1_04840_1-726_NEs	0.285108	0.278002	0.305258	0.301898	0.000000	0.305224	0.281391	0.305258	0.005592	0.285108	0.286697	0.285108	0.287238
EscCo.1_04402_1-726_BeL	0.192672	0.187428	0.014757	0.024603	0.305224	0.000000	0.190234	0.014757	0.303868	0.192672	0.230535	0.192672	0.194639
SalEn.13900_1-726_NEs	0.006914	0.171511	0.189950	0.191880	0.281391	0.190234	0.000000	0.189950	0.280916	0.006914	0.225720	0.006914	0.012036
EscCo.2_4211_1-726_NEs	0.192391	0.191793	0.000000	0.029358	0.305258	0.014757	0.189950	0.000000	0.303902	0.192391	0.234647	0.192391	0.194360
KlePn.2_23981_1-725_NEs	0.284634	0.276015	0.303902	0.300547	0.005592	0.303868	0.280916	0.303902	0.000000	0.284634	0.287455	0.284634	0.285945
SalEn.3_4056_1-726_BeL	0.000000	0.173952	0.192391	0.194321	0.285108	0.192672	0.006914	0.192391	0.284634	0.000000	0.226925	0.000000	0.008769
EntCo.1_01040_1-726_NEs	0.226925	0.218078	0.234647	0.233530	0.286697	0.230535	0.225720	0.234647	0.287455	0.226925	0.000000	0.226925	0.229062
SalEn.4_40721_1-726_NEs	0.000000	0.173952	0.192391	0.194321	0.285108	0.192672	0.006914	0.192391	0.284634	0.000000	0.226925	0.000000	0.008769
SalEn.53510_1-726_NEs	0.008769	0.173550	0.194360	0.195112	0.287238	0.194639	0.012036	0.194360	0.285945	0.008769	0.229062	0.008769	0.000000