SalEn.4_13311_1-286_NEs	0.000000	0.269546	0.232608	0.223592	0.230612	0.331155	0.005856	0.010573	0.230612	0.000000	0.000000	0.231100	0.333024
EntCo.1_14250_1-286_NEs	0.269546	0.000000	0.262767	0.236965	0.256883	0.305460	0.267406	0.274776	0.256883	0.269546	0.269546	0.257477	0.303758
EscCo.1_01909_1-286_NEs	0.232608	0.262767	0.000000	0.239897	0.014089	0.349017	0.234204	0.235456	0.014089	0.232608	0.232608	0.021251	0.347253
CitRo.1_13311_1-286_NEs	0.223592	0.236965	0.239897	0.000000	0.233596	0.279379	0.218986	0.224854	0.233596	0.223592	0.223592	0.238797	0.277708
EscCo.41725_1-286_BeL	0.230612	0.256883	0.014089	0.233596	0.000000	0.347228	0.233770	0.235019	0.000000	0.230612	0.230612	0.017648	0.345467
KlePn.2_27711_1-287_NEs	0.331155	0.305460	0.349017	0.279379	0.347228	0.000000	0.326898	0.337961	0.347228	0.331155	0.331155	0.347262	0.001166
SalEn.51204_1-286_NEs	0.005856	0.267406	0.234204	0.218986	0.233770	0.326898	0.000000	0.009394	0.233770	0.005856	0.005856	0.232694	0.328755
SalEn.11719_1-286_NEs	0.010573	0.274776	0.235456	0.224854	0.235019	0.337961	0.009394	0.000000	0.235019	0.010573	0.010573	0.233946	0.339842
EscCo.2_1757_1-286_NEs	0.230612	0.256883	0.014089	0.233596	0.000000	0.347228	0.233770	0.235019	0.000000	0.230612	0.230612	0.017648	0.345467
SalEn.3_1259_1-286_NEs	0.000000	0.269546	0.232608	0.223592	0.230612	0.331155	0.005856	0.010573	0.230612	0.000000	0.000000	0.231100	0.333024
SalEn.2_MW13311_1-286_NEs	0.000000	0.269546	0.232608	0.223592	0.230612	0.331155	0.005856	0.010573	0.230612	0.000000	0.000000	0.231100	0.333024
EscCo.3_02154_1-286_NEs	0.231100	0.257477	0.021251	0.238797	0.017648	0.347262	0.232694	0.233946	0.017648	0.231100	0.231100	0.000000	0.345501
KlePn.1_04487_1-287_NEs	0.333024	0.303758	0.347253	0.277708	0.345467	0.001166	0.328755	0.339842	0.345467	0.333024	0.333024	0.345501	0.000000