EntCo.1_15670_1-401_NEs	0.000000	0.275212	0.793307	0.274039	0.950029	0.274039	0.288836	0.290020	0.288202	0.279244	0.936704	0.274039	0.289429
SalEn.11871_1-402_NEs	0.275212	0.000000	0.764327	0.001661	0.949834	0.001661	0.258442	0.258442	0.254811	0.005831	0.980062	0.001661	0.258483
EntCo.1_28450_1-403_NEs	0.793307	0.764327	0.000000	0.762278	1.057144	0.762278	0.780526	0.778126	0.764389	0.770608	1.087384	0.762278	0.767600
SalEn.2_MW11851_1-402_NEs	0.274039	0.001661	0.762278	0.000000	0.947367	0.000000	0.257306	0.257306	0.253679	0.005832	0.977531	0.000000	0.258551
EscCo.4_03724_1-400_NEs	0.950029	0.949834	1.057144	0.947367	0.000000	0.947367	0.985425	0.985425	0.999442	0.943847	0.224210	0.947367	0.990572
SalEn.4_11851_1-402_NEs	0.274039	0.001661	0.762278	0.000000	0.947367	0.000000	0.257306	0.257306	0.253679	0.005832	0.977531	0.000000	0.258551
EscCo.3_1141_1-401_NEs	0.288836	0.258442	0.780526	0.257306	0.985425	0.257306	0.000000	0.001657	0.048301	0.260742	0.959294	0.257306	0.060064
EscCo.51076_1-401	0.290020	0.258442	0.778126	0.257306	0.985425	0.257306	0.001657	0.000000	0.048301	0.260742	0.959294	0.257306	0.058267
EscCo.1_01214_1-400_NEs	0.288202	0.254811	0.764389	0.253679	0.999442	0.253679	0.048301	0.048301	0.000000	0.257102	0.954422	0.253679	0.032286
SalEn.51743_1-402_NEs	0.279244	0.005831	0.770608	0.005832	0.943847	0.005832	0.260742	0.260742	0.257102	0.000000	0.982595	0.005832	0.260784
CitRo.1_03081_1-400_NEs	0.936704	0.980062	1.087384	0.977531	0.224210	0.977531	0.959294	0.959294	0.954422	0.982595	0.000000	0.977531	0.942030
SalEn.3_1114_1-402_NEs	0.274039	0.001661	0.762278	0.000000	0.947367	0.000000	0.257306	0.257306	0.253679	0.005832	0.977531	0.000000	0.258551
EscCo.4_02836_1-400_NEs	0.289429	0.258483	0.767600	0.258551	0.990572	0.258551	0.060064	0.058267	0.032286	0.260784	0.942030	0.258551	0.000000