KlePn.1_05497_1-752_NEs	0.000000	0.325875	0.339895	0.342269	0.329726	0.329743	0.338396	0.345896	0.340585	0.317865	0.004034	0.344522	0.339877
CitRo.1_13241_1-757_NEs	0.325875	0.000000	0.240618	0.261505	0.248947	0.248958	0.253274	0.242508	0.240005	0.286530	0.327540	0.240512	0.239391
SalEn.2_MW13251_1-750_NEs	0.339895	0.240618	0.000000	0.270345	0.265613	0.266875	0.270873	0.009385	0.000444	0.297015	0.341321	0.011635	0.000889
EscCo.3_02148_1-753_NEs	0.342269	0.261505	0.270345	0.000000	0.036216	0.036217	0.034796	0.269379	0.269711	0.282414	0.342250	0.270022	0.269077
EscCo.41732_1-753	0.329726	0.248947	0.265613	0.036216	0.000000	0.000883	0.018790	0.267361	0.266231	0.268391	0.329708	0.265297	0.265600
EscCo.2_1764_1-753_NEs	0.329743	0.248958	0.266875	0.036217	0.000883	0.000000	0.018790	0.268625	0.267494	0.268405	0.329725	0.266557	0.266862
EscCo.1_01916_1-753_NEs	0.338396	0.253274	0.270873	0.034796	0.018790	0.018790	0.000000	0.269508	0.270240	0.274717	0.337003	0.269277	0.269608
SalEn.51198_1-750_NEs	0.345896	0.242508	0.009385	0.269379	0.267361	0.268625	0.269508	0.000000	0.008936	0.302125	0.347332	0.011186	0.008487
SalEn.4_13251_1-750_NEs	0.340585	0.240005	0.000444	0.269711	0.266231	0.267494	0.270240	0.008936	0.000000	0.297685	0.342012	0.011184	0.000444
EntCo.1_14320_1-728_NEs	0.317865	0.286530	0.297015	0.282414	0.268391	0.268405	0.274717	0.302125	0.297685	0.000000	0.320377	0.297794	0.297000
KlePn.2_18591_1-752_NEs	0.004034	0.327540	0.341321	0.342250	0.329708	0.329725	0.337003	0.347332	0.342012	0.320377	0.000000	0.345956	0.341303
SalEn.11725_1-750_NEs	0.344522	0.240512	0.011635	0.270022	0.265297	0.266557	0.269277	0.011186	0.011184	0.297794	0.345956	0.000000	0.010734
SalEn.3_1253_1-750_NEs	0.339877	0.239391	0.000889	0.269077	0.265600	0.266862	0.269608	0.008487	0.000444	0.297000	0.341303	0.010734	0.000000