EscCo.2_3349_1-356_NEs	0.000000	0.035594	0.000935	0.279002	0.022840	0.261004
EscCo.3_00613_1-357_NEs	0.035594	0.000000	0.034616	0.290442	0.033473	0.260716
EscCo.43079_1-356_BeL	0.000935	0.034616	0.000000	0.277669	0.021878	0.259701
KlePn.2_41621_1-352_NEs	0.279002	0.290442	0.277669	0.000000	0.289294	0.239506
EscCo.1_03509_1-357_NEs	0.022840	0.033473	0.021878	0.289294	0.000000	0.260829
EntCo.1_38140_1-352_NEs	0.261004	0.260716	0.259701	0.239506	0.260829	0.000000