EscCo.2_4684_1-183_NEs	0.000000	0.562569	0.421263	0.428304	1.492852	0.500527	0.126174	0.130941
EscCo.2_4317_1-194_NEs	0.562569	0.000000	0.498829	0.506725	1.797384	0.399975	0.597424	0.557140
SalEn.4_20231_1-184_NEs	0.421263	0.498829	0.000000	0.003637	1.742212	0.457709	0.443040	0.448355
SalEn.11954_1-184_NEs	0.428304	0.506725	0.003637	0.000000	1.725798	0.458553	0.440633	0.449088
KlePn.2_33831_12-174_NEs	1.492852	1.797384	1.742212	1.725798	0.000000	1.544465	1.509063	1.496176
CitRo.1_26201_1-185_NEs	0.500527	0.399975	0.457709	0.458553	1.544465	0.000000	0.503346	0.495415
EscCo.2_0276_1-183_NEs	0.126174	0.597424	0.443040	0.440633	1.509063	0.503346	0.000000	0.056888
EscCo.41147_1-185	0.130941	0.557140	0.448355	0.449088	1.496176	0.495415	0.056888	0.000000