SalEn.4_19151_1-212_NEs	0.000000	0.004728	0.234123	0.000000	0.249874	0.000000	0.248027	0.247940
SalEn.11072_1-212_NEs	0.004728	0.000000	0.232025	0.004728	0.252065	0.004728	0.250197	0.250128
CitRo.1_19581_1-212_NEs	0.234123	0.232025	0.000000	0.234123	0.166918	0.234123	0.168854	0.156552
SalEn.3_1866_1-212_NEs	0.000000	0.004728	0.234123	0.000000	0.249874	0.000000	0.248027	0.247940
KlePn.2_29871_1-212_NEs	0.249874	0.252065	0.166918	0.249874	0.000000	0.249874	0.161167	0.071007
SalEn.2_MW19151_1-212_NEs	0.000000	0.004728	0.234123	0.000000	0.249874	0.000000	0.248027	0.247940
EntCo.1_05810_1-212_NEs	0.248027	0.250197	0.168854	0.248027	0.161167	0.248027	0.000000	0.189964
KlePn.1_04260_1-212_NEs	0.247940	0.250128	0.156552	0.247940	0.071007	0.247940	0.189964	0.000000