KlePn.1_03769_1-237_NEs	0.000000	0.156270	0.173041	0.132651	0.137540	0.000000	0.136715	0.137540	0.171336	0.171336	0.137558	0.171336	0.169567
CitRo.1_24251_1-237_NEs	0.156270	0.000000	0.143026	0.113440	0.114944	0.156270	0.136697	0.114944	0.148109	0.148109	0.118227	0.148109	0.151494
SalEn.50372_1-237_NEs	0.173041	0.143026	0.000000	0.145344	0.146867	0.173041	0.169183	0.146867	0.012795	0.012795	0.148566	0.012795	0.012771
EscCo.3_01253_1-237_NEs	0.132651	0.113440	0.145344	0.000000	0.005646	0.132651	0.124449	0.005646	0.143383	0.143383	0.007063	0.143383	0.145369
EscCo.2_2581_1-237_NEs	0.137540	0.114944	0.146867	0.005646	0.000000	0.137540	0.129247	0.000000	0.144902	0.144902	0.009893	0.144902	0.150282
KlePn.2_34691_1-237_NEs	0.000000	0.156270	0.173041	0.132651	0.137540	0.000000	0.136715	0.137540	0.171336	0.171336	0.137558	0.171336	0.169567
EntCo.1_37970_3-239_NEs	0.136715	0.136697	0.169183	0.124449	0.129247	0.136715	0.000000	0.129247	0.169246	0.169246	0.130903	0.169246	0.164049
EscCo.42476_1-237	0.137540	0.114944	0.146867	0.005646	0.000000	0.137540	0.129247	0.000000	0.144902	0.144902	0.009893	0.144902	0.150282
SalEn.2_MW25051_1-237_NEs	0.171336	0.148109	0.012795	0.143383	0.144902	0.171336	0.169246	0.144902	0.000000	0.000000	0.146594	0.000000	0.005656
SalEn.4_25051_1-237_NEs	0.171336	0.148109	0.012795	0.143383	0.144902	0.171336	0.169246	0.144902	0.000000	0.000000	0.146594	0.000000	0.005656
EscCo.1_02758_1-237_NEs	0.137558	0.118227	0.148566	0.007063	0.009893	0.137558	0.130903	0.009893	0.146594	0.146594	0.000000	0.146594	0.148591
SalEn.3_2450_1-237_NEs	0.171336	0.148109	0.012795	0.143383	0.144902	0.171336	0.169246	0.144902	0.000000	0.000000	0.146594	0.000000	0.005656
SalEn.12466_1-237_NEs	0.169567	0.151494	0.012771	0.145369	0.150282	0.169567	0.164049	0.150282	0.005656	0.005656	0.148591	0.005656	0.000000