EntCo.1_10900_1-367_NEs	0.000000	0.264199	1.557605	0.243364	1.545619	1.552702	0.241043
CitRo.1_14981_1-367_NEs	0.264199	0.000000	1.548930	0.259263	1.362977	1.549006	0.264748
KlePn.1_04522_1-344_NEs	1.557605	1.548930	0.000000	1.573593	0.250436	0.004861	1.575161
KlePn.1_05064_1-368_NEs	0.243364	0.259263	1.573593	0.000000	1.383339	1.568708	0.015716
EntCo.1_11480_1-342_NEs	1.545619	1.362977	0.250436	1.383339	0.000000	0.247730	1.391993
KlePn.2_27391_1-343_NEs	1.552702	1.549006	0.004861	1.568708	0.247730	0.000000	1.570188
KlePn.2_21831_1-367_NEs	0.241043	0.264748	1.575161	0.015716	1.391993	1.570188	0.000000