EscCo.1_04629_1-106_NEs	0.000000	0.215205	0.297613	0.022377	0.320462	0.016098	0.325021	0.330765	0.301800	0.016142	0.312155	0.015964	0.320250	0.325021
CitRo.1_32131_1-105_NEs	0.215205	0.000000	0.278957	0.214638	0.357579	0.218976	0.357579	0.363644	0.268400	0.215312	0.264635	0.205608	0.352620	0.357579
KlePn.1_02026_1-106_NEs	0.297613	0.278957	0.000000	0.312506	0.357921	0.321439	0.363180	0.369303	0.006428	0.315935	0.351167	0.303850	0.358186	0.363180
EscCo.4_04304_1-106_NEs	0.022377	0.214638	0.312506	0.000000	0.305672	0.019300	0.309975	0.315586	0.316952	0.019352	0.320788	0.012714	0.305279	0.309975
SalEn.2_MW42861_1-106_NEs	0.320462	0.357579	0.357921	0.305672	0.000000	0.314604	0.000000	0.003177	0.351226	0.325203	0.294311	0.306441	0.003171	0.000000
EscCo.3_4497_1-105_NEs	0.016098	0.218976	0.321439	0.019300	0.314604	0.000000	0.314604	0.320250	0.321439	0.012853	0.315656	0.012850	0.309889	0.314604
SalEn.4_42861_1-105_NEs	0.325021	0.357579	0.363180	0.309975	0.000000	0.314604	0.000000	0.003177	0.351226	0.325203	0.294311	0.310767	0.003171	0.000000
SalEn.14108_1-105_NEs	0.330765	0.363644	0.369303	0.315586	0.003177	0.320250	0.003177	0.000000	0.357217	0.330951	0.299772	0.316399	0.006365	0.003177
KlePn.2_01611_1-105_NEs	0.301800	0.268400	0.006428	0.316952	0.351226	0.321439	0.351226	0.357217	0.000000	0.315935	0.339630	0.308162	0.346311	0.351226
EscCo.54148_1-105	0.016142	0.215312	0.315935	0.019352	0.325203	0.012853	0.325203	0.330951	0.315935	0.000000	0.302473	0.012885	0.320428	0.325203
EntCo.1_42500_1-105_NEs	0.312155	0.264635	0.351167	0.320788	0.294311	0.315656	0.294311	0.299772	0.339630	0.302473	0.000000	0.316755	0.299017	0.294311
EscCo.2_38110_1-106_NEs	0.015964	0.205608	0.303850	0.012714	0.306441	0.012850	0.310767	0.316399	0.308162	0.012885	0.316755	0.000000	0.306057	0.310767
SalEn.54390_1-105_NEs	0.320250	0.352620	0.358186	0.305279	0.003171	0.309889	0.003171	0.006365	0.346311	0.320428	0.299017	0.306057	0.000000	0.003171
SalEn.3_4275_1-105_NEs	0.325021	0.357579	0.363180	0.309975	0.000000	0.314604	0.000000	0.003177	0.351226	0.325203	0.294311	0.310767	0.003171	0.000000