EntCo.1_17350_1-260_NEs	0.000000	1.092552	1.395405	0.188440	1.393562	1.388120	1.250385	1.296048	1.105468	1.107051	1.110305	1.393562	1.363801
EscCo.3_4696_1-250_NEs	1.092552	0.000000	1.081860	1.098839	1.081860	1.078636	1.011904	1.049563	0.020288	0.092589	0.106300	1.081860	1.023582
SalEn.2_MW10341_1-266_NEs	1.395405	1.081860	0.000000	1.400759	0.000000	0.003787	0.885085	0.924239	1.090484	1.125684	1.017831	0.000000	0.900130
KlePn.1_05326_1-261_NEs	0.188440	1.098839	1.400759	0.000000	1.398953	1.387363	1.177026	1.282661	1.102319	1.114947	1.113069	1.398953	1.253108
SalEn.3_0961_1-265_NEs	1.393562	1.081860	0.000000	1.398953	0.000000	0.003787	0.884275	0.923641	1.090484	1.125684	1.017831	0.000000	0.903186
SalEn.51904_1-265_NEs	1.388120	1.078636	0.003787	1.387363	0.003787	0.000000	0.886216	0.917800	1.087220	1.122216	1.015012	0.003787	0.905069
EscCo.2_55050_1-274_Ess	1.250385	1.011904	0.885085	1.177026	0.884275	0.886216	0.000000	0.115761	1.000455	1.084470	1.041699	0.884275	0.127585
EscCo.4_02558_1-274_NEs	1.296048	1.049563	0.924239	1.282661	0.923641	0.917800	0.115761	0.000000	1.037829	1.098661	1.071154	0.923641	0.097987
EscCo.3_4326_1-250_NEs	1.105468	0.020288	1.090484	1.102319	1.090484	1.087220	1.000455	1.037829	0.000000	0.097200	0.104906	1.090484	1.012176
EscCo.51559_1-250	1.107051	0.092589	1.125684	1.114947	1.125684	1.122216	1.084470	1.098661	0.097200	0.000000	0.135254	1.125684	1.076523
SalEn.11947_1-250_NEs	1.110305	0.106300	1.017831	1.113069	1.017831	1.015012	1.041699	1.071154	0.104906	0.135254	0.000000	1.017831	1.068960
SalEn.4_10341_1-265_NEs	1.393562	1.081860	0.000000	1.398953	0.000000	0.003787	0.884275	0.923641	1.090484	1.125684	1.017831	0.000000	0.903186
EscCo.4_01813_1-274_NEs	1.363801	1.023582	0.900130	1.253108	0.903186	0.905069	0.127585	0.097987	1.012176	1.076523	1.068960	0.903186	0.000000