KlePn.1_00575_1-199_NEs	0.000000	0.355804	0.438524	0.425942	0.001684	0.346621	0.358685	0.364733	0.358685	0.435884	0.338855	0.439693	0.426845	0.358685
SalEn.53536_1-198_NEs	0.355804	0.000000	0.286087	0.276244	0.358685	0.254609	0.001680	0.006744	0.001680	0.283882	0.323558	0.286687	0.281595	0.001680
EscCo.4_04580_1-198_NEs	0.438524	0.286087	0.000000	0.015390	0.435424	0.327838	0.288577	0.290484	0.288577	0.013651	0.384831	0.015386	0.015408	0.288577
EscCo.1_04376_1-198_NEs	0.425942	0.276244	0.015390	0.000000	0.422899	0.316482	0.278688	0.280579	0.278688	0.008468	0.378064	0.010181	0.010195	0.278688
KlePn.2_46461_1-199_NEs	0.001684	0.358685	0.435424	0.422899	0.000000	0.349469	0.361575	0.367642	0.361575	0.432809	0.341851	0.436604	0.423793	0.361575
CitRo.1_38271_1-199_NEs	0.346621	0.254609	0.327838	0.316482	0.349469	0.000000	0.252237	0.259590	0.252237	0.316887	0.321278	0.319875	0.317049	0.252237
SalEn.3_4031_1-198_NEs	0.358685	0.001680	0.288577	0.278688	0.361575	0.252237	0.000000	0.008438	0.000000	0.286348	0.326414	0.289163	0.284057	0.000000
SalEn.13872_1-198_NEs	0.364733	0.006744	0.290484	0.280579	0.367642	0.259590	0.008438	0.000000	0.008438	0.288241	0.332386	0.291059	0.285951	0.008438
SalEn.4_40471_1-198_NEs	0.358685	0.001680	0.288577	0.278688	0.361575	0.252237	0.000000	0.008438	0.000000	0.286348	0.326414	0.289163	0.284057	0.000000
EscCo.3_4189_1-198_NEs	0.435884	0.283882	0.013651	0.008468	0.432809	0.316887	0.286348	0.288241	0.286348	0.000000	0.384778	0.001687	0.008478	0.286348
EntCo.1_00820_1-185_NEs	0.338855	0.323558	0.384831	0.378064	0.341851	0.321278	0.326414	0.332386	0.326414	0.384778	0.000000	0.381072	0.378861	0.326414
EscCo.53920_1-198	0.439693	0.286687	0.015386	0.010181	0.436604	0.319875	0.289163	0.291059	0.289163	0.001687	0.381072	0.000000	0.010193	0.289163
EscCo.2_35430_1-198_NEs	0.426845	0.281595	0.015408	0.010195	0.423793	0.317049	0.284057	0.285951	0.284057	0.008478	0.378861	0.010193	0.000000	0.284057
SalEn.2_MW40471_1-198_NEs	0.358685	0.001680	0.288577	0.278688	0.361575	0.252237	0.000000	0.008438	0.000000	0.286348	0.326414	0.289163	0.284057	0.000000