SalEn.10857_1-72_Ess	0.000000	0.028211	0.028211	0.082753	0.028211	0.082753	0.000000	0.000000	0.028211	0.028227	0.088049	0.028211	0.000000	0.000000
EscCo.1_00946_1-72_Ess	0.028211	0.000000	0.000000	0.072633	0.000000	0.072633	0.028211	0.028211	0.000000	0.028230	0.057768	0.000000	0.028211	0.028211
EscCo.2_50600_1-72_Ess	0.028211	0.000000	0.000000	0.072633	0.000000	0.072633	0.028211	0.028211	0.000000	0.028230	0.057768	0.000000	0.028211	0.028211
KlePn.1_03403_1-72_Ess	0.082753	0.072633	0.072633	0.000000	0.072633	0.000000	0.082753	0.082753	0.072633	0.052731	0.052480	0.072633	0.082753	0.082753
EscCo.50884_1-72	0.028211	0.000000	0.000000	0.072633	0.000000	0.072633	0.028211	0.028211	0.000000	0.028230	0.057768	0.000000	0.028211	0.028211
KlePn.2_15321_1-72_Ess	0.082753	0.072633	0.072633	0.000000	0.072633	0.000000	0.082753	0.082753	0.072633	0.052731	0.052480	0.072633	0.082753	0.082753
SalEn.3_0891_1-72_Ess	0.000000	0.028211	0.028211	0.082753	0.028211	0.082753	0.000000	0.000000	0.028211	0.028227	0.088049	0.028211	0.000000	0.000000
SalEn.4_09651_1-72_Ess	0.000000	0.028211	0.028211	0.082753	0.028211	0.082753	0.000000	0.000000	0.028211	0.028227	0.088049	0.028211	0.000000	0.000000
EscCo.4_03109_1-72_Ess	0.028211	0.000000	0.000000	0.072633	0.000000	0.072633	0.028211	0.028211	0.000000	0.028230	0.057768	0.000000	0.028211	0.028211
CitRo.1_09485_1-72_Ess	0.028227	0.028230	0.028230	0.052731	0.028230	0.052731	0.028227	0.028227	0.028230	0.000000	0.077900	0.028230	0.028227	0.028227
EntCo.1_17990_1-72_Ess	0.088049	0.057768	0.057768	0.052480	0.057768	0.052480	0.088049	0.088049	0.057768	0.077900	0.000000	0.057768	0.088049	0.088049
EscCo.3_0952_1-72_Ess	0.028211	0.000000	0.000000	0.072633	0.000000	0.072633	0.028211	0.028211	0.000000	0.028230	0.057768	0.000000	0.028211	0.028211
SalEn.2_MW09651_1-72_Ess	0.000000	0.028211	0.028211	0.082753	0.028211	0.082753	0.000000	0.000000	0.028211	0.028227	0.088049	0.028211	0.000000	0.000000
SalEn.51980_1-72_Ess	0.000000	0.028211	0.028211	0.082753	0.028211	0.082753	0.000000	0.000000	0.028211	0.028227	0.088049	0.028211	0.000000	0.000000