EscCo.2_1446_1-410_NEs	0.000000	0.013977	0.023997	0.000000	0.469659	0.723495	0.757517
EscCo.1_01527_1-410_NEs	0.013977	0.000000	0.023147	0.013977	0.468964	0.719067	0.750137
EscCo.3_02424_1-410_NEs	0.023997	0.023147	0.000000	0.023997	0.468270	0.718588	0.754574
EscCo.41341_1-410_BeL	0.000000	0.013977	0.023997	0.000000	0.469659	0.723495	0.757517
CitRo.1_16621_1-401_NEs	0.469659	0.468964	0.468270	0.469659	0.000000	0.707933	0.750689
KlePn.1_04868_1-364_BeL	0.723495	0.719067	0.718588	0.723495	0.707933	0.000000	0.009219
KlePn.2_23691_1-403_NEs	0.757517	0.750137	0.754574	0.757517	0.750689	0.009219	0.000000