SalEn.53274_1-312_NEs	0.000000	0.164856	0.177279	0.145584	0.196353	0.164856	0.008588	0.167595	0.162339	0.008588	0.008588	0.007502	0.193595
EscCo.2_3497_1-312_NEs	0.164856	0.000000	0.153157	0.130850	0.200449	0.001067	0.159582	0.013973	0.009652	0.159582	0.159582	0.162271	0.200449
EntCo.1_34800_1-312_NEs	0.177279	0.153157	0.000000	0.154551	0.194413	0.154472	0.173229	0.157169	0.157159	0.173229	0.173229	0.170629	0.197186
CitRo.1_45871_1-312_NEs	0.145584	0.130850	0.154551	0.000000	0.187140	0.130850	0.143197	0.138536	0.132190	0.143197	0.143197	0.141762	0.188523
KlePn.1_00962_1-312_NEs	0.196353	0.200449	0.194413	0.187140	0.000000	0.199084	0.196632	0.196437	0.201967	0.196632	0.196632	0.195035	0.002146
EscCo.43236_1-312	0.164856	0.001067	0.154472	0.130850	0.199084	0.000000	0.159582	0.012892	0.008575	0.159582	0.159582	0.162271	0.199084
SalEn.2_MW33571_1-312_NEs	0.008588	0.159582	0.173229	0.143197	0.196632	0.159582	0.000000	0.162302	0.157076	0.000000	0.000000	0.007511	0.193868
EscCo.3_00463_1-312_NEs	0.167595	0.013973	0.157169	0.138536	0.196437	0.012892	0.162302	0.000000	0.012900	0.162302	0.162302	0.165001	0.196437
EscCo.1_03673_1-312_NEs	0.162339	0.009652	0.157159	0.132190	0.201967	0.008575	0.157076	0.012900	0.000000	0.157076	0.157076	0.159759	0.201967
SalEn.3_3331_1-312_NEs	0.008588	0.159582	0.173229	0.143197	0.196632	0.159582	0.000000	0.162302	0.157076	0.000000	0.000000	0.007511	0.193868
SalEn.4_33571_1-312_NEs	0.008588	0.159582	0.173229	0.143197	0.196632	0.159582	0.000000	0.162302	0.157076	0.000000	0.000000	0.007511	0.193868
SalEn.13192_1-312_NEs	0.007502	0.162271	0.170629	0.141762	0.195035	0.162271	0.007511	0.165001	0.159759	0.007511	0.007511	0.000000	0.192279
KlePn.2_42851_1-312_NEs	0.193595	0.200449	0.197186	0.188523	0.002146	0.199084	0.193868	0.196437	0.201967	0.193868	0.193868	0.192279	0.000000