EscCo.3_3231_1-198_NEs	0.000000	0.056498	1.812108	1.091722	0.005091	1.496325	1.525277	1.525277	1.088980
EscCo.4_00749_1-200_NEs	0.056498	0.000000	1.838400	1.142535	0.054563	1.466566	1.485728	1.485728	1.139930
CitRo.1_44911_1-195_NEs	1.812108	1.838400	0.000000	1.732641	1.797033	0.966157	0.975726	0.975726	1.661323
KlePn.1_02495_1-195_NEs	1.091722	1.142535	1.732641	0.000000	1.105937	1.388613	1.434411	1.434411	0.021180
EscCo.1_03379_1-198_NEs	0.005091	0.054563	1.797033	1.105937	0.000000	1.486763	1.515298	1.515298	1.103249
EscCo.4_00364_1-194_BeL	1.496325	1.466566	0.966157	1.388613	1.486763	0.000000	0.017244	0.017244	1.341906
EscCo.3_3583_1-194_BeL	1.525277	1.485728	0.975726	1.434411	1.515298	0.017244	0.000000	0.000000	1.387060
EscCo.53331_1-194	1.525277	1.485728	0.975726	1.434411	1.515298	0.017244	0.000000	0.000000	1.387060
KlePn.2_06441_1-194_NEs	1.088980	1.139930	1.661323	0.021180	1.103249	1.341906	1.387060	1.387060	0.000000