KlePn.2_12201_16-337_BeL	0.000000	1.278238	1.166621	1.283048	1.176894	0.004113	1.181064
KlePn.2_00981_1-313_NEs	1.278238	0.000000	1.602681	0.002145	1.605052	1.267387	1.686723
KlePn.2_12021_1-324_NEs	1.166621	1.602681	0.000000	1.608168	0.009362	1.174894	0.184584
KlePn.1_01962_1-314_NEs	1.283048	0.002145	1.608168	0.000000	1.610583	1.272156	1.692152
KlePn.1_03062_1-324_NEs	1.176894	1.605052	0.009362	1.610583	0.000000	1.185254	0.185844
KlePn.1_03080_1-322_BeL	0.004113	1.267387	1.174894	1.272156	1.185254	0.000000	1.195393
EntCo.1_21260_1-324_NEs	1.181064	1.686723	0.184584	1.692152	0.185844	1.195393	0.000000