EscCo.4_00060_1-269_NEs	0.000000	0.041797	1.989813	0.455385	0.452861	0.453157	0.376510	0.455385	0.455385
EscCo.53624_1-268	0.041797	0.000000	1.967385	0.457403	0.454866	0.455165	0.355130	0.457403	0.457403
KlePn.1_00613_47-302_NEs	1.989813	1.967385	0.000000	1.790817	1.811984	1.801208	1.847814	1.790817	1.790817
SalEn.3_3681_1-269_NEs	0.455385	0.457403	1.790817	0.000000	0.007473	0.011240	0.458077	0.000000	0.000000
SalEn.13537_1-269_BeL	0.452861	0.454866	1.811984	0.007473	0.000000	0.008726	0.455655	0.007473	0.007473
SalEn.53804_1-269_BeL	0.453157	0.455165	1.801208	0.011240	0.008726	0.000000	0.453854	0.011240	0.011240
CitRo.1_41931_1-269_BeL	0.376510	0.355130	1.847814	0.458077	0.455655	0.453854	0.000000	0.458077	0.458077
SalEn.2_MW37041_1-269_BeL	0.455385	0.457403	1.790817	0.000000	0.007473	0.011240	0.458077	0.000000	0.000000
SalEn.4_37041_1-269_BeL	0.455385	0.457403	1.790817	0.000000	0.007473	0.011240	0.458077	0.000000	0.000000