CitRo.1_21151_1-184_NEs	0.000000	0.265904	0.269020	0.265904	0.265904	0.304774	0.260954	0.302060
SalEn.3_2006_1-189_NEs	0.265904	0.000000	0.015941	0.000000	0.000000	0.325115	0.003515	0.322425
SalEn.50844_1-189_NEs	0.269020	0.015941	0.000000	0.015941	0.015941	0.325884	0.015950	0.323186
SalEn.2_MW20611_1-189_NEs	0.265904	0.000000	0.015941	0.000000	0.000000	0.325115	0.003515	0.322425
SalEn.4_20611_1-189_NEs	0.265904	0.000000	0.015941	0.000000	0.000000	0.325115	0.003515	0.322425
KlePn.1_01475_1-189_NEs	0.304774	0.325115	0.325884	0.325115	0.325115	0.000000	0.319839	0.001791
SalEn.12028_1-189_NEs	0.260954	0.003515	0.015950	0.003515	0.003515	0.319839	0.000000	0.317160
KlePn.2_38251_1-189_NEs	0.302060	0.322425	0.323186	0.322425	0.322425	0.001791	0.317160	0.000000