((EscCo.1:23.27778,(EscCo.2:39.90909,EntCo.1:18.09091):23.72222):7.89583,
(CitRo.1:16.95312,((((KlePn.1:17.00000,(SalEn.2:15.00000,
SalEn.5:14.00000):5.00000):2.42857,EscCo.4:19.07143):3.81250,
EscCo.3:17.43750):8.92188,((SalEn.1:19.12500,SalEn.3:17.87500):1.92188,
SalEn.4:19.07812):5.76562):1.95312):2.79688,KlePn.2:22.10417);
