(CitRo.1:0.14835,(EntCo.1:0.25974,((((EscCo.1:0.37012,EscCo.2:0.08821):0.06112,
EscCo.3:0.10512):0.03252,(KlePn.1:0.12207,(SalEn.2:0.07501,
SalEn.5:0.07753):0.02003):0.02605):0.00549,((SalEn.1:0.19732,
SalEn.3:0.15685):0.02771,SalEn.4:0.14869):0.09327):0.03666):0.02014,KlePn.2:0.21248);
