(EscCo.1:5.64844,((((((EscCo.2:12.00000,SalEn.2:13.00000):4.33333,
EscCo.4:4.66667):1.34375,SalEn.5:11.15625):0.16071,(EntCo.1:2.70000,
KlePn.1:7.30000):1.58929):3.29375,EscCo.3:4.08125):1.35547,
(CitRo.1:6.91016,((SalEn.1:5.67708,SalEn.3:5.32292):1.28646,
SalEn.4:6.71354):0.58984):0.38672):0.86328,KlePn.2:8.35156);
